#!ascii label  , from subject sub1 vox2ras=TkReg
1326
109157  -42.289  10.634  21.275 0.0000000000
77338  -53.729  17.595  8.992 0.0000000000
77958  -43.651  17.677  28.196 0.0000000000
71303  -49.798  10.926  14.586 0.0000000000
68630  -50.396  7.624  22.429 0.0000000000
75637  -47.995  15.855  18.905 0.0000000000
106124  -39.185  18.101  17.014 0.0000000000
123928  -42.720  24.045  11.237 0.0000000000
66003  -43.930  4.978  27.138 0.0000000000
71263  -46.163  10.551  17.470 0.0000000000
74839  -49.155  14.566  17.868 0.0000000000
73113  -47.680  13.151  22.863 0.0000000000
79406  -48.271  20.258  24.710 0.0000000000
78744  -42.031  19.246  21.934 0.0000000000
80106  -44.869  21.691  18.999 0.0000000000
80766  -39.665  22.443  15.314 0.0000000000
82096  -47.252  24.329  14.426 0.0000000000
77334  -49.350  18.179  7.445 0.0000000000
106549  -38.569  12.800  25.558 0.0000000000
73094  -44.296  12.527  26.948 0.0000000000
72241  -53.953  11.640  17.342 0.0000000000
69506  -50.886  7.816  17.939 0.0000000000
67825  -45.369  6.640  19.005 0.0000000000
66062  -45.227  4.866  22.683 0.0000000000
78045  -51.715  18.150  15.663 0.0000000000
76498  -46.600  16.993  11.831 0.0000000000
74798  -43.785  14.420  22.813 0.0000000000
75650  -42.218  15.178  17.166 0.0000000000
108710  -42.826  17.945  11.744 0.0000000000
77255  -38.149  17.661  12.430 0.0000000000
80155  -37.701  21.369  10.248 0.0000000000
71237  -43.864  10.757  19.799 0.0000000000
72226  -46.001  11.601  19.286 0.0000000000
73111  -44.471  11.813  21.480 0.0000000000
80072  -51.334  21.238  22.627 0.0000000000
80075  -46.924  21.182  21.314 0.0000000000
80710  -48.842  22.481  19.928 0.0000000000
81400  -46.264  23.268  17.283 0.0000000000
77336  -51.489  17.656  8.117 0.0000000000
75585  -36.453  14.986  25.820 0.0000000000
75578  -39.379  15.513  26.833 0.0000000000
68657  -50.820  7.571  20.135 0.0000000000
68673  -48.423  6.888  17.963 0.0000000000
67805  -48.188  6.509  20.586 0.0000000000
66032  -44.550  4.374  24.716 0.0000000000
66912  -38.483  6.102  22.150 0.0000000000
69459  -37.326  8.786  23.448 0.0000000000
68619  -36.300  7.571  23.205 0.0000000000
74040  -50.686  13.732  12.914 0.0000000000
74828  -49.988  15.557  19.957 0.0000000000
75672  -50.771  16.429  17.671 0.0000000000
76434  -49.806  17.163  17.433 0.0000000000
77246  -49.245  17.204  13.900 0.0000000000
76446  -47.114  16.062  15.607 0.0000000000
75580  -43.877  15.107  28.795 0.0000000000
73975  -45.842  13.312  26.748 0.0000000000
75591  -41.841  15.668  24.841 0.0000000000
112020  -40.434  18.794  19.700 0.0000000000
75614  -39.928  15.896  19.276 0.0000000000
76431  -40.225  16.369  16.623 0.0000000000
76457  -42.633  16.526  14.321 0.0000000000
110519  -40.975  17.545  14.227 0.0000000000
77276  -40.580  17.242  11.504 0.0000000000
78044  -39.311  18.380  14.840 0.0000000000
81450  -41.885  23.344  13.327 0.0000000000
122316  -38.444  21.532  12.951 0.0000000000
80799  -40.439  22.456  10.111 0.0000000000
80797  -38.009  22.537  10.058 0.0000000000
82136  -40.960  23.876  10.537 0.0000000000
71281  -47.456  10.245  16.262 0.0000000000
119552  -48.524  13.193  15.405 0.0000000000
73139  -47.538  12.526  17.656 0.0000000000
73995  -48.236  13.445  20.029 0.0000000000
74812  -49.618  15.201  22.293 0.0000000000
78713  -45.307  19.180  26.229 0.0000000000
114790  -42.360  18.238  24.351 0.0000000000
78748  -45.280  19.880  22.945 0.0000000000
79438  -43.848  20.472  20.375 0.0000000000
79455  -41.376  20.636  18.867 0.0000000000
79475  -38.729  20.915  16.922 0.0000000000
120236  -42.333  22.681  17.656 0.0000000000
81425  -43.192  23.731  15.458 0.0000000000
82117  -45.326  24.153  12.421 0.0000000000
78124  -46.671  18.444  6.707 0.0000000000
71212  -40.326  10.956  23.727 0.0000000000
72196  -42.630  11.577  23.695 0.0000000000
73091  -40.908  12.262  25.897 0.0000000000
74754  -41.598  14.958  27.905 0.0000000000
76354  -43.536  16.732  30.285 0.0000000000
78679  -42.068  19.142  28.404 0.0000000000
78682  -45.247  19.242  29.547 0.0000000000
71306  -52.251  10.636  15.435 0.0000000000
70358  -52.707  9.497  18.057 0.0000000000
70385  -50.411  9.051  15.861 0.0000000000
69535  -47.634  8.701  16.583 0.0000000000
69520  -45.766  8.668  17.516 0.0000000000
114214  -49.821  7.240  24.870 0.0000000000
66865  -47.140  5.546  27.092 0.0000000000
66891  -48.147  5.932  24.750 0.0000000000
111849  -48.304  6.517  22.849 0.0000000000
66944  -45.263  5.588  20.768 0.0000000000
70334  -40.614  9.165  21.131 0.0000000000
77285  -54.676  17.718  11.416 0.0000000000
74856  -49.761  15.215  15.044 0.0000000000
76450  -52.589  17.319  15.687 0.0000000000
78075  -53.264  18.543  11.452 0.0000000000
78083  -50.763  18.234  10.351 0.0000000000
77302  -48.399  17.629  10.105 0.0000000000
77317  -46.040  18.103  9.462 0.0000000000
73104  -46.673  12.694  25.298 0.0000000000
74795  -48.026  14.300  25.136 0.0000000000
120551  -45.976  14.880  20.654 0.0000000000
75598  -40.934  15.819  22.550 0.0000000000
74826  -42.990  14.748  19.474 0.0000000000
107938  -45.041  15.379  18.097 0.0000000000
75688  -44.912  15.708  14.765 0.0000000000
77262  -44.882  17.429  12.020 0.0000000000
77315  -43.583  18.104  9.125 0.0000000000
79483  -37.538  20.140  14.569 0.0000000000
78804  -37.160  19.483  11.972 0.0000000000
78081  -35.854  19.207  9.160 0.0000000000
79509  -35.774  20.750  9.382 0.0000000000
80145  -35.543  21.317  11.656 0.0000000000
71236  -43.342  10.905  20.475 0.0000000000
72218  -44.189  11.379  20.558 0.0000000000
72217  -43.741  11.366  21.118 0.0000000000
80085  -50.150  21.924  20.898 0.0000000000
80736  -49.246  23.239  18.671 0.0000000000
77337  -52.367  17.599  8.739 0.0000000000
68639  -50.537  7.570  21.681 0.0000000000
68646  -49.595  7.019  20.343 0.0000000000
67794  -49.407  7.021  21.144 0.0000000000
124641  -38.705  5.337  22.357 0.0000000000
67780  -37.345  6.688  22.598 0.0000000000
72296  -51.245  11.381  14.063 0.0000000000
73182  -49.822  12.499  13.889 0.0000000000
75623  -49.686  16.074  19.986 0.0000000000
119774  -50.161  16.397  19.387 0.0000000000
76421  -48.592  16.308  18.267 0.0000000000
104544  -48.466  16.696  16.431 0.0000000000
120289  -47.777  16.215  17.413 0.0000000000
76385  -43.950  15.864  29.008 0.0000000000
75589  -43.538  15.178  27.311 0.0000000000
77167  -42.434  16.655  25.855 0.0000000000
115921  -39.463  18.667  18.196 0.0000000000
77190  -39.406  17.110  18.507 0.0000000000
112934  -39.359  17.399  17.189 0.0000000000
77217  -41.003  17.166  15.201 0.0000000000
77215  -39.703  17.817  15.757 0.0000000000
77227  -40.109  18.155  14.545 0.0000000000
78035  -39.088  18.437  15.458 0.0000000000
81462  -42.142  23.638  11.330 0.0000000000
109972  -41.327  23.260  11.758 0.0000000000
81461  -41.350  23.225  10.402 0.0000000000
80807  -40.827  22.951  9.701 0.0000000000
82137  -41.575  24.109  10.690 0.0000000000
71280  -46.817  10.388  16.862 0.0000000000
72255  -47.203  11.227  16.552 0.0000000000
72239  -46.314  11.382  17.707 0.0000000000
114027  -46.610  12.462  20.604 0.0000000000
104469  -47.505  12.702  19.263 0.0000000000
73119  -48.027  13.303  21.500 0.0000000000
73992  -49.395  14.661  21.972 0.0000000000
73988  -48.701  13.973  22.264 0.0000000000
78735  -46.781  19.462  25.830 0.0000000000
78733  -45.050  19.244  24.619 0.0000000000
79416  -46.906  20.146  23.533 0.0000000000
80081  -45.847  21.286  20.316 0.0000000000
79440  -45.333  20.753  20.806 0.0000000000
79446  -44.408  20.819  19.924 0.0000000000
79444  -42.843  20.662  19.374 0.0000000000
80088  -42.913  21.177  18.875 0.0000000000
80102  -41.672  21.513  18.499 0.0000000000
80730  -43.869  22.295  18.369 0.0000000000
81415  -46.701  23.732  16.233 0.0000000000
81414  -44.992  23.724  16.408 0.0000000000
119953  -46.034  24.018  14.965 0.0000000000
104613  -44.421  23.861  13.847 0.0000000000
82107  -46.299  24.303  13.646 0.0000000000
77353  -47.937  17.797  6.784 0.0000000000
72176  -39.583  11.483  25.442 0.0000000000
72178  -41.111  11.850  25.489 0.0000000000
73090  -39.964  12.213  25.583 0.0000000000
75557  -39.885  16.141  27.537 0.0000000000
75579  -40.453  15.336  27.187 0.0000000000
75558  -41.020  15.780  28.039 0.0000000000
75559  -42.491  15.346  28.888 0.0000000000
77133  -41.260  17.530  29.664 0.0000000000
79366  -42.083  20.153  26.244 0.0000000000
78681  -44.631  19.552  29.314 0.0000000000
79361  -45.013  19.780  29.018 0.0000000000
79370  -46.147  19.864  28.544 0.0000000000
80023  -46.106  20.737  27.574 0.0000000000
72277  -53.466  11.802  15.455 0.0000000000
72258  -53.598  11.499  16.716 0.0000000000
70344  -52.824  9.203  18.953 0.0000000000
70357  -51.981  8.819  17.679 0.0000000000
69539  -51.641  8.951  16.897 0.0000000000
69538  -50.896  8.581  16.562 0.0000000000
70384  -49.523  8.766  15.980 0.0000000000
68687  -49.526  7.599  17.258 0.0000000000
67827  -47.120  6.559  18.697 0.0000000000
68684  -46.944  7.584  17.539 0.0000000000
68670  -45.774  7.252  18.438 0.0000000000
66873  -45.856  4.580  26.901 0.0000000000
66025  -46.313  4.727  25.289 0.0000000000
66889  -46.674  5.231  24.096 0.0000000000
67763  -47.921  6.095  23.908 0.0000000000
66917  -46.488  5.537  22.834 0.0000000000
125730  -46.733  5.689  21.484 0.0000000000
66916  -45.771  5.407  22.223 0.0000000000
70321  -39.223  10.108  22.582 0.0000000000
69472  -38.926  9.355  22.197 0.0000000000
76502  -55.455  16.558  11.044 0.0000000000
74012  -48.527  14.022  17.015 0.0000000000
74028  -48.847  13.712  14.950 0.0000000000
74849  -49.451  14.909  16.538 0.0000000000
123837  -51.653  17.504  16.568 0.0000000000
76436  -52.122  17.148  16.495 0.0000000000
78037  -52.476  17.986  15.721 0.0000000000
78047  -53.520  18.141  13.712 0.0000000000
106701  -51.966  18.576  13.558 0.0000000000
78074  -52.169  18.451  11.398 0.0000000000
105671  -51.329  18.343  12.909 0.0000000000
76489  -48.040  16.614  12.743 0.0000000000
123139  -49.087  16.952  11.394 0.0000000000
77281  -47.029  17.190  11.017 0.0000000000
77318  -46.996  18.200  9.200 0.0000000000
106273  -46.117  17.477  11.159 0.0000000000
73097  -43.905  12.199  25.748 0.0000000000
73102  -44.322  12.179  23.656 0.0000000000
106138  -45.272  12.613  26.501 0.0000000000
74792  -44.227  14.343  24.108 0.0000000000
73980  -46.904  13.544  25.789 0.0000000000
111256  -46.150  14.310  23.873 0.0000000000
74809  -47.379  14.823  23.095 0.0000000000
74808  -44.851  14.534  21.680 0.0000000000
119412  -41.799  18.474  23.067 0.0000000000
77994  -41.692  18.049  23.733 0.0000000000
77998  -40.853  17.940  21.996 0.0000000000
106148  -41.071  15.382  18.039 0.0000000000
75616  -41.504  15.104  19.556 0.0000000000
75633  -42.809  14.795  17.957 0.0000000000
75619  -44.468  15.042  18.590 0.0000000000
104888  -43.970  15.289  17.149 0.0000000000
110545  -45.078  15.397  16.132 0.0000000000
75678  -43.641  15.606  15.415 0.0000000000
77244  -43.013  17.370  13.055 0.0000000000
77245  -43.816  17.415  12.903 0.0000000000
77278  -43.599  17.872  11.580 0.0000000000
106212  -43.928  17.842  10.761 0.0000000000
105141  -43.026  18.024  10.792 0.0000000000
77314  -42.216  17.637  8.798 0.0000000000
77296  -42.168  17.688  10.111 0.0000000000
77256  -39.198  17.457  12.415 0.0000000000
77293  -39.982  16.847  10.838 0.0000000000
80120  -39.052  21.633  16.550 0.0000000000
79479  -38.317  20.560  15.654 0.0000000000
80126  -38.450  21.181  15.443 0.0000000000
80147  -37.749  21.119  11.378 0.0000000000
79497  -37.401  20.454  12.339 0.0000000000
79504  -37.222  20.629  10.718 0.0000000000
78071  -36.493  19.128  10.166 0.0000000000
79503  -36.749  20.512  9.581 0.0000000000
79513  -35.917  20.471  9.023 0.0000000000
79510  -36.359  20.809  9.307 0.0000000000
80790  -37.632  22.708  10.857 0.0000000000
80796  -37.250  22.092  10.221 0.0000000000
80789  -36.872  22.318  11.504 0.0000000000
80788  -35.919  22.122  12.130 0.0000000000
71250  -44.974  10.448  18.588 0.0000000000
72233  -45.559  11.044  18.551 0.0000000000
71244  -45.263  11.023  19.311 0.0000000000
72210  -45.172  11.977  20.796 0.0000000000
73117  -46.381  12.485  21.583 0.0000000000
79426  -47.593  20.536  22.899 0.0000000000
80077  -48.637  21.403  21.772 0.0000000000
80083  -47.547  21.530  20.770 0.0000000000
80718  -47.080  22.138  19.273 0.0000000000
80733  -45.950  22.460  18.540 0.0000000000
81383  -47.555  23.162  18.110 0.0000000000
81401  -47.550  23.568  17.320 0.0000000000
77335  -50.291  18.131  7.585 0.0000000000
73968  -37.761  13.350  25.469 0.0000000000
73969  -38.684  13.701  25.701 0.0000000000
75587  -38.032  15.274  26.059 0.0000000000
68676  -51.090  7.620  19.231 0.0000000000
68674  -49.357  7.068  17.971 0.0000000000
68655  -49.752  6.950  19.540 0.0000000000
67814  -48.345  6.490  19.701 0.0000000000
67813  -46.875  6.341  19.420 0.0000000000
66012  -44.332  4.519  26.339 0.0000000000
105227  -43.973  4.277  23.972 0.0000000000
67790  -39.146  7.197  21.586 0.0000000000
69476  -38.694  7.850  21.857 0.0000000000
68628  -38.179  7.468  22.125 0.0000000000
69464  -36.637  8.344  23.631 0.0000000000
74832  -50.084  15.247  18.718 0.0000000000
74840  -49.735  15.191  17.616 0.0000000000
126483  -50.475  15.866  18.859 0.0000000000
77191  -50.434  16.750  18.198 0.0000000000
77209  -50.343  17.385  16.802 0.0000000000
77247  -50.200  17.699  14.168 0.0000000000
77218  -49.005  17.151  15.379 0.0000000000
76463  -48.326  16.628  15.077 0.0000000000
113204  -47.140  16.146  14.014 0.0000000000
73070  -44.552  13.484  28.179 0.0000000000
73972  -45.539  13.045  27.425 0.0000000000
74782  -44.122  14.379  27.110 0.0000000000
112336  -43.585  14.497  25.695 0.0000000000
74790  -42.160  14.780  23.496 0.0000000000
78003  -41.105  19.054  20.769 0.0000000000
126954  -40.342  17.671  21.366 0.0000000000
77184  -39.518  17.179  19.366 0.0000000000
75647  -40.026  15.872  18.234 0.0000000000
115645  -41.731  15.447  16.534 0.0000000000
75677  -42.348  15.679  15.420 0.0000000000
76444  -41.584  16.281  15.346 0.0000000000
77229  -42.026  17.084  14.076 0.0000000000
105624  -42.206  17.455  12.849 0.0000000000
77277  -41.442  17.481  11.384 0.0000000000
123753  -40.797  17.853  13.215 0.0000000000
77240  -39.858  18.038  13.127 0.0000000000
77239  -38.807  17.908  13.161 0.0000000000
81437  -40.832  23.168  14.453 0.0000000000
80775  -39.552  22.425  14.270 0.0000000000
80784  -39.601  22.515  13.147 0.0000000000
80792  -39.962  22.495  11.608 0.0000000000
80156  -38.483  21.628  10.438 0.0000000000
80162  -37.965  21.773  9.921 0.0000000000
80805  -39.411  22.555  9.970 0.0000000000
81471  -39.506  23.140  10.032 0.0000000000
81459  -38.868  23.635  11.442 0.0000000000
71302  -48.630  10.639  15.400 0.0000000000
72293  -48.763  11.818  14.880 0.0000000000
72273  -48.433  11.410  15.414 0.0000000000
73152  -47.967  12.634  16.466 0.0000000000
73140  -47.992  13.145  17.836 0.0000000000
72227  -46.652  12.090  18.811 0.0000000000
73131  -47.801  12.891  18.481 0.0000000000
74000  -48.278  13.647  18.637 0.0000000000
74827  -49.590  14.893  20.149 0.0000000000
74813  -49.597  15.308  21.595 0.0000000000
75611  -48.660  15.593  21.112 0.0000000000
109179  -44.349  18.653  27.500 0.0000000000
105214  -42.659  18.023  25.273 0.0000000000
126727  -44.607  18.887  25.086 0.0000000000
78739  -43.892  19.320  23.282 0.0000000000
78746  -43.694  19.491  22.411 0.0000000000
79424  -45.809  20.337  22.399 0.0000000000
78753  -44.262  19.936  21.883 0.0000000000
78751  -42.689  19.574  21.369 0.0000000000
78755  -41.735  19.535  20.261 0.0000000000
78767  -40.282  19.248  18.909 0.0000000000
78776  -39.323  19.436  17.868 0.0000000000
78775  -38.816  19.497  17.216 0.0000000000
79467  -39.873  20.914  18.056 0.0000000000
80112  -40.228  21.676  17.637 0.0000000000
80760  -41.206  22.870  16.629 0.0000000000
81398  -44.405  23.261  17.184 0.0000000000
81396  -42.955  23.342  16.763 0.0000000000
81410  -41.735  23.259  16.001 0.0000000000
104907  -43.007  23.675  14.635 0.0000000000
81451  -43.144  23.635  12.868 0.0000000000
81464  -43.840  23.731  12.087 0.0000000000
72201  -41.642  11.062  22.283 0.0000000000
72202  -42.433  11.376  22.653 0.0000000000
72195  -41.725  11.464  24.067 0.0000000000
72188  -41.834  11.609  25.001 0.0000000000
106527  -42.937  12.210  26.912 0.0000000000
73971  -40.612  12.952  26.159 0.0000000000
73958  -41.690  13.100  27.193 0.0000000000
126154  -43.168  12.943  28.028 0.0000000000
74756  -44.072  14.423  28.943 0.0000000000
117095  -44.024  15.641  29.523 0.0000000000
77154  -44.082  16.739  29.522 0.0000000000
77944  -40.557  18.326  28.706 0.0000000000
77932  -43.146  18.162  30.318 0.0000000000
77947  -44.746  18.383  30.569 0.0000000000
77959  -44.799  18.397  29.243 0.0000000000
78695  -45.730  19.159  29.025 0.0000000000
78715  -47.273  19.275  27.720 0.0000000000
78717  -49.281  19.654  27.294 0.0000000000
72275  -51.721  10.964  14.713 0.0000000000
71305  -51.314  10.287  15.110 0.0000000000
108746  -53.728  10.456  18.846 0.0000000000
71265  -53.546  10.898  17.370 0.0000000000
71284  -52.446  10.022  16.639 0.0000000000
71283  -51.874  9.890  15.881 0.0000000000
71304  -50.274  10.161  15.065 0.0000000000
70383  -48.776  9.374  15.843 0.0000000000
70382  -47.929  9.409  16.223 0.0000000000
70381  -47.059  9.469  16.659 0.0000000000
68685  -47.813  7.449  17.379 0.0000000000
69521  -46.550  8.340  17.253 0.0000000000
107193  -45.721  9.610  17.529 0.0000000000
70355  -44.524  9.341  18.288 0.0000000000
67735  -48.410  6.394  27.312 0.0000000000
66014  -46.154  4.475  26.033 0.0000000000
66875  -47.445  5.459  26.159 0.0000000000
67753  -48.942  6.704  25.632 0.0000000000
110089  -49.180  6.921  24.848 0.0000000000
109434  -49.161  6.964  23.964 0.0000000000
110749  -49.089  6.719  22.954 0.0000000000
119725  -48.024  6.332  21.553 0.0000000000
66946  -46.817  5.781  20.958 0.0000000000
67812  -45.461  6.265  19.738 0.0000000000
71234  -41.871  9.932  21.074 0.0000000000
71221  -40.287  10.146  22.135 0.0000000000
71211  -39.475  10.568  23.674 0.0000000000
72186  -38.718  10.871  25.527 0.0000000000
73089  -38.069  12.062  25.501 0.0000000000
76510  -56.437  15.776  10.138 0.0000000000
76519  -56.062  16.621  9.969 0.0000000000
77322  -54.792  17.611  9.874 0.0000000000
74029  -49.400  13.314  14.317 0.0000000000
74861  -49.954  14.685  14.181 0.0000000000
75671  -50.428  15.654  17.085 0.0000000000
75691  -51.691  16.502  15.494 0.0000000000
76477  -52.418  16.817  13.956 0.0000000000
76479  -54.038  17.881  13.230 0.0000000000
78076  -54.089  18.588  11.729 0.0000000000
78101  -53.622  18.275  9.730 0.0000000000
78100  -52.935  18.261  9.158 0.0000000000
78098  -51.003  18.466  9.301 0.0000000000
117741  -50.163  18.379  8.824 0.0000000000
77265  -49.610  17.157  12.226 0.0000000000
77320  -49.231  17.895  9.890 0.0000000000
118047  -48.922  18.471  7.933 0.0000000000
78095  -47.655  18.383  8.448 0.0000000000
78109  -46.597  18.589  7.452 0.0000000000
116443  -45.163  18.564  6.987 0.0000000000
72203  -43.810  11.816  22.639 0.0000000000
72204  -44.707  12.076  22.686 0.0000000000
105303  -46.673  12.827  22.998 0.0000000000
73976  -46.434  13.071  26.401 0.0000000000
119047  -47.490  13.247  25.525 0.0000000000
73984  -48.260  13.750  24.261 0.0000000000
74802  -48.823  14.647  23.549 0.0000000000
75602  -48.038  15.337  21.486 0.0000000000
113304  -47.657  15.411  20.350 0.0000000000
77170  -41.833  17.004  24.856 0.0000000000
121387  -41.301  15.965  24.043 0.0000000000
74796  -42.031  14.745  22.551 0.0000000000
76402  -40.328  16.344  21.362 0.0000000000
75608  -41.375  15.271  21.167 0.0000000000
107268  -43.140  14.703  21.173 0.0000000000
106811  -44.325  14.751  19.918 0.0000000000
75620  -45.352  15.144  18.971 0.0000000000
75636  -46.876  15.580  18.526 0.0000000000
120403  -46.125  15.716  16.963 0.0000000000
76473  -45.811  16.366  13.164 0.0000000000
76459  -44.408  16.320  13.978 0.0000000000
76472  -44.915  16.481  13.205 0.0000000000
77263  -45.728  17.308  11.929 0.0000000000
77299  -45.615  17.823  10.404 0.0000000000
77333  -44.322  18.281  8.735 0.0000000000
77294  -40.899  17.258  10.660 0.0000000000
78034  -38.664  19.108  15.884 0.0000000000
78793  -37.809  19.560  14.772 0.0000000000
78062  -38.005  18.151  13.029 0.0000000000
79492  -38.194  21.009  13.919 0.0000000000
107446  -37.159  19.784  13.188 0.0000000000
114961  -37.226  18.318  12.271 0.0000000000
77273  -36.851  17.796  10.675 0.0000000000
77291  -36.269  18.293  9.241 0.0000000000
78105  -35.348  18.525  7.810 0.0000000000
80154  -36.681  21.425  10.062 0.0000000000
80153  -35.899  21.116  10.379 0.0000000000
82140  -43.802  24.934  10.654 0.0000000000
82817  -42.810  25.824  10.932 0.0000000000
121559  -41.714  25.092  11.339 0.0000000000
82127  -40.154  24.743  11.798 0.0000000000
82116  -38.279  24.706  13.255 0.0000000000
71229  -42.974  11.120  21.273 0.0000000000
76535  -53.099  17.143  8.831 0.0000000000
68631  -51.188  7.853  22.070 0.0000000000
68638  -49.869  7.369  21.793 0.0000000000
66055  -38.586  4.694  22.716 0.0000000000
72295  -50.281  11.538  14.123 0.0000000000
75638  -49.083  16.186  19.288 0.0000000000
77168  -42.988  16.890  27.308 0.0000000000
109665  -39.383  17.815  17.809 0.0000000000
77206  -39.454  17.586  16.593 0.0000000000
78028  -39.077  18.314  16.265 0.0000000000
81474  -41.898  23.886  10.773 0.0000000000
72254  -46.632  11.097  17.156 0.0000000000
73118  -47.324  12.950  21.505 0.0000000000
119973  -48.069  13.390  22.285 0.0000000000
79385  -48.763  19.707  25.814 0.0000000000
79405  -47.256  19.873  24.631 0.0000000000
79417  -47.632  20.303  23.804 0.0000000000
80091  -45.553  21.558  19.536 0.0000000000
79447  -45.099  20.984  20.107 0.0000000000
107196  -44.835  21.262  19.586 0.0000000000
80090  -44.210  21.300  19.400 0.0000000000
80105  -44.047  21.748  18.874 0.0000000000
80104  -43.304  21.754  18.674 0.0000000000
80731  -44.541  22.123  18.546 0.0000000000
81428  -46.682  24.011  15.170 0.0000000000
105765  -45.915  23.732  15.773 0.0000000000
81441  -46.516  24.282  14.371 0.0000000000
81440  -45.657  24.057  14.339 0.0000000000
82108  -46.942  24.511  13.835 0.0000000000
76553  -49.264  17.053  6.913 0.0000000000
112026  -48.832  17.705  7.019 0.0000000000
112028  -48.424  17.048  6.743 0.0000000000
108036  -39.064  12.045  25.525 0.0000000000
76351  -39.757  17.027  28.845 0.0000000000
76361  -40.332  16.530  28.489 0.0000000000
76352  -40.761  16.929  29.299 0.0000000000
77132  -40.308  17.377  29.159 0.0000000000
79384  -44.689  20.297  27.514 0.0000000000
80022  -45.348  20.542  27.546 0.0000000000
72259  -54.259  12.198  16.733 0.0000000000
116355  -53.693  11.939  16.168 0.0000000000
69525  -51.264  8.327  17.353 0.0000000000
69524  -50.397  7.915  17.066 0.0000000000
67826  -46.294  6.628  18.855 0.0000000000
68669  -45.083  7.359  18.634 0.0000000000
68654  -44.499  6.990  18.906 0.0000000000
66872  -44.864  4.803  27.020 0.0000000000
66051  -45.944  5.120  23.858 0.0000000000
66901  -45.858  5.286  23.105 0.0000000000
66902  -46.436  5.365  23.470 0.0000000000
68637  -40.265  7.762  21.127 0.0000000000
69478  -39.979  8.716  21.349 0.0000000000
69477  -39.141  8.679  21.771 0.0000000000
75705  -53.292  16.355  12.062 0.0000000000
74021  -48.749  14.056  16.048 0.0000000000
74848  -49.188  14.471  17.028 0.0000000000
77221  -51.863  17.785  16.395 0.0000000000
78036  -52.264  18.049  16.039 0.0000000000
78046  -52.397  18.195  15.398 0.0000000000
106977  -51.862  18.387  14.643 0.0000000000
78054  -51.031  18.080  13.742 0.0000000000
76488  -47.096  16.542  12.552 0.0000000000
76499  -47.545  16.852  11.862 0.0000000000
125966  -44.520  14.331  23.464 0.0000000000
74793  -45.603  14.186  24.468 0.0000000000
74799  -44.869  14.376  22.882 0.0000000000
74807  -43.841  14.436  21.803 0.0000000000
78000  -42.271  18.954  22.682 0.0000000000
104909  -41.793  15.005  17.985 0.0000000000
123123  -43.580  15.119  17.689 0.0000000000
75651  -43.101  15.136  17.056 0.0000000000
75666  -43.587  15.338  16.225 0.0000000000
77259  -42.682  17.669  12.423 0.0000000000
77260  -43.350  17.723  12.330 0.0000000000
106210  -42.239  17.787  11.189 0.0000000000
77275  -39.581  17.018  11.630 0.0000000000
77274  -38.339  17.038  11.565 0.0000000000
80758  -39.440  22.227  16.167 0.0000000000
80127  -38.880  21.810  15.641 0.0000000000
79511  -37.087  21.180  9.828 0.0000000000
81458  -38.018  23.283  11.819 0.0000000000
71243  -44.513  10.517  19.239 0.0000000000
73122  -45.991  12.021  20.573 0.0000000000
73112  -45.515  12.265  22.120 0.0000000000
80070  -49.000  21.072  22.456 0.0000000000
80071  -50.140  21.050  22.571 0.0000000000
80084  -49.083  22.130  20.662 0.0000000000
80094  -48.185  21.915  20.297 0.0000000000
80093  -47.307  21.837  20.034 0.0000000000
80719  -47.927  22.322  19.603 0.0000000000
80734  -46.830  22.576  18.488 0.0000000000
80735  -47.704  22.672  18.839 0.0000000000
81384  -48.951  23.664  18.015 0.0000000000
122319  -48.184  23.568  17.689 0.0000000000
81416  -47.665  23.791  16.354 0.0000000000
76534  -51.888  16.870  8.507 0.0000000000
76556  -51.137  17.164  7.807 0.0000000000
116701  -51.134  18.093  7.883 0.0000000000
74779  -37.079  14.249  25.494 0.0000000000
74780  -37.939  14.410  25.754 0.0000000000
75586  -37.300  15.160  25.902 0.0000000000
124601  -51.337  7.749  20.464 0.0000000000
68656  -50.411  7.283  19.381 0.0000000000
123434  -50.139  7.274  20.072 0.0000000000
67806  -48.913  6.704  20.506 0.0000000000
67815  -49.162  6.718  19.816 0.0000000000
111936  -47.535  6.340  19.233 0.0000000000
107514  -47.560  6.312  20.012 0.0000000000
66927  -40.540  5.440  21.507 0.0000000000
66926  -39.806  5.936  21.472 0.0000000000
67783  -39.163  6.460  21.678 0.0000000000
67782  -38.538  6.980  21.783 0.0000000000
68626  -37.012  7.292  22.867 0.0000000000
123252  -35.844  8.134  23.934 0.0000000000
119367  -49.997  15.234  19.500 0.0000000000
75639  -50.340  15.732  19.455 0.0000000000
76423  -49.979  16.960  18.194 0.0000000000
76412  -50.234  16.598  18.785 0.0000000000
77200  -50.614  17.116  17.724 0.0000000000
77219  -49.876  17.565  15.800 0.0000000000
77208  -49.254  17.171  16.373 0.0000000000
76447  -47.950  16.432  15.705 0.0000000000
76448  -48.574  16.836  15.772 0.0000000000
118211  -47.986  16.425  14.246 0.0000000000
76462  -47.551  16.205  14.882 0.0000000000
74771  -44.321  14.290  28.476 0.0000000000
74772  -44.778  13.415  27.985 0.0000000000
75588  -42.564  15.769  25.953 0.0000000000
75592  -42.898  15.109  25.842 0.0000000000
74786  -42.503  14.910  24.600 0.0000000000
113519  -40.485  18.575  20.354 0.0000000000
77185  -39.874  18.034  19.775 0.0000000000
77199  -39.433  16.912  17.668 0.0000000000
76411  -39.611  16.402  18.258 0.0000000000
76420  -39.833  16.179  17.435 0.0000000000
75648  -40.481  15.679  17.718 0.0000000000
75664  -41.012  15.834  16.283 0.0000000000
77228  -41.561  16.999  14.730 0.0000000000
77243  -42.403  17.251  13.472 0.0000000000
77242  -41.657  17.460  13.429 0.0000000000
77258  -41.376  17.623  12.646 0.0000000000
77241  -40.258  18.076  13.781 0.0000000000
78053  -39.295  18.075  14.011 0.0000000000
81438  -41.629  23.328  14.255 0.0000000000
120727  -40.485  23.054  13.815 0.0000000000
81449  -41.122  23.284  13.316 0.0000000000
80793  -40.998  22.720  10.689 0.0000000000
80149  -39.426  21.959  10.635 0.0000000000
80164  -39.879  22.367  10.007 0.0000000000
80163  -39.003  22.190  10.172 0.0000000000
81472  -40.628  23.196  9.788 0.0000000000
81460  -39.974  23.831  11.071 0.0000000000
71301  -47.924  10.889  15.865 0.0000000000
73151  -47.457  12.175  16.818 0.0000000000
119903  -47.792  12.779  17.165 0.0000000000
72234  -46.104  11.544  18.368 0.0000000000
121658  -48.059  13.329  19.181 0.0000000000
112801  -48.685  14.022  19.590 0.0000000000
74821  -49.700  15.103  21.401 0.0000000000
75612  -49.370  15.547  21.265 0.0000000000
75604  -49.557  15.319  22.141 0.0000000000
77982  -44.437  18.822  26.128 0.0000000000
78741  -45.510  19.747  23.962 0.0000000000
78740  -44.724  19.511  23.572 0.0000000000
78747  -44.484  19.687  22.669 0.0000000000
79435  -47.253  20.715  21.994 0.0000000000
79425  -46.649  20.424  22.628 0.0000000000
79434  -46.365  20.716  21.840 0.0000000000
79439  -44.615  20.576  20.590 0.0000000000
79432  -44.817  20.365  21.342 0.0000000000
79431  -44.023  20.274  21.160 0.0000000000
78752  -43.482  19.746  21.640 0.0000000000
78757  -43.263  20.060  20.887 0.0000000000
78756  -42.504  19.802  20.577 0.0000000000
79443  -42.015  20.536  19.384 0.0000000000
78760  -41.446  19.893  19.528 0.0000000000
78768  -40.808  19.853  18.964 0.0000000000
117903  -40.214  19.775  18.640 0.0000000000
79454  -40.463  20.412  18.524 0.0000000000
79453  -39.759  20.070  18.248 0.0000000000
80728  -41.973  22.302  18.199 0.0000000000
80113  -41.141  21.945  17.859 0.0000000000
80745  -41.557  22.596  17.432 0.0000000000
80744  -40.628  22.412  17.155 0.0000000000
80749  -45.619  22.809  17.958 0.0000000000
80748  -44.666  22.732  17.987 0.0000000000
81399  -45.283  23.325  17.298 0.0000000000
81413  -44.213  23.798  15.644 0.0000000000
122418  -44.130  23.492  16.501 0.0000000000
81412  -43.436  23.580  16.274 0.0000000000
81411  -42.596  23.530  16.128 0.0000000000
105809  -42.259  23.485  15.105 0.0000000000
81453  -44.583  23.844  12.831 0.0000000000
81452  -43.832  23.759  13.122 0.0000000000
81465  -44.608  24.030  12.010 0.0000000000
77352  -47.118  18.017  6.463 0.0000000000
77351  -46.387  18.111  6.406 0.0000000000
71222  -40.867  10.865  22.827 0.0000000000
106312  -41.711  11.288  23.156 0.0000000000
71213  -41.049  11.287  23.623 0.0000000000
73092  -41.850  12.308  26.398 0.0000000000
72179  -42.208  12.121  25.870 0.0000000000
114796  -38.873  14.780  26.114 0.0000000000
74781  -39.688  13.816  26.161 0.0000000000
74769  -40.978  14.665  27.056 0.0000000000
74770  -42.002  13.989  27.886 0.0000000000
73959  -42.772  13.230  28.072 0.0000000000
73949  -43.548  13.905  28.714 0.0000000000
74755  -43.033  14.575  28.728 0.0000000000
76363  -43.345  15.923  29.705 0.0000000000
76364  -44.167  16.102  30.066 0.0000000000
77143  -44.284  17.259  30.417 0.0000000000
78693  -42.328  19.682  27.244 0.0000000000
78678  -40.932  18.854  27.859 0.0000000000
77945  -41.423  18.590  28.783 0.0000000000
77931  -41.596  18.091  29.672 0.0000000000
78670  -42.250  18.569  29.375 0.0000000000
121566  -44.817  19.248  29.828 0.0000000000
77934  -44.588  19.025  30.070 0.0000000000
77948  -44.947  18.985  29.952 0.0000000000
77960  -45.420  18.861  29.327 0.0000000000
106134  -47.161  19.736  28.669 0.0000000000
120985  -46.367  19.557  28.469 0.0000000000
78696  -47.643  19.597  28.577 0.0000000000
119683  -47.952  19.365  27.773 0.0000000000
78685  -48.614  19.834  28.205 0.0000000000
73164  -54.009  12.138  14.975 0.0000000000
72257  -53.133  11.146  15.931 0.0000000000
72276  -52.681  11.265  15.093 0.0000000000
70359  -53.271  9.803  18.645 0.0000000000
71251  -53.417  10.314  18.061 0.0000000000
71264  -52.915  10.157  17.348 0.0000000000
70386  -51.286  9.265  16.214 0.0000000000
70398  -50.926  9.683  15.571 0.0000000000
124081  -50.300  9.620  15.479 0.0000000000
70397  -49.633  9.603  15.508 0.0000000000
69536  -48.626  8.571  16.367 0.0000000000
68683  -46.095  7.802  17.775 0.0000000000
113573  -46.347  9.052  17.021 0.0000000000
70356  -44.897  9.782  17.983 0.0000000000
69519  -44.967  9.051  17.798 0.0000000000
68614  -49.835  7.446  24.124 0.0000000000
66864  -46.296  5.240  27.474 0.0000000000
67734  -47.613  6.024  27.654 0.0000000000
67743  -47.972  5.939  26.711 0.0000000000
66023  -44.705  4.346  25.611 0.0000000000
66013  -45.284  4.392  26.214 0.0000000000
66024  -45.499  4.548  25.262 0.0000000000
113522  -46.879  4.999  24.852 0.0000000000
66883  -46.874  4.929  25.686 0.0000000000
66884  -47.532  5.465  25.244 0.0000000000
66876  -48.319  5.928  25.691 0.0000000000
67752  -48.651  6.418  25.039 0.0000000000
67774  -47.802  6.219  23.111 0.0000000000
67775  -48.476  6.538  23.530 0.0000000000
67785  -48.523  6.580  22.174 0.0000000000
67784  -47.876  6.201  22.317 0.0000000000
66932  -46.071  5.616  21.330 0.0000000000
66945  -45.966  6.033  20.422 0.0000000000
69484  -41.438  8.435  20.396 0.0000000000
70335  -41.232  9.218  20.762 0.0000000000
116477  -42.083  9.310  20.365 0.0000000000
70327  -41.016  9.852  21.446 0.0000000000
104586  -41.114  10.491  22.060 0.0000000000
69465  -37.938  8.899  22.840 0.0000000000
71194  -37.544  10.747  25.325 0.0000000000
71195  -38.232  11.031  25.659 0.0000000000
107092  -37.145  12.095  25.558 0.0000000000
105868  -37.244  12.724  25.450 0.0000000000
75728  -56.918  15.065  9.929 0.0000000000
117159  -56.072  15.895  10.523 0.0000000000
114777  -54.942  17.183  11.296 0.0000000000
76509  -55.919  16.569  10.526 0.0000000000
77286  -55.380  17.198  10.932 0.0000000000
76518  -55.311  17.116  9.598 0.0000000000
77304  -54.890  17.705  10.669 0.0000000000
73163  -48.935  12.625  14.656 0.0000000000
74855  -49.181  14.649  15.459 0.0000000000
74860  -49.449  14.229  14.563 0.0000000000
75656  -50.394  15.804  18.155 0.0000000000
125678  -51.086  16.427  16.952 0.0000000000
76449  -52.406  16.888  15.980 0.0000000000
75673  -51.773  16.760  16.498 0.0000000000
76464  -52.430  16.908  15.197 0.0000000000
76465  -52.739  17.549  14.682 0.0000000000
76478  -53.202  17.454  13.260 0.0000000000
77248  -53.264  18.007  14.030 0.0000000000
78064  -53.586  18.557  12.356 0.0000000000
78065  -54.164  18.319  12.572 0.0000000000
78086  -53.893  18.534  10.752 0.0000000000
78085  -52.846  18.414  10.267 0.0000000000
78073  -51.280  18.221  11.065 0.0000000000
78084  -51.718  18.337  10.296 0.0000000000
78082  -50.063  18.269  9.635 0.0000000000
120498  -49.791  17.399  13.243 0.0000000000
109755  -49.112  17.319  10.684 0.0000000000
78097  -49.315  18.366  8.916 0.0000000000
126221  -48.647  18.067  9.404 0.0000000000
125192  -48.135  18.427  7.901 0.0000000000
77319  -47.917  17.970  9.339 0.0000000000
78094  -46.388  18.434  8.485 0.0000000000
78108  -45.824  18.430  7.763 0.0000000000
78093  -45.694  18.350  8.748 0.0000000000
104392  -43.284  11.740  23.075 0.0000000000
73103  -45.426  12.486  24.844 0.0000000000
125197  -45.330  12.534  23.924 0.0000000000
73107  -45.992  12.626  23.550 0.0000000000
110619  -45.851  13.017  26.920 0.0000000000
74794  -47.223  14.198  25.177 0.0000000000
73981  -47.617  13.648  25.504 0.0000000000
110021  -47.994  13.773  25.276 0.0000000000
73982  -48.372  14.280  24.501 0.0000000000
73985  -48.772  14.350  23.870 0.0000000000
74801  -48.245  14.650  24.116 0.0000000000
74819  -45.987  14.641  21.681 0.0000000000
74820  -47.130  14.955  21.703 0.0000000000
75610  -46.869  15.182  20.593 0.0000000000
123742  -43.050  18.455  24.856 0.0000000000
77991  -42.127  17.698  24.859 0.0000000000
77990  -41.746  17.676  24.364 0.0000000000
77173  -40.887  17.050  23.268 0.0000000000
76398  -41.058  16.519  23.678 0.0000000000
75594  -41.067  15.897  23.384 0.0000000000
75599  -41.434  15.238  22.979 0.0000000000
76405  -40.056  16.383  20.548 0.0000000000
118826  -40.064  17.068  21.026 0.0000000000
75617  -42.304  15.010  19.745 0.0000000000
115217  -41.888  15.154  20.365 0.0000000000
74816  -42.320  14.969  21.128 0.0000000000
74817  -42.877  14.847  20.350 0.0000000000
105686  -43.914  14.607  20.749 0.0000000000
114356  -43.580  14.733  19.919 0.0000000000
126553  -44.622  14.871  19.270 0.0000000000
108181  -46.331  15.342  19.095 0.0000000000
75635  -45.894  15.518  18.314 0.0000000000
75654  -46.474  15.684  17.707 0.0000000000
75653  -45.566  15.608  17.558 0.0000000000
75680  -45.357  15.505  15.498 0.0000000000
75689  -45.713  15.652  14.855 0.0000000000
76460  -45.502  15.964  13.994 0.0000000000
75686  -43.051  15.908  14.856 0.0000000000
76458  -43.500  16.519  14.114 0.0000000000
77261  -44.091  17.621  12.192 0.0000000000
119829  -44.188  16.910  13.353 0.0000000000
76485  -44.526  17.155  12.703 0.0000000000
76486  -45.315  16.881  12.554 0.0000000000
77280  -45.249  17.681  11.304 0.0000000000
105116  -44.213  18.099  9.875 0.0000000000
104753  -42.899  17.920  8.266 0.0000000000
108630  -41.169  17.506  11.998 0.0000000000
76507  -39.499  16.795  9.871 0.0000000000
76508  -40.289  17.046  10.071 0.0000000000
79465  -38.653  20.180  16.977 0.0000000000
78782  -38.575  19.627  16.520 0.0000000000
78787  -37.957  20.086  15.197 0.0000000000
78042  -37.830  18.831  14.359 0.0000000000
78798  -37.318  19.598  14.101 0.0000000000
80774  -38.880  21.912  13.799 0.0000000000
77254  -37.327  17.617  11.637 0.0000000000
78072  -36.797  18.284  11.181 0.0000000000
77310  -35.914  18.562  7.795 0.0000000000
78091  -35.306  18.995  8.377 0.0000000000
78815  -35.659  19.687  9.098 0.0000000000
78811  -35.436  20.025  9.421 0.0000000000
79508  -35.246  20.328  10.090 0.0000000000
121994  -37.792  22.060  9.888 0.0000000000
80146  -36.461  21.598  11.056 0.0000000000
80152  -35.216  20.754  11.171 0.0000000000
82816  -42.082  25.985  11.500 0.0000000000
82810  -40.344  25.799  12.092 0.0000000000
82126  -39.016  24.571  12.409 0.0000000000
115224  -43.788  11.598  21.871 0.0000000000
80078  -50.484  21.547  21.805 0.0000000000
80711  -49.897  22.462  20.173 0.0000000000
118342  -48.603  22.747  19.131 0.0000000000
80720  -49.600  22.905  19.414 0.0000000000
80737  -50.263  23.399  18.848 0.0000000000
104739  -50.249  23.827  18.250 0.0000000000
118620  -35.832  15.720  26.271 0.0000000000
75575  -36.697  15.923  26.367 0.0000000000
68640  -51.112  7.650  21.087 0.0000000000
68647  -50.167  7.412  20.897 0.0000000000
67793  -48.639  6.653  21.295 0.0000000000
67781  -37.943  6.835  22.138 0.0000000000
118016  -37.776  6.129  22.440 0.0000000000
72304  -50.786  12.012  13.578 0.0000000000
73200  -50.558  12.869  13.226 0.0000000000
75624  -50.108  15.959  19.961 0.0000000000
121289  -49.779  16.650  18.997 0.0000000000
76422  -49.379  16.740  17.929 0.0000000000
76433  -49.093  16.805  17.069 0.0000000000
105682  -48.464  16.537  17.266 0.0000000000
76432  -47.624  16.262  16.533 0.0000000000
76393  -42.851  16.030  27.072 0.0000000000
76392  -42.067  16.218  25.373 0.0000000000
78007  -39.630  17.975  18.777 0.0000000000
76430  -39.572  16.829  16.917 0.0000000000
76443  -40.654  16.605  15.842 0.0000000000
77207  -40.029  17.119  16.266 0.0000000000
77216  -40.364  17.301  15.615 0.0000000000
110161  -40.375  17.773  15.049 0.0000000000
120672  -39.810  18.239  15.083 0.0000000000
126403  -41.761  23.417  12.458 0.0000000000
80800  -40.973  22.873  9.802 0.0000000000
81473  -41.158  23.230  9.989 0.0000000000
72240  -46.925  11.850  17.407 0.0000000000
126289  -46.208  11.866  20.058 0.0000000000
73123  -46.703  12.295  19.726 0.0000000000
73124  -47.527  12.940  20.484 0.0000000000
73996  -49.113  14.313  20.735 0.0000000000
73991  -48.543  13.713  21.142 0.0000000000
73986  -49.231  14.755  23.056 0.0000000000
78734  -45.882  19.375  25.256 0.0000000000
78742  -46.362  19.825  24.346 0.0000000000
79415  -46.064  20.083  23.265 0.0000000000
80082  -46.663  21.529  20.593 0.0000000000
79441  -46.077  21.104  21.125 0.0000000000
79437  -43.089  20.248  20.081 0.0000000000
79445  -43.662  20.747  19.687 0.0000000000
79456  -42.232  21.056  18.958 0.0000000000
80103  -42.516  21.716  18.598 0.0000000000
80729  -42.957  22.373  18.134 0.0000000000
108957  -45.828  23.542  16.621 0.0000000000
81427  -45.255  23.899  15.312 0.0000000000
81426  -44.743  23.928  14.674 0.0000000000
119720  -43.806  23.863  14.724 0.0000000000
82106  -45.398  24.020  13.424 0.0000000000
78125  -47.444  18.295  6.843 0.0000000000
71204  -39.846  10.876  24.709 0.0000000000
72194  -40.802  11.431  24.547 0.0000000000
105873  -40.111  11.332  25.223 0.0000000000
72177  -40.309  11.806  25.417 0.0000000000
74768  -40.003  14.694  26.578 0.0000000000
76362  -41.669  16.238  28.988 0.0000000000
76353  -42.155  16.807  29.703 0.0000000000
76344  -42.438  17.427  30.155 0.0000000000
78680  -43.417  19.334  28.744 0.0000000000
78694  -43.479  19.693  27.838 0.0000000000
78683  -45.563  19.437  29.057 0.0000000000
79369  -45.443  20.045  28.625 0.0000000000
123874  -46.607  20.129  28.523 0.0000000000
69508  -52.232  8.662  18.504 0.0000000000
70373  -52.278  9.485  17.198 0.0000000000
111371  -50.178  8.383  16.317 0.0000000000
69537  -49.530  8.105  16.567 0.0000000000
68695  -48.900  7.883  16.822 0.0000000000
67828  -47.979  6.474  18.663 0.0000000000
68672  -47.477  6.965  18.039 0.0000000000
68671  -46.619  7.123  18.233 0.0000000000
69505  -45.213  8.117  18.185 0.0000000000
69504  -44.467  8.681  18.429 0.0000000000
66033  -45.388  4.667  24.282 0.0000000000
66034  -46.098  4.909  24.607 0.0000000000
66890  -47.412  5.519  24.364 0.0000000000
66903  -47.187  5.594  23.457 0.0000000000
66918  -47.259  5.759  22.552 0.0000000000
109250  -46.618  5.631  22.021 0.0000000000
66931  -45.295  5.392  21.485 0.0000000000
68643  -40.952  7.659  20.629 0.0000000000
69483  -40.714  8.501  20.841 0.0000000000
70326  -40.266  9.505  21.511 0.0000000000
70325  -39.546  9.494  21.810 0.0000000000
70320  -38.473  9.540  22.796 0.0000000000
75714  -55.405  15.719  10.915 0.0000000000
76501  -54.702  16.892  11.505 0.0000000000
76491  -54.435  17.504  11.798 0.0000000000
74020  -48.345  13.252  16.258 0.0000000000
75682  -49.812  15.330  15.969 0.0000000000
76435  -50.901  16.757  17.707 0.0000000000
122279  -51.490  16.880  17.155 0.0000000000
76424  -51.600  17.146  16.975 0.0000000000
76437  -52.489  17.280  16.124 0.0000000000
77222  -52.557  17.482  15.895 0.0000000000
77233  -52.706  17.776  15.153 0.0000000000
124077  -52.734  18.043  14.976 0.0000000000
78055  -52.759  18.239  14.340 0.0000000000
119569  -52.800  18.598  12.158 0.0000000000
107529  -52.029  18.585  12.511 0.0000000000
78063  -51.148  18.247  11.971 0.0000000000
76476  -48.443  16.692  13.646 0.0000000000
77264  -49.007  16.814  12.977 0.0000000000
77282  -48.569  16.800  12.040 0.0000000000
104784  -48.138  17.191  11.057 0.0000000000
77301  -47.460  17.546  10.159 0.0000000000
77300  -46.527  17.580  10.216 0.0000000000
72190  -43.277  11.977  24.642 0.0000000000
72197  -43.592  11.930  23.973 0.0000000000
73098  -44.618  12.258  25.094 0.0000000000
74787  -44.458  14.283  25.483 0.0000000000
73979  -45.742  13.805  25.708 0.0000000000
74800  -47.424  14.558  24.337 0.0000000000
105822  -46.044  14.402  22.807 0.0000000000
77995  -42.404  18.625  23.454 0.0000000000
77177  -41.257  17.764  22.972 0.0000000000
77176  -40.697  17.130  22.547 0.0000000000
75629  -40.141  15.704  18.813 0.0000000000
75606  -40.247  15.759  20.001 0.0000000000
75631  -41.273  15.146  18.710 0.0000000000
75632  -42.221  14.757  18.878 0.0000000000
74831  -43.102  14.726  18.753 0.0000000000
75634  -44.256  15.291  17.883 0.0000000000
75652  -44.770  15.466  17.379 0.0000000000
75668  -45.291  15.563  16.829 0.0000000000
75667  -44.518  15.396  16.576 0.0000000000
75679  -44.452  15.500  15.634 0.0000000000
76470  -42.892  17.032  13.769 0.0000000000
76471  -43.575  17.045  13.507 0.0000000000
77279  -44.408  17.715  11.442 0.0000000000
126858  -43.541  17.994  10.083 0.0000000000
77297  -42.939  17.856  9.591 0.0000000000
76497  -38.927  16.698  10.781 0.0000000000
79474  -38.501  20.391  16.365 0.0000000000
80119  -38.574  21.144  16.137 0.0000000000
79484  -38.102  20.672  14.874 0.0000000000
80148  -38.514  21.470  11.626 0.0000000000
80141  -37.797  21.058  12.761 0.0000000000
78808  -36.831  19.768  10.521 0.0000000000
78061  -36.797  18.909  11.350 0.0000000000
126506  -36.673  19.964  9.590 0.0000000000
109145  -36.257  20.190  9.050 0.0000000000
80160  -36.368  21.085  9.521 0.0000000000
81470  -38.409  22.964  10.508 0.0000000000
80782  -36.597  22.497  12.880 0.0000000000
71262  -45.448  10.460  17.955 0.0000000000
121664  -45.798  11.091  17.932 0.0000000000
122584  -45.563  11.603  19.976 0.0000000000
72225  -44.738  11.262  19.893 0.0000000000
110369  -48.384  20.493  23.549 0.0000000000
79427  -49.485  20.615  23.292 0.0000000000
80069  -48.075  21.005  22.255 0.0000000000
80076  -47.799  21.209  21.487 0.0000000000
115475  -49.330  21.730  21.372 0.0000000000
107691  -48.416  21.599  21.004 0.0000000000
80092  -46.443  21.732  19.798 0.0000000000
80717  -46.218  22.123  19.135 0.0000000000
80716  -45.553  22.011  18.942 0.0000000000
80751  -46.935  23.116  17.689 0.0000000000
122855  -48.339  23.223  18.438 0.0000000000
105122  -47.020  23.630  17.025 0.0000000000
81429  -47.517  23.926  15.307 0.0000000000
77354  -49.766  17.732  7.163 0.0000000000
75576  -37.562  15.974  26.484 0.0000000000
75577  -38.421  15.772  26.615 0.0000000000
69507  -51.716  8.047  18.921 0.0000000000
68675  -50.631  7.450  18.612 0.0000000000
68688  -50.163  7.408  17.905 0.0000000000
105591  -49.970  6.991  18.694 0.0000000000
67829  -49.036  6.689  18.883 0.0000000000
115129  -46.100  6.344  19.642 0.0000000000
66021  -42.893  4.216  25.825 0.0000000000
66022  -43.812  4.265  25.518 0.0000000000
66031  -43.700  4.181  24.639 0.0000000000
67791  -39.828  6.904  21.272 0.0000000000
68636  -39.526  7.839  21.512 0.0000000000
105890  -38.128  8.121  22.455 0.0000000000
69470  -37.607  8.293  22.840 0.0000000000
68627  -37.610  7.531  22.564 0.0000000000
68620  -37.095  7.982  23.094 0.0000000000
122137  -36.884  8.836  24.057 0.0000000000
75657  -50.547  16.152  18.404 0.0000000000
75625  -50.377  16.291  19.124 0.0000000000
76413  -50.415  16.615  18.323 0.0000000000
77201  -50.905  16.953  17.723 0.0000000000
77210  -51.328  17.371  17.017 0.0000000000
77220  -51.035  17.604  16.186 0.0000000000
122370  -51.076  18.061  14.713 0.0000000000
77232  -50.562  17.815  15.243 0.0000000000
77231  -49.523  17.504  14.825 0.0000000000
77230  -48.744  16.942  14.520 0.0000000000
76475  -47.574  16.361  13.382 0.0000000000
73973  -45.442  12.866  27.293 0.0000000000
73081  -45.103  12.987  27.845 0.0000000000
74783  -44.958  13.791  26.870 0.0000000000
119261  -43.266  14.505  24.877 0.0000000000
74791  -43.148  14.574  24.181 0.0000000000
74797  -42.928  14.553  23.126 0.0000000000
108657  -41.292  18.842  21.592 0.0000000000
78002  -40.620  18.373  21.170 0.0000000000
77181  -39.748  17.152  20.220 0.0000000000
76404  -39.757  16.461  19.749 0.0000000000
76407  -39.604  16.497  18.999 0.0000000000
122293  -39.811  16.023  18.722 0.0000000000
75649  -41.256  15.519  17.248 0.0000000000
75665  -42.518  15.339  16.246 0.0000000000
75676  -41.764  15.554  15.894 0.0000000000
76445  -42.320  16.127  14.828 0.0000000000
76456  -42.015  16.559  14.599 0.0000000000
106492  -42.005  17.695  12.049 0.0000000000
77257  -40.379  17.558  12.340 0.0000000000
80767  -40.521  22.892  15.296 0.0000000000
80776  -40.170  22.787  14.529 0.0000000000
125407  -40.022  22.780  13.754 0.0000000000
113520  -40.436  22.985  12.652 0.0000000000
80791  -39.090  22.047  12.341 0.0000000000
80804  -38.495  22.315  10.054 0.0000000000
80798  -38.742  22.642  10.153 0.0000000000
80806  -40.388  22.765  9.666 0.0000000000
119426  -49.352  10.412  15.133 0.0000000000
72294  -49.404  11.742  14.448 0.0000000000
72274  -49.013  11.131  14.881 0.0000000000
118523  -48.352  12.359  15.527 0.0000000000
72256  -47.833  11.794  16.048 0.0000000000
112908  -48.067  13.359  17.095 0.0000000000
74006  -48.369  13.980  17.888 0.0000000000
122684  -46.580  11.904  18.081 0.0000000000
73130  -47.192  12.343  18.269 0.0000000000
120671  -49.186  14.487  18.908 0.0000000000
74822  -49.652  15.424  20.630 0.0000000000
119231  -49.442  15.539  20.693 0.0000000000
75622  -48.578  15.659  20.024 0.0000000000
113513  -43.677  18.226  27.254 0.0000000000
77980  -43.064  17.688  26.408 0.0000000000
77981  -43.537  18.294  25.883 0.0000000000
77992  -43.891  18.652  24.932 0.0000000000
78732  -44.205  19.137  24.212 0.0000000000
77996  -43.228  18.868  24.004 0.0000000000
78738  -43.087  19.061  22.963 0.0000000000
78745  -42.903  19.301  22.148 0.0000000000
79433  -45.554  20.593  21.613 0.0000000000
79423  -45.030  20.140  22.129 0.0000000000
78750  -41.891  19.363  21.077 0.0000000000
78005  -40.973  19.238  19.990 0.0000000000
78761  -42.288  20.093  19.862 0.0000000000
78759  -40.719  19.291  19.354 0.0000000000
78013  -39.801  18.766  18.738 0.0000000000
78022  -39.133  18.710  17.454 0.0000000000
78027  -38.798  18.864  16.747 0.0000000000
79466  -39.185  20.348  17.551 0.0000000000
80101  -40.770  21.200  18.275 0.0000000000
80111  -39.397  21.308  17.334 0.0000000000
80121  -39.791  22.042  16.871 0.0000000000
80759  -40.233  22.682  16.251 0.0000000000
80747  -43.754  22.785  17.691 0.0000000000
81397  -43.613  23.250  16.987 0.0000000000
80746  -42.979  22.933  17.387 0.0000000000
81395  -42.180  23.137  16.916 0.0000000000
80768  -41.025  22.910  15.863 0.0000000000
81424  -41.308  23.209  15.190 0.0000000000
81439  -42.513  23.525  13.835 0.0000000000
104892  -43.421  23.721  13.873 0.0000000000
105542  -42.419  23.541  12.563 0.0000000000
81463  -42.996  23.733  11.795 0.0000000000
81475  -43.428  24.114  11.277 0.0000000000
72209  -42.303  11.133  21.805 0.0000000000
106790  -42.424  11.668  24.503 0.0000000000
72189  -42.749  12.003  25.269 0.0000000000
73093  -43.167  12.135  26.190 0.0000000000
73970  -39.388  12.901  25.766 0.0000000000
117901  -40.859  13.932  26.661 0.0000000000
73078  -41.557  12.609  26.595 0.0000000000
73079  -42.473  12.616  27.393 0.0000000000
73080  -43.829  12.823  27.813 0.0000000000
73960  -43.781  13.375  28.409 0.0000000000
73950  -44.372  13.925  28.626 0.0000000000
75560  -43.712  15.219  29.059 0.0000000000
120418  -41.866  17.795  30.017 0.0000000000
77134  -43.497  17.609  30.501 0.0000000000
78671  -43.273  18.818  29.584 0.0000000000
77933  -44.285  18.416  30.442 0.0000000000
77135  -44.388  17.982  30.806 0.0000000000
122224  -44.594  17.886  30.701 0.0000000000
77946  -44.665  17.695  30.193 0.0000000000
114833  -45.404  18.876  27.932 0.0000000000
116868  -46.011  19.010  28.019 0.0000000000
78714  -46.286  19.220  27.050 0.0000000000
78736  -47.809  19.559  26.157 0.0000000000
78698  -49.576  19.890  27.299 0.0000000000
72298  -53.176  11.660  14.588 0.0000000000
72297  -52.212  11.471  14.312 0.0000000000
71313  -50.744  10.800  14.483 0.0000000000
71285  -53.113  10.650  16.665 0.0000000000
123639  -52.580  10.457  16.111 0.0000000000
70387  -51.913  9.504  16.557 0.0000000000
70396  -48.891  10.000  15.491 0.0000000000
71282  -48.222  10.076  15.794 0.0000000000
70372  -46.452  9.786  17.127 0.0000000000
68686  -48.700  7.436  17.330 0.0000000000
69523  -48.136  7.976  16.824 0.0000000000
69522  -47.306  8.110  17.001 0.0000000000
69534  -46.934  8.729  16.825 0.0000000000
70343  -44.356  9.903  18.583 0.0000000000
106296  -43.704  9.971  19.219 0.0000000000
71242  -43.111  10.145  19.901 0.0000000000
71235  -42.564  10.319  20.615 0.0000000000
68622  -50.229  7.678  23.315 0.0000000000
68586  -48.878  6.834  27.900 0.0000000000
67736  -49.247  6.712  27.060 0.0000000000
66874  -46.650  5.002  26.557 0.0000000000
67744  -48.707  6.434  26.426 0.0000000000
67745  -49.269  6.890  26.251 0.0000000000
67764  -48.598  6.492  24.336 0.0000000000
124469  -49.465  7.156  24.467 0.0000000000
68621  -49.545  7.326  23.413 0.0000000000
68629  -49.675  7.375  22.653 0.0000000000
110354  -49.213  6.954  22.008 0.0000000000
123891  -48.116  6.462  21.065 0.0000000000
66933  -47.328  5.852  21.660 0.0000000000
67804  -47.582  6.188  20.851 0.0000000000
104485  -46.836  6.098  20.202 0.0000000000
66915  -44.917  5.228  22.001 0.0000000000
105091  -44.449  5.377  21.216 0.0000000000
66942  -43.836  5.782  20.647 0.0000000000
66943  -44.512  5.866  20.365 0.0000000000
67803  -45.168  5.981  20.133 0.0000000000
67802  -44.618  6.375  19.568 0.0000000000
71228  -41.695  10.568  21.616 0.0000000000
71220  -39.998  10.597  22.929 0.0000000000
72187  -39.339  10.968  25.390 0.0000000000
72175  -38.848  11.210  25.661 0.0000000000
69471  -38.528  8.728  22.322 0.0000000000
71202  -38.136  10.488  25.077 0.0000000000
120029  -36.804  13.422  25.443 0.0000000000
73967  -36.080  13.371  25.553 0.0000000000
74778  -36.226  14.104  25.551 0.0000000000
75768  -56.008  15.414  9.506 0.0000000000
76538  -55.581  16.301  9.372 0.0000000000
76537  -54.830  16.827  9.140 0.0000000000
77339  -54.474  17.390  9.240 0.0000000000
74039  -49.900  13.687  13.631 0.0000000000
109894  -50.656  16.066  15.952 0.0000000000
114738  -51.640  16.258  14.327 0.0000000000
122310  -51.702  16.099  13.329 0.0000000000
76490  -54.079  17.347  12.230 0.0000000000
77267  -54.269  17.853  12.648 0.0000000000
77249  -54.028  18.022  13.374 0.0000000000
78066  -54.349  18.058  12.626 0.0000000000
78077  -54.407  18.204  11.998 0.0000000000
78087  -54.433  18.268  11.141 0.0000000000
77321  -54.083  17.881  9.420 0.0000000000
78116  -53.410  18.023  9.045 0.0000000000
78115  -52.738  17.953  8.860 0.0000000000
122743  -52.280  18.015  8.896 0.0000000000
78099  -52.082  18.185  9.386 0.0000000000
117216  -51.536  18.201  8.633 0.0000000000
78113  -50.699  18.348  8.224 0.0000000000
78112  -49.804  18.403  8.098 0.0000000000
125799  -50.368  17.694  13.468 0.0000000000
77266  -50.533  17.753  12.775 0.0000000000
77284  -50.556  17.894  11.207 0.0000000000
77283  -49.774  17.403  11.317 0.0000000000
77303  -49.916  17.839  10.520 0.0000000000
78111  -48.276  18.243  7.315 0.0000000000
78110  -47.402  18.554  7.440 0.0000000000
114692  -47.024  18.599  8.171 0.0000000000
78123  -45.884  18.489  6.792 0.0000000000
106554  -43.104  11.433  22.191 0.0000000000
73099  -46.131  12.733  26.109 0.0000000000
73100  -47.206  13.028  26.013 0.0000000000
73108  -47.375  13.137  24.658 0.0000000000
119100  -47.513  13.264  23.703 0.0000000000
114325  -48.562  13.961  23.272 0.0000000000
74811  -49.334  15.157  22.746 0.0000000000
74810  -48.577  15.225  22.946 0.0000000000
75603  -49.174  15.456  22.129 0.0000000000
75621  -47.314  15.485  19.402 0.0000000000
77171  -42.458  17.348  25.630 0.0000000000
76395  -41.463  16.393  24.418 0.0000000000
77174  -41.263  17.226  23.950 0.0000000000
75595  -41.595  15.414  23.885 0.0000000000
77179  -40.367  17.092  21.788 0.0000000000
76400  -40.605  16.426  22.155 0.0000000000
109355  -40.942  15.243  20.221 0.0000000000
75607  -40.562  15.679  20.842 0.0000000000
75600  -40.795  15.731  21.701 0.0000000000
74805  -41.927  14.875  21.794 0.0000000000
74806  -42.827  14.691  22.021 0.0000000000
74818  -44.986  14.673  20.690 0.0000000000
119887  -45.189  14.868  19.843 0.0000000000
75609  -46.059  15.014  19.764 0.0000000000
75655  -47.442  15.859  17.952 0.0000000000
75670  -47.073  15.753  17.107 0.0000000000
75669  -46.680  15.817  16.320 0.0000000000
120756  -45.800  15.535  16.210 0.0000000000
76474  -46.694  16.307  13.205 0.0000000000
76487  -46.198  16.717  12.513 0.0000000000
117636  -43.016  15.508  15.615 0.0000000000
75687  -44.006  15.993  14.811 0.0000000000
125610  -43.923  16.728  13.741 0.0000000000
77298  -44.758  17.951  10.615 0.0000000000
77316  -45.099  18.190  9.506 0.0000000000
78092  -45.085  18.377  8.217 0.0000000000
77295  -41.660  17.529  10.726 0.0000000000
77312  -40.841  17.350  9.639 0.0000000000
78043  -38.515  18.976  15.032 0.0000000000
78788  -38.379  19.870  15.826 0.0000000000
78794  -38.283  19.562  15.309 0.0000000000
115087  -38.627  18.431  14.469 0.0000000000
78052  -38.282  18.229  13.794 0.0000000000
80134  -39.109  21.993  14.790 0.0000000000
80133  -38.543  21.479  14.787 0.0000000000
126041  -37.764  20.475  14.321 0.0000000000
79491  -37.450  20.364  13.715 0.0000000000
78051  -37.421  18.781  13.339 0.0000000000
125872  -36.474  18.464  10.151 0.0000000000
78080  -35.070  19.040  8.758 0.0000000000
80161  -37.095  21.345  9.864 0.0000000000
80140  -35.275  21.514  12.836 0.0000000000
82097  -48.116  24.249  14.384 0.0000000000
82129  -46.075  24.500  11.717 0.0000000000
106260  -45.138  24.379  11.393 0.0000000000
107958  -44.233  24.322  11.149 0.0000000000
82139  -42.991  24.660  11.114 0.0000000000
117188  -43.863  26.096  10.404 0.0000000000
82818  -43.418  25.616  10.690 0.0000000000
82138  -42.290  24.770  11.087 0.0000000000
82128  -41.090  24.884  11.378 0.0000000000
82811  -41.200  25.975  11.691 0.0000000000
65095  -43.135  4.051  23.990 0.0000000000
72174  -37.437  11.406  25.518 0.0000000000
75601  -41.377  15.199  22.099 0.0000000000
75615  -40.605  15.421  19.310 0.0000000000
75618  -43.683  14.949  18.320 0.0000000000
75630  -40.574  15.520  18.476 0.0000000000
75663  -40.443  15.793  16.996 0.0000000000
75745  -56.338  15.992  9.820 0.0000000000
76397  -40.791  16.493  22.953 0.0000000000
77182  -40.081  17.833  20.697 0.0000000000
77211  -52.211  17.567  16.299 0.0000000000
77234  -53.159  17.954  14.303 0.0000000000
77305  -55.517  17.184  10.299 0.0000000000
77923  -42.470  17.876  30.266 0.0000000000
77999  -41.551  18.627  22.405 0.0000000000
78008  -40.106  18.688  19.207 0.0000000000
78096  -48.420  18.323  8.653 0.0000000000
78102  -54.327  18.112  10.230 0.0000000000
78114  -51.868  17.797  8.632 0.0000000000
78686  -49.168  19.907  27.895 0.0000000000
78697  -48.994  19.734  27.894 0.0000000000
78716  -48.648  19.520  26.960 0.0000000000
78766  -39.762  19.335  18.475 0.0000000000
79372  -49.574  20.150  27.357 0.0000000000
79386  -49.594  19.667  26.277 0.0000000000
80089  -43.509  21.232  19.134 0.0000000000
80732  -45.202  22.286  18.506 0.0000000000
80750  -46.334  22.808  17.995 0.0000000000
81385  -49.708  23.625  18.252 0.0000000000
106809  -44.718  4.477  23.773 0.0000000000
109705  -48.473  20.713  22.844 0.0000000000
111380  -50.337  17.636  11.900 0.0000000000
112507  -52.938  18.411  13.104 0.0000000000
112915  -54.453  17.907  12.165 0.0000000000
113886  -53.126  17.773  8.841 0.0000000000
117319  -53.781  18.300  13.069 0.0000000000
120792  -46.788  15.253  19.789 0.0000000000
121357  -44.409  5.171  21.867 0.0000000000
122292  -51.195  7.793  18.562 0.0000000000
123359  -48.418  19.616  28.161 0.0000000000
123380  -43.822  14.741  19.160 0.0000000000
123832  -45.076  23.926  14.076 0.0000000000
126593  -48.071  23.845  16.989 0.0000000000
126750  -49.474  21.418  22.000 0.0000000000
