#!ascii label  , from subject sub1 vox2ras=TkReg
1583
47206  -35.854  -14.479  53.818 0.0000000000
58552  -49.083  -3.035  36.066 0.0000000000
59323  -37.283  -2.753  46.125 0.0000000000
42320  -6.504  -20.778  47.764 0.0000000000
48298  -21.308  -14.814  53.888 0.0000000000
49375  -1.797  -13.600  50.459 0.0000000000
114740  -3.693  -12.989  58.098 0.0000000000
55889  -42.898  -6.391  41.200 0.0000000000
51169  -5.396  -11.534  45.545 0.0000000000
40305  -1.922  -22.154  54.624 0.0000000000
49439  -34.806  -13.999  46.378 0.0000000000
46185  -30.026  -14.697  51.837 0.0000000000
49328  -28.484  -13.552  56.066 0.0000000000
61321  -51.285  0.008  34.939 0.0000000000
57595  -39.714  -5.292  43.791 0.0000000000
107931  -18.288  -19.144  50.236 0.0000000000
54863  -3.735  -7.938  46.471 0.0000000000
46222  -7.078  -15.902  49.065 0.0000000000
45247  -4.462  -17.272  46.204 0.0000000000
41345  -7.694  -21.283  43.604 0.0000000000
111786  -9.572  -21.208  57.915 0.0000000000
41116  -5.197  -21.348  60.064 0.0000000000
119388  -33.689  -4.622  48.287 0.0000000000
50250  -26.029  -12.346  58.130 0.0000000000
105645  -22.839  -12.994  50.753 0.0000000000
49347  -2.427  -13.847  53.999 0.0000000000
46171  -7.407  -16.723  53.506 0.0000000000
57663  -45.954  -4.526  38.533 0.0000000000
104716  -13.013  -20.451  55.405 0.0000000000
111732  -15.754  -19.845  52.677 0.0000000000
50331  -2.667  -12.144  47.139 0.0000000000
47329  -3.809  -15.814  43.618 0.0000000000
110606  -6.325  -14.620  62.668 0.0000000000
44177  -5.644  -18.754  57.450 0.0000000000
41225  -4.200  -21.533  51.172 0.0000000000
48330  -37.320  -13.179  52.420 0.0000000000
46204  -34.187  -15.039  51.112 0.0000000000
48357  -35.701  -14.112  49.233 0.0000000000
46175  -32.972  -14.737  52.779 0.0000000000
107370  -31.881  -15.393  50.513 0.0000000000
47182  -32.355  -13.596  55.626 0.0000000000
59458  -50.051  -1.832  35.276 0.0000000000
57700  -45.786  -4.083  34.452 0.0000000000
59464  -47.372  -2.468  33.925 0.0000000000
60395  -48.740  -0.450  33.132 0.0000000000
58466  -38.471  -3.552  44.650 0.0000000000
57570  -34.277  -4.096  44.611 0.0000000000
105457  -36.099  -4.480  43.075 0.0000000000
56731  -37.403  -5.352  41.804 0.0000000000
44240  -8.539  -18.224  48.554 0.0000000000
44264  -8.243  -18.619  45.993 0.0000000000
41316  -7.710  -21.353  45.448 0.0000000000
122761  -6.202  -23.943  42.678 0.0000000000
124492  -6.314  -24.089  45.636 0.0000000000
40297  -9.407  -21.754  55.622 0.0000000000
40269  -7.318  -22.369  56.962 0.0000000000
55826  -34.337  -6.493  49.180 0.0000000000
51161  -36.407  -11.172  47.442 0.0000000000
108601  -34.261  -11.982  44.953 0.0000000000
52904  -35.470  -9.225  46.527 0.0000000000
54875  -34.080  -7.800  45.758 0.0000000000
51075  -27.724  -12.140  58.982 0.0000000000
48326  -27.186  -14.156  51.222 0.0000000000
49353  -26.890  -12.930  53.316 0.0000000000
64142  -50.970  3.115  30.644 0.0000000000
65030  -51.518  3.507  29.487 0.0000000000
49300  -2.823  -13.525  56.583 0.0000000000
48296  -5.228  -14.651  53.871 0.0000000000
48242  -6.004  -14.449  56.291 0.0000000000
56797  -44.183  -5.157  39.466 0.0000000000
120462  -40.134  -6.906  39.487 0.0000000000
55927  -41.284  -6.213  38.384 0.0000000000
56821  -43.112  -4.751  37.082 0.0000000000
42157  -13.543  -20.328  59.011 0.0000000000
43269  -15.575  -20.152  58.050 0.0000000000
51150  -2.944  -10.776  50.410 0.0000000000
51997  -3.066  -10.548  48.381 0.0000000000
49399  -2.050  -13.707  48.779 0.0000000000
44302  -4.010  -18.497  43.362 0.0000000000
45263  -2.522  -17.108  44.544 0.0000000000
44315  -3.618  -17.574  42.146 0.0000000000
114318  -8.429  -15.807  61.889 0.0000000000
41122  -3.861  -21.519  58.019 0.0000000000
43264  -4.901  -19.330  58.450 0.0000000000
42181  -3.868  -20.006  55.555 0.0000000000
43301  -4.736  -20.141  54.477 0.0000000000
41205  -1.950  -21.456  52.689 0.0000000000
49414  -36.475  -13.012  48.026 0.0000000000
50235  -28.999  -13.291  58.703 0.0000000000
48235  -31.151  -14.602  57.812 0.0000000000
48302  -29.196  -14.735  53.479 0.0000000000
62295  -52.410  2.028  34.276 0.0000000000
62315  -49.558  1.847  31.920 0.0000000000
55872  -40.836  -6.807  42.405 0.0000000000
55900  -38.322  -7.038  41.018 0.0000000000
47252  -19.944  -15.268  50.732 0.0000000000
45181  -19.021  -16.297  52.264 0.0000000000
52906  -2.884  -9.736  45.690 0.0000000000
117179  -4.191  -15.389  49.947 0.0000000000
47272  -3.107  -15.491  48.281 0.0000000000
45233  -5.808  -17.002  47.096 0.0000000000
117514  -6.397  -18.529  44.742 0.0000000000
42415  -5.711  -20.161  41.991 0.0000000000
108800  -10.700  -20.554  60.569 0.0000000000
43245  -7.600  -19.800  61.616 0.0000000000
41118  -7.904  -21.323  59.459 0.0000000000
40268  -5.262  -22.989  57.472 0.0000000000
58430  -35.127  -2.984  46.598 0.0000000000
56691  -33.021  -5.498  45.309 0.0000000000
50283  -22.768  -11.717  55.934 0.0000000000
50271  -27.579  -12.867  57.249 0.0000000000
50296  -24.622  -12.090  54.972 0.0000000000
49349  -21.626  -13.286  52.988 0.0000000000
51144  -2.553  -11.364  51.646 0.0000000000
51127  -2.637  -11.325  53.443 0.0000000000
49357  -1.477  -13.602  52.465 0.0000000000
48321  -4.863  -14.792  51.745 0.0000000000
46209  -7.999  -16.257  51.036 0.0000000000
43330  -7.333  -19.343  50.360 0.0000000000
57671  -47.334  -4.005  37.144 0.0000000000
57682  -44.911  -4.431  35.531 0.0000000000
42149  -11.951  -21.105  60.131 0.0000000000
41144  -11.450  -20.902  56.232 0.0000000000
41194  -11.021  -20.817  54.326 0.0000000000
44216  -19.103  -18.332  52.839 0.0000000000
114791  -18.311  -19.263  54.132 0.0000000000
42186  -17.120  -19.492  56.350 0.0000000000
42218  -14.016  -19.786  53.755 0.0000000000
41209  -12.090  -20.588  52.806 0.0000000000
53840  -4.797  -8.444  47.906 0.0000000000
52896  -2.547  -10.075  46.899 0.0000000000
116859  -3.313  -11.590  45.872 0.0000000000
47282  -2.395  -15.423  47.164 0.0000000000
117605  -3.184  -14.649  45.570 0.0000000000
49449  -4.781  -13.913  44.981 0.0000000000
49258  -4.298  -13.416  60.581 0.0000000000
45114  -5.773  -18.179  61.312 0.0000000000
46133  -5.886  -16.472  59.749 0.0000000000
48222  -6.169  -14.890  58.119 0.0000000000
45153  -6.916  -17.293  55.666 0.0000000000
43310  -5.522  -19.002  52.227 0.0000000000
123358  -4.993  -21.424  49.426 0.0000000000
39514  -1.657  -23.364  51.673 0.0000000000
39527  -1.701  -23.243  49.908 0.0000000000
39560  -5.094  -24.321  47.366 0.0000000000
48303  -36.790  -13.555  53.133 0.0000000000
48279  -36.741  -14.178  55.048 0.0000000000
47227  -35.011  -14.579  52.435 0.0000000000
47229  -36.394  -14.082  51.947 0.0000000000
46168  -34.413  -14.625  53.184 0.0000000000
46190  -33.775  -15.451  52.010 0.0000000000
48277  -35.529  -14.621  55.611 0.0000000000
47193  -33.801  -13.748  55.132 0.0000000000
59443  -49.427  -2.554  35.627 0.0000000000
58550  -47.714  -3.402  35.318 0.0000000000
58579  -46.839  -3.007  34.283 0.0000000000
58569  -48.280  -3.139  34.790 0.0000000000
59465  -48.927  -1.852  34.404 0.0000000000
58465  -37.687  -3.200  44.476 0.0000000000
58433  -38.996  -3.324  46.321 0.0000000000
58432  -38.178  -3.166  46.261 0.0000000000
57591  -35.326  -4.167  43.442 0.0000000000
58478  -36.185  -3.657  43.778 0.0000000000
58479  -37.278  -3.629  43.781 0.0000000000
43345  -7.885  -19.785  47.685 0.0000000000
42322  -8.122  -20.147  46.856 0.0000000000
41301  -7.401  -21.236  46.295 0.0000000000
40380  -7.038  -22.886  45.591 0.0000000000
40371  -6.681  -22.568  46.543 0.0000000000
109269  -9.155  -22.389  53.904 0.0000000000
124795  -8.399  -22.533  54.987 0.0000000000
113406  -36.184  -9.597  47.612 0.0000000000
52905  -35.936  -9.827  46.783 0.0000000000
53860  -35.906  -8.937  47.964 0.0000000000
54861  -34.985  -7.967  47.986 0.0000000000
64131  -51.953  3.281  32.105 0.0000000000
64159  -51.389  3.276  30.218 0.0000000000
65032  -52.700  4.283  30.565 0.0000000000
49283  -2.850  -12.951  57.452 0.0000000000
48241  -4.812  -14.046  56.397 0.0000000000
48227  -4.776  -13.682  57.298 0.0000000000
55905  -43.355  -6.064  40.659 0.0000000000
104895  -44.664  -5.259  41.044 0.0000000000
116318  -41.597  -6.503  40.051 0.0000000000
54925  -40.751  -6.645  38.854 0.0000000000
55915  -42.299  -6.185  39.705 0.0000000000
56795  -42.855  -5.480  39.335 0.0000000000
42160  -15.627  -20.072  58.626 0.0000000000
43270  -16.205  -19.965  58.216 0.0000000000
49323  -21.337  -13.533  55.526 0.0000000000
48286  -20.720  -14.509  54.470 0.0000000000
52015  -5.355  -10.129  44.993 0.0000000000
51149  -2.060  -11.157  50.468 0.0000000000
51153  -2.403  -11.693  49.419 0.0000000000
107716  -1.740  -13.723  49.571 0.0000000000
43408  -4.577  -18.998  41.995 0.0000000000
44301  -3.035  -18.267  43.039 0.0000000000
44330  -4.267  -18.252  41.448 0.0000000000
47141  -9.219  -15.276  61.206 0.0000000000
45113  -9.315  -17.164  62.079 0.0000000000
40278  -2.292  -22.286  56.552 0.0000000000
42161  -3.446  -20.896  57.107 0.0000000000
42179  -2.450  -21.394  55.015 0.0000000000
42197  -3.303  -20.912  54.441 0.0000000000
41192  -1.766  -21.680  53.589 0.0000000000
49381  -36.958  -13.113  50.512 0.0000000000
48370  -36.326  -13.672  48.908 0.0000000000
50328  -37.514  -11.991  49.492 0.0000000000
51158  -36.915  -11.248  48.742 0.0000000000
47214  -31.240  -14.697  53.520 0.0000000000
47189  -31.086  -14.641  55.057 0.0000000000
47225  -29.437  -15.037  52.300 0.0000000000
117803  -28.851  -15.046  52.230 0.0000000000
62293  -51.270  1.089  34.455 0.0000000000
60387  -49.386  -0.354  34.139 0.0000000000
62305  -49.051  0.960  32.649 0.0000000000
62292  -50.003  1.162  33.910 0.0000000000
63218  -50.481  1.724  33.194 0.0000000000
124777  -40.040  -5.942  42.708 0.0000000000
56713  -41.039  -5.630  43.585 0.0000000000
57574  -40.392  -4.983  44.472 0.0000000000
108299  -38.341  -5.363  42.212 0.0000000000
121725  -38.001  -6.688  41.184 0.0000000000
55870  -39.422  -6.024  41.848 0.0000000000
55871  -39.927  -6.718  42.049 0.0000000000
54862  -3.339  -7.475  45.744 0.0000000000
106477  -2.938  -8.062  45.279 0.0000000000
53861  -2.985  -8.499  45.925 0.0000000000
47262  -5.140  -15.645  49.733 0.0000000000
47274  -4.857  -15.766  48.904 0.0000000000
117965  -6.390  -15.988  48.470 0.0000000000
43381  -7.958  -19.864  44.517 0.0000000000
118930  -7.327  -18.599  45.085 0.0000000000
43398  -7.495  -20.038  43.812 0.0000000000
43397  -6.695  -19.456  43.484 0.0000000000
42417  -7.121  -21.018  42.867 0.0000000000
40401  -6.691  -22.178  42.141 0.0000000000
41120  -10.321  -21.431  59.384 0.0000000000
41112  -9.285  -21.471  60.308 0.0000000000
41127  -8.668  -21.898  58.898 0.0000000000
39456  -6.111  -23.158  56.893 0.0000000000
108460  -6.263  -23.025  57.012 0.0000000000
39455  -5.656  -23.332  56.963 0.0000000000
39454  -4.571  -23.115  56.534 0.0000000000
126128  -33.725  -3.683  47.684 0.0000000000
55837  -33.608  -6.605  46.971 0.0000000000
55842  -33.119  -6.169  46.059 0.0000000000
56684  -33.264  -5.325  46.609 0.0000000000
57548  -33.663  -4.234  46.188 0.0000000000
50230  -24.962  -12.465  59.129 0.0000000000
50248  -23.427  -11.891  57.483 0.0000000000
50268  -24.467  -12.236  56.974 0.0000000000
49310  -28.867  -13.461  57.363 0.0000000000
50253  -28.791  -13.631  58.648 0.0000000000
49309  -27.999  -13.279  56.725 0.0000000000
49362  -24.820  -12.523  52.557 0.0000000000
50307  -25.461  -12.546  53.729 0.0000000000
49351  -23.875  -12.688  53.285 0.0000000000
105691  -22.681  -12.661  53.058 0.0000000000
49360  -22.428  -12.853  52.118 0.0000000000
48325  -21.469  -13.395  51.284 0.0000000000
51110  -1.727  -11.814  54.948 0.0000000000
51119  -1.820  -11.898  53.999 0.0000000000
51126  -1.907  -12.013  53.027 0.0000000000
49346  -1.729  -14.248  53.367 0.0000000000
48306  -2.995  -14.506  52.264 0.0000000000
110543  -3.223  -14.688  53.000 0.0000000000
47208  -6.635  -15.508  53.778 0.0000000000
47220  -6.796  -15.405  52.987 0.0000000000
46183  -7.831  -16.495  52.499 0.0000000000
45188  -8.131  -17.553  51.391 0.0000000000
106827  -7.888  -17.664  52.135 0.0000000000
57670  -46.450  -4.291  37.590 0.0000000000
114472  -47.741  -4.396  38.461 0.0000000000
57655  -47.393  -4.696  39.332 0.0000000000
57668  -44.616  -4.944  37.942 0.0000000000
120140  -43.784  -4.566  36.564 0.0000000000
107356  -44.947  -4.540  37.063 0.0000000000
105907  -45.718  -4.062  36.839 0.0000000000
104429  -12.928  -20.572  60.691 0.0000000000
110400  -13.551  -20.251  57.444 0.0000000000
42163  -12.752  -20.418  57.640 0.0000000000
42169  -12.182  -20.596  55.994 0.0000000000
125289  -11.270  -21.333  55.686 0.0000000000
41179  -11.829  -21.075  54.912 0.0000000000
104675  -18.996  -18.004  51.116 0.0000000000
45180  -18.963  -17.266  52.545 0.0000000000
44222  -18.843  -18.688  51.246 0.0000000000
116586  -16.562  -20.130  52.063 0.0000000000
122244  -18.075  -19.940  52.707 0.0000000000
42221  -17.264  -20.259  53.674 0.0000000000
43294  -17.469  -19.388  55.549 0.0000000000
42203  -16.640  -20.106  54.508 0.0000000000
125860  -15.508  -20.003  55.152 0.0000000000
111621  -14.699  -19.775  53.060 0.0000000000
42243  -12.861  -20.899  52.042 0.0000000000
119043  -5.243  -8.698  48.647 0.0000000000
51160  -2.683  -11.613  47.692 0.0000000000
52002  -2.813  -10.148  47.577 0.0000000000
51163  -2.589  -11.321  46.806 0.0000000000
51164  -2.640  -11.281  46.065 0.0000000000
109664  -2.775  -11.914  46.384 0.0000000000
46257  -4.035  -16.648  47.505 0.0000000000
47283  -2.678  -15.893  47.582 0.0000000000
46274  -2.683  -16.556  46.372 0.0000000000
121221  -2.866  -16.069  43.970 0.0000000000
47301  -2.568  -15.589  45.343 0.0000000000
47319  -3.472  -15.344  44.266 0.0000000000
48399  -3.952  -14.109  45.239 0.0000000000
48430  -4.463  -15.166  44.009 0.0000000000
48431  -5.458  -15.082  43.728 0.0000000000
48200  -5.458  -14.145  61.629 0.0000000000
43244  -6.397  -20.197  61.525 0.0000000000
105740  -6.959  -19.069  61.597 0.0000000000
43252  -5.697  -20.057  61.102 0.0000000000
44173  -5.271  -18.592  58.251 0.0000000000
123392  -5.766  -17.969  59.090 0.0000000000
45140  -6.277  -17.494  58.497 0.0000000000
46134  -6.034  -16.047  59.012 0.0000000000
107515  -6.769  -17.136  58.112 0.0000000000
46157  -6.624  -16.666  56.542 0.0000000000
45150  -6.615  -17.910  56.496 0.0000000000
42228  -4.053  -20.680  52.715 0.0000000000
106292  -5.433  -19.852  52.829 0.0000000000
42241  -5.337  -20.587  51.622 0.0000000000
42257  -5.485  -21.028  50.768 0.0000000000
41256  -4.552  -21.641  49.826 0.0000000000
37606  -1.059  -25.540  50.294 0.0000000000
39521  -1.636  -23.366  50.777 0.0000000000
50316  -37.831  -12.178  51.750 0.0000000000
45216  -33.967  -15.462  49.273 0.0000000000
117278  -34.746  -15.049  48.785 0.0000000000
46218  -35.009  -14.932  49.965 0.0000000000
48344  -36.483  -13.626  50.699 0.0000000000
119574  -31.787  -15.004  52.535 0.0000000000
45193  -32.533  -15.351  51.556 0.0000000000
45204  -33.323  -15.400  50.705 0.0000000000
47203  -32.666  -14.428  54.434 0.0000000000
60383  -50.827  -0.843  35.493 0.0000000000
59471  -45.951  -2.806  32.713 0.0000000000
60392  -46.863  -1.641  32.635 0.0000000000
61338  -47.608  -0.861  32.397 0.0000000000
60385  -48.504  -1.526  33.595 0.0000000000
60386  -48.848  -0.979  34.161 0.0000000000
122812  -39.310  -4.821  43.727 0.0000000000
57559  -40.019  -4.339  45.130 0.0000000000
58452  -39.534  -3.791  45.755 0.0000000000
59310  -39.378  -2.877  46.974 0.0000000000
56709  -33.245  -4.977  43.554 0.0000000000
56729  -33.328  -4.759  42.607 0.0000000000
57610  -34.627  -4.292  42.217 0.0000000000
57638  -35.073  -4.735  40.904 0.0000000000
56776  -35.803  -5.032  40.364 0.0000000000
57612  -36.815  -4.614  42.374 0.0000000000
57593  -37.959  -4.301  43.288 0.0000000000
46224  -8.352  -17.099  48.929 0.0000000000
45221  -8.033  -17.390  48.074 0.0000000000
44245  -8.507  -18.331  47.707 0.0000000000
42360  -8.283  -20.160  45.611 0.0000000000
41330  -7.876  -21.234  44.535 0.0000000000
40398  -7.241  -22.704  42.947 0.0000000000
40389  -7.273  -22.957  43.934 0.0000000000
38692  -5.747  -24.619  43.774 0.0000000000
41142  -9.610  -21.161  56.955 0.0000000000
40270  -8.182  -21.810  57.333 0.0000000000
40281  -8.385  -22.116  56.493 0.0000000000
118191  -33.756  -5.782  48.501 0.0000000000
115736  -35.832  -12.311  47.122 0.0000000000
50360  -34.637  -12.554  45.696 0.0000000000
51173  -35.319  -11.152  45.759 0.0000000000
52013  -35.210  -10.375  45.335 0.0000000000
52909  -34.590  -9.511  45.247 0.0000000000
53868  -34.542  -8.356  46.301 0.0000000000
54860  -34.330  -7.423  47.549 0.0000000000
50222  -26.894  -12.355  58.847 0.0000000000
48287  -28.018  -13.771  53.738 0.0000000000
49341  -27.449  -13.266  54.418 0.0000000000
49364  -26.849  -13.061  52.538 0.0000000000
49370  -25.982  -12.828  51.307 0.0000000000
113359  -50.636  2.566  29.119 0.0000000000
64163  -50.973  2.806  28.977 0.0000000000
64180  -50.811  3.073  27.977 0.0000000000
65054  -51.325  3.823  27.753 0.0000000000
49331  -2.614  -13.538  54.792 0.0000000000
48295  -3.924  -14.281  53.720 0.0000000000
48261  -3.437  -13.829  55.199 0.0000000000
48283  -5.637  -14.612  54.816 0.0000000000
47196  -6.590  -15.345  54.699 0.0000000000
124646  -44.485  -4.893  39.087 0.0000000000
56780  -45.254  -5.043  40.306 0.0000000000
54955  -40.167  -7.312  37.632 0.0000000000
55948  -41.272  -6.523  36.510 0.0000000000
55964  -41.747  -5.948  36.036 0.0000000000
55937  -41.851  -5.745  37.964 0.0000000000
56809  -43.668  -5.331  38.818 0.0000000000
42144  -13.724  -20.078  60.538 0.0000000000
42151  -14.495  -20.327  59.779 0.0000000000
42165  -14.862  -20.161  58.165 0.0000000000
42172  -14.285  -20.472  56.431 0.0000000000
42263  -16.608  -20.446  50.233 0.0000000000
111620  -14.645  -19.768  51.574 0.0000000000
51990  -4.249  -9.985  49.780 0.0000000000
124792  -4.379  -9.757  49.251 0.0000000000
108933  -3.236  -10.607  49.167 0.0000000000
51156  -2.609  -11.969  48.538 0.0000000000
123078  -2.673  -12.330  47.898 0.0000000000
44260  -4.813  -17.919  44.837 0.0000000000
46286  -2.597  -16.710  45.438 0.0000000000
45288  -2.659  -17.775  44.066 0.0000000000
45305  -2.486  -17.380  42.986 0.0000000000
46320  -2.764  -16.953  42.601 0.0000000000
49261  -9.092  -13.937  60.860 0.0000000000
48201  -8.529  -14.392  62.487 0.0000000000
112799  -7.299  -15.516  62.515 0.0000000000
41115  -4.935  -21.412  59.307 0.0000000000
43259  -5.261  -20.273  59.664 0.0000000000
118903  -5.097  -20.855  58.075 0.0000000000
43267  -4.981  -20.149  57.860 0.0000000000
43282  -4.443  -19.626  55.931 0.0000000000
43283  -4.987  -19.412  55.485 0.0000000000
42198  -3.935  -20.138  54.822 0.0000000000
42213  -4.119  -20.581  53.931 0.0000000000
108480  -3.305  -21.637  51.390 0.0000000000
111778  -35.128  -14.659  46.501 0.0000000000
47290  -35.199  -14.662  47.662 0.0000000000
48382  -35.473  -14.305  47.619 0.0000000000
49423  -35.508  -13.630  47.210 0.0000000000
51166  -36.274  -12.000  47.564 0.0000000000
117552  -37.053  -10.379  48.375 0.0000000000
48252  -30.217  -13.807  56.683 0.0000000000
48254  -31.613  -14.436  56.913 0.0000000000
48274  -30.766  -13.922  55.747 0.0000000000
48288  -28.736  -14.157  54.032 0.0000000000
48314  -28.415  -14.441  52.626 0.0000000000
62313  -48.438  0.923  31.392 0.0000000000
63245  -49.896  2.549  31.310 0.0000000000
63233  -51.683  2.780  32.653 0.0000000000
55888  -42.152  -6.751  41.432 0.0000000000
56737  -43.351  -5.650  42.388 0.0000000000
118770  -41.792  -5.598  43.473 0.0000000000
56794  -36.623  -5.592  39.975 0.0000000000
54916  -39.160  -7.279  40.302 0.0000000000
55902  -40.718  -6.978  41.259 0.0000000000
48310  -20.519  -14.472  52.383 0.0000000000
47222  -19.973  -14.807  53.018 0.0000000000
46199  -19.764  -15.978  51.102 0.0000000000
46211  -19.566  -16.756  50.802 0.0000000000
52907  -3.660  -9.264  45.154 0.0000000000
52010  -4.770  -10.754  45.393 0.0000000000
48336  -2.616  -14.707  50.411 0.0000000000
48350  -2.501  -14.832  49.532 0.0000000000
47261  -4.110  -15.426  49.319 0.0000000000
46238  -4.419  -16.315  48.261 0.0000000000
46276  -4.753  -17.030  46.978 0.0000000000
45234  -6.991  -16.858  47.010 0.0000000000
45267  -6.350  -17.729  45.867 0.0000000000
45266  -5.115  -17.915  45.805 0.0000000000
44282  -5.390  -18.367  44.399 0.0000000000
44155  -9.000  -18.788  61.934 0.0000000000
42133  -9.246  -20.112  61.317 0.0000000000
42140  -7.818  -20.694  60.821 0.0000000000
113716  -6.662  -21.308  60.261 0.0000000000
40263  -7.609  -22.067  57.674 0.0000000000
41125  -6.052  -21.950  58.612 0.0000000000
41124  -5.311  -21.647  59.251 0.0000000000
40260  -4.847  -22.203  57.957 0.0000000000
40279  -2.814  -23.120  57.178 0.0000000000
39474  -2.384  -22.923  55.225 0.0000000000
58431  -36.172  -2.557  46.359 0.0000000000
59291  -37.020  -2.630  47.246 0.0000000000
58409  -36.216  -2.639  47.742 0.0000000000
49472  -33.461  -13.307  44.772 0.0000000000
55858  -33.161  -5.970  43.790 0.0000000000
58447  -34.743  -3.318  44.970 0.0000000000
50281  -21.752  -12.461  56.773 0.0000000000
49324  -22.066  -13.073  55.371 0.0000000000
51085  -28.546  -12.181  58.676 0.0000000000
50233  -27.986  -12.823  58.412 0.0000000000
50251  -26.947  -12.553  57.831 0.0000000000
49326  -27.119  -12.660  55.145 0.0000000000
50285  -26.410  -12.410  56.021 0.0000000000
105158  -25.489  -12.000  56.412 0.0000000000
115555  -23.603  -11.954  55.501 0.0000000000
121076  -23.005  -12.614  54.056 0.0000000000
119361  -21.420  -13.593  53.594 0.0000000000
48324  -20.823  -13.768  51.788 0.0000000000
65065  -50.969  4.719  27.065 0.0000000000
66877  -51.716  5.422  26.487 0.0000000000
66885  -52.178  5.414  25.449 0.0000000000
51976  -3.252  -10.944  51.165 0.0000000000
51143  -1.885  -11.491  51.254 0.0000000000
51135  -2.742  -11.437  52.489 0.0000000000
51134  -1.892  -11.954  52.099 0.0000000000
106078  -1.896  -13.332  51.247 0.0000000000
48319  -2.768  -14.404  51.379 0.0000000000
47234  -4.346  -14.981  51.113 0.0000000000
47250  -6.767  -15.685  50.705 0.0000000000
120232  -5.439  -14.813  53.098 0.0000000000
47236  -6.992  -15.583  51.610 0.0000000000
114018  -8.085  -16.162  50.255 0.0000000000
125797  -8.416  -17.524  49.756 0.0000000000
44233  -7.910  -18.660  49.716 0.0000000000
42278  -7.075  -20.378  49.142 0.0000000000
57672  -48.273  -3.948  36.822 0.0000000000
56832  -42.283  -5.135  35.692 0.0000000000
57680  -42.987  -4.659  35.121 0.0000000000
57698  -43.795  -3.995  34.554 0.0000000000
57683  -45.577  -4.364  35.188 0.0000000000
58549  -46.739  -3.591  35.622 0.0000000000
42143  -11.629  -20.873  60.490 0.0000000000
41121  -11.169  -21.207  59.263 0.0000000000
105039  -12.773  -20.726  59.834 0.0000000000
42155  -11.854  -20.570  59.127 0.0000000000
41134  -10.348  -20.927  57.564 0.0000000000
120013  -9.675  -21.432  55.052 0.0000000000
46172  -20.047  -15.528  53.818 0.0000000000
45163  -19.477  -16.307  54.260 0.0000000000
45162  -19.048  -16.908  54.795 0.0000000000
43312  -18.522  -19.462  52.408 0.0000000000
43304  -18.777  -19.065  53.623 0.0000000000
44190  -19.147  -18.013  56.041 0.0000000000
44189  -18.688  -18.641  56.404 0.0000000000
43272  -18.178  -19.178  57.237 0.0000000000
43276  -16.908  -19.661  57.787 0.0000000000
42173  -15.559  -19.742  57.017 0.0000000000
42183  -14.620  -20.521  55.739 0.0000000000
42201  -13.275  -20.249  54.964 0.0000000000
113866  -13.716  -20.302  51.989 0.0000000000
117293  -13.034  -20.423  52.859 0.0000000000
42216  -12.250  -20.202  53.708 0.0000000000
42215  -11.455  -20.590  53.499 0.0000000000
107285  -4.522  -7.908  47.231 0.0000000000
52887  -3.605  -9.840  48.040 0.0000000000
52888  -4.004  -9.186  47.577 0.0000000000
53850  -3.391  -8.879  46.723 0.0000000000
52007  -2.599  -10.211  46.235 0.0000000000
52008  -2.861  -10.688  45.791 0.0000000000
51168  -4.439  -11.529  45.683 0.0000000000
48361  -2.529  -14.402  48.421 0.0000000000
48374  -2.579  -14.581  47.555 0.0000000000
49418  -2.773  -13.806  47.051 0.0000000000
46273  -2.345  -16.215  45.947 0.0000000000
48398  -2.686  -15.072  46.109 0.0000000000
49419  -3.269  -13.426  46.239 0.0000000000
49429  -3.751  -13.184  45.644 0.0000000000
49430  -4.467  -13.103  45.341 0.0000000000
49431  -5.210  -13.054  45.183 0.0000000000
49450  -5.560  -13.852  44.933 0.0000000000
44151  -8.367  -18.134  62.209 0.0000000000
121865  -6.636  -17.046  62.557 0.0000000000
46120  -5.851  -16.610  62.097 0.0000000000
44160  -5.284  -18.971  61.002 0.0000000000
104643  -5.809  -17.284  61.385 0.0000000000
106782  -5.570  -15.660  61.750 0.0000000000
107029  -5.563  -14.638  60.381 0.0000000000
48216  -6.022  -14.428  59.482 0.0000000000
112581  -4.842  -14.099  58.227 0.0000000000
48229  -6.235  -14.754  56.987 0.0000000000
46161  -6.810  -16.299  55.585 0.0000000000
45161  -7.325  -17.007  54.235 0.0000000000
44187  -5.708  -19.075  55.045 0.0000000000
44206  -6.292  -18.527  53.674 0.0000000000
44207  -7.017  -17.958  53.251 0.0000000000
126234  -6.320  -19.658  51.487 0.0000000000
42277  -6.197  -20.717  49.529 0.0000000000
41269  -5.801  -20.994  48.330 0.0000000000
39498  -2.097  -23.261  53.317 0.0000000000
38505  -1.942  -23.933  52.696 0.0000000000
40313  -1.497  -22.304  52.973 0.0000000000
41204  -1.414  -21.917  52.407 0.0000000000
40330  -2.052  -22.122  51.080 0.0000000000
122343  -3.468  -22.226  50.596 0.0000000000
39529  -2.699  -23.089  49.114 0.0000000000
40347  -4.022  -22.265  49.693 0.0000000000
104665  -4.133  -22.336  49.202 0.0000000000
40357  -5.076  -22.189  48.740 0.0000000000
41299  -6.286  -22.202  47.517 0.0000000000
39561  -6.032  -24.194  46.695 0.0000000000
38678  -5.264  -25.419  44.722 0.0000000000
47207  -36.308  -14.245  53.552 0.0000000000
48292  -36.988  -14.255  54.163 0.0000000000
48291  -36.307  -14.610  54.611 0.0000000000
47216  -35.829  -14.716  53.033 0.0000000000
47205  -35.083  -14.198  53.895 0.0000000000
47215  -35.388  -14.745  53.088 0.0000000000
47195  -35.782  -14.717  54.874 0.0000000000
48278  -36.170  -14.647  55.497 0.0000000000
58553  -50.009  -2.682  36.095 0.0000000000
58546  -49.781  -3.361  36.704 0.0000000000
58551  -48.504  -3.245  35.453 0.0000000000
58568  -47.506  -3.130  34.643 0.0000000000
59442  -48.873  -2.799  35.234 0.0000000000
110082  -37.324  -2.481  45.050 0.0000000000
58449  -36.422  -2.539  45.337 0.0000000000
115925  -35.751  -3.008  44.638 0.0000000000
58464  -36.743  -2.963  44.445 0.0000000000
42301  -7.196  -20.359  48.182 0.0000000000
42321  -7.424  -20.485  47.356 0.0000000000
41283  -6.848  -20.955  47.009 0.0000000000
41300  -6.811  -21.657  46.851 0.0000000000
39501  -8.827  -23.075  53.424 0.0000000000
49284  -3.744  -13.409  57.371 0.0000000000
120211  -4.337  -13.450  57.905 0.0000000000
56758  -43.445  -5.790  41.514 0.0000000000
55904  -42.504  -6.602  40.569 0.0000000000
55916  -43.169  -6.002  40.001 0.0000000000
43261  -16.198  -19.014  59.091 0.0000000000
43262  -16.996  -19.160  58.736 0.0000000000
48271  -20.946  -13.969  54.804 0.0000000000
52011  -5.880  -10.852  45.403 0.0000000000
104869  -1.880  -12.335  50.888 0.0000000000
50318  -2.059  -12.528  49.979 0.0000000000
43418  -4.067  -19.439  41.062 0.0000000000
45116  -9.547  -17.359  61.610 0.0000000000
40294  -2.021  -22.237  55.640 0.0000000000
41160  -1.997  -21.569  55.861 0.0000000000
126299  -1.835  -21.830  55.144 0.0000000000
41177  -1.875  -21.848  54.386 0.0000000000
107858  -37.907  -12.077  50.663 0.0000000000
50321  -37.178  -12.413  49.475 0.0000000000
50322  -37.901  -11.999  49.844 0.0000000000
51155  -37.804  -11.788  49.778 0.0000000000
46173  -31.166  -15.111  52.752 0.0000000000
47213  -30.643  -14.926  53.244 0.0000000000
47226  -30.329  -14.942  52.463 0.0000000000
62279  -51.870  0.775  34.983 0.0000000000
61332  -49.961  0.286  34.165 0.0000000000
61333  -50.601  0.608  34.402 0.0000000000
115380  -50.655  1.408  34.042 0.0000000000
111356  -39.849  -5.633  43.132 0.0000000000
56712  -40.297  -5.530  43.700 0.0000000000
56711  -39.370  -5.159  43.218 0.0000000000
56732  -39.264  -5.454  42.554 0.0000000000
127009  -39.632  -5.515  42.923 0.0000000000
56733  -39.837  -5.897  42.520 0.0000000000
55828  -4.426  -6.339  46.974 0.0000000000
110686  -3.837  -6.962  46.397 0.0000000000
114720  -3.051  -8.027  45.772 0.0000000000
47263  -6.403  -15.682  49.817 0.0000000000
46221  -5.938  -15.664  48.982 0.0000000000
42377  -7.987  -20.608  44.073 0.0000000000
42399  -7.541  -20.639  43.481 0.0000000000
42398  -7.011  -20.159  43.100 0.0000000000
124432  -6.961  -21.600  42.464 0.0000000000
40402  -7.321  -21.851  42.925 0.0000000000
41128  -9.465  -21.842  59.020 0.0000000000
114450  -9.652  -21.654  59.730 0.0000000000
107867  -5.839  -22.955  56.584 0.0000000000
57543  -34.300  -3.632  48.396 0.0000000000
125423  -34.591  -3.580  48.780 0.0000000000
48405  -34.572  -14.536  46.255 0.0000000000
119338  -33.497  -4.438  47.185 0.0000000000
50221  -25.980  -12.420  59.097 0.0000000000
50231  -25.714  -12.459  58.891 0.0000000000
107919  -25.327  -12.171  58.434 0.0000000000
105100  -25.355  -12.026  57.573 0.0000000000
49369  -24.205  -12.636  51.580 0.0000000000
49361  -23.507  -12.552  52.322 0.0000000000
49368  -23.171  -12.808  51.418 0.0000000000
48340  -21.915  -13.186  50.756 0.0000000000
50288  -1.754  -12.600  54.613 0.0000000000
49330  -2.045  -13.431  54.262 0.0000000000
50300  -1.720  -13.017  53.563 0.0000000000
48293  -2.101  -14.676  52.917 0.0000000000
48294  -2.584  -14.441  53.475 0.0000000000
47209  -7.286  -15.973  53.178 0.0000000000
108129  -8.180  -17.110  52.175 0.0000000000
45179  -7.741  -17.309  52.843 0.0000000000
118099  -46.907  -4.683  38.446 0.0000000000
57654  -46.453  -4.756  39.258 0.0000000000
57669  -45.461  -4.472  37.778 0.0000000000
107338  -13.483  -20.502  56.093 0.0000000000
42170  -12.921  -20.490  56.643 0.0000000000
118524  -12.732  -20.504  55.836 0.0000000000
41162  -12.290  -20.801  55.260 0.0000000000
44229  -18.810  -18.516  50.491 0.0000000000
44228  -18.610  -19.360  50.775 0.0000000000
42233  -17.452  -20.256  52.600 0.0000000000
110277  -16.723  -20.226  52.957 0.0000000000
42220  -16.307  -20.147  53.651 0.0000000000
42219  -15.453  -19.940  53.567 0.0000000000
53825  -6.029  -8.617  48.878 0.0000000000
50336  -2.854  -12.753  46.704 0.0000000000
46275  -3.697  -16.805  46.686 0.0000000000
46256  -2.948  -16.498  47.238 0.0000000000
46313  -3.184  -16.478  43.138 0.0000000000
105650  -4.783  -15.750  43.314 0.0000000000
46314  -4.154  -16.344  42.835 0.0000000000
48197  -6.793  -14.013  63.457 0.0000000000
48196  -6.010  -14.059  62.673 0.0000000000
42138  -5.922  -20.719  61.113 0.0000000000
42137  -5.415  -20.812  60.541 0.0000000000
126273  -5.817  -18.137  58.627 0.0000000000
44174  -6.105  -18.128  58.051 0.0000000000
122499  -6.458  -17.654  57.912 0.0000000000
45147  -6.581  -17.368  57.368 0.0000000000
44182  -6.200  -18.817  56.536 0.0000000000
42240  -4.579  -20.962  51.743 0.0000000000
42256  -4.928  -21.423  50.983 0.0000000000
41241  -4.466  -21.640  50.394 0.0000000000
36638  -0.949  -26.283  49.993 0.0000000000
49373  -37.413  -12.723  52.240 0.0000000000
45196  -34.154  -15.038  50.811 0.0000000000
46217  -34.476  -15.055  50.327 0.0000000000
46205  -34.817  -14.732  50.798 0.0000000000
48315  -36.833  -13.454  52.480 0.0000000000
48328  -36.158  -13.917  51.168 0.0000000000
49372  -36.942  -13.292  51.615 0.0000000000
46174  -32.273  -14.928  52.673 0.0000000000
46188  -32.276  -15.291  52.104 0.0000000000
45172  -32.754  -15.369  52.253 0.0000000000
46203  -33.784  -15.374  51.498 0.0000000000
45184  -33.422  -15.547  51.730 0.0000000000
45195  -33.608  -15.320  51.157 0.0000000000
45205  -33.775  -15.289  50.326 0.0000000000
47204  -33.553  -14.086  54.317 0.0000000000
47192  -33.130  -13.486  54.774 0.0000000000
125714  -33.029  -14.589  53.779 0.0000000000
46166  -32.406  -14.627  53.502 0.0000000000
125830  -50.415  -1.335  35.136 0.0000000000
60370  -51.095  -1.141  36.032 0.0000000000
60369  -50.654  -1.594  35.693 0.0000000000
57709  -45.363  -3.930  34.118 0.0000000000
58576  -45.248  -3.654  33.560 0.0000000000
58577  -45.918  -3.731  33.945 0.0000000000
59463  -46.630  -2.860  33.750 0.0000000000
58588  -46.222  -3.176  33.416 0.0000000000
59472  -46.462  -2.564  33.125 0.0000000000
59473  -47.028  -2.057  33.486 0.0000000000
60393  -47.551  -1.548  32.983 0.0000000000
60384  -47.929  -1.912  33.456 0.0000000000
126999  -49.507  -1.829  34.836 0.0000000000
60381  -49.695  -1.294  34.599 0.0000000000
57572  -38.958  -4.178  44.099 0.0000000000
58467  -39.256  -3.866  44.823 0.0000000000
59309  -38.400  -3.152  46.969 0.0000000000
57569  -33.710  -4.544  44.133 0.0000000000
57589  -33.844  -4.458  43.301 0.0000000000
112377  -34.601  -4.198  42.983 0.0000000000
57611  -35.314  -4.276  42.615 0.0000000000
57623  -34.493  -4.461  41.464 0.0000000000
57624  -35.410  -4.457  41.716 0.0000000000
57625  -36.025  -4.542  42.307 0.0000000000
57571  -38.108  -4.085  44.056 0.0000000000
57594  -38.767  -4.540  43.502 0.0000000000
45222  -8.522  -17.769  48.306 0.0000000000
42359  -8.100  -20.621  46.064 0.0000000000
42340  -8.318  -19.857  46.335 0.0000000000
41317  -8.043  -20.737  45.318 0.0000000000
40381  -7.338  -22.208  44.809 0.0000000000
39571  -6.506  -23.469  45.103 0.0000000000
121817  -7.035  -23.044  44.712 0.0000000000
39585  -6.131  -24.244  44.545 0.0000000000
38679  -5.598  -24.827  44.394 0.0000000000
40282  -9.238  -21.798  56.334 0.0000000000
114579  -8.827  -22.059  55.887 0.0000000000
51165  -36.070  -11.548  46.960 0.0000000000
51174  -35.500  -11.809  46.534 0.0000000000
108754  -35.774  -11.101  46.437 0.0000000000
52014  -35.662  -10.414  46.147 0.0000000000
52910  -35.382  -9.694  45.970 0.0000000000
53878  -34.958  -8.969  46.039 0.0000000000
54851  -34.683  -7.238  48.442 0.0000000000
110351  -26.816  -11.772  59.403 0.0000000000
48300  -28.070  -13.845  52.955 0.0000000000
48299  -27.504  -13.444  52.775 0.0000000000
48312  -27.446  -13.653  52.014 0.0000000000
114565  -50.291  2.703  30.315 0.0000000000
63259  -50.248  2.385  29.538 0.0000000000
124355  -50.559  2.619  29.567 0.0000000000
64164  -51.208  3.133  29.496 0.0000000000
64172  -51.167  3.029  28.972 0.0000000000
64171  -50.882  2.973  28.435 0.0000000000
65041  -51.252  3.239  28.704 0.0000000000
49315  -2.423  -13.757  55.746 0.0000000000
48263  -5.250  -14.476  55.590 0.0000000000
48264  -6.350  -14.709  55.447 0.0000000000
57652  -44.798  -4.798  39.543 0.0000000000
56779  -44.395  -4.977  40.226 0.0000000000
122194  -39.624  -7.270  39.205 0.0000000000
54956  -40.694  -6.834  37.971 0.0000000000
55936  -41.263  -6.397  37.440 0.0000000000
56796  -43.721  -5.441  39.520 0.0000000000
56810  -44.175  -5.264  38.721 0.0000000000
42152  -15.047  -20.167  59.853 0.0000000000
122995  -15.628  -20.147  58.403 0.0000000000
121730  -15.293  -20.443  58.673 0.0000000000
105306  -14.251  -20.025  57.356 0.0000000000
104690  -14.844  -20.050  57.259 0.0000000000
118626  -15.921  -20.162  50.740 0.0000000000
42262  -15.700  -20.158  50.090 0.0000000000
51989  -3.514  -10.469  49.803 0.0000000000
50320  -1.862  -12.777  48.995 0.0000000000
50326  -2.454  -12.904  48.297 0.0000000000
44281  -4.288  -18.320  44.078 0.0000000000
45289  -3.676  -17.765  44.473 0.0000000000
44280  -3.126  -18.277  43.716 0.0000000000
117682  -2.658  -17.754  42.853 0.0000000000
45319  -3.063  -17.193  42.349 0.0000000000
45333  -3.489  -17.097  41.245 0.0000000000
47138  -8.713  -15.780  61.587 0.0000000000
47140  -8.576  -15.023  61.843 0.0000000000
47137  -8.344  -14.848  62.257 0.0000000000
47136  -8.033  -14.605  62.792 0.0000000000
112817  -8.092  -15.512  62.202 0.0000000000
41123  -4.783  -21.546  58.157 0.0000000000
42147  -4.808  -21.110  58.738 0.0000000000
42154  -4.576  -21.251  57.860 0.0000000000
42167  -3.179  -20.588  56.196 0.0000000000
42162  -4.277  -20.630  57.556 0.0000000000
42168  -3.984  -20.244  56.549 0.0000000000
43273  -4.619  -19.854  56.978 0.0000000000
42211  -2.331  -21.220  53.320 0.0000000000
42212  -3.199  -20.912  53.521 0.0000000000
42227  -2.973  -21.070  52.673 0.0000000000
41206  -2.775  -21.353  52.049 0.0000000000
47305  -34.982  -15.187  46.389 0.0000000000
47297  -35.217  -15.361  46.724 0.0000000000
46233  -35.007  -14.878  49.101 0.0000000000
46250  -34.844  -14.707  48.226 0.0000000000
47278  -35.164  -14.474  48.633 0.0000000000
49404  -36.740  -13.027  48.750 0.0000000000
48383  -35.966  -13.642  48.181 0.0000000000
49413  -35.715  -13.648  47.635 0.0000000000
49424  -35.968  -13.035  47.610 0.0000000000
50339  -36.080  -12.565  47.539 0.0000000000
50332  -36.500  -12.405  48.029 0.0000000000
46216  -31.203  -15.529  50.170 0.0000000000
49292  -30.389  -14.262  57.927 0.0000000000
48234  -30.383  -14.212  57.861 0.0000000000
48256  -32.794  -13.716  56.268 0.0000000000
48276  -31.790  -13.727  55.733 0.0000000000
47199  -30.215  -14.521  53.825 0.0000000000
48290  -30.477  -14.589  54.879 0.0000000000
48273  -29.958  -14.335  55.625 0.0000000000
48289  -29.643  -14.356  54.479 0.0000000000
48301  -28.479  -14.578  53.070 0.0000000000
107485  -28.382  -14.424  51.264 0.0000000000
63221  -52.752  2.413  33.563 0.0000000000
61344  -47.357  -0.302  31.603 0.0000000000
61339  -48.311  -0.483  32.553 0.0000000000
62304  -48.476  0.501  32.316 0.0000000000
62314  -49.007  1.413  31.646 0.0000000000
63244  -49.536  2.237  30.829 0.0000000000
63219  -51.301  1.931  33.557 0.0000000000
63232  -50.986  2.256  32.359 0.0000000000
63220  -52.160  2.526  33.511 0.0000000000
122026  -52.345  3.004  32.623 0.0000000000
55873  -41.738  -6.494  42.174 0.0000000000
56735  -41.344  -5.924  42.881 0.0000000000
57575  -41.300  -5.111  44.863 0.0000000000
56701  -41.765  -5.427  44.216 0.0000000000
58453  -40.396  -4.132  46.067 0.0000000000
57560  -40.875  -4.635  45.464 0.0000000000
120398  -36.427  -5.458  40.917 0.0000000000
56777  -37.115  -6.047  40.837 0.0000000000
55913  -38.542  -6.970  40.243 0.0000000000
107754  -38.899  -7.157  40.884 0.0000000000
55886  -40.440  -7.170  42.056 0.0000000000
115585  -39.984  -6.755  41.349 0.0000000000
55887  -41.257  -7.148  41.780 0.0000000000
47238  -20.031  -15.238  51.681 0.0000000000
105509  -19.383  -17.043  50.108 0.0000000000
54869  -3.180  -7.341  45.022 0.0000000000
53871  -3.015  -8.822  45.570 0.0000000000
53872  -3.184  -8.345  44.896 0.0000000000
52908  -4.431  -9.981  45.035 0.0000000000
52009  -3.698  -10.212  45.446 0.0000000000
47247  -3.257  -15.178  49.784 0.0000000000
46239  -5.504  -16.082  48.338 0.0000000000
46258  -5.103  -16.613  47.663 0.0000000000
45236  -8.393  -17.805  47.333 0.0000000000
45235  -7.898  -17.290  47.063 0.0000000000
44250  -8.190  -17.833  46.287 0.0000000000
45268  -7.589  -17.902  45.666 0.0000000000
44262  -6.665  -18.216  45.335 0.0000000000
44261  -5.795  -18.117  45.178 0.0000000000
43410  -6.309  -19.639  42.690 0.0000000000
43396  -5.999  -18.816  42.933 0.0000000000
39600  -6.870  -23.547  43.230 0.0000000000
39611  -6.434  -23.148  42.342 0.0000000000
43247  -9.516  -19.414  61.466 0.0000000000
42134  -10.143  -20.105  61.352 0.0000000000
41111  -8.437  -21.278  60.258 0.0000000000
41110  -7.491  -21.057  60.373 0.0000000000
40264  -8.231  -21.767  58.063 0.0000000000
119335  -5.713  -23.279  57.107 0.0000000000
40262  -6.201  -22.731  57.620 0.0000000000
40261  -5.476  -22.431  58.077 0.0000000000
39453  -3.218  -23.283  56.720 0.0000000000
39444  -3.870  -22.911  57.192 0.0000000000
39452  -2.496  -23.049  56.304 0.0000000000
58419  -35.988  -2.790  47.341 0.0000000000
50359  -34.029  -12.882  45.190 0.0000000000
124820  -33.072  -6.297  45.413 0.0000000000
54874  -33.484  -7.067  45.373 0.0000000000
55850  -33.140  -6.350  44.693 0.0000000000
58417  -33.770  -3.264  46.775 0.0000000000
58429  -34.340  -3.246  45.859 0.0000000000
58448  -35.393  -2.734  45.601 0.0000000000
50266  -22.577  -11.825  56.669 0.0000000000
50282  -22.190  -12.104  55.988 0.0000000000
49289  -28.411  -13.245  57.841 0.0000000000
50252  -27.904  -12.881  58.080 0.0000000000
122848  -27.288  -12.566  58.489 0.0000000000
50270  -26.860  -12.666  56.922 0.0000000000
49340  -26.860  -12.965  54.155 0.0000000000
50297  -25.567  -12.164  54.394 0.0000000000
49325  -26.490  -12.105  54.729 0.0000000000
107207  -25.611  -11.843  55.372 0.0000000000
50284  -24.614  -11.817  55.879 0.0000000000
49350  -22.048  -13.137  53.736 0.0000000000
48311  -21.099  -14.056  52.850 0.0000000000
49359  -21.509  -13.308  52.063 0.0000000000
48339  -20.830  -13.636  50.731 0.0000000000
66004  -51.801  4.319  28.315 0.0000000000
66878  -52.557  6.142  26.010 0.0000000000
51964  -4.249  -10.771  51.529 0.0000000000
113035  -2.117  -10.859  50.921 0.0000000000
51930  -3.417  -10.937  53.893 0.0000000000
51948  -3.629  -10.807  52.932 0.0000000000
50309  -1.515  -12.883  52.646 0.0000000000
50315  -1.627  -12.703  51.797 0.0000000000
49366  -1.661  -13.859  51.972 0.0000000000
48318  -1.988  -14.166  51.085 0.0000000000
48305  -2.095  -14.288  52.118 0.0000000000
48307  -4.116  -14.656  52.363 0.0000000000
48320  -3.835  -14.572  51.606 0.0000000000
47235  -5.274  -15.356  51.203 0.0000000000
47237  -7.789  -16.038  51.713 0.0000000000
106525  -6.668  -15.353  52.296 0.0000000000
47251  -7.627  -15.851  50.880 0.0000000000
46210  -8.343  -16.935  49.760 0.0000000000
45189  -8.161  -16.830  50.728 0.0000000000
44226  -8.086  -18.494  50.740 0.0000000000
43337  -7.501  -19.544  49.474 0.0000000000
58541  -48.886  -3.798  37.454 0.0000000000
110534  -48.028  -4.095  37.672 0.0000000000
59292  -37.881  -2.788  47.312 0.0000000000
56820  -42.373  -5.219  36.616 0.0000000000
57681  -43.993  -4.233  35.871 0.0000000000
56833  -43.107  -4.578  36.075 0.0000000000
115112  -43.658  -4.275  35.372 0.0000000000
105851  -44.215  -4.085  35.218 0.0000000000
57699  -44.965  -4.211  34.669 0.0000000000
105552  -46.553  -3.815  36.561 0.0000000000
104569  -45.997  -4.225  35.763 0.0000000000
57676  -47.461  -3.672  36.243 0.0000000000
42135  -11.544  -20.463  60.834 0.0000000000
41114  -11.023  -21.093  59.929 0.0000000000
42150  -13.708  -20.471  59.882 0.0000000000
41136  -12.074  -20.651  56.937 0.0000000000
41131  -11.868  -20.397  58.061 0.0000000000
41135  -11.242  -20.852  57.253 0.0000000000
41130  -11.232  -21.121  58.369 0.0000000000
41143  -10.618  -21.075  56.665 0.0000000000
109143  -11.205  -21.221  55.168 0.0000000000
41178  -10.318  -21.168  54.773 0.0000000000
40308  -9.642  -21.647  54.347 0.0000000000
41193  -10.181  -21.223  53.903 0.0000000000
117521  -19.408  -15.449  53.041 0.0000000000
124214  -20.167  -15.212  53.506 0.0000000000
45171  -19.032  -16.231  53.298 0.0000000000
108610  -18.862  -17.238  53.648 0.0000000000
43323  -18.582  -19.396  51.517 0.0000000000
42234  -18.049  -19.961  51.820 0.0000000000
43303  -18.486  -19.652  53.334 0.0000000000
43295  -18.448  -18.353  54.443 0.0000000000
44198  -18.563  -18.360  55.601 0.0000000000
123471  -18.010  -18.646  54.935 0.0000000000
43284  -17.884  -19.392  56.393 0.0000000000
43277  -17.676  -19.480  57.136 0.0000000000
42174  -16.568  -19.554  57.095 0.0000000000
42185  -16.165  -19.628  56.240 0.0000000000
105936  -14.790  -19.918  54.097 0.0000000000
104951  -14.930  -19.902  55.067 0.0000000000
42202  -14.052  -20.089  54.763 0.0000000000
42245  -14.152  -19.985  50.949 0.0000000000
42230  -14.319  -19.757  52.321 0.0000000000
42199  -11.747  -20.519  54.264 0.0000000000
53841  -5.642  -7.969  48.278 0.0000000000
54855  -5.311  -7.519  47.535 0.0000000000
51998  -3.819  -10.029  49.061 0.0000000000
52875  -4.528  -9.321  48.684 0.0000000000
52897  -2.932  -9.593  47.170 0.0000000000
52903  -2.815  -9.406  46.281 0.0000000000
116289  -3.864  -10.944  45.646 0.0000000000
50344  -4.040  -12.327  45.753 0.0000000000
47259  -2.713  -14.857  48.717 0.0000000000
48349  -2.124  -14.353  49.220 0.0000000000
47271  -2.686  -15.111  47.913 0.0000000000
48386  -2.487  -14.839  46.804 0.0000000000
46285  -2.493  -16.441  45.047 0.0000000000
48387  -3.096  -14.348  46.299 0.0000000000
122197  -3.527  -13.979  45.741 0.0000000000
44152  -9.167  -17.973  62.081 0.0000000000
44154  -8.065  -18.902  61.744 0.0000000000
44153  -6.405  -18.255  61.686 0.0000000000
44150  -7.340  -18.233  62.092 0.0000000000
45110  -6.592  -17.522  62.288 0.0000000000
126982  -6.021  -17.100  62.559 0.0000000000
45115  -6.049  -17.425  61.943 0.0000000000
117455  -5.128  -19.548  59.124 0.0000000000
107053  -5.600  -19.621  59.989 0.0000000000
45131  -5.744  -17.486  59.715 0.0000000000
45122  -5.576  -17.961  60.790 0.0000000000
104803  -5.813  -16.976  60.541 0.0000000000
46126  -5.724  -16.392  61.212 0.0000000000
121790  -5.800  -16.147  60.430 0.0000000000
47147  -5.520  -15.519  60.846 0.0000000000
47161  -6.255  -15.820  58.309 0.0000000000
47154  -6.392  -14.901  58.908 0.0000000000
48221  -5.971  -14.394  58.653 0.0000000000
48228  -5.584  -14.287  57.774 0.0000000000
47168  -6.284  -15.396  57.609 0.0000000000
109525  -6.683  -15.581  56.150 0.0000000000
45154  -7.367  -16.832  54.958 0.0000000000
45160  -6.898  -17.530  54.827 0.0000000000
43293  -5.138  -19.621  54.850 0.0000000000
124953  -5.479  -19.557  52.151 0.0000000000
44213  -5.742  -19.120  53.207 0.0000000000
44214  -6.368  -18.590  52.780 0.0000000000
43311  -6.440  -18.817  51.937 0.0000000000
42276  -5.577  -21.082  49.884 0.0000000000
42258  -6.184  -20.635  50.544 0.0000000000
42299  -5.466  -21.045  49.145 0.0000000000
38506  -2.293  -24.324  53.200 0.0000000000
125664  -1.061  -24.947  51.155 0.0000000000
37573  -1.353  -25.043  51.664 0.0000000000
38524  -1.698  -24.128  52.035 0.0000000000
39507  -1.747  -23.151  52.416 0.0000000000
40321  -1.481  -22.503  52.140 0.0000000000
40336  -2.039  -22.708  50.547 0.0000000000
40337  -2.778  -22.379  50.562 0.0000000000
40346  -2.479  -22.724  49.833 0.0000000000
121886  -3.211  -22.590  49.526 0.0000000000
40355  -3.534  -22.711  48.949 0.0000000000
40364  -4.759  -23.033  48.350 0.0000000000
39551  -5.327  -23.553  47.621 0.0000000000
40365  -5.566  -22.655  48.008 0.0000000000
110640  -6.153  -23.178  47.163 0.0000000000
115603  -38.216  -13.223  53.207 0.0000000000
48304  -37.537  -13.564  53.671 0.0000000000
48280  -37.192  -13.860  54.343 0.0000000000
47240  -34.762  -14.519  51.632 0.0000000000
47228  -35.629  -14.413  52.213 0.0000000000
47217  -36.220  -13.894  52.672 0.0000000000
46167  -33.627  -14.558  53.445 0.0000000000
46189  -33.286  -15.488  52.140 0.0000000000
46176  -33.721  -14.913  52.609 0.0000000000
46177  -34.362  -14.773  52.473 0.0000000000
47185  -34.655  -14.245  55.802 0.0000000000
112338  -34.223  -14.192  53.863 0.0000000000
105231  -35.977  -14.378  56.055 0.0000000000
105531  -49.904  -2.232  35.579 0.0000000000
59444  -50.478  -2.092  35.805 0.0000000000
58567  -46.819  -3.385  34.809 0.0000000000
114081  -46.332  -3.659  34.244 0.0000000000
59455  -47.874  -2.827  34.316 0.0000000000
120008  -48.284  -2.256  33.992 0.0000000000
59456  -48.645  -2.593  34.557 0.0000000000
59457  -49.343  -2.252  35.061 0.0000000000
58451  -38.732  -3.439  45.518 0.0000000000
58450  -37.999  -2.946  45.316 0.0000000000
57590  -34.532  -4.283  43.808 0.0000000000
58463  -35.206  -3.934  44.228 0.0000000000
115474  -8.310  -18.948  48.074 0.0000000000
121222  -7.643  -20.714  46.695 0.0000000000
41315  -7.089  -21.972  45.868 0.0000000000
40379  -6.579  -23.481  46.186 0.0000000000
40307  -9.011  -21.881  54.799 0.0000000000
40306  -8.684  -22.174  55.227 0.0000000000
39492  -8.606  -22.630  54.393 0.0000000000
52901  -36.384  -10.308  47.411 0.0000000000
52006  -36.113  -10.696  46.826 0.0000000000
53870  -35.769  -9.085  47.154 0.0000000000
53869  -35.199  -8.688  46.765 0.0000000000
53859  -35.400  -8.525  47.543 0.0000000000
54852  -35.500  -7.575  48.679 0.0000000000
51861  -28.129  -11.178  59.112 0.0000000000
49380  -26.574  -13.440  50.924 0.0000000000
64143  -51.719  3.311  31.099 0.0000000000
65018  -52.136  3.540  30.830 0.0000000000
65004  -54.542  3.656  31.419 0.0000000000
49316  -3.501  -13.920  56.082 0.0000000000
49301  -3.955  -13.733  56.785 0.0000000000
56778  -43.831  -5.864  39.921 0.0000000000
104547  -43.935  -5.282  40.903 0.0000000000
111217  -44.201  -5.587  41.927 0.0000000000
117037  -40.638  -6.562  40.300 0.0000000000
124285  -40.866  -6.370  39.573 0.0000000000
55914  -41.429  -6.142  39.252 0.0000000000
55928  -42.027  -5.735  38.905 0.0000000000
122802  -15.315  -19.712  60.037 0.0000000000
43260  -15.573  -19.765  59.230 0.0000000000
49307  -21.050  -13.354  56.505 0.0000000000
52912  -4.812  -9.387  44.741 0.0000000000
51154  -2.740  -10.880  49.694 0.0000000000
44317  -4.907  -18.756  42.804 0.0000000000
44316  -4.116  -18.402  42.502 0.0000000000
46121  -9.346  -16.732  61.531 0.0000000000
46119  -8.950  -16.436  61.935 0.0000000000
40265  -2.784  -22.257  57.207 0.0000000000
42153  -3.756  -21.131  57.778 0.0000000000
41141  -2.555  -21.315  56.671 0.0000000000
42166  -2.416  -20.959  55.876 0.0000000000
42180  -3.235  -20.705  55.278 0.0000000000
42196  -2.377  -21.372  54.062 0.0000000000
48358  -36.287  -13.537  49.871 0.0000000000
49393  -36.803  -12.937  49.600 0.0000000000
50327  -36.777  -12.331  48.928 0.0000000000
116608  -36.688  -11.909  48.677 0.0000000000
51159  -37.206  -11.811  49.235 0.0000000000
115344  -32.535  -15.640  50.015 0.0000000000
47202  -32.015  -14.729  54.357 0.0000000000
47190  -31.633  -14.636  55.102 0.0000000000
47201  -31.425  -14.583  54.210 0.0000000000
47200  -30.936  -14.427  54.088 0.0000000000
116502  -29.770  -14.945  52.982 0.0000000000
47212  -28.893  -15.036  52.716 0.0000000000
62294  -51.898  1.687  34.412 0.0000000000
124570  -49.435  0.526  33.535 0.0000000000
62306  -49.793  1.403  32.911 0.0000000000
56734  -40.473  -5.924  42.925 0.0000000000
56700  -40.937  -5.373  44.183 0.0000000000
55883  -37.515  -6.190  41.195 0.0000000000
56756  -38.097  -5.978  41.468 0.0000000000
126934  -38.879  -5.765  41.828 0.0000000000
55884  -38.765  -6.488  41.353 0.0000000000
55885  -39.437  -6.623  41.345 0.0000000000
123526  -40.211  -6.568  42.437 0.0000000000
47265  -19.695  -15.005  50.002 0.0000000000
46259  -6.328  -16.433  47.768 0.0000000000
44285  -8.181  -18.948  45.402 0.0000000000
44263  -8.089  -18.399  45.502 0.0000000000
44284  -8.051  -19.003  44.866 0.0000000000
44283  -7.143  -19.271  44.400 0.0000000000
44304  -6.190  -18.773  43.865 0.0000000000
42416  -6.522  -20.423  42.557 0.0000000000
41354  -6.359  -21.185  42.132 0.0000000000
40404  -5.384  -22.583  41.627 0.0000000000
41113  -10.133  -21.200  60.129 0.0000000000
42142  -9.737  -20.697  60.815 0.0000000000
41119  -8.979  -22.057  59.737 0.0000000000
40280  -6.636  -22.758  56.759 0.0000000000
116306  -5.959  -23.492  57.026 0.0000000000
124863  -5.735  -23.373  57.093 0.0000000000
39445  -5.015  -23.083  57.184 0.0000000000
58418  -34.655  -3.148  47.532 0.0000000000
58408  -35.215  -3.113  48.200 0.0000000000
51180  -34.637  -11.101  44.582 0.0000000000
56692  -33.315  -4.889  45.845 0.0000000000
50249  -24.460  -11.880  58.283 0.0000000000
50267  -23.476  -11.760  56.367 0.0000000000
49279  -29.208  -14.096  59.019 0.0000000000
49278  -28.961  -13.988  59.185 0.0000000000
49290  -28.973  -14.231  58.819 0.0000000000
49352  -25.930  -12.715  53.109 0.0000000000
49339  -26.262  -12.536  53.855 0.0000000000
110256  -24.896  -12.663  53.391 0.0000000000
49338  -24.405  -12.717  54.136 0.0000000000
49367  -22.219  -13.083  51.332 0.0000000000
63289  -50.338  2.556  27.984 0.0000000000
49345  -1.415  -13.831  52.984 0.0000000000
49358  -1.585  -14.264  52.730 0.0000000000
48297  -6.091  -15.087  53.463 0.0000000000
47221  -7.360  -15.752  52.400 0.0000000000
46197  -8.133  -16.688  51.658 0.0000000000
44221  -7.593  -18.327  51.680 0.0000000000
124105  -47.302  -4.419  37.847 0.0000000000
57667  -44.131  -4.867  37.332 0.0000000000
57675  -44.560  -4.510  36.425 0.0000000000
105086  -45.309  -4.442  36.057 0.0000000000
125029  -12.489  -20.982  60.553 0.0000000000
122203  -13.341  -20.247  58.182 0.0000000000
41161  -11.609  -21.050  55.445 0.0000000000
45190  -19.179  -17.180  51.536 0.0000000000
115484  -19.041  -18.046  51.881 0.0000000000
43324  -18.918  -18.837  52.131 0.0000000000
106277  -17.334  -20.311  51.562 0.0000000000
42222  -17.885  -20.124  53.284 0.0000000000
42205  -17.901  -19.914  53.949 0.0000000000
107933  -17.716  -19.275  54.749 0.0000000000
42204  -17.303  -19.875  54.591 0.0000000000
104520  -16.783  -19.703  55.425 0.0000000000
119255  -16.066  -19.943  55.257 0.0000000000
106649  -15.636  -19.978  54.495 0.0000000000
42244  -13.245  -20.580  51.282 0.0000000000
41228  -12.090  -21.111  51.981 0.0000000000
115274  -11.202  -21.017  52.410 0.0000000000
51996  -2.723  -11.215  48.214 0.0000000000
52001  -2.634  -10.793  47.485 0.0000000000
52004  -2.529  -10.631  46.727 0.0000000000
52005  -2.563  -10.835  46.233 0.0000000000
50337  -3.293  -12.491  46.078 0.0000000000
46237  -3.427  -16.196  47.972 0.0000000000
46255  -2.362  -16.111  46.814 0.0000000000
46301  -2.512  -16.691  44.206 0.0000000000
47317  -2.606  -16.061  44.620 0.0000000000
47318  -2.856  -15.559  44.555 0.0000000000
48414  -3.231  -14.943  44.822 0.0000000000
48415  -4.169  -14.673  44.620 0.0000000000
48416  -5.037  -14.446  44.359 0.0000000000
43243  -5.824  -19.197  61.435 0.0000000000
110973  -5.408  -18.712  59.118 0.0000000000
45132  -5.897  -16.937  59.038 0.0000000000
46142  -6.487  -16.746  58.438 0.0000000000
46151  -6.603  -16.498  57.721 0.0000000000
44188  -6.443  -18.409  55.581 0.0000000000
42214  -4.884  -20.303  53.372 0.0000000000
43302  -5.411  -19.859  53.866 0.0000000000
42229  -5.064  -20.435  52.393 0.0000000000
43320  -5.505  -19.477  52.286 0.0000000000
123524  -4.976  -21.338  49.949 0.0000000000
123136  -1.112  -24.877  50.636 0.0000000000
38558  -1.363  -24.084  50.249 0.0000000000
117183  -1.332  -24.821  49.836 0.0000000000
38580  -1.591  -23.986  49.427 0.0000000000
39549  -3.816  -24.160  48.305 0.0000000000
45228  -33.883  -15.571  48.437 0.0000000000
45217  -34.321  -15.362  48.533 0.0000000000
123172  -34.453  -15.305  49.185 0.0000000000
46232  -34.729  -15.114  49.534 0.0000000000
47267  -35.310  -14.563  49.584 0.0000000000
47241  -35.436  -14.299  51.385 0.0000000000
47255  -35.395  -14.440  50.531 0.0000000000
48343  -35.820  -14.021  50.208 0.0000000000
49382  -37.439  -12.679  51.177 0.0000000000
46186  -30.843  -14.847  51.965 0.0000000000
45191  -31.342  -14.933  51.507 0.0000000000
45182  -31.967  -15.061  51.666 0.0000000000
45183  -32.845  -15.560  51.943 0.0000000000
45194  -33.136  -15.497  51.414 0.0000000000
45203  -32.657  -15.382  50.826 0.0000000000
122283  -33.547  -15.523  49.043 0.0000000000
47183  -33.133  -13.457  55.518 0.0000000000
47184  -33.949  -14.342  56.082 0.0000000000
113097  -32.618  -13.581  54.956 0.0000000000
120161  -31.733  -14.746  53.332 0.0000000000
61322  -51.819  0.105  35.384 0.0000000000
61307  -51.433  -0.497  35.702 0.0000000000
58578  -46.345  -3.390  33.870 0.0000000000
58598  -45.300  -2.904  32.315 0.0000000000
59480  -45.684  -2.464  31.867 0.0000000000
60394  -48.356  -1.292  32.885 0.0000000000
60382  -50.419  -0.519  34.621 0.0000000000
57573  -39.597  -4.602  44.323 0.0000000000
58434  -39.909  -3.310  46.441 0.0000000000
57609  -33.881  -4.488  41.978 0.0000000000
57637  -34.240  -4.519  40.712 0.0000000000
56775  -34.847  -4.806  40.010 0.0000000000
56755  -35.823  -4.883  41.098 0.0000000000
56730  -36.416  -4.898  41.623 0.0000000000
57592  -36.997  -4.236  43.134 0.0000000000
57613  -37.710  -4.766  42.610 0.0000000000
56710  -38.633  -4.871  42.889 0.0000000000
54854  -4.591  -7.210  47.015 0.0000000000
46223  -7.999  -16.324  49.466 0.0000000000
46241  -7.697  -16.648  48.644 0.0000000000
44251  -8.395  -18.435  46.795 0.0000000000
43351  -8.305  -19.216  47.119 0.0000000000
43355  -8.311  -19.124  46.426 0.0000000000
43367  -8.299  -19.411  45.821 0.0000000000
43382  -8.201  -19.626  45.155 0.0000000000
42378  -8.083  -20.394  44.875 0.0000000000
40390  -7.437  -22.041  43.811 0.0000000000
39586  -6.777  -23.657  44.163 0.0000000000
39599  -6.285  -24.200  43.526 0.0000000000
124224  -9.139  -21.409  57.480 0.0000000000
41133  -8.815  -21.560  57.997 0.0000000000
40271  -8.844  -21.641  57.045 0.0000000000
40296  -8.359  -22.396  55.704 0.0000000000
40295  -7.521  -22.558  56.249 0.0000000000
39478  -7.205  -22.823  55.868 0.0000000000
57534  -34.433  -4.332  48.967 0.0000000000
56674  -34.196  -5.381  49.180 0.0000000000
109947  -34.818  -13.276  46.285 0.0000000000
50350  -35.197  -12.648  46.579 0.0000000000
109594  -34.869  -11.888  46.108 0.0000000000
51181  -34.850  -11.585  45.215 0.0000000000
52020  -35.165  -10.955  44.852 0.0000000000
52917  -34.636  -10.365  44.713 0.0000000000
52922  -34.195  -9.700  44.217 0.0000000000
53888  -34.163  -8.856  44.543 0.0000000000
53877  -34.430  -8.522  45.432 0.0000000000
53858  -34.601  -8.231  47.216 0.0000000000
54868  -34.055  -7.685  46.696 0.0000000000
118738  -26.193  -12.250  59.280 0.0000000000
50232  -26.495  -12.427  58.632 0.0000000000
49342  -28.254  -13.516  54.759 0.0000000000
49354  -27.401  -13.400  53.540 0.0000000000
49371  -26.741  -13.321  51.729 0.0000000000
49363  -26.041  -12.661  52.167 0.0000000000
108737  -25.237  -12.479  51.685 0.0000000000
49377  -23.819  -12.899  50.717 0.0000000000
63276  -50.255  2.411  28.382 0.0000000000
64158  -50.878  2.884  29.658 0.0000000000
64170  -50.675  2.710  28.500 0.0000000000
64179  -50.624  2.830  27.889 0.0000000000
64185  -50.607  2.809  27.311 0.0000000000
65053  -51.011  3.188  28.185 0.0000000000
107876  -51.440  3.578  28.373 0.0000000000
65966  -52.056  4.131  29.783 0.0000000000
49314  -1.933  -13.367  55.272 0.0000000000
48281  -3.283  -13.896  54.311 0.0000000000
48282  -4.432  -14.330  54.756 0.0000000000
48262  -4.274  -14.147  55.623 0.0000000000
48284  -6.220  -14.911  54.385 0.0000000000
47197  -6.843  -16.153  54.015 0.0000000000
57662  -45.007  -4.700  38.725 0.0000000000
57653  -45.576  -4.767  39.377 0.0000000000
54938  -40.078  -7.252  38.538 0.0000000000
55949  -41.992  -6.086  36.997 0.0000000000
56814  -42.453  -5.113  37.611 0.0000000000
56808  -42.615  -5.184  38.517 0.0000000000
56815  -43.246  -4.930  37.971 0.0000000000
56816  -44.032  -5.150  38.166 0.0000000000
43255  -13.866  -19.466  60.975 0.0000000000
42158  -14.628  -20.596  59.087 0.0000000000
42159  -15.198  -20.583  59.204 0.0000000000
42164  -14.076  -19.982  58.231 0.0000000000
42171  -13.752  -20.380  56.753 0.0000000000
42265  -17.723  -20.274  49.840 0.0000000000
118489  -18.000  -20.399  50.472 0.0000000000
42247  -17.345  -20.417  50.728 0.0000000000
42246  -16.549  -20.270  51.143 0.0000000000
42232  -15.587  -19.793  51.550 0.0000000000
42231  -14.972  -19.722  52.202 0.0000000000
105935  -15.073  -19.810  50.772 0.0000000000
51991  -4.910  -9.669  49.446 0.0000000000
52876  -5.524  -9.262  49.155 0.0000000000
51157  -2.810  -11.133  48.925 0.0000000000
107020  -2.700  -12.947  47.531 0.0000000000
45265  -4.191  -17.303  45.236 0.0000000000
45246  -3.350  -16.954  45.814 0.0000000000
45264  -2.959  -17.281  44.898 0.0000000000
45306  -2.534  -17.924  43.364 0.0000000000
45287  -2.467  -17.370  43.705 0.0000000000
46312  -2.520  -16.868  43.385 0.0000000000
48202  -8.907  -14.639  61.470 0.0000000000
49251  -8.550  -14.163  61.782 0.0000000000
48199  -8.520  -14.129  63.113 0.0000000000
48198  -7.813  -14.065  63.516 0.0000000000
47135  -7.170  -14.688  62.923 0.0000000000
42148  -4.831  -21.050  59.743 0.0000000000
43263  -4.901  -20.308  58.839 0.0000000000
43268  -4.930  -19.291  57.660 0.0000000000
43274  -5.176  -19.278  56.541 0.0000000000
43292  -4.419  -19.692  55.186 0.0000000000
42239  -3.678  -21.153  51.891 0.0000000000
46249  -34.574  -15.058  47.981 0.0000000000
47289  -35.259  -15.309  47.091 0.0000000000
48369  -35.576  -14.188  48.319 0.0000000000
47298  -35.479  -14.942  47.068 0.0000000000
48394  -35.443  -14.379  47.116 0.0000000000
48406  -35.276  -14.262  46.766 0.0000000000
49440  -35.217  -13.513  46.750 0.0000000000
50338  -35.661  -12.964  47.182 0.0000000000
51162  -36.555  -11.631  48.099 0.0000000000
52003  -36.598  -10.783  48.031 0.0000000000
52902  -36.729  -9.992  47.971 0.0000000000
50236  -29.627  -13.372  58.128 0.0000000000
49311  -29.584  -13.774  57.631 0.0000000000
48251  -29.384  -13.743  56.443 0.0000000000
48275  -31.303  -13.648  55.756 0.0000000000
48253  -30.982  -13.746  56.769 0.0000000000
48272  -29.101  -13.881  55.194 0.0000000000
48313  -28.141  -13.898  52.306 0.0000000000
47223  -28.555  -14.523  52.061 0.0000000000
48327  -27.992  -14.092  51.556 0.0000000000
62312  -47.919  0.397  31.062 0.0000000000
124269  -49.975  2.346  30.117 0.0000000000
63246  -50.526  2.771  31.373 0.0000000000
63231  -50.170  2.178  32.179 0.0000000000
64130  -51.319  2.932  31.626 0.0000000000
64132  -52.883  2.950  32.197 0.0000000000
56757  -42.690  -6.094  41.926 0.0000000000
56736  -42.366  -5.592  42.796 0.0000000000
54924  -39.423  -7.253  39.755 0.0000000000
55901  -39.511  -6.877  40.766 0.0000000000
117577  -40.097  -6.665  40.737 0.0000000000
54917  -39.749  -6.863  40.198 0.0000000000
55903  -41.580  -6.950  40.956 0.0000000000
47211  -21.075  -14.758  53.680 0.0000000000
125524  -21.557  -15.237  53.819 0.0000000000
46184  -19.593  -15.702  52.004 0.0000000000
46198  -19.402  -16.400  51.526 0.0000000000
45201  -19.228  -17.623  50.613 0.0000000000
43339  -17.844  -19.406  49.640 0.0000000000
48335  -1.840  -14.414  50.040 0.0000000000
47260  -3.215  -15.222  49.027 0.0000000000
47273  -3.834  -15.764  48.678 0.0000000000
46260  -7.324  -16.827  47.807 0.0000000000
45249  -7.416  -17.405  46.366 0.0000000000
45248  -5.415  -17.496  46.460 0.0000000000
44303  -5.090  -18.568  43.609 0.0000000000
43246  -8.686  -19.520  61.587 0.0000000000
42141  -8.842  -20.787  60.867 0.0000000000
42132  -8.255  -20.239  61.354 0.0000000000
42131  -7.252  -20.403  61.387 0.0000000000
42139  -6.620  -20.950  61.126 0.0000000000
41109  -5.832  -21.156  60.636 0.0000000000
41126  -7.815  -21.707  58.442 0.0000000000
124969  -6.869  -22.500  57.390 0.0000000000
110690  -6.967  -22.115  58.067 0.0000000000
109437  -6.886  -21.403  58.964 0.0000000000
41117  -5.816  -21.563  59.845 0.0000000000
114046  -5.099  -21.729  58.667 0.0000000000
40259  -4.001  -22.086  58.008 0.0000000000
40267  -4.362  -22.654  57.630 0.0000000000
40266  -3.446  -22.485  57.590 0.0000000000
59307  -36.915  -2.706  46.904 0.0000000000
49460  -34.414  -13.401  45.748 0.0000000000
49459  -33.752  -13.589  45.249 0.0000000000
50369  -33.560  -12.424  44.738 0.0000000000
57558  -33.923  -3.966  45.405 0.0000000000
114532  -23.370  -11.906  58.606 0.0000000000
50247  -22.432  -12.453  57.828 0.0000000000
124366  -21.596  -12.853  56.013 0.0000000000
109954  -21.666  -13.580  54.931 0.0000000000
114497  -21.377  -13.671  54.115 0.0000000000
50234  -28.593  -13.637  58.808 0.0000000000
51084  -28.320  -12.993  58.476 0.0000000000
49327  -27.688  -13.269  55.545 0.0000000000
49308  -27.193  -13.020  56.292 0.0000000000
50269  -26.202  -12.279  57.166 0.0000000000
50295  -23.650  -12.490  54.763 0.0000000000
50294  -22.711  -12.257  55.209 0.0000000000
49337  -22.213  -13.144  54.616 0.0000000000
115910  -21.174  -14.676  53.790 0.0000000000
48323  -20.383  -14.482  51.257 0.0000000000
65064  -50.691  3.713  26.942 0.0000000000
66026  -51.052  4.694  25.979 0.0000000000
66886  -53.023  6.058  25.093 0.0000000000
51977  -4.066  -10.528  50.591 0.0000000000
51963  -3.584  -11.184  51.994 0.0000000000
47248  -3.744  -15.097  50.473 0.0000000000
48337  -3.517  -14.640  50.978 0.0000000000
113526  -4.720  -15.478  50.547 0.0000000000
47249  -5.702  -15.696  50.577 0.0000000000
112418  -4.496  -14.698  53.076 0.0000000000
48308  -5.226  -14.749  52.400 0.0000000000
48309  -6.061  -15.017  52.662 0.0000000000
48322  -5.998  -14.943  51.844 0.0000000000
111354  -6.112  -15.567  51.215 0.0000000000
47264  -7.540  -15.729  50.003 0.0000000000
45210  -8.513  -17.659  49.160 0.0000000000
45200  -8.319  -17.555  50.385 0.0000000000
44227  -8.393  -18.031  49.830 0.0000000000
43338  -8.155  -18.828  48.913 0.0000000000
109386  -7.705  -19.659  48.584 0.0000000000
104797  -48.416  -3.565  36.099 0.0000000000
104768  -49.068  -3.696  36.664 0.0000000000
59308  -37.656  -3.103  46.941 0.0000000000
56831  -41.735  -5.582  35.305 0.0000000000
56848  -42.147  -5.067  34.885 0.0000000000
57706  -42.785  -4.502  34.378 0.0000000000
119373  -43.282  -4.042  33.920 0.0000000000
57708  -44.625  -3.790  34.032 0.0000000000
57684  -46.241  -4.049  34.903 0.0000000000
41129  -10.374  -21.316  58.654 0.0000000000
42156  -12.651  -20.288  58.665 0.0000000000
40283  -10.239  -21.757  56.143 0.0000000000
104793  -11.124  -21.631  55.867 0.0000000000
109272  -10.544  -21.559  55.568 0.0000000000
47210  -21.113  -14.994  53.829 0.0000000000
121508  -20.819  -15.176  54.041 0.0000000000
121370  -20.402  -15.058  54.595 0.0000000000
46165  -19.997  -15.617  54.529 0.0000000000
45155  -19.035  -17.076  55.690 0.0000000000
43313  -19.103  -19.099  53.035 0.0000000000
44208  -18.879  -18.359  53.586 0.0000000000
116685  -18.667  -17.592  54.358 0.0000000000
44199  -18.625  -17.588  55.229 0.0000000000
45151  -18.961  -17.352  56.271 0.0000000000
44184  -18.818  -18.142  56.561 0.0000000000
43285  -18.182  -19.054  55.853 0.0000000000
43278  -18.350  -19.185  56.757 0.0000000000
44180  -18.193  -18.597  57.597 0.0000000000
113231  -16.903  -19.662  58.116 0.0000000000
43275  -16.223  -19.922  57.773 0.0000000000
42184  -15.475  -20.302  55.827 0.0000000000
104952  -14.956  -20.483  56.373 0.0000000000
42182  -13.818  -20.471  55.609 0.0000000000
111556  -13.752  -19.776  52.990 0.0000000000
42200  -12.475  -20.421  54.631 0.0000000000
41208  -10.626  -20.964  53.265 0.0000000000
53851  -4.084  -8.458  47.236 0.0000000000
49408  -2.621  -13.725  48.005 0.0000000000
47293  -2.365  -15.644  46.383 0.0000000000
50345  -4.917  -12.272  45.544 0.0000000000
50346  -5.768  -12.342  45.533 0.0000000000
49432  -6.112  -13.171  45.407 0.0000000000
49451  -6.523  -13.861  45.067 0.0000000000
48417  -6.027  -14.520  44.506 0.0000000000
49272  -3.505  -12.882  59.162 0.0000000000
45112  -8.668  -17.465  62.258 0.0000000000
46118  -8.497  -16.592  62.272 0.0000000000
45111  -7.643  -17.379  62.434 0.0000000000
46117  -7.445  -16.430  62.441 0.0000000000
46116  -6.405  -16.477  62.408 0.0000000000
47134  -6.202  -15.482  62.395 0.0000000000
106705  -5.634  -18.515  59.885 0.0000000000
47139  -5.678  -14.832  62.113 0.0000000000
109790  -5.383  -14.819  61.305 0.0000000000
48208  -5.039  -14.045  60.871 0.0000000000
47153  -6.064  -15.267  59.801 0.0000000000
48215  -4.922  -14.132  60.018 0.0000000000
48220  -4.879  -14.241  59.103 0.0000000000
49273  -4.226  -13.563  58.670 0.0000000000
112575  -5.568  -14.226  57.062 0.0000000000
47175  -6.462  -15.593  56.884 0.0000000000
48243  -6.580  -14.817  56.206 0.0000000000
47186  -6.700  -15.316  55.511 0.0000000000
46164  -7.202  -16.782  54.330 0.0000000000
45170  -7.324  -17.260  53.579 0.0000000000
124361  -5.857  -19.185  55.838 0.0000000000
44197  -6.266  -18.403  54.536 0.0000000000
44205  -5.841  -19.232  54.236 0.0000000000
45169  -6.734  -17.675  53.991 0.0000000000
44215  -7.275  -18.142  52.463 0.0000000000
43322  -7.062  -19.116  51.204 0.0000000000
42242  -5.962  -20.354  51.305 0.0000000000
43321  -6.690  -20.133  50.966 0.0000000000
43329  -6.866  -20.266  50.110 0.0000000000
42300  -6.224  -20.688  48.561 0.0000000000
39485  -2.305  -23.054  54.280 0.0000000000
40314  -1.970  -22.445  53.731 0.0000000000
38525  -1.858  -24.717  52.501 0.0000000000
40304  -1.561  -21.973  53.753 0.0000000000
41191  -1.463  -21.873  53.131 0.0000000000
40329  -1.789  -22.680  51.335 0.0000000000
41223  -1.596  -22.069  51.717 0.0000000000
41224  -2.079  -21.667  51.673 0.0000000000
41239  -2.991  -22.094  51.013 0.0000000000
41240  -3.842  -21.970  50.847 0.0000000000
38601  -1.665  -24.755  49.000 0.0000000000
39528  -2.008  -23.294  49.324 0.0000000000
40338  -3.364  -22.332  50.145 0.0000000000
41255  -4.082  -22.090  50.305 0.0000000000
40348  -4.618  -21.904  49.295 0.0000000000
39541  -3.931  -23.273  48.486 0.0000000000
40356  -4.277  -22.522  48.818 0.0000000000
123606  -5.274  -21.394  48.934 0.0000000000
41281  -5.791  -21.721  48.334 0.0000000000
38539  -1.404  -24.276  51.210 0.0000000000
39457  -6.706  -22.780  56.432 0.0000000000
41132  -3.293  -21.645  57.512 0.0000000000
41282  -6.301  -21.203  47.605 0.0000000000
42146  -14.981  -19.769  60.459 0.0000000000
42248  -18.427  -20.090  50.964 0.0000000000
43265  -16.364  -19.584  58.527 0.0000000000
44178  -6.355  -18.173  57.334 0.0000000000
44234  -8.466  -18.234  49.218 0.0000000000
45192  -31.988  -14.904  51.106 0.0000000000
45206  -34.237  -15.224  49.890 0.0000000000
45229  -34.285  -15.462  47.826 0.0000000000
46163  -6.822  -16.136  54.828 0.0000000000
46187  -31.584  -15.031  52.082 0.0000000000
46191  -34.232  -14.994  51.853 0.0000000000
46240  -6.989  -16.300  48.321 0.0000000000
47191  -32.101  -14.467  55.036 0.0000000000
47194  -34.627  -14.136  54.719 0.0000000000
47198  -21.327  -14.998  53.828 0.0000000000
47224  -28.641  -14.823  52.570 0.0000000000
47306  -35.360  -14.889  46.695 0.0000000000
48255  -32.171  -14.372  56.719 0.0000000000
48329  -36.811  -13.523  51.921 0.0000000000
49329  -36.662  -13.212  54.707 0.0000000000
49365  -38.125  -13.381  52.710 0.0000000000
49394  -37.513  -12.500  50.120 0.0000000000
57707  -43.859  -3.725  33.818 0.0000000000
106540  -51.574  3.439  30.053 0.0000000000
108714  -33.468  -15.464  49.815 0.0000000000
110843  -9.500  -17.745  61.751 0.0000000000
117518  -6.391  -17.249  46.525 0.0000000000
119758  -38.024  -13.718  52.911 0.0000000000
121735  -3.610  -21.959  57.832 0.0000000000
123596  -6.088  -14.594  57.530 0.0000000000
124021  -33.920  -15.182  51.082 0.0000000000
125601  -34.028  -4.387  42.622 0.0000000000
125848  -36.925  -5.739  41.291 0.0000000000
126566  -5.836  -17.461  59.049 0.0000000000
