#!ascii label  , from subject sub1 vox2ras=TkReg
1633
42391  -44.452  -20.608  44.663 0.0000000000
37530  -32.147  -25.144  54.982 0.0000000000
50499  -44.587  -12.595  28.418 0.0000000000
42558  -35.288  -20.473  33.752 0.0000000000
43494  -45.971  -19.055  35.976 0.0000000000
38556  -41.025  -24.097  51.092 0.0000000000
104605  -32.428  -23.978  42.175 0.0000000000
36784  -34.034  -27.025  36.503 0.0000000000
36584  -22.798  -27.034  53.079 0.0000000000
104939  -53.178  -9.608  35.240 0.0000000000
37705  -24.520  -25.268  42.168 0.0000000000
42483  -40.120  -20.127  39.646 0.0000000000
41465  -41.216  -21.672  34.742 0.0000000000
41408  -45.937  -21.684  39.926 0.0000000000
41298  -42.565  -22.095  47.449 0.0000000000
36701  -39.325  -27.604  43.817 0.0000000000
39630  -39.106  -23.169  41.494 0.0000000000
123041  -33.287  -23.172  36.126 0.0000000000
53045  -56.246  -8.674  31.253 0.0000000000
38500  -27.626  -24.718  54.835 0.0000000000
37649  -23.827  -25.455  48.604 0.0000000000
38614  -28.840  -24.488  49.167 0.0000000000
47489  -44.914  -15.580  32.377 0.0000000000
36571  -37.376  -26.107  55.015 0.0000000000
124806  -33.602  -24.102  48.778 0.0000000000
118858  -38.097  -24.565  46.542 0.0000000000
36755  -33.654  -27.107  39.209 0.0000000000
115443  -19.253  -29.353  53.909 0.0000000000
45424  -50.600  -16.482  34.518 0.0000000000
49581  -46.985  -13.372  32.865 0.0000000000
104047  -49.112  -9.815  38.318 0.0000000000
53054  -48.263  -9.991  31.093 0.0000000000
53092  -50.794  -8.937  27.883 0.0000000000
33998  -19.632  -28.704  47.248 0.0000000000
38698  -28.768  -24.514  43.169 0.0000000000
42425  -41.774  -19.636  42.162 0.0000000000
124174  -43.311  -20.600  39.471 0.0000000000
42445  -45.521  -20.625  41.654 0.0000000000
41328  -43.990  -21.913  45.794 0.0000000000
126387  -41.331  -23.391  45.016 0.0000000000
41353  -41.574  -21.101  43.769 0.0000000000
41387  -39.380  -21.135  41.002 0.0000000000
50517  -41.869  -12.185  25.401 0.0000000000
52129  -44.764  -10.781  26.999 0.0000000000
110283  -29.318  -24.563  55.116 0.0000000000
38547  -28.305  -24.403  52.060 0.0000000000
38534  -30.627  -24.344  52.468 0.0000000000
42586  -35.743  -20.632  31.466 0.0000000000
42539  -43.282  -21.024  35.654 0.0000000000
111386  -41.138  -20.519  33.301 0.0000000000
44423  -43.021  -18.420  34.144 0.0000000000
46485  -42.750  -16.197  32.524 0.0000000000
45420  -45.685  -17.483  34.298 0.0000000000
36581  -39.089  -24.952  53.183 0.0000000000
37618  -37.832  -25.386  50.540 0.0000000000
36651  -39.585  -26.170  49.108 0.0000000000
35851  -37.042  -27.693  39.419 0.0000000000
35825  -36.346  -28.453  40.543 0.0000000000
34948  -34.559  -28.385  37.542 0.0000000000
41449  -34.457  -21.223  35.751 0.0000000000
48564  -48.885  -14.758  33.678 0.0000000000
118969  -48.286  -9.528  34.202 0.0000000000
104938  -50.482  -9.442  33.458 0.0000000000
53067  -49.933  -9.923  29.742 0.0000000000
112424  -52.284  -10.273  30.678 0.0000000000
121021  -54.486  -7.272  27.261 0.0000000000
114546  -21.696  -28.392  52.836 0.0000000000
33953  -19.446  -29.012  50.337 0.0000000000
34841  -21.868  -27.886  50.829 0.0000000000
37682  -23.441  -25.234  45.718 0.0000000000
36689  -21.695  -26.616  44.322 0.0000000000
36727  -22.306  -26.201  41.964 0.0000000000
105266  -33.316  -23.531  45.196 0.0000000000
38655  -31.287  -23.895  45.963 0.0000000000
106867  -31.133  -24.523  42.688 0.0000000000
104950  -37.961  -20.513  37.066 0.0000000000
42548  -38.438  -21.340  34.668 0.0000000000
42525  -40.763  -21.042  36.386 0.0000000000
41430  -43.503  -22.044  37.747 0.0000000000
42517  -45.634  -19.951  38.119 0.0000000000
39538  -42.082  -23.283  49.629 0.0000000000
36673  -40.050  -26.237  47.154 0.0000000000
37686  -40.972  -25.022  46.327 0.0000000000
37730  -39.302  -25.884  41.785 0.0000000000
37768  -36.989  -25.582  38.267 0.0000000000
38804  -33.410  -24.614  36.029 0.0000000000
40423  -36.872  -23.083  39.037 0.0000000000
41426  -37.044  -21.147  38.172 0.0000000000
52996  -55.497  -9.525  33.209 0.0000000000
55980  -56.328  -7.111  34.481 0.0000000000
37562  -24.662  -25.608  53.811 0.0000000000
124707  -22.748  -25.823  50.980 0.0000000000
38544  -25.742  -24.757  51.749 0.0000000000
38610  -25.760  -24.624  48.398 0.0000000000
104750  -25.969  -24.569  45.808 0.0000000000
42570  -38.875  -21.225  31.886 0.0000000000
47518  -42.628  -15.217  30.640 0.0000000000
48606  -44.760  -14.621  30.319 0.0000000000
37549  -34.846  -24.866  55.167 0.0000000000
38536  -32.968  -24.258  52.360 0.0000000000
38555  -35.826  -24.470  51.525 0.0000000000
39546  -35.553  -23.528  48.362 0.0000000000
39594  -35.447  -23.493  44.462 0.0000000000
36683  -38.270  -27.013  45.169 0.0000000000
38719  -36.320  -25.009  42.655 0.0000000000
38745  -33.396  -24.579  40.115 0.0000000000
42394  -47.302  -20.239  44.963 0.0000000000
39467  -33.569  -23.768  55.900 0.0000000000
38477  -38.229  -23.882  54.464 0.0000000000
40302  -40.566  -22.002  53.208 0.0000000000
42413  -48.124  -20.448  43.460 0.0000000000
43435  -48.582  -19.867  40.666 0.0000000000
44382  -48.795  -18.795  38.338 0.0000000000
44403  -51.998  -18.003  37.020 0.0000000000
111807  -48.191  -18.130  35.795 0.0000000000
46476  -47.760  -16.101  33.634 0.0000000000
48594  -46.504  -14.622  31.465 0.0000000000
50486  -45.942  -12.850  30.502 0.0000000000
104203  -47.372  -11.283  35.960 0.0000000000
52074  -46.571  -10.403  32.711 0.0000000000
51279  -46.132  -11.015  29.676 0.0000000000
53078  -47.179  -10.090  27.987 0.0000000000
53084  -53.284  -9.669  29.470 0.0000000000
33938  -17.237  -29.769  51.244 0.0000000000
34027  -17.649  -28.661  44.693 0.0000000000
35749  -21.358  -27.528  47.781 0.0000000000
105734  -20.093  -28.351  44.891 0.0000000000
111625  -30.974  -24.374  49.392 0.0000000000
104964  -28.851  -24.289  46.282 0.0000000000
38696  -26.985  -24.557  43.438 0.0000000000
35773  -28.140  -27.474  42.866 0.0000000000
107178  -42.728  -19.585  42.667 0.0000000000
126510  -44.014  -19.791  41.867 0.0000000000
109620  -45.158  -20.030  43.152 0.0000000000
41329  -44.601  -21.199  45.554 0.0000000000
115841  -43.048  -21.608  44.700 0.0000000000
41343  -42.514  -20.777  44.056 0.0000000000
42406  -42.117  -20.266  43.173 0.0000000000
49638  -43.041  -13.334  28.215 0.0000000000
50503  -43.412  -12.407  27.570 0.0000000000
115849  -42.981  -11.302  26.514 0.0000000000
51290  -44.336  -11.468  27.424 0.0000000000
37545  -30.809  -24.776  54.953 0.0000000000
38517  -29.583  -24.511  53.892 0.0000000000
38518  -31.046  -24.697  53.632 0.0000000000
42566  -33.578  -20.228  32.397 0.0000000000
104369  -35.922  -20.795  32.965 0.0000000000
43492  -44.382  -19.681  35.519 0.0000000000
43498  -43.464  -19.657  34.667 0.0000000000
44406  -44.981  -19.113  34.988 0.0000000000
45418  -43.933  -18.018  34.306 0.0000000000
44418  -45.408  -18.255  34.832 0.0000000000
37572  -39.617  -24.562  52.475 0.0000000000
36604  -39.032  -25.290  51.991 0.0000000000
37620  -40.274  -25.580  50.145 0.0000000000
35861  -35.530  -27.683  37.414 0.0000000000
34966  -35.596  -28.256  37.819 0.0000000000
35881  -33.815  -27.654  36.555 0.0000000000
35879  -31.684  -27.446  36.217 0.0000000000
105310  -34.517  -20.693  34.929 0.0000000000
42543  -32.520  -20.658  33.970 0.0000000000
106689  -33.096  -20.307  32.963 0.0000000000
104202  -50.727  -9.267  34.427 0.0000000000
122678  -51.943  -9.446  33.699 0.0000000000
53018  -51.652  -9.785  32.207 0.0000000000
104611  -52.978  -9.545  32.890 0.0000000000
34822  -21.979  -28.067  52.660 0.0000000000
34831  -21.460  -28.419  51.359 0.0000000000
112604  -21.997  -27.896  51.716 0.0000000000
118123  -24.260  -24.702  44.395 0.0000000000
121557  -22.577  -25.473  43.382 0.0000000000
37722  -23.248  -25.880  41.805 0.0000000000
118500  -23.328  -26.991  41.321 0.0000000000
35809  -24.047  -26.801  41.597 0.0000000000
39592  -33.231  -23.408  44.218 0.0000000000
39591  -32.495  -23.585  44.703 0.0000000000
39612  -31.927  -23.723  42.792 0.0000000000
42500  -39.062  -20.307  38.322 0.0000000000
42523  -38.918  -20.527  36.502 0.0000000000
122353  -40.964  -20.596  37.887 0.0000000000
41407  -44.909  -21.482  39.875 0.0000000000
41417  -43.252  -21.923  38.168 0.0000000000
41419  -44.492  -22.231  38.872 0.0000000000
41432  -44.799  -21.675  38.231 0.0000000000
41420  -45.271  -21.720  38.858 0.0000000000
40370  -42.359  -22.812  48.029 0.0000000000
112699  -41.584  -23.947  47.838 0.0000000000
38660  -41.789  -23.711  46.623 0.0000000000
39618  -40.258  -23.646  42.898 0.0000000000
38720  -40.055  -24.358  43.004 0.0000000000
39626  -39.424  -24.080  41.867 0.0000000000
37757  -38.050  -25.733  39.727 0.0000000000
115296  -38.418  -24.144  40.439 0.0000000000
39650  -37.135  -24.119  39.203 0.0000000000
39641  -37.435  -23.205  39.470 0.0000000000
42456  -39.654  -20.487  40.439 0.0000000000
41404  -38.580  -21.018  39.745 0.0000000000
42499  -38.220  -20.521  38.600 0.0000000000
42510  -37.137  -20.737  37.448 0.0000000000
38513  -26.015  -25.071  53.844 0.0000000000
37586  -25.464  -25.109  52.606 0.0000000000
38514  -26.583  -24.677  53.264 0.0000000000
38569  -28.580  -24.648  50.464 0.0000000000
114189  -27.014  -24.464  50.109 0.0000000000
38588  -27.340  -24.489  49.417 0.0000000000
107213  -25.903  -24.634  47.800 0.0000000000
105942  -27.687  -24.521  47.897 0.0000000000
41463  -39.939  -21.732  34.153 0.0000000000
41473  -38.870  -21.496  33.141 0.0000000000
41475  -40.496  -21.554  33.614 0.0000000000
44433  -40.464  -18.797  32.824 0.0000000000
43510  -39.593  -19.993  32.131 0.0000000000
115467  -39.313  -18.416  32.100 0.0000000000
46486  -43.446  -16.092  32.750 0.0000000000
47503  -42.012  -15.550  31.410 0.0000000000
47505  -43.727  -15.342  31.533 0.0000000000
122713  -43.819  -14.775  30.218 0.0000000000
47520  -44.277  -15.024  30.885 0.0000000000
36569  -36.021  -25.767  55.176 0.0000000000
37568  -34.922  -25.231  54.039 0.0000000000
37570  -36.345  -25.595  53.557 0.0000000000
37632  -37.955  -25.237  48.790 0.0000000000
38597  -36.657  -24.044  49.285 0.0000000000
38637  -37.192  -23.594  47.661 0.0000000000
121054  -35.506  -23.495  45.904 0.0000000000
38676  -36.851  -23.855  45.741 0.0000000000
36685  -39.582  -27.346  45.380 0.0000000000
35757  -39.287  -27.294  46.495 0.0000000000
35767  -38.832  -27.886  44.345 0.0000000000
36757  -35.347  -27.616  39.789 0.0000000000
37728  -36.568  -26.859  41.581 0.0000000000
121762  -35.396  -25.904  40.330 0.0000000000
38730  -35.321  -24.427  41.543 0.0000000000
39662  -33.467  -23.828  36.242 0.0000000000
39483  -39.001  -22.889  53.653 0.0000000000
41238  -43.114  -20.897  51.007 0.0000000000
42412  -47.790  -20.461  43.710 0.0000000000
43426  -49.590  -19.032  41.782 0.0000000000
43437  -50.064  -19.060  41.029 0.0000000000
43472  -48.141  -19.190  38.941 0.0000000000
43474  -50.145  -19.091  39.148 0.0000000000
45412  -51.330  -17.057  35.500 0.0000000000
44411  -49.947  -18.234  36.295 0.0000000000
45423  -49.736  -17.037  34.921 0.0000000000
45421  -47.857  -17.163  34.569 0.0000000000
46465  -48.958  -16.266  34.148 0.0000000000
49582  -47.770  -14.043  33.178 0.0000000000
48577  -47.807  -14.719  32.506 0.0000000000
49596  -47.400  -14.160  32.160 0.0000000000
49610  -46.563  -13.858  31.279 0.0000000000
116652  -46.185  -12.801  32.598 0.0000000000
118986  -48.124  -10.016  37.080 0.0000000000
104217  -47.847  -10.043  32.791 0.0000000000
104171  -46.972  -9.818  33.820 0.0000000000
52075  -47.137  -9.983  32.277 0.0000000000
51255  -46.045  -11.385  31.313 0.0000000000
52105  -46.623  -10.598  30.128 0.0000000000
52126  -46.497  -10.434  28.521 0.0000000000
52117  -47.440  -10.232  29.705 0.0000000000
105239  -49.640  -9.617  28.124 0.0000000000
53090  -48.741  -9.616  27.787 0.0000000000
54074  -49.229  -8.842  26.496 0.0000000000
53023  -56.051  -9.041  32.021 0.0000000000
53059  -54.053  -9.625  30.785 0.0000000000
53072  -54.999  -9.147  30.269 0.0000000000
120757  -19.591  -29.140  49.137 0.0000000000
108345  -18.756  -28.933  49.041 0.0000000000
33986  -19.118  -29.002  47.789 0.0000000000
124062  -17.589  -28.947  46.311 0.0000000000
34013  -18.780  -28.676  45.922 0.0000000000
36649  -22.822  -26.222  49.213 0.0000000000
35739  -22.362  -27.010  48.974 0.0000000000
36662  -22.661  -26.337  48.382 0.0000000000
120597  -20.650  -27.863  44.413 0.0000000000
33264  -20.617  -30.309  40.625 0.0000000000
38573  -32.836  -24.133  50.619 0.0000000000
105791  -32.349  -24.379  50.906 0.0000000000
38593  -32.349  -24.352  49.380 0.0000000000
121673  -30.055  -24.000  45.317 0.0000000000
104963  -29.821  -24.064  46.252 0.0000000000
38683  -28.640  -24.085  44.832 0.0000000000
38682  -27.832  -24.404  44.750 0.0000000000
38697  -27.858  -24.590  43.380 0.0000000000
34887  -27.351  -28.258  42.933 0.0000000000
42458  -41.394  -19.954  40.502 0.0000000000
42484  -41.348  -20.292  39.410 0.0000000000
42459  -42.990  -20.066  40.289 0.0000000000
42461  -44.525  -20.723  40.536 0.0000000000
41389  -45.381  -21.274  40.743 0.0000000000
40378  -42.951  -22.348  46.472 0.0000000000
39584  -42.407  -22.973  45.894 0.0000000000
40387  -42.820  -22.603  45.558 0.0000000000
40400  -41.386  -22.057  44.027 0.0000000000
40407  -40.045  -22.084  42.257 0.0000000000
40411  -38.985  -22.040  41.080 0.0000000000
41375  -40.129  -21.013  41.827 0.0000000000
42440  -40.532  -20.232  41.263 0.0000000000
52141  -44.183  -10.029  25.417 0.0000000000
38501  -28.555  -24.731  54.867 0.0000000000
104973  -28.133  -24.228  53.087 0.0000000000
104972  -29.020  -24.320  53.690 0.0000000000
38548  -29.018  -24.012  52.066 0.0000000000
105951  -29.670  -24.640  51.181 0.0000000000
42538  -42.552  -21.338  35.361 0.0000000000
42562  -41.123  -21.274  33.621 0.0000000000
42550  -42.229  -20.745  34.527 0.0000000000
122597  -42.210  -19.423  33.703 0.0000000000
45427  -41.574  -17.806  33.359 0.0000000000
45440  -41.199  -17.014  33.007 0.0000000000
45428  -42.465  -17.687  33.592 0.0000000000
46473  -43.782  -16.577  33.362 0.0000000000
46474  -44.655  -16.418  33.429 0.0000000000
36579  -38.068  -25.155  53.769 0.0000000000
126559  -37.416  -26.708  52.991 0.0000000000
36602  -38.230  -25.824  52.071 0.0000000000
37619  -38.527  -25.711  50.298 0.0000000000
37652  -38.483  -26.098  48.452 0.0000000000
35827  -38.122  -28.408  41.284 0.0000000000
35799  -37.914  -28.884  42.424 0.0000000000
34926  -36.923  -28.502  40.036 0.0000000000
123164  -35.448  -28.375  38.934 0.0000000000
35835  -33.779  -28.043  38.645 0.0000000000
35846  -31.618  -27.745  38.068 0.0000000000
35858  -31.727  -27.786  37.351 0.0000000000
41436  -34.062  -21.728  36.282 0.0000000000
122397  -32.057  -21.534  34.295 0.0000000000
47465  -51.178  -15.438  34.693 0.0000000000
126571  -50.207  -15.684  34.109 0.0000000000
48565  -49.879  -14.569  33.831 0.0000000000
49583  -48.566  -14.218  33.844 0.0000000000
49570  -47.943  -13.597  34.409 0.0000000000
104063  -49.915  -9.362  37.411 0.0000000000
104551  -48.273  -9.706  36.516 0.0000000000
104526  -49.638  -9.221  35.659 0.0000000000
104234  -49.232  -9.426  34.072 0.0000000000
53016  -49.272  -9.535  32.509 0.0000000000
53055  -48.904  -10.081  30.524 0.0000000000
119434  -50.233  -9.814  30.868 0.0000000000
53056  -50.703  -9.804  30.186 0.0000000000
53069  -52.018  -9.965  29.463 0.0000000000
110610  -56.727  -7.938  30.287 0.0000000000
110621  -55.240  -8.597  29.656 0.0000000000
113248  -56.116  -7.275  27.878 0.0000000000
33911  -20.511  -28.904  53.347 0.0000000000
33922  -19.448  -29.202  52.036 0.0000000000
33941  -20.328  -29.028  51.667 0.0000000000
34839  -20.592  -28.799  50.232 0.0000000000
34853  -20.800  -28.754  48.789 0.0000000000
37674  -23.529  -25.418  46.491 0.0000000000
36675  -22.446  -26.212  46.702 0.0000000000
37681  -22.774  -25.484  45.262 0.0000000000
36696  -21.490  -26.397  43.341 0.0000000000
35808  -21.671  -27.465  41.383 0.0000000000
34923  -21.670  -29.214  40.647 0.0000000000
34913  -22.378  -28.607  40.790 0.0000000000
38636  -33.764  -23.944  47.642 0.0000000000
104843  -32.873  -24.251  47.848 0.0000000000
38656  -32.209  -23.858  46.269 0.0000000000
38685  -30.950  -23.861  45.070 0.0000000000
38699  -29.628  -24.426  43.178 0.0000000000
42534  -36.436  -20.622  35.250 0.0000000000
115353  -36.775  -20.776  34.275 0.0000000000
42536  -38.688  -20.960  35.541 0.0000000000
42537  -39.599  -21.095  35.597 0.0000000000
41440  -41.221  -21.642  35.847 0.0000000000
42503  -42.551  -20.879  38.593 0.0000000000
41428  -42.166  -21.972  36.910 0.0000000000
41455  -42.225  -21.854  35.784 0.0000000000
42526  -43.571  -21.475  36.365 0.0000000000
42528  -44.737  -20.519  36.855 0.0000000000
110170  -45.278  -19.678  36.645 0.0000000000
109867  -41.869  -23.415  50.020 0.0000000000
37635  -40.752  -24.947  49.506 0.0000000000
38622  -41.243  -25.210  48.222 0.0000000000
37678  -40.644  -25.958  46.659 0.0000000000
36693  -39.905  -26.494  45.111 0.0000000000
38689  -41.073  -23.940  45.223 0.0000000000
37693  -39.906  -25.554  44.249 0.0000000000
36734  -39.175  -26.977  42.060 0.0000000000
36759  -38.201  -26.576  40.168 0.0000000000
36767  -37.139  -26.653  38.795 0.0000000000
37774  -35.753  -25.935  37.288 0.0000000000
37780  -33.607  -26.224  36.186 0.0000000000
38793  -35.328  -25.216  37.149 0.0000000000
38779  -34.928  -24.248  36.947 0.0000000000
39657  -34.600  -23.070  37.218 0.0000000000
40410  -38.333  -21.897  40.329 0.0000000000
41413  -36.771  -21.997  38.557 0.0000000000
40435  -34.838  -22.069  37.280 0.0000000000
123128  -35.940  -21.141  37.116 0.0000000000
42521  -35.989  -20.872  36.242 0.0000000000
52994  -54.293  -9.736  34.179 0.0000000000
110919  -55.548  -9.317  35.049 0.0000000000
54000  -56.302  -8.823  33.600 0.0000000000
54015  -56.567  -8.313  32.261 0.0000000000
55035  -56.850  -7.866  31.856 0.0000000000
106720  -57.491  -7.268  30.695 0.0000000000
37584  -23.911  -25.697  53.234 0.0000000000
36617  -22.781  -26.343  51.624 0.0000000000
112829  -24.003  -25.419  52.256 0.0000000000
37599  -24.236  -25.253  51.356 0.0000000000
37631  -24.173  -24.756  49.829 0.0000000000
38545  -26.809  -24.496  51.881 0.0000000000
116547  -25.809  -24.531  49.959 0.0000000000
38609  -24.984  -24.692  48.634 0.0000000000
38632  -24.877  -24.977  47.386 0.0000000000
104560  -25.070  -24.863  45.774 0.0000000000
107249  -25.262  -24.492  44.124 0.0000000000
41472  -36.805  -21.140  32.613 0.0000000000
41481  -36.973  -21.309  31.838 0.0000000000
42572  -40.025  -20.786  32.535 0.0000000000
48622  -43.086  -13.936  28.869 0.0000000000
49633  -44.806  -13.725  29.307 0.0000000000
37531  -33.185  -24.832  55.254 0.0000000000
37566  -32.387  -25.047  54.291 0.0000000000
125461  -34.041  -24.963  53.592 0.0000000000
38553  -34.344  -24.175  52.040 0.0000000000
117320  -34.521  -23.728  50.412 0.0000000000
37602  -36.648  -25.152  51.789 0.0000000000
111996  -36.224  -23.944  50.052 0.0000000000
39535  -34.816  -23.483  48.841 0.0000000000
39567  -34.631  -23.709  47.107 0.0000000000
39593  -34.585  -23.420  44.543 0.0000000000
39615  -34.282  -23.321  43.042 0.0000000000
118548  -39.876  -26.122  48.239 0.0000000000
36672  -38.710  -27.030  47.303 0.0000000000
37684  -37.988  -25.783  45.469 0.0000000000
36714  -37.630  -28.346  42.962 0.0000000000
37698  -37.459  -26.134  43.770 0.0000000000
37690  -37.379  -24.929  44.285 0.0000000000
38702  -36.070  -23.985  43.052 0.0000000000
38717  -34.891  -23.862  41.968 0.0000000000
37791  -32.641  -25.609  35.497 0.0000000000
42374  -45.036  -20.697  45.691 0.0000000000
42393  -46.005  -20.539  45.223 0.0000000000
34806  -21.509  -28.290  54.722 0.0000000000
117645  -23.842  -26.352  53.963 0.0000000000
37543  -24.569  -25.466  54.924 0.0000000000
37544  -25.249  -25.344  54.375 0.0000000000
38467  -28.640  -23.983  56.026 0.0000000000
38469  -30.199  -24.332  55.446 0.0000000000
38470  -31.411  -24.139  55.390 0.0000000000
38486  -32.977  -24.617  55.403 0.0000000000
37518  -34.096  -24.758  56.179 0.0000000000
37520  -35.171  -25.415  56.125 0.0000000000
38487  -37.144  -25.158  55.387 0.0000000000
108386  -36.814  -23.866  55.185 0.0000000000
37522  -38.032  -25.100  55.309 0.0000000000
38489  -38.470  -23.992  54.051 0.0000000000
38504  -39.766  -23.405  52.913 0.0000000000
39505  -40.964  -22.724  52.369 0.0000000000
39513  -41.956  -22.097  51.513 0.0000000000
40335  -42.486  -21.838  50.807 0.0000000000
40354  -42.663  -22.266  49.698 0.0000000000
42357  -44.759  -21.064  46.205 0.0000000000
42411  -46.890  -20.559  43.847 0.0000000000
41364  -47.098  -20.939  42.036 0.0000000000
41378  -47.102  -21.427  41.101 0.0000000000
42432  -49.294  -19.307  43.513 0.0000000000
42447  -48.397  -20.809  41.940 0.0000000000
42463  -47.461  -21.144  40.851 0.0000000000
42506  -46.714  -20.227  39.262 0.0000000000
43482  -47.190  -19.266  37.703 0.0000000000
43488  -47.047  -19.171  36.749 0.0000000000
44395  -49.939  -18.492  37.427 0.0000000000
44401  -48.436  -18.479  36.549 0.0000000000
44408  -46.487  -18.487  35.413 0.0000000000
45408  -47.117  -17.692  34.849 0.0000000000
45432  -46.023  -16.752  33.710 0.0000000000
47475  -46.379  -15.990  33.090 0.0000000000
47477  -48.119  -15.407  33.163 0.0000000000
47476  -47.286  -15.633  33.071 0.0000000000
47507  -45.712  -15.126  31.695 0.0000000000
48593  -45.914  -14.780  30.954 0.0000000000
49627  -45.885  -13.597  30.220 0.0000000000
106288  -45.735  -12.718  29.779 0.0000000000
104166  -47.209  -12.207  35.558 0.0000000000
50438  -46.647  -12.634  34.753 0.0000000000
119014  -47.135  -10.090  34.751 0.0000000000
52058  -46.317  -11.000  34.246 0.0000000000
112752  -46.057  -12.061  32.954 0.0000000000
50458  -45.587  -11.939  31.552 0.0000000000
51268  -45.541  -11.993  30.705 0.0000000000
50500  -45.230  -12.203  28.690 0.0000000000
51291  -45.085  -11.145  27.766 0.0000000000
52130  -45.506  -10.458  27.381 0.0000000000
53097  -45.691  -9.402  26.182 0.0000000000
106946  -48.104  -9.875  28.306 0.0000000000
105659  -47.420  -9.104  26.793 0.0000000000
54099  -46.052  -8.684  24.691 0.0000000000
53021  -53.871  -9.684  31.806 0.0000000000
116254  -53.100  -10.168  30.566 0.0000000000
53082  -52.165  -9.220  28.561 0.0000000000
120939  -53.796  -8.054  28.350 0.0000000000
54058  -52.721  -8.838  28.292 0.0000000000
54076  -51.213  -8.436  26.763 0.0000000000
33952  -18.585  -29.242  50.550 0.0000000000
35730  -22.328  -27.481  50.368 0.0000000000
35738  -21.691  -27.612  49.207 0.0000000000
34858  -20.860  -28.154  47.162 0.0000000000
35755  -22.132  -27.025  46.216 0.0000000000
34862  -20.719  -27.913  46.278 0.0000000000
34866  -20.130  -28.350  45.839 0.0000000000
34873  -19.315  -28.535  44.320 0.0000000000
38535  -31.541  -24.396  52.622 0.0000000000
105950  -30.810  -24.545  50.857 0.0000000000
121958  -30.132  -24.507  49.369 0.0000000000
105914  -31.408  -24.014  47.619 0.0000000000
105940  -29.796  -24.341  47.916 0.0000000000
105941  -28.746  -24.330  48.107 0.0000000000
104966  -27.370  -24.578  46.393 0.0000000000
110855  -26.666  -24.508  44.341 0.0000000000
118625  -25.663  -24.778  42.450 0.0000000000
36711  -31.085  -25.969  42.494 0.0000000000
35796  -29.876  -26.108  42.528 0.0000000000
36710  -28.130  -25.558  42.316 0.0000000000
36709  -27.417  -25.740  42.027 0.0000000000
116941  -26.668  -25.924  41.802 0.0000000000
36730  -25.072  -26.233  41.752 0.0000000000
42408  -44.009  -20.148  43.683 0.0000000000
110793  -44.485  -19.968  43.184 0.0000000000
42409  -45.087  -19.956  44.044 0.0000000000
42390  -43.482  -20.687  44.312 0.0000000000
42407  -43.026  -19.907  43.550 0.0000000000
50498  -43.795  -12.918  28.130 0.0000000000
124775  -43.036  -12.813  27.685 0.0000000000
51289  -43.448  -11.672  27.199 0.0000000000
50504  -44.118  -12.255  27.731 0.0000000000
121595  -31.422  -25.075  54.931 0.0000000000
37564  -31.226  -25.013  54.666 0.0000000000
37546  -31.880  -25.191  54.843 0.0000000000
104749  -34.909  -20.492  33.134 0.0000000000
42567  -34.455  -20.343  32.471 0.0000000000
43493  -45.119  -19.329  35.779 0.0000000000
43499  -44.185  -19.381  34.844 0.0000000000
44417  -44.564  -18.629  34.613 0.0000000000
44407  -45.652  -18.724  35.398 0.0000000000
38538  -40.357  -24.218  52.066 0.0000000000
36605  -39.502  -24.920  51.714 0.0000000000
37605  -40.154  -24.586  51.456 0.0000000000
36785  -34.695  -26.931  36.833 0.0000000000
35882  -34.527  -27.774  36.776 0.0000000000
42546  -35.222  -20.516  34.504 0.0000000000
42557  -33.627  -20.260  34.052 0.0000000000
105114  -34.431  -20.300  34.098 0.0000000000
104946  -33.850  -20.248  33.294 0.0000000000
105909  -52.878  -9.539  36.130 0.0000000000
104940  -52.268  -9.169  35.268 0.0000000000
123926  -52.648  -9.378  34.588 0.0000000000
52993  -52.625  -9.466  33.791 0.0000000000
52975  -53.399  -9.602  34.402 0.0000000000
35689  -22.472  -27.531  53.366 0.0000000000
35702  -22.269  -27.381  52.479 0.0000000000
38709  -24.239  -24.802  42.615 0.0000000000
38708  -23.738  -24.727  42.962 0.0000000000
37704  -23.671  -25.267  42.375 0.0000000000
36728  -23.690  -26.338  41.583 0.0000000000
36729  -24.412  -26.194  41.628 0.0000000000
39613  -32.741  -23.624  42.682 0.0000000000
39602  -32.358  -23.502  43.595 0.0000000000
42482  -39.616  -20.174  38.955 0.0000000000
105949  -40.071  -20.505  37.979 0.0000000000
42501  -40.597  -20.287  38.706 0.0000000000
117517  -45.539  -21.609  40.096 0.0000000000
41406  -44.339  -22.128  39.202 0.0000000000
108895  -45.114  -21.734  39.430 0.0000000000
41421  -45.758  -21.592  39.307 0.0000000000
39559  -42.166  -23.467  47.481 0.0000000000
40369  -42.525  -22.806  47.023 0.0000000000
39617  -39.717  -23.194  42.281 0.0000000000
39625  -38.788  -24.057  41.171 0.0000000000
39642  -38.010  -23.852  39.757 0.0000000000
39629  -38.410  -23.102  40.645 0.0000000000
121300  -39.282  -20.407  39.727 0.0000000000
105687  -26.907  -24.646  54.112 0.0000000000
38589  -28.265  -24.487  49.676 0.0000000000
38568  -27.748  -24.495  50.287 0.0000000000
38612  -27.076  -24.558  48.544 0.0000000000
38613  -27.999  -24.475  48.794 0.0000000000
41464  -40.640  -21.705  34.428 0.0000000000
45438  -39.909  -17.892  32.517 0.0000000000
47488  -43.990  -15.480  32.328 0.0000000000
47506  -44.684  -15.318  31.552 0.0000000000
36577  -36.746  -26.073  54.778 0.0000000000
36586  -36.216  -25.691  54.411 0.0000000000
36587  -36.721  -25.593  53.777 0.0000000000
38638  -37.847  -24.383  47.347 0.0000000000
38621  -37.592  -24.300  48.233 0.0000000000
38657  -37.261  -23.860  46.597 0.0000000000
38658  -37.713  -24.551  45.749 0.0000000000
36692  -39.454  -27.643  44.618 0.0000000000
109555  -39.261  -27.959  44.876 0.0000000000
35768  -39.073  -27.964  44.112 0.0000000000
36756  -34.571  -27.249  39.548 0.0000000000
36742  -35.008  -26.462  39.870 0.0000000000
37755  -34.212  -26.054  39.483 0.0000000000
37743  -34.681  -25.476  40.065 0.0000000000
111107  -33.915  -23.204  36.566 0.0000000000
111089  -49.678  -19.294  39.823 0.0000000000
46459  -51.450  -16.398  34.895 0.0000000000
45413  -52.196  -16.526  35.789 0.0000000000
108949  -50.646  -17.138  35.093 0.0000000000
45422  -48.705  -16.875  34.714 0.0000000000
46466  -49.658  -16.402  34.411 0.0000000000
49595  -46.714  -13.572  31.971 0.0000000000
104338  -49.093  -8.812  38.688 0.0000000000
104046  -48.925  -10.032  38.731 0.0000000000
104054  -48.300  -10.572  37.718 0.0000000000
53040  -47.928  -9.783  31.966 0.0000000000
52093  -47.337  -10.117  31.438 0.0000000000
52106  -47.418  -10.232  30.586 0.0000000000
52107  -48.229  -9.966  30.177 0.0000000000
53081  -50.595  -9.456  28.495 0.0000000000
53101  -49.364  -9.195  27.318 0.0000000000
53091  -50.169  -9.172  27.658 0.0000000000
119659  -49.977  -8.821  26.836 0.0000000000
119163  -56.129  -8.906  31.621 0.0000000000
110546  -55.683  -9.375  31.109 0.0000000000
54034  -55.931  -9.096  30.948 0.0000000000
33921  -18.655  -29.427  52.482 0.0000000000
33987  -19.885  -28.924  48.049 0.0000000000
33977  -19.401  -29.043  48.520 0.0000000000
33997  -18.782  -28.881  46.867 0.0000000000
36663  -23.212  -25.803  48.582 0.0000000000
36671  -23.002  -25.929  47.928 0.0000000000
34075  -20.014  -29.955  40.929 0.0000000000
109393  -33.443  -23.695  50.068 0.0000000000
111437  -32.736  -24.012  49.856 0.0000000000
38594  -33.168  -24.243  49.127 0.0000000000
38684  -29.505  -24.040  44.663 0.0000000000
112923  -29.087  -24.141  43.901 0.0000000000
112397  -28.321  -24.341  43.996 0.0000000000
109373  -42.079  -19.647  41.053 0.0000000000
125335  -42.201  -20.047  40.325 0.0000000000
42427  -44.731  -20.018  42.371 0.0000000000
42443  -44.010  -20.054  41.180 0.0000000000
42444  -44.701  -20.406  41.364 0.0000000000
118797  -43.838  -21.999  46.107 0.0000000000
40388  -43.223  -22.457  45.910 0.0000000000
40397  -43.361  -22.183  45.414 0.0000000000
41342  -42.134  -21.726  44.409 0.0000000000
123281  -40.458  -22.068  42.917 0.0000000000
109701  -40.029  -21.037  42.868 0.0000000000
42424  -40.634  -20.207  42.157 0.0000000000
42441  -41.194  -19.729  41.440 0.0000000000
50511  -41.881  -12.239  26.173 0.0000000000
120047  -43.338  -10.935  26.223 0.0000000000
52136  -44.409  -10.303  26.266 0.0000000000
38516  -28.570  -24.396  53.908 0.0000000000
105631  -29.131  -24.543  54.371 0.0000000000
105119  -30.095  -24.385  53.250 0.0000000000
38533  -29.292  -24.199  53.047 0.0000000000
104971  -29.783  -24.045  52.230 0.0000000000
42551  -42.985  -20.412  34.988 0.0000000000
44415  -43.144  -19.222  34.349 0.0000000000
44422  -42.644  -19.287  33.973 0.0000000000
104398  -42.118  -18.695  33.647 0.0000000000
45419  -44.825  -17.756  34.337 0.0000000000
45430  -44.280  -17.199  33.868 0.0000000000
45431  -45.163  -17.006  33.813 0.0000000000
36580  -38.509  -24.875  53.436 0.0000000000
35692  -38.293  -25.477  52.361 0.0000000000
36603  -38.732  -25.459  52.175 0.0000000000
36636  -39.312  -25.786  50.669 0.0000000000
109130  -38.919  -25.807  50.853 0.0000000000
36650  -39.080  -26.038  49.788 0.0000000000
37633  -38.558  -25.799  49.325 0.0000000000
109611  -38.944  -26.422  48.804 0.0000000000
114493  -37.382  -27.979  40.059 0.0000000000
35826  -37.366  -28.540  40.798 0.0000000000
34949  -35.111  -28.527  37.917 0.0000000000
34950  -35.525  -28.396  38.505 0.0000000000
34935  -35.045  -28.441  38.710 0.0000000000
35849  -34.439  -28.403  38.291 0.0000000000
35848  -33.579  -28.139  37.777 0.0000000000
35859  -32.535  -27.773  37.509 0.0000000000
41448  -33.712  -21.479  35.682 0.0000000000
41447  -33.067  -21.693  35.405 0.0000000000
41460  -33.317  -20.976  35.074 0.0000000000
48554  -50.821  -14.628  34.807 0.0000000000
48566  -50.498  -14.895  34.259 0.0000000000
49571  -49.028  -13.778  34.616 0.0000000000
104082  -51.296  -9.431  38.081 0.0000000000
104072  -51.200  -9.569  39.254 0.0000000000
113334  -50.469  -9.299  37.603 0.0000000000
104209  -49.565  -9.366  36.621 0.0000000000
104076  -50.254  -9.113  36.495 0.0000000000
104305  -49.975  -9.397  34.011 0.0000000000
104240  -49.630  -9.431  33.309 0.0000000000
53017  -50.176  -9.468  32.566 0.0000000000
53042  -49.778  -9.582  31.735 0.0000000000
106182  -51.933  -10.057  31.469 0.0000000000
111639  -51.300  -9.902  30.825 0.0000000000
53057  -51.661  -10.122  30.074 0.0000000000
54047  -56.994  -7.716  29.638 0.0000000000
54060  -56.121  -8.133  29.683 0.0000000000
33923  -21.107  -28.815  52.551 0.0000000000
125937  -20.775  -29.065  52.155 0.0000000000
33955  -20.809  -28.765  51.045 0.0000000000
34840  -21.221  -28.439  50.346 0.0000000000
34848  -20.769  -28.885  49.485 0.0000000000
34849  -21.206  -28.281  49.431 0.0000000000
37673  -22.892  -25.674  46.190 0.0000000000
37703  -22.780  -25.615  42.570 0.0000000000
37696  -21.968  -25.859  42.865 0.0000000000
36707  -21.575  -26.472  42.464 0.0000000000
36726  -21.766  -26.743  41.756 0.0000000000
118435  -22.236  -27.846  40.907 0.0000000000
124422  -22.464  -27.038  41.276 0.0000000000
35790  -23.707  -27.513  41.624 0.0000000000
34914  -23.565  -28.324  41.727 0.0000000000
122600  -33.793  -23.541  46.652 0.0000000000
39565  -32.979  -23.783  46.986 0.0000000000
105610  -33.097  -23.598  46.091 0.0000000000
39601  -31.438  -23.853  43.479 0.0000000000
39590  -31.666  -23.719  44.377 0.0000000000
126687  -30.988  -24.042  44.163 0.0000000000
122005  -30.323  -24.123  44.432 0.0000000000
38700  -30.582  -24.247  43.378 0.0000000000
104949  -36.909  -20.497  35.866 0.0000000000
42535  -37.771  -20.820  35.459 0.0000000000
104948  -38.153  -20.584  36.196 0.0000000000
115354  -40.241  -20.571  37.042 0.0000000000
42524  -39.931  -20.690  36.386 0.0000000000
41439  -40.482  -21.388  35.654 0.0000000000
41427  -41.472  -21.444  36.600 0.0000000000
42485  -42.514  -20.412  39.573 0.0000000000
42502  -41.637  -20.604  38.226 0.0000000000
41418  -43.916  -22.251  38.626 0.0000000000
41429  -42.871  -22.062  37.277 0.0000000000
41441  -41.913  -21.925  36.149 0.0000000000
41442  -42.588  -22.038  36.484 0.0000000000
41456  -42.957  -21.952  36.008 0.0000000000
41443  -43.200  -22.034  36.818 0.0000000000
42504  -45.343  -20.930  38.330 0.0000000000
42515  -44.525  -21.341  37.367 0.0000000000
42516  -45.068  -20.397  37.611 0.0000000000
43480  -45.635  -19.662  37.335 0.0000000000
125096  -42.297  -22.988  50.094 0.0000000000
38600  -41.531  -23.849  49.404 0.0000000000
108010  -41.765  -23.738  48.975 0.0000000000
114310  -41.359  -24.509  47.149 0.0000000000
37679  -41.093  -25.314  47.004 0.0000000000
37685  -40.558  -25.748  45.832 0.0000000000
115050  -40.369  -25.377  45.094 0.0000000000
107181  -41.687  -23.422  45.627 0.0000000000
38732  -39.774  -24.964  42.197 0.0000000000
38704  -40.367  -24.561  43.758 0.0000000000
38703  -39.815  -25.230  43.178 0.0000000000
37713  -39.481  -26.067  42.548 0.0000000000
113065  -39.007  -26.705  41.490 0.0000000000
37729  -38.869  -25.857  41.136 0.0000000000
37756  -37.498  -25.726  39.093 0.0000000000
37767  -36.391  -25.807  37.620 0.0000000000
121780  -35.897  -25.324  37.496 0.0000000000
39649  -36.286  -23.934  38.704 0.0000000000
39659  -35.734  -24.114  38.177 0.0000000000
39658  -35.292  -23.688  37.606 0.0000000000
39648  -35.717  -23.316  38.263 0.0000000000
41414  -37.450  -21.149  38.906 0.0000000000
41403  -37.919  -21.618  39.589 0.0000000000
40429  -36.007  -22.341  38.093 0.0000000000
41424  -35.620  -21.792  37.528 0.0000000000
41425  -36.420  -21.352  37.721 0.0000000000
42509  -36.588  -20.687  36.866 0.0000000000
42522  -37.416  -20.527  36.493 0.0000000000
53984  -56.011  -8.356  34.898 0.0000000000
55004  -56.104  -7.757  34.467 0.0000000000
54001  -56.479  -8.400  33.038 0.0000000000
55015  -56.448  -7.935  33.343 0.0000000000
55026  -56.997  -7.430  32.126 0.0000000000
55036  -57.269  -7.340  31.489 0.0000000000
54025  -57.017  -7.758  31.165 0.0000000000
37585  -24.690  -25.414  52.857 0.0000000000
37600  -24.794  -25.069  52.033 0.0000000000
37616  -25.055  -25.117  51.251 0.0000000000
37615  -24.644  -25.055  50.620 0.0000000000
38531  -27.594  -24.437  52.426 0.0000000000
38546  -27.653  -24.571  51.680 0.0000000000
38587  -26.473  -24.511  49.553 0.0000000000
38567  -26.369  -24.436  50.406 0.0000000000
38586  -25.608  -24.602  49.218 0.0000000000
38585  -24.799  -24.737  49.318 0.0000000000
37664  -24.452  -25.174  48.081 0.0000000000
113863  -25.259  -24.783  47.898 0.0000000000
38634  -26.426  -24.621  47.447 0.0000000000
38652  -25.598  -24.719  46.409 0.0000000000
38680  -24.888  -24.716  44.942 0.0000000000
107376  -25.598  -24.636  45.059 0.0000000000
42547  -37.630  -21.184  34.434 0.0000000000
42560  -37.402  -21.289  33.384 0.0000000000
41483  -38.548  -21.427  32.362 0.0000000000
41482  -37.634  -21.416  32.323 0.0000000000
42561  -40.636  -21.116  33.066 0.0000000000
125489  -40.608  -20.448  32.875 0.0000000000
44441  -39.150  -19.194  31.866 0.0000000000
46484  -41.950  -16.454  32.617 0.0000000000
46498  -41.639  -15.957  32.023 0.0000000000
48604  -42.162  -14.928  29.958 0.0000000000
48615  -43.540  -14.456  29.480 0.0000000000
48616  -44.414  -14.346  29.631 0.0000000000
49632  -44.047  -13.949  29.046 0.0000000000
37548  -33.893  -24.700  55.319 0.0000000000
37567  -33.305  -24.893  54.411 0.0000000000
106284  -34.226  -24.858  54.530 0.0000000000
124787  -35.519  -25.209  53.124 0.0000000000
38537  -34.590  -24.770  52.821 0.0000000000
38554  -35.188  -24.620  52.135 0.0000000000
107642  -34.941  -24.022  51.360 0.0000000000
37603  -37.460  -25.591  51.874 0.0000000000
37617  -37.315  -25.269  51.137 0.0000000000
39537  -36.271  -23.686  48.686 0.0000000000
39536  -35.779  -23.694  49.173 0.0000000000
38596  -35.162  -23.705  49.762 0.0000000000
39556  -34.692  -23.768  47.968 0.0000000000
39557  -35.516  -23.570  47.523 0.0000000000
39582  -36.091  -23.502  45.257 0.0000000000
39581  -35.069  -23.464  45.262 0.0000000000
105145  -34.047  -23.360  43.904 0.0000000000
39604  -34.887  -23.430  43.717 0.0000000000
37653  -40.723  -25.661  48.322 0.0000000000
37634  -40.387  -25.548  49.085 0.0000000000
36666  -40.432  -25.922  47.812 0.0000000000
112540  -38.926  -27.477  46.122 0.0000000000
35756  -38.937  -27.323  46.969 0.0000000000
36678  -38.630  -27.138  46.554 0.0000000000
37677  -38.387  -26.444  46.835 0.0000000000
36677  -38.331  -26.569  46.014 0.0000000000
35798  -37.294  -28.642  42.124 0.0000000000
37712  -36.787  -26.198  42.322 0.0000000000
36699  -37.341  -26.920  42.968 0.0000000000
122552  -37.035  -25.698  43.000 0.0000000000
37691  -37.680  -26.105  44.719 0.0000000000
121261  -36.853  -24.718  43.491 0.0000000000
112881  -36.772  -24.234  44.171 0.0000000000
38746  -34.255  -24.720  40.447 0.0000000000
38729  -34.630  -24.259  41.216 0.0000000000
38728  -33.594  -24.247  41.007 0.0000000000
39624  -34.106  -23.791  41.746 0.0000000000
38791  -33.929  -25.284  36.207 0.0000000000
34805  -20.616  -28.478  54.259 0.0000000000
125939  -28.224  -24.253  56.015 0.0000000000
38472  -33.660  -24.314  55.771 0.0000000000
37521  -35.959  -25.151  55.311 0.0000000000
38474  -36.491  -24.492  55.389 0.0000000000
106544  -38.110  -22.907  54.758 0.0000000000
109949  -37.726  -22.736  55.129 0.0000000000
39472  -37.699  -23.720  54.879 0.0000000000
38475  -37.515  -24.495  55.197 0.0000000000
38476  -37.932  -24.534  55.045 0.0000000000
38488  -38.240  -24.348  54.621 0.0000000000
39484  -39.674  -22.774  53.320 0.0000000000
126805  -39.501  -23.279  53.293 0.0000000000
39497  -40.081  -22.566  53.055 0.0000000000
38522  -40.126  -23.661  52.518 0.0000000000
39504  -40.577  -22.760  52.707 0.0000000000
126345  -41.471  -21.914  51.986 0.0000000000
40320  -41.915  -21.638  51.673 0.0000000000
39520  -42.259  -22.283  50.962 0.0000000000
40327  -42.316  -21.691  51.329 0.0000000000
40345  -42.815  -21.382  50.652 0.0000000000
117716  -42.928  -21.472  50.022 0.0000000000
42376  -46.597  -20.291  45.205 0.0000000000
109621  -46.113  -20.336  44.530 0.0000000000
106902  -46.883  -20.463  44.666 0.0000000000
104573  -47.568  -20.792  43.306 0.0000000000
105391  -48.061  -21.238  43.067 0.0000000000
41365  -47.544  -21.192  41.846 0.0000000000
104808  -48.070  -21.299  42.413 0.0000000000
43425  -49.313  -19.580  41.240 0.0000000000
42448  -48.777  -19.663  41.791 0.0000000000
42464  -48.131  -20.608  41.222 0.0000000000
42489  -47.779  -20.142  40.434 0.0000000000
42488  -47.091  -20.745  40.031 0.0000000000
43471  -47.348  -19.512  38.661 0.0000000000
43483  -48.013  -19.012  38.022 0.0000000000
44393  -47.833  -18.819  37.115 0.0000000000
45395  -52.971  -17.525  37.044 0.0000000000
44383  -50.647  -18.593  38.405 0.0000000000
44396  -51.311  -18.242  37.644 0.0000000000
44410  -49.056  -18.080  36.074 0.0000000000
108537  -49.224  -18.450  36.734 0.0000000000
44400  -47.632  -18.654  36.257 0.0000000000
44409  -47.371  -18.346  35.530 0.0000000000
123839  -47.382  -16.863  34.198 0.0000000000
119473  -46.901  -16.468  33.624 0.0000000000
117130  -49.309  -15.235  33.716 0.0000000000
46477  -48.695  -15.802  33.674 0.0000000000
47478  -48.677  -15.265  33.394 0.0000000000
48576  -47.313  -14.754  31.909 0.0000000000
113064  -47.710  -15.098  32.440 0.0000000000
115862  -46.769  -15.269  32.194 0.0000000000
49609  -46.219  -13.332  30.872 0.0000000000
48608  -46.236  -14.201  30.751 0.0000000000
49634  -45.420  -13.445  29.622 0.0000000000
104055  -47.882  -11.714  36.963 0.0000000000
105042  -46.446  -11.821  34.791 0.0000000000
104068  -47.983  -9.451  35.422 0.0000000000
104186  -47.340  -9.996  35.813 0.0000000000
104078  -47.234  -9.800  34.361 0.0000000000
104206  -46.567  -9.953  33.329 0.0000000000
104070  -47.552  -10.064  33.810 0.0000000000
52063  -46.425  -10.752  32.805 0.0000000000
51227  -46.175  -11.594  33.714 0.0000000000
113153  -46.277  -11.258  32.949 0.0000000000
51239  -46.233  -11.456  32.232 0.0000000000
51269  -45.962  -11.298  30.428 0.0000000000
51278  -45.736  -11.780  29.630 0.0000000000
112983  -45.546  -12.327  29.173 0.0000000000
113708  -45.645  -11.848  28.945 0.0000000000
51285  -45.387  -11.449  28.499 0.0000000000
52115  -46.042  -11.168  28.939 0.0000000000
52131  -46.263  -10.215  27.733 0.0000000000
53087  -46.003  -9.833  26.970 0.0000000000
53066  -49.086  -10.071  29.884 0.0000000000
53065  -48.360  -9.881  29.247 0.0000000000
119078  -49.282  -9.909  29.278 0.0000000000
53100  -48.387  -8.957  26.975 0.0000000000
53089  -47.783  -9.536  27.566 0.0000000000
53108  -47.111  -8.727  25.976 0.0000000000
52995  -54.964  -9.647  33.746 0.0000000000
52064  -53.990  -9.853  32.717 0.0000000000
52076  -54.622  -9.792  32.200 0.0000000000
53071  -54.018  -9.398  30.219 0.0000000000
113603  -53.288  -10.078  29.950 0.0000000000
53070  -52.834  -10.048  29.365 0.0000000000
53083  -52.848  -9.578  28.903 0.0000000000
55072  -54.460  -7.682  28.114 0.0000000000
109728  -54.383  -8.232  28.986 0.0000000000
55091  -52.762  -8.209  27.335 0.0000000000
54077  -51.865  -8.220  26.985 0.0000000000
33940  -19.403  -29.033  51.142 0.0000000000
33939  -18.595  -29.272  51.565 0.0000000000
33975  -17.961  -29.265  48.921 0.0000000000
33983  -16.954  -28.936  47.440 0.0000000000
33996  -17.379  -28.934  45.700 0.0000000000
34011  -16.634  -28.774  44.873 0.0000000000
107003  -16.834  -28.721  43.978 0.0000000000
36633  -22.494  -26.728  50.801 0.0000000000
35743  -21.662  -27.339  48.531 0.0000000000
34854  -21.160  -27.905  48.643 0.0000000000
36682  -22.371  -26.162  45.749 0.0000000000
36681  -21.869  -26.798  45.296 0.0000000000
34867  -20.654  -27.872  45.364 0.0000000000
34865  -19.462  -28.567  45.401 0.0000000000
34066  -22.469  -29.633  41.025 0.0000000000
33252  -22.020  -30.572  41.202 0.0000000000
38520  -32.964  -24.786  53.395 0.0000000000
38519  -31.980  -24.675  53.501 0.0000000000
117897  -32.322  -24.384  52.736 0.0000000000
38571  -31.284  -24.653  50.168 0.0000000000
105915  -31.654  -24.445  50.869 0.0000000000
38591  -30.249  -24.767  50.263 0.0000000000
117868  -32.170  -23.884  47.306 0.0000000000
119236  -32.035  -23.973  48.194 0.0000000000
38635  -31.448  -24.003  46.789 0.0000000000
104967  -30.196  -24.253  47.114 0.0000000000
104968  -29.271  -24.380  47.114 0.0000000000
104969  -28.195  -24.681  47.000 0.0000000000
104965  -28.081  -24.412  46.081 0.0000000000
112398  -27.389  -24.479  44.185 0.0000000000
38681  -27.085  -24.406  44.990 0.0000000000
38695  -26.147  -24.518  43.689 0.0000000000
38711  -26.393  -24.634  42.678 0.0000000000
36698  -30.869  -26.688  42.828 0.0000000000
37710  -30.169  -25.243  42.512 0.0000000000
114675  -28.967  -27.533  43.299 0.0000000000
35795  -28.930  -26.738  42.685 0.0000000000
111281  -27.951  -26.485  42.285 0.0000000000
34906  -26.521  -28.031  42.391 0.0000000000
35793  -26.411  -26.950  41.881 0.0000000000
36708  -25.751  -25.988  41.715 0.0000000000
118207  -25.781  -27.624  42.198 0.0000000000
42442  -43.116  -19.549  41.568 0.0000000000
42426  -43.673  -19.660  42.730 0.0000000000
41344  -43.950  -21.515  45.114 0.0000000000
41362  -41.053  -20.553  42.985 0.0000000000
51288  -42.542  -12.172  26.957 0.0000000000
51296  -42.326  -11.641  26.003 0.0000000000
37529  -30.178  -24.426  55.171 0.0000000000
38502  -29.891  -24.498  54.688 0.0000000000
113524  -30.432  -24.700  54.263 0.0000000000
42569  -36.270  -21.078  32.076 0.0000000000
43491  -43.713  -20.087  35.245 0.0000000000
44416  -43.744  -18.898  34.473 0.0000000000
37571  -39.419  -24.793  52.850 0.0000000000
36591  -39.124  -25.131  52.609 0.0000000000
37589  -39.333  -24.889  52.487 0.0000000000
36622  -39.495  -25.605  50.993 0.0000000000
36637  -39.965  -26.007  49.877 0.0000000000
35862  -36.111  -27.638  37.949 0.0000000000
34951  -36.030  -28.194  38.565 0.0000000000
34965  -35.047  -28.255  37.172 0.0000000000
35860  -34.239  -28.183  36.958 0.0000000000
110926  -33.366  -27.848  36.870 0.0000000000
35880  -33.069  -27.445  36.317 0.0000000000
42532  -33.970  -21.043  35.188 0.0000000000
42545  -33.812  -20.580  34.622 0.0000000000
42556  -33.059  -20.347  33.665 0.0000000000
122225  -51.651  -9.178  37.022 0.0000000000
104086  -51.068  -9.048  36.174 0.0000000000
119024  -51.248  -9.002  35.507 0.0000000000
52974  -51.842  -9.204  34.392 0.0000000000
52992  -51.336  -9.467  33.629 0.0000000000
104937  -51.080  -9.652  32.785 0.0000000000
104891  -51.973  -9.766  33.024 0.0000000000
53019  -52.450  -9.687  32.136 0.0000000000
34821  -21.637  -28.526  52.169 0.0000000000
37689  -23.389  -25.010  44.804 0.0000000000
38693  -23.450  -24.853  43.801 0.0000000000
124187  -23.020  -26.476  41.502 0.0000000000
35791  -24.401  -27.439  42.126 0.0000000000
38701  -31.324  -24.050  42.901 0.0000000000
42511  -38.522  -20.397  37.659 0.0000000000
42512  -39.451  -20.413  37.329 0.0000000000
42513  -40.882  -20.823  37.200 0.0000000000
42486  -44.034  -20.744  39.642 0.0000000000
41405  -43.532  -21.623  38.964 0.0000000000
41431  -44.139  -22.081  38.068 0.0000000000
40353  -42.308  -22.932  49.085 0.0000000000
39548  -41.980  -23.576  48.327 0.0000000000
38640  -41.683  -23.889  47.221 0.0000000000
38659  -41.386  -24.305  46.551 0.0000000000
39607  -40.700  -23.306  43.556 0.0000000000
39596  -40.770  -23.757  44.336 0.0000000000
106085  -39.725  -24.015  42.539 0.0000000000
38731  -39.288  -24.981  41.456 0.0000000000
38748  -38.703  -24.923  40.750 0.0000000000
38762  -38.284  -24.852  40.011 0.0000000000
38771  -37.301  -24.972  38.819 0.0000000000
38770  -36.856  -24.718  38.542 0.0000000000
41386  -38.973  -21.081  40.441 0.0000000000
41415  -38.178  -20.880  39.221 0.0000000000
42498  -37.650  -20.692  38.041 0.0000000000
37563  -25.352  -25.343  53.398 0.0000000000
124513  -25.927  -25.038  53.130 0.0000000000
38530  -26.235  -24.737  52.561 0.0000000000
105953  -28.106  -24.687  51.128 0.0000000000
125196  -26.814  -24.530  49.060 0.0000000000
38611  -26.427  -24.599  48.130 0.0000000000
119859  -26.958  -24.622  47.826 0.0000000000
38653  -26.423  -24.608  46.603 0.0000000000
41451  -39.320  -21.424  34.803 0.0000000000
41461  -38.239  -21.499  33.778 0.0000000000
41462  -39.089  -21.555  33.968 0.0000000000
41474  -39.715  -21.552  33.336 0.0000000000
41484  -39.406  -21.293  32.524 0.0000000000
43502  -40.885  -19.645  33.086 0.0000000000
43511  -40.241  -19.802  32.609 0.0000000000
44432  -39.784  -19.012  32.337 0.0000000000
47486  -42.395  -15.892  32.027 0.0000000000
47487  -43.180  -15.727  32.107 0.0000000000
47504  -42.893  -15.515  31.407 0.0000000000
124141  -43.235  -15.074  30.368 0.0000000000
47519  -43.429  -15.180  30.827 0.0000000000
106209  -35.212  -25.741  55.782 0.0000000000
37550  -35.607  -25.305  54.835 0.0000000000
37569  -35.692  -25.540  54.008 0.0000000000
37601  -35.973  -25.091  52.264 0.0000000000
108696  -37.863  -25.275  49.690 0.0000000000
38577  -37.162  -24.567  50.134 0.0000000000
38598  -37.370  -24.496  49.102 0.0000000000
38620  -37.004  -23.738  48.477 0.0000000000
39547  -36.438  -23.399  47.989 0.0000000000
39568  -35.472  -23.599  46.652 0.0000000000
39558  -36.384  -23.527  47.105 0.0000000000
39569  -36.251  -23.593  46.198 0.0000000000
36679  -40.245  -26.426  46.702 0.0000000000
35752  -39.782  -26.807  46.759 0.0000000000
35758  -39.799  -27.087  46.145 0.0000000000
35763  -39.278  -27.563  45.645 0.0000000000
35766  -38.524  -27.625  44.526 0.0000000000
112720  -35.815  -28.098  40.369 0.0000000000
36732  -36.723  -28.153  41.727 0.0000000000
36743  -35.713  -26.920  40.274 0.0000000000
37744  -36.013  -26.134  40.809 0.0000000000
37727  -35.955  -25.372  41.742 0.0000000000
38747  -35.386  -25.000  40.725 0.0000000000
37742  -33.776  -25.140  39.762 0.0000000000
39663  -34.111  -24.293  36.467 0.0000000000
115195  -33.940  -23.244  56.044 0.0000000000
39473  -38.507  -22.922  54.100 0.0000000000
40293  -39.444  -22.079  53.988 0.0000000000
117330  -42.763  -20.989  51.313 0.0000000000
110067  -47.870  -19.425  45.323 0.0000000000
42395  -47.591  -20.245  44.485 0.0000000000
43391  -48.012  -19.864  45.064 0.0000000000
42396  -48.182  -19.874  44.357 0.0000000000
42414  -48.681  -19.654  43.935 0.0000000000
43436  -49.458  -19.548  40.631 0.0000000000
43457  -48.215  -19.317  39.942 0.0000000000
43458  -48.938  -19.331  40.097 0.0000000000
43473  -49.056  -19.042  39.252 0.0000000000
121679  -49.642  -18.794  38.393 0.0000000000
45414  -53.262  -16.280  35.754 0.0000000000
45403  -51.886  -17.337  36.365 0.0000000000
44402  -50.926  -18.112  36.713 0.0000000000
44412  -50.724  -17.695  35.836 0.0000000000
45411  -49.857  -17.760  35.495 0.0000000000
45410  -48.859  -17.471  35.448 0.0000000000
45409  -47.977  -17.631  35.136 0.0000000000
46464  -48.218  -16.550  34.091 0.0000000000
48563  -48.299  -14.652  33.124 0.0000000000
47491  -48.301  -15.030  32.906 0.0000000000
120517  -46.972  -14.258  31.647 0.0000000000
50472  -46.069  -12.995  31.716 0.0000000000
104168  -47.334  -10.288  36.013 0.0000000000
104153  -47.664  -9.843  33.547 0.0000000000
118970  -46.947  -9.827  33.029 0.0000000000
106531  -46.663  -10.623  31.813 0.0000000000
52092  -46.624  -10.647  30.968 0.0000000000
52116  -46.631  -10.515  29.304 0.0000000000
52127  -47.354  -10.152  28.819 0.0000000000
53080  -49.910  -9.876  28.919 0.0000000000
53079  -49.028  -9.836  28.581 0.0000000000
54073  -48.549  -8.690  26.014 0.0000000000
125882  -55.462  -9.571  32.532 0.0000000000
52077  -55.236  -9.699  32.064 0.0000000000
53044  -55.469  -9.511  31.465 0.0000000000
119106  -54.799  -9.407  30.653 0.0000000000
55092  -53.869  -7.019  26.817 0.0000000000
55071  -53.669  -7.627  27.522 0.0000000000
33920  -17.755  -29.685  52.033 0.0000000000
33966  -20.078  -29.100  49.715 0.0000000000
33965  -19.079  -28.985  49.721 0.0000000000
33976  -18.558  -29.116  48.330 0.0000000000
33985  -18.329  -29.070  47.621 0.0000000000
111520  -17.808  -28.911  46.925 0.0000000000
104999  -18.090  -28.870  46.203 0.0000000000
34012  -18.131  -28.826  45.533 0.0000000000
36634  -22.690  -25.890  50.189 0.0000000000
36648  -22.583  -26.919  49.843 0.0000000000
35744  -21.998  -26.813  48.079 0.0000000000
35765  -21.150  -27.196  43.894 0.0000000000
108476  -21.248  -27.329  44.855 0.0000000000
35771  -20.615  -27.740  43.469 0.0000000000
34883  -19.460  -28.519  43.326 0.0000000000
34063  -19.254  -29.533  41.327 0.0000000000
33251  -19.374  -30.430  41.034 0.0000000000
32504  -20.513  -31.075  40.698 0.0000000000
32486  -21.087  -31.500  41.095 0.0000000000
38552  -32.945  -24.183  51.424 0.0000000000
38551  -32.140  -24.254  51.786 0.0000000000
38572  -32.112  -24.425  50.176 0.0000000000
38592  -31.753  -24.509  49.642 0.0000000000
38674  -30.548  -23.904  45.831 0.0000000000
38654  -30.702  -24.055  46.512 0.0000000000
38673  -29.217  -24.021  45.513 0.0000000000
122938  -28.566  -24.190  45.640 0.0000000000
38672  -28.103  -24.333  45.406 0.0000000000
119530  -27.836  -24.467  44.093 0.0000000000
38712  -27.335  -24.777  42.642 0.0000000000
111130  -28.327  -28.405  43.600 0.0000000000
42460  -43.737  -20.148  40.616 0.0000000000
40377  -42.616  -22.865  46.258 0.0000000000
39598  -42.054  -22.919  45.204 0.0000000000
40396  -42.643  -22.380  44.935 0.0000000000
40395  -41.896  -22.434  44.597 0.0000000000
39597  -41.200  -22.884  44.418 0.0000000000
39608  -40.810  -22.511  43.543 0.0000000000
104304  -40.437  -22.869  42.817 0.0000000000
40406  -39.458  -22.413  41.779 0.0000000000
41374  -39.590  -21.553  41.602 0.0000000000
41388  -39.997  -20.801  41.100 0.0000000000
42457  -40.437  -20.136  40.473 0.0000000000
51299  -42.468  -11.629  25.106 0.0000000000
127019  -28.228  -24.607  54.380 0.0000000000
38515  -27.857  -24.458  53.903 0.0000000000
38532  -28.689  -24.149  52.993 0.0000000000
105952  -28.865  -24.674  51.220 0.0000000000
121024  -28.938  -24.599  49.913 0.0000000000
41466  -41.841  -21.569  35.037 0.0000000000
41476  -41.020  -21.621  34.074 0.0000000000
42549  -41.496  -21.332  34.300 0.0000000000
42563  -41.682  -20.625  33.824 0.0000000000
43497  -42.848  -19.910  34.298 0.0000000000
43504  -42.320  -19.994  33.801 0.0000000000
43503  -41.651  -19.656  33.520 0.0000000000
44421  -41.204  -18.680  33.319 0.0000000000
45439  -40.730  -17.804  33.072 0.0000000000
119636  -40.393  -16.972  32.735 0.0000000000
46471  -42.004  -17.153  33.102 0.0000000000
46472  -42.804  -16.756  33.146 0.0000000000
45429  -43.375  -17.439  33.756 0.0000000000
46487  -44.263  -15.851  32.991 0.0000000000
125646  -44.983  -15.804  33.079 0.0000000000
36578  -37.742  -25.578  54.362 0.0000000000
36588  -37.041  -25.924  53.174 0.0000000000
35703  -37.267  -25.926  52.721 0.0000000000
36601  -37.737  -26.403  52.534 0.0000000000
36635  -38.256  -25.738  51.399 0.0000000000
36621  -38.818  -25.608  51.531 0.0000000000
36620  -38.457  -25.698  51.739 0.0000000000
37665  -38.350  -25.332  47.043 0.0000000000
36715  -38.712  -28.073  42.447 0.0000000000
119874  -38.243  -28.664  42.666 0.0000000000
35815  -38.237  -28.880  42.075 0.0000000000
35814  -37.690  -28.849  41.763 0.0000000000
117977  -36.828  -28.567  40.522 0.0000000000
34937  -36.441  -28.241  39.396 0.0000000000
34925  -36.412  -28.510  40.011 0.0000000000
35824  -35.859  -28.418  39.928 0.0000000000
35837  -35.297  -28.251  39.313 0.0000000000
35836  -34.455  -28.103  39.151 0.0000000000
36765  -33.122  -27.545  38.598 0.0000000000
35847  -32.352  -27.549  38.344 0.0000000000
34979  -31.083  -27.880  37.205 0.0000000000
125828  -31.612  -27.709  36.813 0.0000000000
40433  -33.557  -22.265  36.132 0.0000000000
40439  -32.889  -22.726  35.588 0.0000000000
40438  -32.423  -22.120  34.943 0.0000000000
40441  -30.955  -22.394  34.064 0.0000000000
41459  -32.631  -21.091  34.692 0.0000000000
41458  -31.365  -21.664  33.916 0.0000000000
46468  -51.805  -15.978  34.948 0.0000000000
46467  -51.102  -16.011  34.381 0.0000000000
124039  -50.397  -15.975  34.225 0.0000000000
46479  -50.577  -15.591  34.229 0.0000000000
120432  -50.070  -15.246  33.868 0.0000000000
48553  -50.216  -14.348  34.349 0.0000000000
48552  -49.567  -14.234  34.053 0.0000000000
49569  -46.985  -13.268  34.141 0.0000000000
104335  -49.492  -9.541  37.664 0.0000000000
124968  -49.139  -9.646  37.052 0.0000000000
119567  -48.902  -9.465  35.965 0.0000000000
104067  -49.002  -9.299  34.976 0.0000000000
113736  -50.433  -9.076  35.428 0.0000000000
104087  -49.822  -9.270  34.744 0.0000000000
104083  -48.642  -9.636  33.261 0.0000000000
104274  -48.503  -9.776  32.470 0.0000000000
53041  -48.831  -9.815  31.816 0.0000000000
106380  -49.270  -10.013  31.077 0.0000000000
106151  -49.583  -9.988  30.370 0.0000000000
123993  -50.093  -9.878  30.259 0.0000000000
105908  -50.896  -9.794  31.778 0.0000000000
53068  -50.916  -9.711  29.437 0.0000000000
105333  -51.572  -9.532  28.901 0.0000000000
111656  -56.254  -8.451  30.689 0.0000000000
54045  -55.818  -8.759  30.421 0.0000000000
55073  -55.477  -7.862  28.723 0.0000000000
119504  -55.162  -7.395  27.770 0.0000000000
109924  -19.445  -29.399  52.780 0.0000000000
122909  -20.267  -29.243  52.531 0.0000000000
33954  -20.112  -28.903  50.681 0.0000000000
33942  -21.121  -28.941  51.856 0.0000000000
33978  -20.248  -29.116  48.830 0.0000000000
126115  -20.364  -28.763  48.267 0.0000000000
37663  -23.599  -25.545  47.919 0.0000000000
36676  -23.130  -25.746  47.150 0.0000000000
36690  -22.284  -26.067  44.781 0.0000000000
37688  -22.696  -25.305  44.244 0.0000000000
36697  -22.173  -25.989  43.814 0.0000000000
34912  -21.461  -28.320  40.881 0.0000000000
106200  -23.002  -27.866  41.048 0.0000000000
34067  -23.103  -28.832  41.193 0.0000000000
38618  -33.342  -24.258  48.407 0.0000000000
39579  -32.593  -23.684  45.516 0.0000000000
38675  -31.862  -23.762  45.312 0.0000000000
112554  -29.827  -24.267  43.912 0.0000000000
105118  -35.918  -20.627  34.809 0.0000000000
104758  -35.975  -20.572  33.944 0.0000000000
41452  -40.169  -21.637  34.951 0.0000000000
41453  -40.889  -21.723  35.178 0.0000000000
42514  -41.632  -21.089  37.371 0.0000000000
41416  -42.416  -21.423  37.687 0.0000000000
41454  -41.550  -21.721  35.470 0.0000000000
41444  -43.866  -21.755  37.153 0.0000000000
42527  -44.238  -21.007  36.630 0.0000000000
42540  -43.953  -20.538  35.942 0.0000000000
43486  -44.546  -20.020  36.271 0.0000000000
38579  -41.680  -23.546  50.739 0.0000000000
37621  -40.556  -24.696  50.508 0.0000000000
38578  -41.267  -24.134  50.012 0.0000000000
38599  -40.906  -25.076  48.775 0.0000000000
37668  -40.951  -25.804  47.866 0.0000000000
38623  -41.447  -24.284  48.349 0.0000000000
38639  -41.187  -25.433  47.626 0.0000000000
37667  -40.692  -25.930  47.316 0.0000000000
36686  -40.243  -26.657  46.024 0.0000000000
37692  -39.614  -26.831  44.255 0.0000000000
117147  -42.223  -23.226  46.271 0.0000000000
39583  -41.791  -23.535  46.145 0.0000000000
109421  -41.389  -24.147  45.914 0.0000000000
38688  -40.540  -24.579  44.699 0.0000000000
38677  -40.802  -24.726  45.554 0.0000000000
37699  -39.532  -26.402  43.475 0.0000000000
36716  -39.143  -27.250  42.909 0.0000000000
36733  -38.708  -27.763  41.680 0.0000000000
36745  -37.921  -27.623  40.443 0.0000000000
36758  -37.652  -26.834  39.630 0.0000000000
37745  -38.445  -25.787  40.451 0.0000000000
36766  -36.540  -26.619  38.150 0.0000000000
36773  -35.306  -26.798  37.225 0.0000000000
37781  -34.320  -26.086  36.557 0.0000000000
38792  -34.636  -25.158  36.677 0.0000000000
38781  -36.333  -24.929  37.978 0.0000000000
38780  -35.585  -24.624  37.548 0.0000000000
125143  -34.402  -23.705  36.773 0.0000000000
40417  -37.822  -22.633  39.915 0.0000000000
40416  -37.395  -22.278  39.216 0.0000000000
40422  -36.308  -22.936  38.596 0.0000000000
40428  -35.307  -22.701  37.709 0.0000000000
40434  -34.207  -22.262  36.784 0.0000000000
41437  -34.612  -21.586  36.626 0.0000000000
41450  -35.201  -21.115  36.110 0.0000000000
42520  -35.738  -20.783  35.577 0.0000000000
52976  -54.114  -9.716  35.077 0.0000000000
52965  -54.751  -9.625  35.822 0.0000000000
52977  -54.974  -9.719  34.770 0.0000000000
52978  -55.520  -9.412  34.064 0.0000000000
52979  -56.073  -9.106  34.248 0.0000000000
52997  -56.040  -9.209  33.426 0.0000000000
119907  -55.883  -9.277  32.650 0.0000000000
54014  -56.320  -8.830  32.708 0.0000000000
53024  -56.357  -8.654  31.908 0.0000000000
55005  -56.440  -7.294  33.630 0.0000000000
55016  -56.718  -7.450  32.783 0.0000000000
55025  -56.667  -7.948  32.523 0.0000000000
54024  -56.625  -8.198  31.548 0.0000000000
54035  -56.718  -7.988  30.764 0.0000000000
55044  -57.256  -7.611  30.469 0.0000000000
55054  -57.412  -7.562  29.872 0.0000000000
112162  -57.880  -7.246  29.787 0.0000000000
55075  -58.009  -7.429  29.054 0.0000000000
36585  -23.320  -26.468  53.179 0.0000000000
36598  -22.743  -26.706  52.392 0.0000000000
36599  -23.395  -26.067  52.353 0.0000000000
36618  -23.469  -25.747  51.520 0.0000000000
37614  -23.497  -25.323  50.573 0.0000000000
37630  -23.427  -25.422  49.424 0.0000000000
105827  -27.376  -24.457  53.239 0.0000000000
123948  -26.930  -24.479  52.679 0.0000000000
110133  -26.316  -24.451  51.150 0.0000000000
107575  -27.150  -24.492  50.947 0.0000000000
38566  -25.570  -24.640  50.729 0.0000000000
38565  -25.123  -24.805  49.945 0.0000000000
37650  -24.297  -25.057  48.993 0.0000000000
37675  -24.106  -25.291  47.136 0.0000000000
37683  -24.213  -25.128  46.193 0.0000000000
38633  -25.624  -24.728  47.168 0.0000000000
38651  -24.915  -24.966  46.674 0.0000000000
38669  -24.203  -24.925  45.314 0.0000000000
38694  -24.459  -24.579  43.322 0.0000000000
123522  -32.361  -24.447  41.770 0.0000000000
42559  -36.601  -20.879  33.377 0.0000000000
123202  -38.132  -21.543  32.983 0.0000000000
126342  -37.108  -21.272  31.349 0.0000000000
41485  -40.119  -21.376  32.935 0.0000000000
42571  -39.310  -20.843  31.904 0.0000000000
48605  -43.042  -14.960  29.927 0.0000000000
121899  -43.699  -13.479  28.622 0.0000000000
49639  -44.377  -13.291  28.763 0.0000000000
37547  -32.726  -25.097  54.898 0.0000000000
125070  -34.753  -25.046  53.398 0.0000000000
104649  -33.754  -24.471  52.705 0.0000000000
126680  -33.603  -23.989  51.986 0.0000000000
38574  -33.827  -23.892  51.153 0.0000000000
38595  -34.061  -23.770  49.325 0.0000000000
36600  -36.912  -26.226  53.034 0.0000000000
37587  -36.717  -25.735  52.786 0.0000000000
38576  -36.475  -24.504  50.891 0.0000000000
38575  -35.609  -23.899  50.726 0.0000000000
38619  -34.044  -23.963  48.476 0.0000000000
39566  -33.781  -23.336  45.894 0.0000000000
107386  -34.622  -23.445  46.125 0.0000000000
39580  -34.193  -23.397  45.282 0.0000000000
104962  -33.873  -23.422  44.638 0.0000000000
39603  -33.372  -23.384  43.285 0.0000000000
39622  -32.965  -23.770  42.025 0.0000000000
36652  -40.223  -25.851  48.681 0.0000000000
35745  -39.378  -26.992  47.308 0.0000000000
36665  -39.184  -26.819  48.179 0.0000000000
36664  -38.825  -26.877  48.037 0.0000000000
37676  -38.300  -25.442  46.237 0.0000000000
113351  -38.131  -28.479  43.079 0.0000000000
35777  -38.275  -27.905  43.695 0.0000000000
36713  -36.955  -27.790  42.372 0.0000000000
36700  -37.779  -27.443  43.557 0.0000000000
36691  -38.088  -27.096  44.236 0.0000000000
38686  -36.977  -24.168  44.943 0.0000000000
39595  -36.231  -23.688  44.374 0.0000000000
39605  -35.700  -23.628  43.672 0.0000000000
38718  -35.606  -24.236  42.274 0.0000000000
39616  -35.176  -23.557  42.818 0.0000000000
122471  -34.428  -23.563  42.374 0.0000000000
39623  -33.387  -23.842  41.688 0.0000000000
38727  -32.837  -24.142  41.367 0.0000000000
39666  -32.067  -23.219  35.251 0.0000000000
42392  -45.291  -20.592  45.119 0.0000000000
34815  -21.355  -28.274  53.627 0.0000000000
118920  -22.188  -28.086  54.457 0.0000000000
34816  -22.081  -28.018  53.554 0.0000000000
35690  -23.406  -27.220  53.959 0.0000000000
37561  -24.265  -25.889  54.317 0.0000000000
38498  -25.942  -24.966  54.835 0.0000000000
38499  -26.651  -24.648  55.123 0.0000000000
38482  -26.931  -24.502  55.833 0.0000000000
123261  -27.989  -24.564  55.606 0.0000000000
38483  -28.742  -24.470  55.556 0.0000000000
38468  -29.357  -24.388  55.474 0.0000000000
38484  -31.141  -24.906  55.050 0.0000000000
38485  -32.124  -24.626  55.232 0.0000000000
37532  -34.012  -24.826  56.004 0.0000000000
37533  -34.596  -25.393  56.123 0.0000000000
37519  -34.470  -25.294  56.202 0.0000000000
116345  -34.925  -25.611  56.062 0.0000000000
37534  -35.523  -25.599  55.330 0.0000000000
36570  -36.578  -26.045  55.151 0.0000000000
37536  -37.626  -25.676  55.183 0.0000000000
36572  -38.109  -25.510  54.901 0.0000000000
37537  -38.287  -24.809  54.909 0.0000000000
37551  -38.395  -24.919  54.349 0.0000000000
37552  -38.574  -24.549  53.811 0.0000000000
111721  -38.589  -23.621  53.847 0.0000000000
38503  -39.028  -23.795  53.531 0.0000000000
37553  -39.079  -24.428  53.429 0.0000000000
110198  -39.669  -24.415  52.538 0.0000000000
106126  -39.993  -24.233  52.249 0.0000000000
38523  -40.809  -23.637  52.200 0.0000000000
40310  -40.661  -22.048  53.044 0.0000000000
40319  -41.108  -22.125  52.406 0.0000000000
39512  -41.339  -22.687  51.774 0.0000000000
38557  -41.271  -23.524  51.545 0.0000000000
39519  -41.884  -22.809  51.150 0.0000000000
39525  -42.160  -22.927  50.536 0.0000000000
39526  -42.423  -22.470  50.418 0.0000000000
40328  -42.627  -21.321  51.180 0.0000000000
40344  -42.651  -22.032  50.263 0.0000000000
39539  -42.503  -22.653  49.870 0.0000000000
40363  -42.700  -22.009  48.870 0.0000000000
41267  -43.057  -20.957  49.413 0.0000000000
123872  -42.367  -20.959  48.014 0.0000000000
117580  -42.995  -21.436  46.772 0.0000000000
41314  -44.510  -21.505  46.034 0.0000000000
42410  -46.002  -20.009  43.511 0.0000000000
42428  -45.753  -20.278  42.560 0.0000000000
124614  -47.346  -20.514  43.977 0.0000000000
41363  -46.846  -20.438  42.762 0.0000000000
41376  -46.353  -20.884  41.858 0.0000000000
41377  -46.737  -21.293  41.377 0.0000000000
41390  -46.170  -21.434  40.664 0.0000000000
43405  -49.241  -19.252  44.287 0.0000000000
42431  -48.551  -19.811  43.080 0.0000000000
42449  -49.105  -19.167  42.570 0.0000000000
108683  -48.548  -20.132  42.391 0.0000000000
42430  -48.261  -21.013  42.757 0.0000000000
42446  -47.801  -21.143  41.629 0.0000000000
42462  -46.643  -21.321  40.398 0.0000000000
42487  -46.364  -21.232  39.617 0.0000000000
42505  -46.080  -21.012  38.758 0.0000000000
43470  -46.421  -19.722  38.447 0.0000000000
43456  -47.530  -19.857  39.554 0.0000000000
43481  -46.333  -19.441  37.481 0.0000000000
43487  -46.211  -19.316  36.614 0.0000000000
44373  -51.213  -18.619  39.315 0.0000000000
125569  -49.266  -18.598  37.912 0.0000000000
44394  -48.781  -18.677  37.423 0.0000000000
44399  -46.861  -18.997  35.972 0.0000000000
44419  -46.183  -17.878  34.853 0.0000000000
46463  -46.546  -17.205  34.257 0.0000000000
46475  -45.491  -16.244  33.315 0.0000000000
47490  -45.738  -15.660  32.620 0.0000000000
46478  -49.601  -15.801  34.027 0.0000000000
48592  -45.217  -14.990  30.898 0.0000000000
48607  -45.563  -14.417  30.482 0.0000000000
49626  -45.196  -14.089  29.882 0.0000000000
50495  -45.230  -12.966  29.018 0.0000000000
50439  -47.341  -13.011  35.191 0.0000000000
50447  -46.352  -12.551  33.759 0.0000000000
118987  -47.094  -10.802  35.049 0.0000000000
50459  -45.799  -12.305  32.105 0.0000000000
50471  -45.681  -12.396  31.300 0.0000000000
51284  -44.755  -11.834  28.132 0.0000000000
52125  -45.705  -10.694  28.229 0.0000000000
52137  -45.198  -10.035  26.622 0.0000000000
53096  -44.880  -9.635  25.809 0.0000000000
53088  -46.888  -9.748  27.260 0.0000000000
53098  -46.556  -9.262  26.504 0.0000000000
53107  -46.290  -8.946  25.623 0.0000000000
118270  -53.593  -9.684  33.570 0.0000000000
53020  -53.246  -9.628  32.143 0.0000000000
114939  -52.906  -9.984  31.301 0.0000000000
53043  -53.641  -9.786  31.135 0.0000000000
53058  -52.567  -10.258  29.973 0.0000000000
53093  -51.386  -9.016  28.256 0.0000000000
54044  -54.144  -8.876  29.719 0.0000000000
54059  -53.422  -8.755  28.899 0.0000000000
54069  -53.229  -8.356  28.068 0.0000000000
54057  -52.032  -8.665  27.832 0.0000000000
54068  -51.320  -8.623  27.503 0.0000000000
54067  -50.673  -8.715  27.167 0.0000000000
33951  -17.694  -29.580  50.424 0.0000000000
33964  -18.199  -29.341  49.685 0.0000000000
116754  -15.538  -28.904  45.802 0.0000000000
33995  -17.061  -29.005  46.437 0.0000000000
112420  -16.421  -29.042  45.743 0.0000000000
35719  -22.267  -27.197  51.591 0.0000000000
110730  -22.235  -27.518  51.040 0.0000000000
35729  -21.839  -27.908  49.969 0.0000000000
117804  -22.240  -27.435  49.671 0.0000000000
111976  -20.694  -28.221  48.048 0.0000000000
34857  -20.277  -28.546  47.586 0.0000000000
36670  -22.494  -26.276  47.583 0.0000000000
35750  -22.060  -26.975  47.150 0.0000000000
35754  -21.426  -27.513  46.733 0.0000000000
35761  -21.296  -27.389  45.805 0.0000000000
34861  -20.252  -28.435  46.742 0.0000000000
34860  -19.519  -28.584  46.349 0.0000000000
34864  -18.661  -28.726  45.030 0.0000000000
34872  -18.343  -28.458  44.183 0.0000000000
34882  -18.650  -28.595  43.563 0.0000000000
34039  -17.735  -28.577  43.707 0.0000000000
34077  -21.114  -29.781  40.559 0.0000000000
37565  -31.690  -25.039  54.250 0.0000000000
38550  -31.169  -24.376  51.660 0.0000000000
38549  -30.335  -24.400  51.487 0.0000000000
126049  -30.236  -24.689  50.920 0.0000000000
38590  -29.513  -24.623  49.698 0.0000000000
38617  -32.650  -24.347  48.660 0.0000000000
111635  -31.872  -24.361  48.989 0.0000000000
38616  -31.218  -24.187  48.437 0.0000000000
123846  -30.888  -24.159  47.146 0.0000000000
105939  -30.642  -24.183  47.804 0.0000000000
120018  -30.378  -24.304  48.628 0.0000000000
38615  -29.545  -24.378  48.826 0.0000000000
104970  -27.181  -24.619  47.186 0.0000000000
38670  -26.792  -24.523  45.773 0.0000000000
38671  -27.534  -24.444  45.598 0.0000000000
105360  -26.354  -24.521  45.106 0.0000000000
124180  -26.008  -24.555  44.491 0.0000000000
116635  -25.482  -24.480  43.057 0.0000000000
38710  -24.936  -24.763  42.562 0.0000000000
107343  -31.618  -24.858  42.176 0.0000000000
37711  -31.145  -25.112  42.423 0.0000000000
38715  -30.308  -24.689  42.749 0.0000000000
38714  -29.335  -24.803  42.676 0.0000000000
37709  -29.086  -25.381  42.448 0.0000000000
38713  -28.288  -24.930  42.608 0.0000000000
37708  -27.573  -25.177  42.327 0.0000000000
112772  -26.940  -25.141  42.150 0.0000000000
126723  -27.181  -26.528  41.921 0.0000000000
37707  -26.131  -25.221  42.059 0.0000000000
37706  -25.318  -25.287  42.102 0.0000000000
37724  -24.851  -25.769  41.809 0.0000000000
35810  -24.772  -26.776  41.906 0.0000000000
32503  -20.061  -30.630  40.737 0.0000000000
34065  -21.676  -29.950  40.776 0.0000000000
34936  -35.856  -28.340  39.277 0.0000000000
35682  -37.469  -25.441  53.344 0.0000000000
35691  -37.782  -25.090  52.987 0.0000000000
35704  -38.008  -25.808  52.270 0.0000000000
35751  -38.949  -27.157  47.598 0.0000000000
35762  -38.864  -27.749  45.221 0.0000000000
35778  -38.550  -27.919  43.636 0.0000000000
35779  -38.671  -28.106  43.275 0.0000000000
35792  -25.485  -26.820  41.931 0.0000000000
35794  -27.296  -27.422  42.216 0.0000000000
35813  -36.894  -28.632  41.247 0.0000000000
35850  -36.551  -27.535  38.718 0.0000000000
35883  -35.061  -27.674  36.981 0.0000000000
36589  -38.248  -24.995  52.841 0.0000000000
36590  -38.834  -25.252  52.754 0.0000000000
36619  -37.903  -26.167  52.261 0.0000000000
36684  -38.608  -27.270  45.829 0.0000000000
36744  -36.234  -27.800  40.960 0.0000000000
36746  -38.560  -27.021  40.898 0.0000000000
36774  -35.973  -26.728  37.578 0.0000000000
36783  -33.337  -27.039  36.206 0.0000000000
37535  -36.784  -25.857  55.238 0.0000000000
37538  -38.389  -24.404  54.378 0.0000000000
37539  -38.690  -24.099  53.766 0.0000000000
37588  -37.528  -26.771  52.883 0.0000000000
37590  -39.676  -24.588  52.023 0.0000000000
37604  -40.030  -24.928  51.062 0.0000000000
37651  -38.065  -25.353  47.948 0.0000000000
37666  -38.441  -26.332  47.637 0.0000000000
37697  -23.139  -25.122  43.125 0.0000000000
37723  -24.078  -25.707  41.701 0.0000000000
37782  -34.975  -25.991  37.050 0.0000000000
37792  -33.236  -25.488  35.839 0.0000000000
38521  -39.443  -24.035  53.206 0.0000000000
38570  -29.332  -24.746  50.476 0.0000000000
38687  -37.619  -25.042  45.008 0.0000000000
38744  -32.890  -24.436  40.298 0.0000000000
38761  -37.747  -24.855  39.410 0.0000000000
39496  -38.974  -23.521  53.553 0.0000000000
39506  -41.401  -22.172  51.897 0.0000000000
39570  -42.232  -23.343  46.678 0.0000000000
39606  -36.335  -23.938  43.729 0.0000000000
39614  -33.609  -23.539  42.378 0.0000000000
40301  -40.098  -22.140  53.748 0.0000000000
40399  -40.752  -21.522  43.440 0.0000000000
41438  -35.313  -21.381  36.906 0.0000000000
42429  -47.766  -21.243  42.628 0.0000000000
42465  -48.774  -20.129  41.265 0.0000000000
42481  -38.797  -20.401  39.119 0.0000000000
42533  -35.166  -20.744  35.344 0.0000000000
42544  -33.109  -20.549  34.374 0.0000000000
43378  -47.218  -19.842  45.189 0.0000000000
51297  -43.787  -10.931  26.709 0.0000000000
52065  -54.943  -9.843  32.846 0.0000000000
52094  -54.684  -9.677  31.494 0.0000000000
52967  -55.760  -8.874  35.804 0.0000000000
53022  -55.665  -9.404  31.979 0.0000000000
53060  -55.208  -9.533  31.063 0.0000000000
53061  -55.546  -9.322  30.804 0.0000000000
54046  -56.379  -8.192  30.236 0.0000000000
55003  -56.241  -8.365  33.916 0.0000000000
55101  -53.820  -6.915  26.073 0.0000000000
104947  -37.128  -20.693  35.042 0.0000000000
107687  -17.950  -29.562  51.131 0.0000000000
107857  -41.269  -24.421  48.784 0.0000000000
108245  -37.121  -25.567  53.940 0.0000000000
108306  -36.036  -24.045  55.596 0.0000000000
108379  -46.064  -21.209  41.185 0.0000000000
108583  -32.371  -27.605  36.692 0.0000000000
108975  -55.975  -8.834  35.046 0.0000000000
111136  -55.875  -9.205  31.414 0.0000000000
114847  -26.370  -24.581  48.797 0.0000000000
116770  -39.799  -26.339  47.693 0.0000000000
118228  -28.771  -26.060  42.313 0.0000000000
118322  -39.399  -25.965  49.933 0.0000000000
120075  -56.183  -8.768  34.320 0.0000000000
122601  -41.111  -24.443  49.200 0.0000000000
122747  -52.335  -9.710  29.043 0.0000000000
122836  -54.395  -9.836  33.423 0.0000000000
123118  -41.436  -24.660  47.781 0.0000000000
123387  -40.499  -23.932  43.482 0.0000000000
124796  -32.256  -21.001  34.167 0.0000000000
125133  -17.730  -29.030  47.560 0.0000000000
125309  -45.919  -18.294  35.181 0.0000000000
125759  -22.914  -25.150  43.676 0.0000000000
126927  -34.927  -27.868  39.466 0.0000000000
