#!ascii label  , from subject sub1 vox2ras=TkReg
1031
40315  -9.308  -22.747  52.947 0.0000000000
44322  -31.350  -17.952  42.819 0.0000000000
51208  -29.342  -11.468  40.434 0.0000000000
48366  -26.155  -13.266  48.141 0.0000000000
56874  -36.926  -4.995  30.359 0.0000000000
53994  -32.250  -8.151  33.262 0.0000000000
109636  -33.629  -15.662  48.025 0.0000000000
46281  -29.014  -15.791  45.899 0.0000000000
105547  -43.310  -4.064  33.081 0.0000000000
60410  -46.281  -1.155  30.781 0.0000000000
123664  -48.902  1.493  29.268 0.0000000000
55869  -32.443  -6.244  42.452 0.0000000000
52954  -28.843  -8.998  36.604 0.0000000000
56792  -34.237  -4.915  39.413 0.0000000000
54953  -37.517  -7.334  37.619 0.0000000000
46262  -18.787  -15.822  48.586 0.0000000000
39488  -5.533  -23.546  54.988 0.0000000000
111029  -31.246  -15.421  42.103 0.0000000000
52921  -33.859  -9.800  43.445 0.0000000000
48420  -20.492  -14.464  44.460 0.0000000000
47349  -24.495  -15.050  41.775 0.0000000000
61428  -47.718  0.047  22.614 0.0000000000
64185  -50.607  2.809  27.311 0.0000000000
53015  -35.589  -8.542  32.178 0.0000000000
54999  -41.194  -7.260  35.041 0.0000000000
41242  -11.279  -21.507  49.942 0.0000000000
36608  -2.455  -26.703  51.780 0.0000000000
58597  -44.558  -3.354  32.110 0.0000000000
56753  -32.654  -5.229  41.198 0.0000000000
43356  -18.175  -19.230  46.705 0.0000000000
39490  -7.560  -23.477  54.195 0.0000000000
46358  -30.881  -16.951  39.986 0.0000000000
46341  -32.090  -16.830  42.124 0.0000000000
118029  -22.837  -13.447  46.000 0.0000000000
48438  -22.665  -14.187  43.056 0.0000000000
48423  -24.691  -13.879  44.652 0.0000000000
44269  -29.386  -17.040  44.027 0.0000000000
45310  -28.396  -16.819  43.270 0.0000000000
44319  -28.977  -18.451  42.367 0.0000000000
49390  -24.123  -13.189  49.632 0.0000000000
123274  -21.968  -13.997  47.599 0.0000000000
60443  -42.534  -1.090  26.586 0.0000000000
120202  -45.898  -0.376  24.083 0.0000000000
63288  -49.959  2.214  27.659 0.0000000000
53975  -30.077  -7.848  34.313 0.0000000000
52988  -34.020  -8.536  33.067 0.0000000000
53960  -39.140  -8.375  36.052 0.0000000000
42306  -16.961  -20.882  48.850 0.0000000000
42282  -15.537  -20.367  49.417 0.0000000000
42244  -13.245  -20.580  51.282 0.0000000000
41284  -12.763  -21.804  47.682 0.0000000000
35709  -3.897  -27.076  51.101 0.0000000000
121497  -32.158  -16.827  45.163 0.0000000000
46318  -32.307  -15.975  45.213 0.0000000000
47297  -35.217  -15.361  46.724 0.0000000000
47253  -28.301  -14.579  50.564 0.0000000000
47286  -27.546  -14.264  46.910 0.0000000000
119568  -29.653  -15.281  49.308 0.0000000000
45239  -30.806  -16.113  46.904 0.0000000000
57724  -40.084  -4.270  31.666 0.0000000000
59486  -41.751  -2.653  30.552 0.0000000000
60418  -42.384  -1.074  29.553 0.0000000000
122356  -45.203  -0.104  28.021 0.0000000000
62351  -46.119  0.430  27.169 0.0000000000
62323  -46.884  0.343  29.871 0.0000000000
52933  -31.357  -9.665  41.267 0.0000000000
52048  -28.745  -10.318  38.203 0.0000000000
54914  -30.626  -7.782  40.145 0.0000000000
121107  -30.863  -5.880  37.667 0.0000000000
55947  -33.270  -6.183  36.795 0.0000000000
53934  -34.530  -7.618  35.735 0.0000000000
55924  -35.944  -6.365  38.435 0.0000000000
45211  -18.324  -18.008  49.304 0.0000000000
42324  -17.466  -20.509  48.073 0.0000000000
65119  -50.071  3.951  22.355 0.0000000000
39475  -3.126  -23.443  55.671 0.0000000000
114020  -30.328  -15.979  39.534 0.0000000000
121291  -29.983  -13.108  41.921 0.0000000000
48442  -32.726  -14.333  44.132 0.0000000000
50380  -31.643  -12.314  43.323 0.0000000000
51201  -31.882  -10.728  42.124 0.0000000000
53893  -33.347  -8.615  43.325 0.0000000000
47323  -26.906  -15.212  44.395 0.0000000000
48352  -20.685  -13.488  49.761 0.0000000000
48388  -19.475  -14.763  46.839 0.0000000000
62368  -47.496  0.828  25.981 0.0000000000
63307  -48.817  1.183  24.489 0.0000000000
65114  -49.792  2.865  23.657 0.0000000000
65097  -50.704  4.163  25.112 0.0000000000
105762  -8.974  -24.006  49.858 0.0000000000
37594  -6.909  -24.743  51.051 0.0000000000
55029  -35.840  -6.868  30.931 0.0000000000
53980  -36.651  -8.562  34.764 0.0000000000
55008  -37.647  -7.626  33.228 0.0000000000
55990  -38.409  -6.054  32.664 0.0000000000
56854  -41.911  -4.943  34.101 0.0000000000
40332  -9.822  -22.047  51.497 0.0000000000
124780  -5.734  -24.555  52.828 0.0000000000
38508  -4.009  -24.601  53.681 0.0000000000
38506  -2.293  -24.324  53.200 0.0000000000
39508  -8.537  -23.442  53.035 0.0000000000
44336  -29.938  -18.423  41.905 0.0000000000
45340  -30.742  -17.565  41.226 0.0000000000
45327  -32.368  -17.374  42.859 0.0000000000
112012  -24.024  -13.172  46.688 0.0000000000
125962  -23.830  -13.509  45.278 0.0000000000
48392  -25.822  -13.419  46.420 0.0000000000
44291  -30.554  -17.351  43.697 0.0000000000
44307  -28.964  -18.369  42.921 0.0000000000
125480  -30.005  -19.031  42.828 0.0000000000
118615  -29.232  -18.578  41.399 0.0000000000
49392  -26.363  -13.527  50.125 0.0000000000
49380  -26.574  -13.440  50.924 0.0000000000
49403  -25.446  -13.277  48.803 0.0000000000
49410  -23.276  -13.080  47.328 0.0000000000
60460  -45.163  -0.718  24.127 0.0000000000
108753  -28.739  -13.097  40.003 0.0000000000
50415  -28.209  -12.784  39.220 0.0000000000
53976  -31.069  -7.527  34.372 0.0000000000
52987  -30.806  -8.915  32.677 0.0000000000
53995  -33.207  -8.405  33.158 0.0000000000
41287  -15.243  -21.117  47.223 0.0000000000
42305  -16.279  -20.720  48.945 0.0000000000
41272  -14.790  -20.858  47.702 0.0000000000
42303  -13.843  -20.506  48.576 0.0000000000
41285  -13.558  -21.441  47.343 0.0000000000
45256  -32.606  -15.954  46.783 0.0000000000
45258  -33.574  -15.845  46.085 0.0000000000
46266  -34.627  -15.661  47.139 0.0000000000
47254  -28.792  -14.638  50.877 0.0000000000
46213  -28.819  -14.883  50.231 0.0000000000
46214  -29.682  -15.000  50.629 0.0000000000
45215  -33.082  -15.570  49.423 0.0000000000
46248  -31.108  -15.748  48.725 0.0000000000
45240  -31.997  -15.842  47.963 0.0000000000
45255  -31.291  -16.156  46.363 0.0000000000
57716  -41.330  -4.154  32.517 0.0000000000
57732  -40.984  -3.344  31.109 0.0000000000
58595  -42.290  -3.425  31.436 0.0000000000
59490  -45.200  -1.956  31.178 0.0000000000
59488  -43.603  -2.547  30.519 0.0000000000
60408  -44.753  -1.513  30.468 0.0000000000
61369  -43.926  -0.572  29.172 0.0000000000
61370  -45.619  -0.152  29.447 0.0000000000
61371  -46.116  0.169  28.967 0.0000000000
61356  -46.461  -0.299  30.413 0.0000000000
53902  -31.483  -8.390  41.525 0.0000000000
53906  -30.500  -8.524  40.414 0.0000000000
55882  -31.871  -6.709  41.309 0.0000000000
56791  -33.401  -4.972  39.746 0.0000000000
56789  -31.583  -5.440  39.119 0.0000000000
56804  -32.556  -5.338  38.460 0.0000000000
121594  -31.811  -5.899  37.358 0.0000000000
56813  -33.450  -5.460  37.973 0.0000000000
55934  -35.167  -6.085  37.493 0.0000000000
56807  -35.438  -5.869  38.967 0.0000000000
46226  -19.570  -15.662  49.747 0.0000000000
46212  -19.720  -16.096  50.269 0.0000000000
45224  -18.806  -16.514  49.036 0.0000000000
123210  -18.002  -19.825  47.221 0.0000000000
66053  -51.188  4.880  23.521 0.0000000000
66064  -51.437  5.170  22.773 0.0000000000
39476  -4.200  -23.311  55.712 0.0000000000
46359  -30.879  -16.614  40.627 0.0000000000
106513  -30.744  -16.431  39.946 0.0000000000
47391  -30.579  -15.816  40.408 0.0000000000
48481  -30.078  -14.792  40.639 0.0000000000
48473  -30.671  -14.212  42.163 0.0000000000
47325  -33.862  -14.905  46.159 0.0000000000
47337  -32.101  -15.594  44.502 0.0000000000
49459  -33.752  -13.589  45.249 0.0000000000
117221  -34.066  -10.383  44.209 0.0000000000
112721  -32.800  -11.907  44.496 0.0000000000
51187  -32.513  -11.073  44.113 0.0000000000
51195  -31.833  -11.049  43.314 0.0000000000
52028  -33.291  -9.916  42.963 0.0000000000
52925  -32.977  -9.716  42.492 0.0000000000
53894  -33.859  -9.188  43.644 0.0000000000
48455  -22.928  -14.475  41.914 0.0000000000
46263  -28.764  -15.189  46.635 0.0000000000
47304  -27.179  -14.830  44.991 0.0000000000
46288  -27.532  -15.761  44.582 0.0000000000
45323  -27.287  -16.575  41.757 0.0000000000
48353  -21.612  -13.101  50.129 0.0000000000
48390  -20.989  -13.900  46.101 0.0000000000
114256  -20.761  -14.158  47.275 0.0000000000
48400  -19.560  -14.733  45.743 0.0000000000
47302  -19.138  -15.469  45.304 0.0000000000
62342  -47.327  1.047  28.550 0.0000000000
62361  -46.863  0.553  26.624 0.0000000000
63274  -48.552  1.450  27.976 0.0000000000
63297  -50.406  2.454  27.283 0.0000000000
126644  -49.568  1.829  26.404 0.0000000000
64191  -49.784  2.577  25.889 0.0000000000
64203  -49.264  2.307  24.051 0.0000000000
64192  -49.850  2.961  25.612 0.0000000000
66035  -50.407  3.580  24.445 0.0000000000
65081  -50.450  3.844  25.961 0.0000000000
52948  -29.165  -9.277  37.705 0.0000000000
51216  -27.508  -11.497  36.919 0.0000000000
55038  -35.194  -7.663  30.079 0.0000000000
54028  -35.496  -7.799  31.101 0.0000000000
53936  -36.194  -7.890  36.349 0.0000000000
53979  -35.815  -9.054  34.926 0.0000000000
114674  -36.952  -8.315  36.295 0.0000000000
54990  -40.515  -7.857  35.480 0.0000000000
53983  -38.995  -8.425  35.125 0.0000000000
125011  -39.682  -7.446  34.436 0.0000000000
55019  -38.159  -6.975  32.853 0.0000000000
55983  -39.822  -6.413  33.555 0.0000000000
56852  -40.368  -5.670  33.299 0.0000000000
55977  -41.104  -6.576  34.599 0.0000000000
41258  -12.153  -21.093  50.144 0.0000000000
114272  -11.647  -21.296  50.701 0.0000000000
111468  -10.574  -21.404  51.644 0.0000000000
40340  -10.562  -22.057  49.980 0.0000000000
121264  -9.473  -23.014  49.892 0.0000000000
39532  -10.536  -22.836  48.645 0.0000000000
37607  -6.593  -25.541  50.554 0.0000000000
38540  -6.709  -24.609  51.919 0.0000000000
107350  -5.628  -25.535  51.656 0.0000000000
35708  -2.995  -27.315  51.693 0.0000000000
36594  -3.963  -25.887  51.845 0.0000000000
119915  -2.719  -26.028  51.810 0.0000000000
38507  -3.024  -24.580  53.527 0.0000000000
36592  -2.055  -26.155  51.946 0.0000000000
45202  -31.087  -15.133  50.881 0.0000000000
57708  -44.625  -3.790  34.032 0.0000000000
58585  -43.873  -3.886  32.279 0.0000000000
104772  -45.953  -3.469  33.605 0.0000000000
56728  -32.728  -5.321  42.100 0.0000000000
45237  -18.237  -17.069  47.211 0.0000000000
104679  -18.074  -17.496  47.985 0.0000000000
39479  -7.881  -22.678  55.388 0.0000000000
39489  -6.272  -23.251  55.039 0.0000000000
45355  -30.539  -17.462  40.262 0.0000000000
45356  -31.087  -17.011  40.804 0.0000000000
107982  -31.454  -16.364  42.190 0.0000000000
53888  -34.163  -8.856  44.543 0.0000000000
49435  -21.589  -13.682  45.491 0.0000000000
48436  -21.225  -14.543  43.858 0.0000000000
49456  -22.507  -13.585  44.564 0.0000000000
49458  -24.037  -13.673  43.853 0.0000000000
48440  -24.519  -14.184  43.250 0.0000000000
45273  -28.902  -16.607  44.450 0.0000000000
45272  -28.212  -16.658  44.285 0.0000000000
45296  -28.578  -17.094  43.757 0.0000000000
45325  -28.694  -17.829  42.846 0.0000000000
44349  -28.077  -18.801  40.175 0.0000000000
126610  -23.946  -13.000  50.126 0.0000000000
49388  -22.317  -12.831  49.517 0.0000000000
117426  -23.190  -12.927  49.151 0.0000000000
49409  -22.516  -13.503  46.901 0.0000000000
60436  -41.781  -1.561  26.792 0.0000000000
61421  -46.602  -0.329  23.683 0.0000000000
124269  -49.975  2.346  30.117 0.0000000000
63275  -49.499  1.917  28.234 0.0000000000
107321  -28.893  -8.441  35.678 0.0000000000
52087  -33.836  -9.460  31.094 0.0000000000
53014  -35.090  -8.671  32.346 0.0000000000
54936  -38.614  -7.306  38.764 0.0000000000
119911  -38.020  -8.408  37.151 0.0000000000
54954  -39.469  -7.622  37.702 0.0000000000
42284  -17.293  -20.624  49.337 0.0000000000
42264  -17.408  -20.586  50.001 0.0000000000
105935  -15.073  -19.810  50.772 0.0000000000
42261  -14.620  -20.213  50.018 0.0000000000
42279  -12.772  -20.413  49.727 0.0000000000
41270  -12.415  -21.154  48.465 0.0000000000
40358  -11.348  -22.464  48.403 0.0000000000
39553  -12.424  -22.822  47.313 0.0000000000
44292  -31.057  -17.089  44.032 0.0000000000
45312  -32.562  -17.355  43.706 0.0000000000
45298  -33.224  -17.220  44.785 0.0000000000
46308  -33.998  -15.385  46.309 0.0000000000
48367  -26.917  -13.932  48.683 0.0000000000
48381  -26.933  -13.868  47.639 0.0000000000
47276  -27.529  -14.414  48.060 0.0000000000
47288  -29.092  -14.813  47.805 0.0000000000
46264  -29.493  -15.290  47.025 0.0000000000
46230  -30.646  -15.543  49.533 0.0000000000
46247  -30.538  -15.590  48.488 0.0000000000
120852  -30.204  -15.935  46.600 0.0000000000
44253  -30.331  -16.333  45.471 0.0000000000
44271  -30.692  -16.833  44.497 0.0000000000
48342  -27.549  -14.494  50.932 0.0000000000
120775  -38.533  -4.702  31.518 0.0000000000
57742  -38.441  -4.083  29.802 0.0000000000
106951  -39.214  -3.654  30.608 0.0000000000
58617  -40.444  -2.993  29.773 0.0000000000
59499  -40.838  -2.512  29.371 0.0000000000
58606  -43.071  -3.047  31.113 0.0000000000
59501  -42.131  -2.008  29.999 0.0000000000
59509  -41.592  -1.593  29.133 0.0000000000
60437  -42.197  -0.874  27.602 0.0000000000
61392  -43.550  -0.331  27.491 0.0000000000
61401  -44.235  -0.051  26.772 0.0000000000
61402  -45.274  0.136  26.544 0.0000000000
61394  -45.854  0.240  27.921 0.0000000000
62332  -46.716  0.438  28.888 0.0000000000
62334  -48.334  1.269  29.719 0.0000000000
61345  -47.988  0.070  31.968 0.0000000000
62326  -49.055  1.622  30.706 0.0000000000
52040  -30.390  -10.156  40.222 0.0000000000
51207  -28.970  -11.452  39.601 0.0000000000
52934  -29.818  -9.776  39.478 0.0000000000
53911  -29.657  -8.753  39.329 0.0000000000
54931  -29.277  -7.532  38.125 0.0000000000
55897  -32.125  -5.928  40.796 0.0000000000
55908  -30.670  -6.291  39.189 0.0000000000
54948  -29.852  -7.065  37.493 0.0000000000
104994  -30.451  -7.201  36.033 0.0000000000
54987  -31.127  -7.174  35.292 0.0000000000
54989  -32.752  -7.591  35.601 0.0000000000
53978  -33.653  -8.030  34.446 0.0000000000
112465  -34.057  -7.047  36.019 0.0000000000
54951  -35.680  -6.939  37.386 0.0000000000
54934  -37.177  -6.853  37.904 0.0000000000
55912  -37.893  -6.441  39.727 0.0000000000
54922  -38.320  -6.963  39.253 0.0000000000
44235  -18.340  -18.636  49.828 0.0000000000
107799  -17.993  -18.286  48.468 0.0000000000
43346  -17.804  -19.245  48.727 0.0000000000
42285  -17.590  -20.151  48.918 0.0000000000
41275  -17.123  -20.924  48.158 0.0000000000
48489  -29.374  -14.476  40.346 0.0000000000
113762  -29.960  -12.736  41.015 0.0000000000
46317  -32.105  -15.946  44.159 0.0000000000
47353  -31.841  -15.898  43.077 0.0000000000
47352  -31.921  -15.262  43.175 0.0000000000
49483  -32.573  -13.754  43.877 0.0000000000
48457  -31.186  -13.708  42.689 0.0000000000
50379  -31.344  -12.782  42.602 0.0000000000
50398  -30.529  -12.028  41.599 0.0000000000
51204  -30.575  -11.103  41.412 0.0000000000
52036  -31.510  -10.187  41.353 0.0000000000
53903  -32.225  -8.608  42.087 0.0000000000
54905  -32.845  -8.025  42.931 0.0000000000
53887  -33.645  -8.326  44.090 0.0000000000
109110  -33.158  -6.888  44.003 0.0000000000
47294  -26.410  -14.233  45.680 0.0000000000
47303  -26.259  -14.531  44.877 0.0000000000
47335  -26.069  -14.698  43.136 0.0000000000
46316  -27.155  -15.916  43.257 0.0000000000
47351  -26.475  -15.264  42.661 0.0000000000
48338  -20.184  -14.198  50.304 0.0000000000
47275  -19.478  -14.774  49.379 0.0000000000
48364  -20.898  -13.836  48.784 0.0000000000
48362  -19.197  -14.176  48.517 0.0000000000
47285  -18.704  -14.849  48.172 0.0000000000
121616  -18.653  -17.110  45.853 0.0000000000
61410  -46.136  0.095  25.454 0.0000000000
62374  -47.362  0.470  25.160 0.0000000000
62375  -47.803  0.598  24.676 0.0000000000
120127  -49.011  1.638  26.751 0.0000000000
62369  -48.221  1.117  25.577 0.0000000000
104564  -47.916  0.617  23.908 0.0000000000
63313  -48.863  0.807  23.843 0.0000000000
63319  -49.231  1.766  22.578 0.0000000000
64214  -49.390  2.647  22.312 0.0000000000
65118  -49.546  3.227  22.807 0.0000000000
66052  -50.535  4.042  23.792 0.0000000000
39516  -9.070  -23.452  51.096 0.0000000000
38528  -8.229  -23.730  52.223 0.0000000000
38560  -8.052  -24.539  50.368 0.0000000000
51213  -27.966  -11.625  37.933 0.0000000000
56866  -36.674  -5.608  30.790 0.0000000000
115018  -34.375  -8.297  34.337 0.0000000000
52971  -35.544  -9.163  34.232 0.0000000000
52991  -36.290  -9.131  33.725 0.0000000000
53958  -37.367  -8.319  35.594 0.0000000000
53981  -37.500  -8.317  34.500 0.0000000000
111742  -36.787  -7.909  32.704 0.0000000000
118883  -37.179  -7.109  32.538 0.0000000000
55989  -37.503  -6.272  32.411 0.0000000000
56867  -37.871  -5.293  31.602 0.0000000000
56868  -39.369  -4.834  31.974 0.0000000000
56860  -40.912  -5.004  32.854 0.0000000000
114362  -42.508  -4.373  33.612 0.0000000000
40316  -9.769  -22.103  53.453 0.0000000000
41207  -10.257  -21.435  52.360 0.0000000000
40322  -9.340  -22.886  51.967 0.0000000000
123931  -9.391  -23.027  50.534 0.0000000000
39530  -9.277  -23.726  49.486 0.0000000000
38527  -7.289  -24.263  52.554 0.0000000000
105694  -6.857  -24.292  53.338 0.0000000000
122296  -5.500  -24.404  53.939 0.0000000000
37592  -4.746  -25.649  51.899 0.0000000000
122139  -4.753  -25.169  52.704 0.0000000000
108634  -4.848  -24.370  53.750 0.0000000000
38491  -3.500  -24.099  54.190 0.0000000000
38490  -2.566  -24.002  54.034 0.0000000000
106392  -1.568  -26.788  51.580 0.0000000000
114832  -1.336  -26.010  51.423 0.0000000000
109269  -9.155  -22.389  53.904 0.0000000000
39501  -8.827  -23.075  53.424 0.0000000000
44321  -30.363  -18.682  42.657 0.0000000000
44337  -31.012  -17.925  42.120 0.0000000000
48380  -25.530  -13.063  47.378 0.0000000000
48379  -24.847  -13.353  46.850 0.0000000000
44309  -30.391  -18.511  42.992 0.0000000000
48354  -26.248  -13.441  49.206 0.0000000000
49412  -25.190  -13.093  48.152 0.0000000000
49411  -24.316  -13.084  47.635 0.0000000000
61414  -44.846  -0.489  24.904 0.0000000000
50407  -29.336  -12.360  40.546 0.0000000000
50406  -28.747  -12.107  39.861 0.0000000000
107676  -31.379  -7.996  33.571 0.0000000000
53993  -30.708  -8.386  33.207 0.0000000000
54009  -31.568  -8.443  32.682 0.0000000000
54010  -32.508  -8.489  32.385 0.0000000000
41273  -15.613  -20.749  48.060 0.0000000000
41286  -14.328  -21.233  47.149 0.0000000000
42323  -14.015  -20.705  47.741 0.0000000000
45242  -33.394  -15.762  47.331 0.0000000000
123844  -33.937  -15.631  47.982 0.0000000000
46200  -29.245  -14.714  51.124 0.0000000000
124452  -29.114  -14.846  50.564 0.0000000000
46202  -29.828  -14.744  51.267 0.0000000000
107385  -33.214  -15.599  48.617 0.0000000000
124770  -32.558  -15.760  48.511 0.0000000000
45241  -32.840  -15.752  47.806 0.0000000000
46201  -29.291  -14.932  51.778 0.0000000000
57717  -42.202  -4.172  32.761 0.0000000000
57726  -41.779  -3.688  32.049 0.0000000000
57727  -42.836  -3.973  32.125 0.0000000000
60402  -46.048  -1.864  31.294 0.0000000000
60409  -45.647  -1.353  30.595 0.0000000000
60421  -45.184  -0.835  29.951 0.0000000000
61355  -45.900  -0.558  30.176 0.0000000000
54910  -32.028  -7.584  41.800 0.0000000000
54909  -31.408  -7.529  41.084 0.0000000000
114887  -32.223  -6.736  41.943 0.0000000000
57651  -34.025  -4.632  40.049 0.0000000000
56805  -33.618  -5.163  38.796 0.0000000000
56806  -34.680  -5.411  38.823 0.0000000000
122364  -34.942  -5.318  39.340 0.0000000000
46243  -19.200  -15.709  49.307 0.0000000000
110139  -51.683  5.371  24.064 0.0000000000
66065  -51.964  5.498  23.182 0.0000000000
109152  -5.818  -22.922  55.597 0.0000000000
122456  -5.223  -23.138  55.835 0.0000000000
47376  -30.794  -16.142  41.478 0.0000000000
47375  -30.513  -15.117  41.388 0.0000000000
126731  -33.845  -14.428  45.807 0.0000000000
111875  -34.145  -14.020  45.784 0.0000000000
52023  -33.445  -10.405  43.671 0.0000000000
51196  -32.752  -10.437  43.269 0.0000000000
47321  -20.125  -15.289  44.191 0.0000000000
46280  -28.359  -15.630  45.529 0.0000000000
46289  -27.983  -16.116  44.768 0.0000000000
48401  -20.153  -14.241  45.373 0.0000000000
47320  -19.605  -14.745  44.823 0.0000000000
62382  -47.977  0.697  22.951 0.0000000000
63262  -47.982  1.342  28.351 0.0000000000
62353  -47.488  1.064  27.761 0.0000000000
63263  -48.848  1.503  28.650 0.0000000000
63296  -50.013  2.230  26.560 0.0000000000
64184  -50.215  2.591  26.566 0.0000000000
65096  -50.153  3.438  25.325 0.0000000000
65080  -50.289  3.166  26.312 0.0000000000
52947  -28.468  -9.985  37.226 0.0000000000
52961  -28.390  -9.914  36.176 0.0000000000
53035  -34.885  -8.879  31.513 0.0000000000
53049  -34.675  -8.951  30.556 0.0000000000
54017  -35.232  -8.480  31.358 0.0000000000
54027  -34.952  -8.278  30.506 0.0000000000
54018  -36.032  -8.203  31.972 0.0000000000
53925  -36.970  -7.998  36.797 0.0000000000
54997  -39.683  -7.847  34.968 0.0000000000
54998  -40.462  -7.492  34.757 0.0000000000
55010  -39.370  -7.206  33.780 0.0000000000
55011  -40.098  -6.954  34.226 0.0000000000
55984  -40.634  -6.344  34.033 0.0000000000
41243  -12.347  -21.010  51.204 0.0000000000
40350  -10.934  -22.138  49.231 0.0000000000
36611  -5.905  -25.964  50.825 0.0000000000
36593  -3.371  -26.362  51.591 0.0000000000
117806  -2.605  -25.554  52.223 0.0000000000
56729  -33.328  -4.759  42.607 0.0000000000
45250  -18.512  -17.696  46.430 0.0000000000
39491  -8.108  -22.876  54.578 0.0000000000
104575  -7.219  -23.072  55.044 0.0000000000
38495  -6.783  -23.610  54.517 0.0000000000
44369  -29.903  -18.421  39.677 0.0000000000
45341  -31.534  -17.154  41.825 0.0000000000
46340  -31.096  -16.897  41.645 0.0000000000
46342  -32.089  -16.460  42.536 0.0000000000
49436  -22.306  -13.523  45.362 0.0000000000
49455  -21.738  -13.730  44.802 0.0000000000
118150  -24.392  -13.634  45.305 0.0000000000
49438  -23.939  -13.582  44.768 0.0000000000
111321  -24.896  -13.996  43.969 0.0000000000
45274  -29.679  -16.421  44.824 0.0000000000
45339  -28.504  -17.801  41.819 0.0000000000
44334  -28.675  -18.558  41.347 0.0000000000
44350  -29.062  -18.767  40.515 0.0000000000
49379  -25.658  -13.149  50.541 0.0000000000
49370  -25.982  -12.828  51.307 0.0000000000
49378  -24.583  -13.126  50.247 0.0000000000
108709  -24.861  -12.861  50.951 0.0000000000
49420  -21.961  -13.586  46.137 0.0000000000
53952  -29.345  -7.959  34.940 0.0000000000
53951  -28.582  -8.774  34.880 0.0000000000
53974  -29.268  -8.472  34.268 0.0000000000
53012  -33.470  -8.641  32.207 0.0000000000
109984  -34.002  -9.032  31.814 0.0000000000
53034  -34.458  -9.002  31.689 0.0000000000
53013  -34.476  -8.692  32.556 0.0000000000
115252  -39.151  -7.349  39.312 0.0000000000
54937  -39.281  -7.388  38.633 0.0000000000
54970  -40.595  -6.983  36.943 0.0000000000
42283  -16.854  -20.714  49.492 0.0000000000
106168  -16.261  -20.534  49.618 0.0000000000
42262  -15.700  -20.158  50.090 0.0000000000
41271  -13.237  -20.929  48.100 0.0000000000
42302  -12.896  -20.421  48.875 0.0000000000
107169  -12.383  -20.808  49.246 0.0000000000
40359  -11.934  -22.020  47.996 0.0000000000
44293  -32.130  -17.027  44.494 0.0000000000
45297  -32.711  -17.328  44.505 0.0000000000
120109  -32.901  -17.367  45.018 0.0000000000
46282  -34.573  -15.681  46.609 0.0000000000
46290  -33.713  -15.679  46.225 0.0000000000
46291  -34.771  -15.648  46.617 0.0000000000
48356  -27.724  -14.394  50.231 0.0000000000
48368  -27.833  -14.118  49.215 0.0000000000
46227  -29.109  -15.119  49.536 0.0000000000
46244  -28.933  -14.933  48.838 0.0000000000
46245  -29.664  -15.096  48.392 0.0000000000
45192  -31.988  -14.904  51.106 0.0000000000
46215  -30.445  -15.313  50.401 0.0000000000
45226  -30.876  -15.828  47.787 0.0000000000
45225  -30.484  -15.816  47.397 0.0000000000
45253  -30.458  -16.042  46.332 0.0000000000
45254  -30.792  -16.126  46.067 0.0000000000
45275  -31.650  -16.382  45.586 0.0000000000
44254  -30.883  -16.586  45.439 0.0000000000
44272  -31.369  -16.812  45.056 0.0000000000
107485  -28.382  -14.424  51.264 0.0000000000
48355  -26.996  -13.974  49.735 0.0000000000
57723  -39.248  -3.973  31.372 0.0000000000
57731  -40.129  -3.530  31.092 0.0000000000
58604  -41.297  -3.004  30.883 0.0000000000
58603  -40.706  -3.154  30.595 0.0000000000
58618  -41.064  -2.682  30.232 0.0000000000
112203  -43.830  -3.545  31.572 0.0000000000
58607  -44.162  -3.150  31.098 0.0000000000
59502  -43.152  -1.917  29.963 0.0000000000
60425  -41.976  -0.618  28.744 0.0000000000
61379  -44.648  -0.251  28.545 0.0000000000
61378  -43.771  -0.437  28.355 0.0000000000
61393  -44.473  -0.215  27.747 0.0000000000
106981  -45.231  0.079  27.390 0.0000000000
62333  -47.448  0.966  29.369 0.0000000000
62324  -47.650  0.787  30.222 0.0000000000
52932  -30.941  -9.850  40.765 0.0000000000
52935  -30.368  -9.246  40.098 0.0000000000
53912  -29.874  -8.107  40.024 0.0000000000
53917  -29.229  -8.367  38.484 0.0000000000
53918  -29.594  -7.838  38.991 0.0000000000
55909  -31.060  -5.955  39.587 0.0000000000
55920  -30.842  -5.722  38.793 0.0000000000
55919  -30.513  -6.479  38.440 0.0000000000
55931  -30.399  -6.605  37.710 0.0000000000
54963  -29.838  -7.261  36.769 0.0000000000
55944  -30.507  -6.582  36.922 0.0000000000
55946  -32.438  -6.266  36.800 0.0000000000
55945  -31.407  -6.217  36.785 0.0000000000
54965  -32.168  -7.092  36.298 0.0000000000
54988  -31.917  -7.376  35.807 0.0000000000
54966  -33.243  -6.849  36.211 0.0000000000
55935  -35.724  -6.461  37.855 0.0000000000
54950  -34.898  -6.754  37.003 0.0000000000
54933  -36.323  -6.841  37.732 0.0000000000
55899  -37.833  -6.585  40.775 0.0000000000
55926  -37.532  -6.651  38.792 0.0000000000
54923  -38.915  -7.315  39.679 0.0000000000
45212  -18.877  -17.209  49.472 0.0000000000
44236  -18.979  -17.918  49.921 0.0000000000
44246  -18.154  -18.226  47.268 0.0000000000
43352  -18.003  -19.165  47.767 0.0000000000
42308  -17.781  -19.897  47.992 0.0000000000
46377  -30.372  -16.776  39.269 0.0000000000
49499  -29.537  -13.834  41.093 0.0000000000
49507  -29.170  -13.467  40.688 0.0000000000
45313  -32.384  -17.008  44.649 0.0000000000
45328  -32.761  -16.939  43.288 0.0000000000
105483  -32.798  -14.705  44.608 0.0000000000
124765  -31.972  -15.835  43.611 0.0000000000
110498  -32.336  -15.137  43.673 0.0000000000
48459  -32.254  -14.540  43.491 0.0000000000
50367  -32.031  -11.963  44.174 0.0000000000
50368  -32.823  -12.938  44.398 0.0000000000
50381  -32.251  -12.985  43.749 0.0000000000
112383  -31.795  -13.612  43.293 0.0000000000
50388  -31.480  -11.718  42.410 0.0000000000
50387  -31.342  -11.438  41.748 0.0000000000
51200  -31.472  -10.697  41.564 0.0000000000
52031  -31.926  -10.328  41.746 0.0000000000
115653  -33.024  -9.266  42.557 0.0000000000
52929  -32.564  -9.422  42.139 0.0000000000
53898  -32.785  -8.822  42.422 0.0000000000
113705  -32.562  -8.136  42.368 0.0000000000
54875  -34.080  -7.800  45.758 0.0000000000
54886  -34.031  -7.958  44.887 0.0000000000
48437  -21.881  -14.503  43.378 0.0000000000
47333  -21.328  -15.206  43.210 0.0000000000
48393  -26.764  -13.829  46.599 0.0000000000
47322  -26.215  -14.590  43.996 0.0000000000
45295  -28.189  -16.879  43.869 0.0000000000
46306  -27.739  -16.507  44.241 0.0000000000
45294  -27.642  -16.541  43.801 0.0000000000
48351  -20.044  -14.128  49.490 0.0000000000
48378  -21.791  -13.784  48.285 0.0000000000
48365  -21.467  -13.005  49.152 0.0000000000
122862  -20.251  -14.037  48.156 0.0000000000
48375  -18.977  -14.401  47.789 0.0000000000
47284  -18.913  -15.399  47.038 0.0000000000
46277  -18.546  -16.395  46.514 0.0000000000
46278  -18.818  -15.773  46.068 0.0000000000
61409  -45.435  -0.067  25.624 0.0000000000
62360  -46.085  0.411  26.226 0.0000000000
62367  -46.755  0.480  25.725 0.0000000000
109397  -47.913  0.754  25.267 0.0000000000
63276  -50.255  2.411  28.382 0.0000000000
63287  -49.290  1.730  27.491 0.0000000000
63303  -49.401  2.023  25.675 0.0000000000
63295  -48.868  1.538  25.988 0.0000000000
63302  -48.648  1.580  25.204 0.0000000000
62376  -48.408  0.907  24.723 0.0000000000
63314  -49.167  1.575  23.495 0.0000000000
64207  -49.405  2.475  23.169 0.0000000000
66036  -50.966  4.535  24.300 0.0000000000
66037  -51.643  4.911  24.942 0.0000000000
38561  -8.762  -23.949  50.626 0.0000000000
52044  -29.079  -11.051  38.806 0.0000000000
51211  -28.262  -11.744  39.006 0.0000000000
52043  -28.046  -10.963  38.519 0.0000000000
56001  -36.170  -6.183  30.373 0.0000000000
55995  -36.458  -6.165  31.194 0.0000000000
53955  -34.290  -7.916  34.956 0.0000000000
52972  -36.119  -9.341  34.203 0.0000000000
118175  -35.722  -9.151  33.764 0.0000000000
53938  -38.482  -8.487  36.747 0.0000000000
53959  -38.310  -8.461  35.900 0.0000000000
53998  -38.088  -8.015  33.902 0.0000000000
53982  -38.397  -8.089  34.589 0.0000000000
53997  -37.017  -8.418  33.634 0.0000000000
55020  -39.042  -6.760  33.085 0.0000000000
55997  -37.867  -5.713  32.194 0.0000000000
56858  -38.600  -5.376  32.162 0.0000000000
55991  -39.458  -5.592  32.806 0.0000000000
56853  -41.095  -5.458  33.753 0.0000000000
122578  -40.291  -5.131  32.683 0.0000000000
57705  -41.605  -4.591  33.304 0.0000000000
40323  -9.757  -22.199  52.519 0.0000000000
40331  -9.339  -23.025  51.122 0.0000000000
39531  -9.673  -23.175  48.959 0.0000000000
38583  -9.611  -24.044  48.633 0.0000000000
107530  -7.573  -24.354  51.668 0.0000000000
37578  -5.973  -24.846  52.161 0.0000000000
38526  -6.389  -24.448  52.725 0.0000000000
38509  -6.106  -24.484  53.671 0.0000000000
37557  -5.203  -24.628  53.246 0.0000000000
35710  -4.832  -26.967  50.905 0.0000000000
36609  -4.299  -26.307  51.317 0.0000000000
37576  -4.117  -25.496  52.502 0.0000000000
37556  -4.395  -24.927  53.225 0.0000000000
38492  -4.507  -24.067  54.220 0.0000000000
37554  -2.479  -25.008  52.787 0.0000000000
36607  -0.803  -26.857  51.056 0.0000000000
39500  -8.299  -23.203  53.808 0.0000000000
45326  -31.812  -17.485  42.345 0.0000000000
45342  -32.295  -17.094  42.278 0.0000000000
49421  -23.271  -13.311  46.541 0.0000000000
49422  -23.748  -13.458  45.866 0.0000000000
48403  -24.743  -13.391  46.040 0.0000000000
48404  -25.411  -13.878  45.356 0.0000000000
44290  -30.051  -16.952  43.949 0.0000000000
44289  -29.023  -17.820  43.386 0.0000000000
110106  -29.772  -17.746  43.455 0.0000000000
44308  -29.600  -18.774  42.883 0.0000000000
125051  -29.303  -18.761  42.609 0.0000000000
44335  -29.254  -18.605  42.113 0.0000000000
44320  -29.726  -18.932  42.606 0.0000000000
48326  -27.186  -14.156  51.222 0.0000000000
49391  -25.268  -13.328  49.626 0.0000000000
49402  -24.373  -13.289  48.781 0.0000000000
60444  -43.046  -1.027  25.965 0.0000000000
49506  -28.749  -14.080  40.065 0.0000000000
53992  -29.992  -8.406  33.688 0.0000000000
52986  -30.010  -8.922  32.925 0.0000000000
108479  -32.753  -8.830  31.733 0.0000000000
41274  -16.628  -20.924  48.067 0.0000000000
106309  -15.373  -20.507  48.766 0.0000000000
42304  -14.705  -20.606  48.322 0.0000000000
42281  -14.645  -20.369  49.084 0.0000000000
40366  -13.199  -22.292  46.925 0.0000000000
45276  -32.440  -16.313  45.699 0.0000000000
45277  -33.174  -16.708  45.395 0.0000000000
45257  -32.997  -16.078  46.406 0.0000000000
119436  -33.933  -15.706  46.968 0.0000000000
46283  -35.051  -15.688  46.826 0.0000000000
47266  -28.517  -14.732  49.715 0.0000000000
46228  -29.273  -15.161  50.068 0.0000000000
45213  -31.894  -15.776  49.777 0.0000000000
45227  -31.848  -15.970  48.851 0.0000000000
123224  -31.401  -15.843  48.123 0.0000000000
122571  -31.312  -15.980  47.356 0.0000000000
105236  -31.986  -15.933  47.083 0.0000000000
116768  -31.941  -16.108  46.265 0.0000000000
47239  -28.867  -14.762  51.640 0.0000000000
57715  -40.646  -4.430  32.157 0.0000000000
57725  -40.775  -3.717  31.553 0.0000000000
115173  -41.083  -3.711  31.922 0.0000000000
58594  -41.405  -3.413  31.348 0.0000000000
107626  -41.733  -3.119  30.997 0.0000000000
59479  -44.889  -2.666  31.604 0.0000000000
59489  -44.417  -2.300  30.825 0.0000000000
59503  -43.966  -1.853  30.198 0.0000000000
123081  -43.655  -1.459  29.929 0.0000000000
61368  -42.917  -0.566  29.041 0.0000000000
60420  -44.213  -1.030  29.844 0.0000000000
104588  -44.836  -0.334  29.300 0.0000000000
61380  -45.514  0.103  28.665 0.0000000000
109915  -46.269  0.039  29.629 0.0000000000
61357  -47.084  0.108  30.764 0.0000000000
122355  -31.183  -8.967  41.306 0.0000000000
110324  -30.822  -9.127  40.803 0.0000000000
53907  -30.906  -8.278  40.841 0.0000000000
54915  -31.166  -7.519  40.319 0.0000000000
56774  -33.381  -4.726  40.705 0.0000000000
56773  -32.585  -5.222  40.311 0.0000000000
56790  -32.569  -5.218  39.410 0.0000000000
55921  -31.695  -5.613  38.144 0.0000000000
55932  -32.721  -5.711  37.482 0.0000000000
55933  -33.986  -6.073  37.327 0.0000000000
55923  -35.313  -5.885  38.175 0.0000000000
46225  -19.394  -16.422  49.654 0.0000000000
41289  -17.484  -20.986  47.444 0.0000000000
66063  -50.698  4.538  22.888 0.0000000000
66072  -50.679  4.560  21.972 0.0000000000
111580  -51.334  5.055  22.044 0.0000000000
107218  -52.011  4.992  21.254 0.0000000000
115641  -30.006  -15.210  39.824 0.0000000000
48482  -30.058  -14.240  41.433 0.0000000000
47324  -33.226  -15.459  45.586 0.0000000000
47338  -32.581  -15.336  45.097 0.0000000000
47339  -33.270  -14.799  45.365 0.0000000000
48425  -33.504  -14.185  45.169 0.0000000000
48443  -33.298  -14.001  44.641 0.0000000000
108601  -34.261  -11.982  44.953 0.0000000000
51188  -33.560  -11.273  44.479 0.0000000000
52027  -32.592  -10.222  42.568 0.0000000000
52032  -32.480  -10.091  42.009 0.0000000000
52926  -33.378  -9.367  43.012 0.0000000000
55843  -33.723  -7.103  46.144 0.0000000000
47296  -28.059  -14.911  46.187 0.0000000000
47295  -27.298  -14.589  45.906 0.0000000000
46279  -27.882  -15.240  45.176 0.0000000000
45324  -28.196  -16.918  42.352 0.0000000000
45309  -27.607  -16.288  42.862 0.0000000000
48391  -21.668  -13.918  46.938 0.0000000000
125442  -21.497  -14.132  47.502 0.0000000000
48389  -20.100  -14.314  46.482 0.0000000000
116325  -19.194  -15.267  46.184 0.0000000000
46302  -19.246  -16.283  44.678 0.0000000000
62352  -46.958  0.386  27.422 0.0000000000
62362  -47.421  0.946  26.905 0.0000000000
62354  -48.201  1.431  27.214 0.0000000000
116421  -49.934  1.909  26.990 0.0000000000
63308  -48.856  2.127  24.750 0.0000000000
64197  -49.470  2.645  24.937 0.0000000000
126354  -49.965  2.732  24.181 0.0000000000
64198  -50.015  3.000  24.668 0.0000000000
38581  -8.488  -24.567  49.646 0.0000000000
52047  -27.989  -10.837  37.727 0.0000000000
52051  -28.180  -10.733  36.626 0.0000000000
54019  -36.332  -7.461  31.871 0.0000000000
53935  -35.294  -7.765  36.093 0.0000000000
53956  -35.160  -8.172  35.286 0.0000000000
117986  -35.829  -8.115  35.595 0.0000000000
53957  -36.485  -8.298  35.572 0.0000000000
53961  -39.938  -8.164  36.195 0.0000000000
121309  -39.671  -8.189  35.542 0.0000000000
53999  -38.983  -7.840  34.300 0.0000000000
55009  -38.616  -7.472  33.458 0.0000000000
56847  -41.366  -5.605  34.641 0.0000000000
42259  -12.732  -20.550  50.562 0.0000000000
41227  -11.473  -21.265  51.416 0.0000000000
41226  -10.622  -21.628  50.766 0.0000000000
40339  -9.846  -22.460  50.460 0.0000000000
40349  -10.071  -22.545  49.490 0.0000000000
37593  -6.274  -25.267  51.399 0.0000000000
37575  -3.343  -25.674  52.039 0.0000000000
37555  -3.433  -25.139  52.892 0.0000000000
107730  -30.567  -14.858  51.385 0.0000000000
123970  -32.843  -15.599  50.058 0.0000000000
57707  -43.859  -3.725  33.818 0.0000000000
57718  -44.267  -3.634  33.307 0.0000000000
58586  -44.662  -3.533  32.873 0.0000000000
58587  -45.446  -3.287  32.982 0.0000000000
59481  -46.304  -2.251  32.190 0.0000000000
60403  -46.541  -1.523  31.591 0.0000000000
120310  -47.002  -1.003  31.901 0.0000000000
56708  -32.824  -5.587  43.002 0.0000000000
56754  -33.254  -4.764  41.648 0.0000000000
57622  -33.799  -4.500  41.297 0.0000000000
56775  -34.847  -4.806  40.010 0.0000000000
46261  -18.596  -16.075  47.612 0.0000000000
46242  -18.347  -16.710  48.194 0.0000000000
39477  -6.397  -22.799  55.923 0.0000000000
52922  -34.195  -9.700  44.217 0.0000000000
48402  -20.992  -13.931  45.079 0.0000000000
48421  -21.235  -14.088  44.409 0.0000000000
48422  -21.901  -14.027  44.035 0.0000000000
49469  -22.656  -13.825  43.826 0.0000000000
49437  -23.196  -13.427  45.155 0.0000000000
49457  -23.287  -13.488  44.257 0.0000000000
49470  -23.267  -13.709  43.529 0.0000000000
48439  -23.557  -14.002  42.857 0.0000000000
47334  -24.990  -14.773  42.822 0.0000000000
45252  -29.318  -16.088  45.218 0.0000000000
45251  -28.588  -16.091  44.885 0.0000000000
45311  -28.685  -17.511  43.383 0.0000000000
49376  -22.393  -12.912  50.320 0.0000000000
49389  -23.242  -12.798  50.044 0.0000000000
49400  -22.395  -13.000  48.741 0.0000000000
49401  -23.251  -12.979  48.241 0.0000000000
118648  -22.570  -13.241  47.876 0.0000000000
59522  -41.156  -1.959  27.267 0.0000000000
61422  -47.414  0.159  23.365 0.0000000000
63258  -49.713  1.975  30.010 0.0000000000
63264  -49.694  1.964  29.087 0.0000000000
63265  -50.437  2.413  28.917 0.0000000000
108199  -50.897  3.293  27.695 0.0000000000
52962  -28.230  -9.169  35.480 0.0000000000
53927  -38.138  -7.660  37.713 0.0000000000
53926  -37.552  -8.047  37.150 0.0000000000
105300  -38.796  -7.520  38.028 0.0000000000
53928  -38.665  -8.123  37.382 0.0000000000
53939  -39.328  -8.256  36.874 0.0000000000
53940  -40.035  -7.807  36.944 0.0000000000
112970  -40.464  -7.685  36.285 0.0000000000
54991  -41.002  -7.256  35.935 0.0000000000
119343  -41.274  -6.605  35.768 0.0000000000
42263  -16.608  -20.446  50.233 0.0000000000
42260  -13.493  -20.295  50.380 0.0000000000
42280  -13.686  -20.362  49.468 0.0000000000
41257  -11.745  -21.620  49.080 0.0000000000
122980  -11.774  -22.845  47.815 0.0000000000
35707  -2.033  -27.456  51.519 0.0000000000
44310  -31.331  -17.608  43.425 0.0000000000
44323  -32.057  -17.527  43.320 0.0000000000
44311  -32.076  -17.135  43.872 0.0000000000
45314  -33.446  -17.042  44.680 0.0000000000
45299  -33.316  -16.471  45.211 0.0000000000
46307  -33.353  -16.195  45.424 0.0000000000
46268  -34.904  -14.932  47.599 0.0000000000
114021  -26.434  -13.113  47.162 0.0000000000
47277  -28.451  -14.558  48.534 0.0000000000
47287  -28.294  -14.621  47.337 0.0000000000
125413  -30.300  -14.974  50.917 0.0000000000
46229  -30.020  -15.387  50.018 0.0000000000
126196  -30.149  -15.412  49.166 0.0000000000
46231  -31.362  -15.743  49.498 0.0000000000
46246  -30.151  -15.385  48.367 0.0000000000
46265  -30.094  -15.620  47.341 0.0000000000
45238  -29.751  -15.784  46.223 0.0000000000
118934  -29.972  -16.111  45.721 0.0000000000
44270  -30.172  -16.628  44.640 0.0000000000
48327  -27.992  -14.092  51.556 0.0000000000
48341  -27.027  -14.285  50.678 0.0000000000
56875  -37.708  -4.754  30.956 0.0000000000
57729  -37.576  -4.519  30.060 0.0000000000
57730  -38.400  -4.095  30.835 0.0000000000
58602  -40.012  -3.477  30.151 0.0000000000
58616  -39.772  -3.274  29.352 0.0000000000
58596  -43.169  -3.606  31.660 0.0000000000
58605  -42.214  -2.958  30.914 0.0000000000
59487  -42.651  -2.561  30.465 0.0000000000
59500  -41.467  -2.321  29.743 0.0000000000
117564  -41.208  -2.188  29.041 0.0000000000
59508  -41.245  -2.047  28.224 0.0000000000
60424  -41.558  -1.501  27.940 0.0000000000
61391  -42.838  -0.520  28.130 0.0000000000
61399  -42.824  -0.551  27.301 0.0000000000
61400  -43.270  -0.461  26.654 0.0000000000
61407  -43.680  -0.546  25.878 0.0000000000
61408  -44.562  -0.233  25.798 0.0000000000
61381  -46.333  0.252  28.356 0.0000000000
61395  -46.516  0.290  27.803 0.0000000000
62341  -46.917  0.390  28.065 0.0000000000
117314  -48.077  1.387  28.973 0.0000000000
61343  -46.740  -0.720  31.159 0.0000000000
61344  -47.357  -0.302  31.603 0.0000000000
62312  -47.919  0.397  31.062 0.0000000000
62325  -48.472  1.151  30.509 0.0000000000
63257  -49.132  1.551  29.889 0.0000000000
51203  -29.927  -10.831  40.904 0.0000000000
52039  -29.605  -10.750  39.752 0.0000000000
109709  -29.442  -10.383  38.885 0.0000000000
52941  -29.365  -9.481  38.691 0.0000000000
53924  -29.174  -8.158  37.562 0.0000000000
55896  -31.512  -6.654  40.372 0.0000000000
54921  -31.032  -7.007  39.732 0.0000000000
56772  -31.810  -5.669  39.969 0.0000000000
54920  -30.420  -7.282  39.258 0.0000000000
54932  -30.080  -7.170  38.301 0.0000000000
54947  -29.391  -7.502  37.406 0.0000000000
112498  -29.749  -7.709  35.848 0.0000000000
54964  -31.249  -7.001  36.270 0.0000000000
54986  -30.319  -7.485  35.062 0.0000000000
53953  -31.930  -7.497  34.911 0.0000000000
53977  -32.060  -7.805  34.099 0.0000000000
109680  -32.978  -8.261  33.964 0.0000000000
107768  -32.802  -7.836  34.677 0.0000000000
53933  -33.723  -7.456  35.569 0.0000000000
54949  -34.033  -6.648  36.591 0.0000000000
54967  -34.687  -7.310  36.458 0.0000000000
54968  -35.495  -7.429  36.822 0.0000000000
54969  -36.266  -7.455  37.098 0.0000000000
54952  -36.995  -7.313  37.309 0.0000000000
56793  -35.695  -5.356  39.572 0.0000000000
55910  -36.259  -5.980  39.088 0.0000000000
56777  -37.115  -6.047  40.837 0.0000000000
55898  -37.358  -6.143  40.153 0.0000000000
55925  -36.729  -6.435  38.482 0.0000000000
54935  -37.874  -7.178  38.341 0.0000000000
45223  -18.331  -17.352  48.744 0.0000000000
107728  -17.910  -18.678  49.236 0.0000000000
43339  -17.844  -19.406  49.640 0.0000000000
42307  -17.252  -20.686  48.721 0.0000000000
112297  -17.068  -21.282  47.541 0.0000000000
66074  -52.193  5.563  22.177 0.0000000000
47398  -29.032  -14.869  39.403 0.0000000000
46327  -32.521  -16.885  42.548 0.0000000000
47377  -31.685  -15.775  42.694 0.0000000000
48458  -31.557  -14.680  42.834 0.0000000000
49471  -33.021  -13.728  44.380 0.0000000000
49492  -30.733  -13.172  42.344 0.0000000000
119677  -31.011  -12.311  42.000 0.0000000000
50397  -29.872  -11.642  41.112 0.0000000000
52035  -30.793  -10.449  41.098 0.0000000000
52928  -31.995  -9.888  41.703 0.0000000000
111949  -31.697  -9.178  41.753 0.0000000000
54904  -32.442  -7.235  42.479 0.0000000000
54874  -33.484  -7.067  45.373 0.0000000000
54885  -33.413  -7.413  44.483 0.0000000000
54897  -33.104  -7.731  43.732 0.0000000000
54896  -32.729  -6.822  43.277 0.0000000000
48424  -25.531  -14.140  44.427 0.0000000000
48441  -25.451  -14.358  43.643 0.0000000000
46305  -27.265  -16.035  44.062 0.0000000000
47336  -26.709  -15.232  43.588 0.0000000000
47350  -25.553  -15.121  42.286 0.0000000000
47252  -19.944  -15.268  50.732 0.0000000000
47265  -19.695  -15.005  50.002 0.0000000000
119558  -18.876  -14.879  48.897 0.0000000000
48377  -21.266  -14.356  48.116 0.0000000000
48363  -20.223  -14.110  48.801 0.0000000000
46287  -18.780  -16.333  45.500 0.0000000000
61415  -45.707  -0.310  24.830 0.0000000000
61416  -46.591  0.015  24.777 0.0000000000
61417  -47.283  0.272  24.278 0.0000000000
62363  -48.096  1.299  26.393 0.0000000000
120195  -48.773  0.967  22.665 0.0000000000
113028  -49.040  1.505  24.188 0.0000000000
65115  -50.197  3.569  23.411 0.0000000000
65110  -50.319  3.002  24.020 0.0000000000
118294  -9.090  -23.285  51.583 0.0000000000
39509  -8.949  -23.310  52.369 0.0000000000
39515  -8.816  -23.580  51.523 0.0000000000
38541  -8.302  -24.125  51.253 0.0000000000
38559  -7.633  -24.520  50.917 0.0000000000
37608  -7.288  -25.036  50.324 0.0000000000
50414  -27.884  -12.568  38.275 0.0000000000
115852  -28.098  -9.938  35.296 0.0000000000
53996  -34.019  -8.342  33.782 0.0000000000
108567  -35.062  -8.664  34.614 0.0000000000
52970  -34.828  -8.656  34.094 0.0000000000
52989  -34.881  -8.638  33.532 0.0000000000
52990  -35.189  -8.583  33.103 0.0000000000
106659  -35.705  -8.611  33.075 0.0000000000
53937  -37.653  -8.486  36.664 0.0000000000
114179  -38.148  -8.189  35.139 0.0000000000
52973  -36.702  -9.108  34.058 0.0000000000
54011  -36.252  -8.459  32.913 0.0000000000
55030  -36.627  -6.507  31.889 0.0000000000
55996  -37.099  -5.747  31.720 0.0000000000
119138  -37.239  -5.263  31.101 0.0000000000
56859  -40.009  -4.893  32.255 0.0000000000
55963  -41.337  -6.188  35.253 0.0000000000
113101  -10.169  -21.650  53.109 0.0000000000
39522  -9.173  -23.500  50.468 0.0000000000
39499  -7.684  -23.756  53.291 0.0000000000
38510  -6.886  -24.211  54.005 0.0000000000
38494  -6.056  -24.139  54.417 0.0000000000
36610  -5.183  -26.203  51.142 0.0000000000
37577  -5.348  -25.074  52.453 0.0000000000
38493  -5.265  -24.080  54.333 0.0000000000
39487  -4.889  -23.728  54.941 0.0000000000
115132  -3.929  -23.681  54.896 0.0000000000
39486  -2.881  -23.633  54.794 0.0000000000
35706  -1.053  -27.535  51.329 0.0000000000
37574  -1.853  -25.487  52.207 0.0000000000
38525  -1.858  -24.717  52.501 0.0000000000
42265  -17.723  -20.274  49.840 0.0000000000
45214  -32.568  -15.745  49.205 0.0000000000
45243  -34.020  -15.653  47.623 0.0000000000
46267  -34.804  -15.426  47.308 0.0000000000
46328  -32.316  -16.428  43.025 0.0000000000
48376  -19.635  -14.151  47.602 0.0000000000
53010  -31.246  -9.191  32.245 0.0000000000
53899  -33.058  -8.805  42.790 0.0000000000
53932  -29.390  -8.050  36.674 0.0000000000
53954  -33.445  -7.731  35.030 0.0000000000
55911  -37.165  -6.076  39.307 0.0000000000
55922  -34.428  -5.563  38.034 0.0000000000
55976  -40.916  -7.098  34.485 0.0000000000
60419  -43.303  -0.988  29.649 0.0000000000
106686  -32.334  -6.007  41.642 0.0000000000
110381  -30.642  -7.993  33.831 0.0000000000
120853  -19.479  -15.526  44.538 0.0000000000
122194  -39.624  -7.270  39.205 0.0000000000
123105  -22.262  -14.178  43.591 0.0000000000
123862  -42.130  -1.499  26.198 0.0000000000
125151  -40.970  -5.930  34.282 0.0000000000
125895  -18.411  -17.048  46.508 0.0000000000
126094  -32.820  -8.501  42.628 0.0000000000
