#!ascii label  , from subject sub1 vox2ras=TkReg
1175
81372  -52.047  23.076  20.002 0.0000000000
94268  -41.459  45.146  16.230 0.0000000000
88575  -43.292  34.584  17.984 0.0000000000
106057  -48.143  33.270  15.064 0.0000000000
92138  -44.949  41.072  11.505 0.0000000000
90456  -45.202  37.136  15.049 0.0000000000
106357  -47.377  34.288  9.111 0.0000000000
86845  -43.928  32.154  14.793 0.0000000000
106374  -44.393  20.959  26.263 0.0000000000
81363  -48.133  23.733  22.869 0.0000000000
94784  -34.988  45.501  12.676 0.0000000000
95294  -41.087  47.134  11.717 0.0000000000
95300  -44.879  46.772  9.112 0.0000000000
85601  -48.349  30.386  22.303 0.0000000000
92089  -43.752  41.548  19.288 0.0000000000
89836  -48.474  36.164  18.842 0.0000000000
109730  -50.149  28.725  17.763 0.0000000000
106608  -45.475  27.014  15.021 0.0000000000
105863  -40.235  29.153  11.023 0.0000000000
81403  -49.694  24.030  17.578 0.0000000000
92151  -46.147  40.700  10.275 0.0000000000
91043  -46.153  38.111  10.373 0.0000000000
90520  -46.035  37.232  8.227 0.0000000000
88662  -44.617  34.351  9.777 0.0000000000
80679  -47.323  22.515  24.686 0.0000000000
82029  -45.397  24.256  22.586 0.0000000000
95271  -32.747  46.867  14.986 0.0000000000
96217  -44.220  48.327  12.011 0.0000000000
85620  -46.087  30.074  21.883 0.0000000000
87928  -46.043  32.748  20.531 0.0000000000
93723  -39.159  43.570  16.001 0.0000000000
93694  -42.036  44.416  18.669 0.0000000000
121355  -49.254  34.898  13.859 0.0000000000
90421  -47.707  37.713  16.782 0.0000000000
88607  -48.917  34.561  16.558 0.0000000000
114795  -49.326  33.014  19.318 0.0000000000
120137  -48.249  30.835  17.896 0.0000000000
84299  -48.514  27.595  16.189 0.0000000000
86260  -46.406  30.369  16.770 0.0000000000
107152  -41.166  29.445  14.053 0.0000000000
93201  -42.571  42.850  13.917 0.0000000000
107170  -42.182  39.975  15.358 0.0000000000
91020  -43.164  38.111  12.785 0.0000000000
89307  -46.158  35.053  12.316 0.0000000000
87455  -49.569  32.861  11.939 0.0000000000
87437  -46.583  32.243  14.149 0.0000000000
88013  -46.459  33.010  11.511 0.0000000000
88003  -42.461  33.775  13.770 0.0000000000
79371  -47.730  20.191  28.430 0.0000000000
80682  -50.978  21.563  25.180 0.0000000000
82035  -51.788  23.704  22.353 0.0000000000
114911  -31.194  44.372  16.213 0.0000000000
93734  -34.415  43.509  14.096 0.0000000000
93753  -38.413  43.569  13.123 0.0000000000
94311  -41.751  44.940  13.185 0.0000000000
94779  -43.941  45.492  12.993 0.0000000000
110500  -44.603  44.347  11.090 0.0000000000
93811  -45.556  43.418  8.790 0.0000000000
94825  -45.384  45.489  7.840 0.0000000000
83512  -45.859  26.336  19.861 0.0000000000
83516  -49.170  26.711  20.757 0.0000000000
112547  -51.899  27.059  21.307 0.0000000000
90416  -43.273  38.130  17.589 0.0000000000
120229  -45.406  40.496  17.118 0.0000000000
111248  -46.560  38.883  18.136 0.0000000000
115084  -46.030  35.416  18.872 0.0000000000
87924  -48.721  33.826  22.070 0.0000000000
86232  -50.408  30.278  20.872 0.0000000000
83538  -51.762  26.233  18.242 0.0000000000
83568  -50.484  25.947  14.594 0.0000000000
82812  -48.044  25.906  12.050 0.0000000000
82826  -45.235  27.237  9.754 0.0000000000
85672  -44.078  29.524  15.683 0.0000000000
115719  -42.346  28.229  12.288 0.0000000000
83602  -42.423  27.319  10.760 0.0000000000
80706  -51.567  22.179  21.297 0.0000000000
80721  -50.744  23.140  19.782 0.0000000000
81386  -50.764  24.011  18.765 0.0000000000
92167  -46.165  40.300  8.958 0.0000000000
116648  -46.458  39.077  9.399 0.0000000000
91059  -45.797  38.699  8.672 0.0000000000
90513  -44.236  36.969  8.821 0.0000000000
87944  -44.980  33.467  19.541 0.0000000000
93724  -40.383  44.416  16.229 0.0000000000
116755  -49.552  33.848  13.747 0.0000000000
126109  -49.336  34.977  15.081 0.0000000000
87985  -48.972  34.220  15.831 0.0000000000
87408  -49.026  33.320  17.502 0.0000000000
87406  -47.887  32.771  16.872 0.0000000000
86261  -47.203  30.891  17.283 0.0000000000
86819  -47.263  31.899  16.689 0.0000000000
92663  -43.472  42.021  12.665 0.0000000000
92123  -42.411  40.306  13.071 0.0000000000
91586  -43.537  39.609  12.119 0.0000000000
89950  -46.755  36.503  9.565 0.0000000000
89934  -45.769  36.440  11.064 0.0000000000
88663  -47.492  34.517  10.607 0.0000000000
88655  -48.262  34.043  11.238 0.0000000000
87468  -48.504  32.835  9.851 0.0000000000
105405  -47.449  32.700  11.121 0.0000000000
88026  -47.087  33.318  10.001 0.0000000000
88642  -44.191  34.401  11.955 0.0000000000
81343  -47.741  23.432  23.480 0.0000000000
80657  -48.884  21.878  25.711 0.0000000000
80697  -49.379  22.928  24.068 0.0000000000
81346  -51.285  22.651  23.500 0.0000000000
81365  -50.163  23.751  22.892 0.0000000000
95278  -33.279  46.430  13.785 0.0000000000
94289  -32.816  45.001  13.828 0.0000000000
106529  -34.226  44.538  13.203 0.0000000000
93751  -36.671  43.431  13.573 0.0000000000
94306  -36.786  44.289  12.451 0.0000000000
94799  -39.677  46.161  11.735 0.0000000000
94790  -40.229  45.217  11.820 0.0000000000
107825  -41.325  45.417  12.177 0.0000000000
94778  -43.456  45.287  13.409 0.0000000000
95289  -42.968  46.439  12.067 0.0000000000
95753  -44.508  47.876  10.663 0.0000000000
94801  -44.412  46.285  11.685 0.0000000000
94806  -44.810  45.556  9.751 0.0000000000
93796  -45.574  43.326  9.698 0.0000000000
94809  -45.081  45.396  8.780 0.0000000000
94340  -45.435  44.647  8.037 0.0000000000
95302  -45.397  46.751  8.148 0.0000000000
85633  -41.790  29.540  21.333 0.0000000000
84978  -41.854  28.362  19.850 0.0000000000
84980  -43.462  28.440  19.833 0.0000000000
83523  -44.505  26.596  19.564 0.0000000000
84981  -44.882  28.283  19.744 0.0000000000
86222  -47.420  30.518  22.383 0.0000000000
84973  -47.673  28.478  20.631 0.0000000000
84954  -49.136  28.970  21.461 0.0000000000
83500  -50.754  26.551  21.273 0.0000000000
84939  -50.203  29.177  22.044 0.0000000000
92087  -41.248  41.088  18.894 0.0000000000
91541  -41.411  39.464  17.879 0.0000000000
91543  -43.151  39.591  18.167 0.0000000000
90984  -43.461  38.538  15.362 0.0000000000
118887  -43.575  40.073  16.357 0.0000000000
111811  -45.258  39.036  15.885 0.0000000000
90419  -48.158  37.238  17.562 0.0000000000
90973  -47.354  38.432  17.597 0.0000000000
105225  -47.365  37.599  18.395 0.0000000000
90406  -46.089  37.846  18.211 0.0000000000
89834  -47.858  36.540  19.595 0.0000000000
88561  -47.412  35.103  20.383 0.0000000000
89206  -48.362  35.380  20.648 0.0000000000
86244  -49.682  30.879  19.011 0.0000000000
86801  -49.862  31.117  20.132 0.0000000000
85649  -50.389  29.784  19.065 0.0000000000
84984  -51.827  27.916  19.299 0.0000000000
85000  -51.157  27.851  17.476 0.0000000000
83543  -51.268  26.419  16.633 0.0000000000
84301  -50.339  27.345  16.174 0.0000000000
84310  -46.958  27.342  15.722 0.0000000000
83565  -48.648  26.556  13.547 0.0000000000
83578  -47.350  26.591  12.481 0.0000000000
82828  -46.631  26.938  9.966 0.0000000000
111806  -45.691  26.814  11.727 0.0000000000
86846  -44.967  31.940  14.665 0.0000000000
86830  -45.209  31.231  15.180 0.0000000000
86268  -43.820  30.492  15.314 0.0000000000
85039  -40.765  29.262  11.925 0.0000000000
85026  -42.009  28.356  13.636 0.0000000000
85040  -41.319  28.960  11.465 0.0000000000
85051  -42.241  28.469  10.651 0.0000000000
84346  -40.874  28.015  11.250 0.0000000000
83590  -40.571  26.861  11.835 0.0000000000
79427  -49.485  20.615  23.292 0.0000000000
81430  -48.211  24.029  15.450 0.0000000000
92678  -45.683  41.519  10.878 0.0000000000
91595  -45.457  39.621  11.368 0.0000000000
91597  -46.417  39.558  10.513 0.0000000000
115365  -46.490  38.007  9.623 0.0000000000
89359  -46.652  35.882  8.518 0.0000000000
88041  -46.238  34.227  9.059 0.0000000000
89357  -45.368  35.694  8.454 0.0000000000
80654  -45.855  21.647  25.693 0.0000000000
80677  -45.285  22.551  24.677 0.0000000000
123642  -46.842  24.134  22.489 0.0000000000
114722  -34.693  47.348  13.862 0.0000000000
95739  -42.765  47.315  11.927 0.0000000000
96725  -44.171  49.325  9.831 0.0000000000
96248  -44.898  48.237  8.382 0.0000000000
85636  -44.520  29.708  21.279 0.0000000000
86776  -45.813  31.039  22.003 0.0000000000
86763  -47.066  31.365  22.581 0.0000000000
93163  -43.919  43.819  19.471 0.0000000000
89899  -46.782  36.237  14.745 0.0000000000
90437  -46.842  37.740  15.782 0.0000000000
89900  -47.849  36.250  15.101 0.0000000000
89869  -48.513  35.908  16.885 0.0000000000
89245  -48.903  35.247  17.503 0.0000000000
88562  -49.251  34.803  19.798 0.0000000000
110049  -49.414  34.106  18.043 0.0000000000
86813  -49.209  31.639  18.786 0.0000000000
85658  -48.956  30.185  18.345 0.0000000000
84998  -49.421  28.877  17.578 0.0000000000
111385  -48.325  29.877  17.815 0.0000000000
85008  -46.803  29.036  17.088 0.0000000000
123386  -45.553  28.028  16.191 0.0000000000
86267  -42.491  30.361  15.339 0.0000000000
89241  -41.883  35.545  17.528 0.0000000000
93198  -42.251  43.782  15.850 0.0000000000
93196  -41.888  43.019  16.374 0.0000000000
114034  -41.720  41.223  14.407 0.0000000000
91009  -42.356  38.600  14.025 0.0000000000
89912  -43.996  36.764  13.565 0.0000000000
111915  -44.673  37.775  11.495 0.0000000000
116460  -44.645  36.521  12.057 0.0000000000
89297  -45.444  35.369  13.141 0.0000000000
120115  -48.027  34.605  13.042 0.0000000000
88634  -49.582  33.642  12.657 0.0000000000
113060  -49.283  32.808  13.331 0.0000000000
87438  -47.346  32.454  14.326 0.0000000000
87454  -48.238  32.510  12.466 0.0000000000
87445  -46.507  32.456  13.282 0.0000000000
87443  -45.090  32.833  13.562 0.0000000000
88024  -45.227  33.907  10.505 0.0000000000
88011  -44.763  33.765  12.559 0.0000000000
80025  -47.496  21.161  27.096 0.0000000000
80027  -49.406  20.586  27.365 0.0000000000
112770  -50.913  19.956  25.979 0.0000000000
79429  -51.640  20.895  23.891 0.0000000000
80704  -52.180  22.148  22.867 0.0000000000
81370  -52.270  23.216  21.670 0.0000000000
93700  -33.118  43.151  16.118 0.0000000000
93732  -32.743  43.757  14.679 0.0000000000
93718  -34.287  43.292  15.024 0.0000000000
93736  -36.347  43.223  14.372 0.0000000000
105193  -38.983  43.330  14.852 0.0000000000
93740  -40.475  44.150  15.118 0.0000000000
95283  -36.272  45.756  12.296 0.0000000000
94307  -37.765  44.643  12.252 0.0000000000
94292  -40.093  43.990  12.944 0.0000000000
94280  -42.059  44.995  15.513 0.0000000000
93742  -43.176  44.958  14.743 0.0000000000
93757  -43.463  44.396  13.785 0.0000000000
116671  -44.499  43.102  12.110 0.0000000000
95291  -44.084  46.974  12.286 0.0000000000
94312  -44.491  44.777  12.043 0.0000000000
93206  -45.163  42.922  11.381 0.0000000000
93216  -45.753  42.168  10.627 0.0000000000
93217  -45.979  41.840  9.359 0.0000000000
93239  -45.166  42.519  8.010 0.0000000000
93819  -45.220  43.657  7.902 0.0000000000
95765  -45.373  47.432  7.177 0.0000000000
82738  -45.728  25.144  21.184 0.0000000000
82740  -47.473  25.110  21.119 0.0000000000
84278  -46.275  27.924  19.806 0.0000000000
83514  -47.545  26.638  20.222 0.0000000000
82052  -48.807  24.663  21.774 0.0000000000
118352  -50.488  24.871  21.714 0.0000000000
82743  -51.825  25.500  21.607 0.0000000000
82745  -52.406  25.288  20.795 0.0000000000
89854  -43.009  36.572  17.491 0.0000000000
92652  -42.522  41.877  17.204 0.0000000000
121275  -43.725  42.044  17.726 0.0000000000
92649  -44.942  42.088  18.689 0.0000000000
90979  -46.440  39.159  16.516 0.0000000000
92095  -46.259  40.200  17.954 0.0000000000
122028  -44.889  40.472  18.536 0.0000000000
90972  -44.997  38.497  17.946 0.0000000000
89856  -44.692  37.002  17.917 0.0000000000
89227  -44.823  35.578  18.204 0.0000000000
88560  -46.565  34.510  19.887 0.0000000000
87930  -47.734  33.829  21.295 0.0000000000
87343  -48.467  32.305  22.254 0.0000000000
87931  -49.356  33.744  21.076 0.0000000000
112202  -49.512  31.843  21.662 0.0000000000
86212  -49.828  30.151  22.075 0.0000000000
84956  -51.259  28.638  21.356 0.0000000000
83526  -52.510  26.779  20.095 0.0000000000
82072  -51.354  24.731  18.772 0.0000000000
82079  -50.712  24.915  17.856 0.0000000000
82089  -50.178  24.972  15.798 0.0000000000
82110  -48.851  24.741  13.808 0.0000000000
83551  -49.591  26.636  14.577 0.0000000000
82805  -49.116  25.823  12.594 0.0000000000
106147  -47.597  24.658  12.726 0.0000000000
82130  -47.105  24.631  12.038 0.0000000000
82141  -44.873  24.887  10.456 0.0000000000
86832  -46.341  31.286  15.645 0.0000000000
85673  -44.923  29.794  15.898 0.0000000000
107608  -44.913  27.694  15.601 0.0000000000
105191  -42.765  28.966  15.292 0.0000000000
84307  -43.271  27.729  14.758 0.0000000000
83561  -44.277  27.003  13.775 0.0000000000
83591  -43.916  27.563  11.015 0.0000000000
83603  -43.399  26.904  10.558 0.0000000000
80713  -51.813  22.629  20.787 0.0000000000
80712  -50.973  22.482  20.617 0.0000000000
80722  -51.534  22.966  20.109 0.0000000000
81375  -50.993  23.696  19.354 0.0000000000
81376  -51.633  23.349  19.571 0.0000000000
92166  -45.586  40.215  8.637 0.0000000000
91621  -46.086  39.560  8.853 0.0000000000
91614  -44.956  39.022  8.671 0.0000000000
117458  -44.278  33.434  19.036 0.0000000000
87959  -43.953  34.110  18.486 0.0000000000
94257  -41.027  45.234  16.596 0.0000000000
93708  -41.102  45.179  16.839 0.0000000000
126552  -49.375  33.619  14.084 0.0000000000
87997  -49.378  34.072  14.725 0.0000000000
87996  -48.996  33.660  15.200 0.0000000000
87974  -48.764  33.820  16.245 0.0000000000
87423  -48.234  33.380  16.106 0.0000000000
87422  -47.540  32.755  15.926 0.0000000000
92125  -43.978  41.344  12.043 0.0000000000
92137  -44.209  40.380  11.827 0.0000000000
89343  -47.232  35.751  9.132 0.0000000000
89326  -46.986  35.330  10.017 0.0000000000
88664  -47.487  34.568  9.538 0.0000000000
116404  -48.334  34.033  10.207 0.0000000000
88032  -47.996  33.226  9.506 0.0000000000
87463  -48.250  32.699  9.822 0.0000000000
88031  -47.221  33.837  9.146 0.0000000000
80022  -45.348  20.542  27.546 0.0000000000
81323  -48.269  22.972  24.205 0.0000000000
81344  -48.694  23.334  23.429 0.0000000000
81345  -49.689  23.345  23.421 0.0000000000
81364  -49.104  23.659  22.761 0.0000000000
95279  -34.043  46.261  13.386 0.0000000000
94776  -34.212  45.371  13.012 0.0000000000
94291  -34.963  44.658  12.797 0.0000000000
94305  -35.876  44.428  12.611 0.0000000000
94785  -35.614  45.203  12.419 0.0000000000
95293  -39.980  47.190  11.807 0.0000000000
95286  -39.140  47.168  12.009 0.0000000000
94800  -40.633  46.155  11.704 0.0000000000
126914  -41.443  46.229  11.818 0.0000000000
106642  -42.189  45.940  12.164 0.0000000000
95288  -42.041  46.762  11.884 0.0000000000
118647  -44.670  47.154  10.127 0.0000000000
95298  -44.804  46.397  9.995 0.0000000000
106878  -44.953  44.709  9.430 0.0000000000
116753  -44.924  46.029  9.124 0.0000000000
111895  -45.383  46.082  8.384 0.0000000000
86217  -41.617  30.136  21.919 0.0000000000
85634  -42.643  29.592  21.360 0.0000000000
84968  -42.234  29.081  20.450 0.0000000000
84969  -43.106  29.098  20.408 0.0000000000
118401  -44.085  27.950  19.625 0.0000000000
85621  -47.895  29.931  21.947 0.0000000000
85622  -48.999  29.781  21.970 0.0000000000
110404  -49.859  28.640  21.732 0.0000000000
85602  -49.771  29.759  22.113 0.0000000000
92638  -43.137  42.368  19.428 0.0000000000
92088  -42.437  41.277  18.970 0.0000000000
91532  -42.864  40.446  18.522 0.0000000000
120423  -43.933  40.580  18.542 0.0000000000
90455  -44.239  37.367  14.927 0.0000000000
90985  -44.349  38.704  15.680 0.0000000000
90435  -44.954  38.150  15.384 0.0000000000
89847  -48.367  36.814  18.146 0.0000000000
90408  -47.832  37.491  18.232 0.0000000000
106772  -48.110  36.993  18.801 0.0000000000
90397  -47.793  37.021  18.805 0.0000000000
89835  -48.035  36.610  19.565 0.0000000000
89827  -48.017  36.096  20.231 0.0000000000
89217  -48.402  35.948  20.009 0.0000000000
85648  -49.934  30.077  18.901 0.0000000000
86245  -50.036  30.394  19.416 0.0000000000
85660  -50.274  29.374  18.434 0.0000000000
84988  -50.738  29.111  18.567 0.0000000000
84999  -50.594  28.567  17.921 0.0000000000
125994  -51.088  27.558  16.863 0.0000000000
119071  -50.662  27.887  17.047 0.0000000000
83548  -46.537  26.841  14.866 0.0000000000
83564  -46.803  26.816  13.646 0.0000000000
83563  -45.974  26.729  14.201 0.0000000000
83577  -46.053  26.558  12.944 0.0000000000
83562  -45.208  26.942  13.971 0.0000000000
116151  -44.379  31.315  15.098 0.0000000000
86829  -43.522  31.358  15.231 0.0000000000
121123  -40.748  29.141  11.340 0.0000000000
85032  -41.152  29.046  12.404 0.0000000000
125891  -41.809  28.653  10.888 0.0000000000
85050  -41.015  28.752  11.055 0.0000000000
105725  -40.158  28.642  11.000 0.0000000000
79428  -50.964  20.674  23.444 0.0000000000
81402  -48.750  23.916  17.209 0.0000000000
81417  -48.437  24.043  16.382 0.0000000000
92150  -45.866  40.892  10.719 0.0000000000
92140  -46.167  40.224  10.770 0.0000000000
117532  -46.445  40.067  10.207 0.0000000000
90521  -46.323  37.802  8.625 0.0000000000
91052  -46.569  38.170  9.115 0.0000000000
90515  -46.758  37.190  8.831 0.0000000000
89974  -46.784  36.534  8.692 0.0000000000
123441  -46.377  36.377  8.396 0.0000000000
89358  -46.073  35.850  8.338 0.0000000000
89972  -45.849  36.531  8.263 0.0000000000
89963  -43.759  36.239  8.965 0.0000000000
80676  -44.406  22.573  24.587 0.0000000000
81361  -46.256  23.938  23.001 0.0000000000
123196  -34.713  47.541  15.030 0.0000000000
96710  -43.947  49.418  10.602 0.0000000000
97169  -44.283  49.867  9.011 0.0000000000
97168  -43.257  50.421  9.134 0.0000000000
87387  -45.091  32.779  20.043 0.0000000000
86792  -45.435  31.519  21.443 0.0000000000
123695  -45.959  32.088  21.152 0.0000000000
86777  -46.581  31.342  22.293 0.0000000000
87370  -46.648  32.473  21.405 0.0000000000
119457  -38.073  43.190  16.065 0.0000000000
93686  -42.880  43.858  19.275 0.0000000000
89285  -47.556  35.621  14.265 0.0000000000
89286  -48.777  35.547  14.637 0.0000000000
106893  -48.833  35.029  16.075 0.0000000000
89886  -48.573  35.658  16.308 0.0000000000
89260  -48.747  35.306  16.894 0.0000000000
89859  -48.598  35.825  17.268 0.0000000000
106579  -48.990  34.820  17.199 0.0000000000
88594  -49.265  34.731  17.785 0.0000000000
104765  -49.161  34.351  17.429 0.0000000000
87400  -48.603  32.643  17.558 0.0000000000
87401  -49.111  32.659  18.204 0.0000000000
86812  -48.683  31.753  18.155 0.0000000000
86253  -49.048  30.934  18.543 0.0000000000
120447  -49.014  29.518  17.965 0.0000000000
85656  -46.826  29.953  17.351 0.0000000000
113546  -46.171  28.603  16.536 0.0000000000
109104  -46.220  29.552  16.694 0.0000000000
93199  -42.236  43.154  14.863 0.0000000000
92658  -41.691  42.182  15.191 0.0000000000
92659  -41.931  42.050  14.162 0.0000000000
91585  -42.724  39.541  12.726 0.0000000000
91575  -42.228  39.432  13.556 0.0000000000
91019  -42.618  38.749  13.212 0.0000000000
90453  -42.788  38.052  14.204 0.0000000000
90479  -43.705  37.245  12.764 0.0000000000
115861  -45.795  39.064  11.291 0.0000000000
91034  -44.703  38.660  11.444 0.0000000000
91035  -45.441  38.164  11.035 0.0000000000
89314  -45.807  35.580  11.567 0.0000000000
89924  -45.043  36.004  11.707 0.0000000000
89306  -45.235  35.484  12.339 0.0000000000
89296  -44.927  35.568  12.857 0.0000000000
89298  -46.314  35.023  13.114 0.0000000000
120903  -47.053  34.706  12.661 0.0000000000
88645  -49.488  33.310  11.935 0.0000000000
88644  -49.093  33.757  12.011 0.0000000000
88014  -49.664  33.139  12.295 0.0000000000
88007  -49.674  33.457  12.919 0.0000000000
87448  -49.654  32.950  12.594 0.0000000000
87447  -49.198  32.629  12.743 0.0000000000
117471  -49.190  32.623  11.859 0.0000000000
122025  -47.533  32.489  11.936 0.0000000000
87452  -46.582  32.576  12.231 0.0000000000
87444  -45.732  32.706  13.040 0.0000000000
88675  -45.262  34.372  8.908 0.0000000000
116763  -45.688  34.042  9.615 0.0000000000
88632  -42.911  34.379  13.187 0.0000000000
80678  -46.231  22.495  24.755 0.0000000000
80036  -46.593  21.220  26.792 0.0000000000
80655  -46.859  21.803  25.671 0.0000000000
80658  -49.813  21.671  25.358 0.0000000000
80038  -49.474  21.233  26.615 0.0000000000
80659  -50.305  21.078  25.904 0.0000000000
79373  -50.383  20.100  26.419 0.0000000000
80058  -50.870  20.709  25.854 0.0000000000
79421  -51.415  20.625  24.816 0.0000000000
80059  -51.405  21.059  25.109 0.0000000000
81366  -51.804  22.682  22.900 0.0000000000
80699  -51.898  22.010  23.699 0.0000000000
80708  -52.174  22.438  22.134 0.0000000000
81367  -52.124  22.914  22.383 0.0000000000
94755  -30.917  45.333  17.215 0.0000000000
118465  -31.040  44.375  17.646 0.0000000000
93698  -31.360  43.789  16.758 0.0000000000
93699  -32.189  43.328  16.356 0.0000000000
93715  -31.706  43.886  15.860 0.0000000000
95719  -32.779  47.120  16.002 0.0000000000
95270  -32.145  46.440  15.491 0.0000000000
93748  -33.879  44.038  13.678 0.0000000000
94277  -32.487  44.449  14.446 0.0000000000
93733  -33.602  43.653  14.413 0.0000000000
109238  -35.097  43.247  14.672 0.0000000000
93719  -35.883  43.016  15.046 0.0000000000
121932  -35.675  43.269  14.297 0.0000000000
93752  -37.485  43.496  13.418 0.0000000000
93738  -38.141  43.546  14.193 0.0000000000
107513  -38.907  43.473  13.986 0.0000000000
93739  -39.641  43.645  14.434 0.0000000000
93754  -39.401  43.721  13.472 0.0000000000
94788  -38.376  45.454  12.113 0.0000000000
94310  -40.706  44.590  12.535 0.0000000000
94309  -39.700  44.487  12.199 0.0000000000
94293  -41.098  44.336  13.555 0.0000000000
94294  -42.114  45.064  14.448 0.0000000000
94281  -42.835  45.160  15.502 0.0000000000
94295  -42.840  45.191  14.930 0.0000000000
94296  -43.597  45.045  13.601 0.0000000000
93758  -43.947  44.588  13.161 0.0000000000
93769  -43.809  43.642  12.969 0.0000000000
94297  -44.238  45.064  12.893 0.0000000000
95740  -43.396  47.827  12.064 0.0000000000
116917  -43.617  47.140  12.181 0.0000000000
95741  -44.042  47.809  12.196 0.0000000000
121383  -44.520  45.418  11.584 0.0000000000
122979  -44.461  45.950  12.147 0.0000000000
93775  -44.596  43.781  11.555 0.0000000000
93776  -45.081  43.479  10.916 0.0000000000
93207  -45.531  42.791  10.818 0.0000000000
114892  -45.363  43.991  9.113 0.0000000000
93227  -45.800  42.661  9.372 0.0000000000
92708  -45.801  41.625  8.860 0.0000000000
93241  -45.741  42.204  8.862 0.0000000000
93240  -45.538  42.834  8.424 0.0000000000
94346  -45.286  44.557  7.891 0.0000000000
93818  -44.567  44.002  7.924 0.0000000000
94824  -44.979  45.500  7.561 0.0000000000
95760  -45.282  47.483  7.863 0.0000000000
82763  -43.335  25.912  19.863 0.0000000000
83524  -45.309  26.773  19.569 0.0000000000
111594  -45.268  25.379  20.517 0.0000000000
82756  -46.027  25.695  20.372 0.0000000000
82739  -46.524  25.165  21.123 0.0000000000
82757  -47.012  25.822  20.595 0.0000000000
85637  -45.518  29.615  21.248 0.0000000000
119459  -45.914  29.108  20.581 0.0000000000
116021  -48.856  27.547  20.734 0.0000000000
84267  -48.007  27.554  20.457 0.0000000000
83515  -48.375  26.683  20.477 0.0000000000
82741  -48.537  25.243  21.118 0.0000000000
117043  -49.363  25.851  20.959 0.0000000000
82053  -49.485  25.099  21.501 0.0000000000
82742  -50.187  25.776  21.377 0.0000000000
83501  -51.531  26.403  21.369 0.0000000000
107784  -51.139  25.621  21.557 0.0000000000
83502  -51.975  26.239  21.346 0.0000000000
82744  -52.159  25.407  21.454 0.0000000000
121070  -52.235  26.173  21.031 0.0000000000
90970  -42.639  38.741  17.699 0.0000000000
113033  -42.543  37.360  17.451 0.0000000000
92655  -41.659  41.662  15.783 0.0000000000
92651  -41.918  42.180  16.601 0.0000000000
92097  -42.118  41.192  16.331 0.0000000000
110148  -44.627  40.763  17.152 0.0000000000
92098  -43.300  41.051  16.977 0.0000000000
92653  -44.742  41.795  17.863 0.0000000000
92648  -44.454  42.669  18.616 0.0000000000
92099  -45.458  41.244  17.815 0.0000000000
90438  -47.518  37.410  16.129 0.0000000000
90987  -46.466  38.552  16.131 0.0000000000
90988  -47.247  38.184  16.429 0.0000000000
91536  -46.941  38.668  18.021 0.0000000000
91544  -46.588  39.399  17.595 0.0000000000
91535  -46.474  39.347  17.999 0.0000000000
92092  -46.040  40.304  18.198 0.0000000000
91533  -45.612  40.028  18.370 0.0000000000
90958  -44.910  39.405  18.354 0.0000000000
107139  -45.668  39.098  18.309 0.0000000000
89845  -46.122  36.826  18.443 0.0000000000
89857  -45.452  37.186  18.160 0.0000000000
89844  -45.153  36.433  18.233 0.0000000000
88577  -45.333  35.053  18.561 0.0000000000
89214  -45.927  34.720  19.113 0.0000000000
88551  -47.921  34.674  21.050 0.0000000000
88550  -47.166  34.216  20.660 0.0000000000
87923  -48.143  33.489  21.806 0.0000000000
87355  -47.874  32.670  22.011 0.0000000000
87356  -48.505  33.186  22.125 0.0000000000
87946  -49.456  33.964  19.787 0.0000000000
109681  -49.394  32.952  20.267 0.0000000000
86794  -50.014  30.873  20.862 0.0000000000
86793  -49.642  31.664  20.692 0.0000000000
86778  -49.747  31.130  21.614 0.0000000000
86223  -49.671  30.715  22.040 0.0000000000
86224  -50.490  29.852  21.513 0.0000000000
85623  -50.317  29.692  21.895 0.0000000000
84974  -51.391  28.868  21.140 0.0000000000
113972  -51.954  27.161  18.737 0.0000000000
84279  -52.337  27.352  19.744 0.0000000000
83530  -52.152  26.578  19.195 0.0000000000
113587  -52.257  25.967  19.551 0.0000000000
82772  -51.447  25.392  18.444 0.0000000000
82071  -51.031  24.660  18.614 0.0000000000
82081  -51.054  25.160  18.224 0.0000000000
83553  -50.920  26.203  15.142 0.0000000000
82783  -50.606  25.227  16.672 0.0000000000
82100  -50.031  25.365  14.857 0.0000000000
82099  -49.543  24.797  15.203 0.0000000000
82111  -49.431  25.026  14.282 0.0000000000
85010  -48.960  28.247  16.889 0.0000000000
84300  -49.494  27.585  16.114 0.0000000000
84312  -49.157  27.180  15.262 0.0000000000
83579  -48.409  26.406  12.653 0.0000000000
83580  -49.072  26.246  12.790 0.0000000000
83596  -48.764  26.075  12.220 0.0000000000
82121  -48.880  25.138  12.926 0.0000000000
82131  -47.915  25.276  12.209 0.0000000000
82144  -47.473  25.649  11.476 0.0000000000
82827  -46.089  27.105  9.778 0.0000000000
82821  -46.385  26.235  10.209 0.0000000000
82820  -45.463  26.153  9.998 0.0000000000
124234  -44.325  24.854  10.536 0.0000000000
82819  -44.516  25.929  10.212 0.0000000000
86848  -46.495  31.751  14.918 0.0000000000
86269  -44.581  30.515  15.464 0.0000000000
86270  -45.330  30.568  15.715 0.0000000000
85006  -44.698  29.033  15.932 0.0000000000
85007  -44.952  28.425  15.938 0.0000000000
85019  -44.136  28.396  15.772 0.0000000000
85669  -42.021  30.041  15.067 0.0000000000
85680  -41.926  29.196  14.599 0.0000000000
85017  -42.616  28.260  14.702 0.0000000000
84327  -42.812  27.739  13.746 0.0000000000
121801  -43.336  27.514  14.247 0.0000000000
115520  -43.536  27.360  13.561 0.0000000000
83575  -44.092  27.279  12.355 0.0000000000
84328  -43.194  27.782  12.047 0.0000000000
124429  -42.270  28.205  10.610 0.0000000000
84348  -42.798  27.976  10.706 0.0000000000
82817  -42.810  25.824  10.932 0.0000000000
80079  -51.694  21.684  22.010 0.0000000000
80086  -51.020  21.901  21.296 0.0000000000
80720  -49.600  22.905  19.414 0.0000000000
92160  -46.382  40.357  9.566 0.0000000000
91606  -46.538  39.601  9.780 0.0000000000
91615  -46.389  39.631  9.213 0.0000000000
116288  -46.342  38.846  8.982 0.0000000000
117362  -45.617  37.818  8.504 0.0000000000
90514  -45.211  37.073  8.553 0.0000000000
117469  -44.745  37.678  8.850 0.0000000000
87386  -44.460  32.875  19.543 0.0000000000
125590  -45.620  33.320  19.943 0.0000000000
93707  -40.784  45.047  17.155 0.0000000000
93184  -41.938  44.429  17.924 0.0000000000
116629  -49.479  34.255  13.527 0.0000000000
89287  -49.341  34.959  14.442 0.0000000000
88624  -49.425  34.488  14.422 0.0000000000
88616  -49.195  34.583  15.413 0.0000000000
87975  -49.003  34.010  16.937 0.0000000000
87407  -48.625  33.384  16.892 0.0000000000
86811  -47.942  31.830  17.481 0.0000000000
86818  -46.597  31.185  16.459 0.0000000000
92662  -42.570  41.983  13.304 0.0000000000
116679  -42.092  41.152  13.537 0.0000000000
92666  -42.918  41.179  12.774 0.0000000000
92124  -43.229  40.390  12.341 0.0000000000
91033  -43.722  38.801  11.937 0.0000000000
90505  -46.415  37.427  9.909 0.0000000000
90493  -45.832  37.344  10.683 0.0000000000
89949  -46.328  36.784  10.314 0.0000000000
89935  -46.453  35.955  10.609 0.0000000000
89315  -46.594  34.998  11.180 0.0000000000
88654  -47.162  34.477  11.766 0.0000000000
88656  -48.868  33.379  10.971 0.0000000000
88028  -48.943  32.862  10.302 0.0000000000
87459  -48.904  32.501  10.817 0.0000000000
87464  -48.670  32.614  10.216 0.0000000000
87457  -47.744  32.745  10.072 0.0000000000
88019  -46.855  33.211  10.699 0.0000000000
88653  -44.315  34.268  10.846 0.0000000000
80024  -46.904  20.466  27.968 0.0000000000
80680  -49.141  22.427  24.797 0.0000000000
80681  -50.227  22.334  24.630 0.0000000000
80698  -51.241  22.199  24.311 0.0000000000
122250  -50.410  22.819  23.885 0.0000000000
125328  -50.546  23.226  23.354 0.0000000000
109083  -51.138  23.303  22.863 0.0000000000
95266  -31.306  46.057  16.756 0.0000000000
123548  -32.808  46.497  14.277 0.0000000000
95274  -32.386  46.081  14.675 0.0000000000
94775  -33.368  45.604  13.483 0.0000000000
94290  -33.540  44.779  13.443 0.0000000000
93749  -34.656  43.947  13.377 0.0000000000
106770  -35.898  43.459  13.624 0.0000000000
93750  -35.434  43.871  13.089 0.0000000000
93764  -36.230  43.744  12.914 0.0000000000
93766  -37.603  43.788  12.638 0.0000000000
118812  -38.562  47.132  12.350 0.0000000000
94789  -39.252  45.286  11.864 0.0000000000
94777  -42.821  45.240  13.815 0.0000000000
94791  -42.297  45.382  12.755 0.0000000000
94792  -43.135  45.653  12.704 0.0000000000
123185  -43.813  45.701  12.888 0.0000000000
96228  -44.396  48.526  11.677 0.0000000000
95295  -44.249  47.101  11.867 0.0000000000
95297  -44.365  46.952  10.959 0.0000000000
94805  -44.554  45.912  10.754 0.0000000000
94325  -44.648  44.947  10.464 0.0000000000
94319  -45.031  43.985  10.157 0.0000000000
118255  -45.453  44.046  8.383 0.0000000000
94332  -45.273  44.655  8.514 0.0000000000
94817  -45.468  45.427  8.062 0.0000000000
109453  -45.477  46.217  7.700 0.0000000000
86772  -41.076  30.610  21.736 0.0000000000
86216  -40.825  30.090  22.092 0.0000000000
85615  -41.319  29.879  21.937 0.0000000000
84967  -41.400  28.988  20.483 0.0000000000
83522  -43.683  26.600  19.601 0.0000000000
117661  -44.052  27.170  19.466 0.0000000000
84276  -44.716  27.382  19.490 0.0000000000
84277  -45.537  27.676  19.601 0.0000000000
107683  -46.940  30.049  21.927 0.0000000000
85638  -47.329  29.360  21.221 0.0000000000
123663  -48.558  28.368  20.890 0.0000000000
83499  -49.957  26.643  21.014 0.0000000000
84254  -49.741  27.649  21.083 0.0000000000
105096  -50.550  28.355  21.532 0.0000000000
84255  -51.227  27.482  21.236 0.0000000000
91531  -41.811  40.281  18.434 0.0000000000
91542  -42.273  39.546  18.036 0.0000000000
113788  -43.427  38.919  17.938 0.0000000000
91558  -42.851  39.354  15.541 0.0000000000
91549  -42.471  40.248  16.130 0.0000000000
91559  -43.893  39.265  15.987 0.0000000000
91551  -45.554  39.828  16.523 0.0000000000
90422  -48.087  37.135  17.007 0.0000000000
90980  -47.512  38.445  17.005 0.0000000000
90974  -47.757  37.865  17.277 0.0000000000
90961  -47.364  38.121  18.088 0.0000000000
90960  -46.849  38.279  18.295 0.0000000000
114588  -46.255  38.710  18.238 0.0000000000
90407  -46.803  37.521  18.389 0.0000000000
89846  -47.185  36.766  18.654 0.0000000000
89833  -47.286  36.175  19.259 0.0000000000
89215  -46.835  35.411  19.430 0.0000000000
89216  -47.706  35.925  20.081 0.0000000000
89205  -48.013  35.427  20.705 0.0000000000
88552  -48.384  34.798  21.171 0.0000000000
86805  -49.514  31.415  19.225 0.0000000000
106962  -49.575  31.546  19.713 0.0000000000
86238  -49.817  30.982  19.560 0.0000000000
86239  -50.111  30.629  20.083 0.0000000000
85643  -50.514  29.934  19.969 0.0000000000
110623  -51.208  29.195  20.329 0.0000000000
85644  -50.972  29.333  19.338 0.0000000000
84282  -51.492  27.863  18.342 0.0000000000
84290  -51.663  27.089  17.766 0.0000000000
83537  -51.531  26.288  17.409 0.0000000000
109039  -51.377  27.115  16.970 0.0000000000
84302  -51.005  27.159  16.309 0.0000000000
84314  -50.723  26.761  15.440 0.0000000000
84298  -47.635  27.560  16.246 0.0000000000
84311  -48.082  26.974  15.434 0.0000000000
83549  -47.450  26.847  14.902 0.0000000000
115359  -47.651  26.675  13.794 0.0000000000
83595  -47.901  26.175  12.052 0.0000000000
83608  -47.360  26.271  11.365 0.0000000000
83594  -46.602  26.723  11.368 0.0000000000
83593  -45.947  27.261  10.378 0.0000000000
86847  -45.892  31.714  14.703 0.0000000000
85689  -40.696  29.281  13.147 0.0000000000
85025  -41.369  28.904  13.448 0.0000000000
85033  -41.662  28.660  12.378 0.0000000000
84337  -42.653  28.368  11.015 0.0000000000
85041  -42.052  28.753  11.162 0.0000000000
84347  -41.805  28.243  10.702 0.0000000000
83601  -41.502  27.094  11.358 0.0000000000
84336  -39.934  27.680  11.596 0.0000000000
79418  -49.145  20.325  24.132 0.0000000000
92677  -45.421  41.545  11.200 0.0000000000
117178  -44.998  40.254  11.491 0.0000000000
92139  -45.660  40.590  11.159 0.0000000000
91596  -46.072  39.646  11.144 0.0000000000
91036  -46.200  38.946  10.919 0.0000000000
91044  -46.510  38.837  9.930 0.0000000000
90506  -46.794  37.338  9.152 0.0000000000
89965  -47.068  36.609  8.931 0.0000000000
88688  -47.043  35.192  8.534 0.0000000000
88687  -46.792  34.609  8.635 0.0000000000
107106  -46.396  35.277  8.433 0.0000000000
88685  -45.145  34.892  8.521 0.0000000000
88674  -44.589  34.680  8.992 0.0000000000
89964  -44.781  36.302  8.613 0.0000000000
89342  -44.334  35.398  8.821 0.0000000000
80035  -45.127  21.264  26.189 0.0000000000
80653  -44.922  22.050  25.257 0.0000000000
81320  -44.794  23.268  24.125 0.0000000000
81321  -45.676  23.307  24.231 0.0000000000
81322  -46.549  23.161  24.137 0.0000000000
81342  -46.850  23.482  23.496 0.0000000000
81362  -47.232  23.792  22.939 0.0000000000
82031  -47.598  24.111  22.371 0.0000000000
95724  -33.503  47.289  15.335 0.0000000000
95275  -33.359  46.996  14.481 0.0000000000
95276  -34.090  47.004  14.011 0.0000000000
95281  -34.759  46.206  12.925 0.0000000000
118218  -41.945  47.600  11.875 0.0000000000
96227  -44.120  48.781  11.843 0.0000000000
96711  -44.432  49.053  11.356 0.0000000000
96236  -44.461  48.329  10.216 0.0000000000
96243  -44.562  48.295  9.357 0.0000000000
95757  -44.906  47.528  8.739 0.0000000000
96247  -44.640  48.891  8.930 0.0000000000
96737  -44.543  49.377  8.519 0.0000000000
86775  -44.778  30.988  21.719 0.0000000000
115420  -45.949  30.618  21.988 0.0000000000
86208  -46.553  30.970  22.461 0.0000000000
86209  -47.138  30.943  22.695 0.0000000000
125835  -47.818  30.813  22.524 0.0000000000
92625  -42.545  43.127  19.542 0.0000000000
92626  -43.733  43.399  19.577 0.0000000000
114797  -45.675  36.312  14.526 0.0000000000
90457  -46.280  37.039  15.186 0.0000000000
89884  -47.225  36.932  15.455 0.0000000000
89885  -47.797  36.702  15.839 0.0000000000
89274  -49.008  35.417  15.345 0.0000000000
89273  -48.382  36.071  15.808 0.0000000000
90439  -47.962  36.883  16.491 0.0000000000
89858  -48.402  36.494  17.135 0.0000000000
118081  -48.472  36.432  17.506 0.0000000000
89848  -48.657  35.902  17.821 0.0000000000
89218  -48.871  35.340  19.281 0.0000000000
89230  -49.015  35.289  18.210 0.0000000000
88578  -49.384  34.587  18.670 0.0000000000
87960  -49.302  33.270  18.442 0.0000000000
110042  -49.253  33.698  17.777 0.0000000000
115328  -49.235  32.212  19.066 0.0000000000
86254  -49.520  30.384  18.701 0.0000000000
85659  -49.706  29.607  18.320 0.0000000000
84997  -48.515  29.034  17.498 0.0000000000
85009  -47.819  28.399  16.914 0.0000000000
119182  -47.607  30.245  17.521 0.0000000000
85657  -47.593  29.451  17.420 0.0000000000
118657  -46.906  28.109  16.548 0.0000000000
84297  -46.243  27.817  16.257 0.0000000000
84309  -45.887  27.325  15.749 0.0000000000
123473  -42.828  31.375  15.337 0.0000000000
86828  -42.354  31.052  15.376 0.0000000000
115955  -41.826  30.670  15.235 0.0000000000
86266  -41.296  30.136  14.762 0.0000000000
85679  -40.553  29.842  14.097 0.0000000000
85697  -40.164  29.457  12.385 0.0000000000
85704  -40.215  29.345  11.471 0.0000000000
85703  -39.499  29.590  10.965 0.0000000000
93726  -42.248  44.823  15.880 0.0000000000
93725  -41.775  44.587  16.581 0.0000000000
92110  -41.825  40.455  14.789 0.0000000000
92114  -41.867  40.290  13.925 0.0000000000
91566  -42.149  39.422  14.610 0.0000000000
90998  -42.723  38.530  14.759 0.0000000000
90454  -43.384  37.795  14.735 0.0000000000
89896  -43.817  37.112  14.297 0.0000000000
91594  -44.465  39.563  11.650 0.0000000000
91021  -43.886  37.868  11.892 0.0000000000
90492  -45.114  37.069  11.421 0.0000000000
90480  -44.368  37.155  12.051 0.0000000000
89922  -44.297  36.568  12.752 0.0000000000
89913  -44.656  35.948  13.353 0.0000000000
89897  -44.597  36.502  14.314 0.0000000000
89284  -46.236  35.550  13.878 0.0000000000
109451  -47.243  35.106  13.434 0.0000000000
89299  -48.558  35.151  13.701 0.0000000000
88643  -48.042  34.159  12.286 0.0000000000
88633  -49.193  34.443  13.004 0.0000000000
87440  -49.555  33.267  13.337 0.0000000000
87439  -49.111  33.220  14.094 0.0000000000
122482  -47.566  32.680  15.015 0.0000000000
109390  -48.378  32.800  14.129 0.0000000000
87446  -48.459  32.582  13.405 0.0000000000
108274  -47.416  32.447  13.389 0.0000000000
107607  -48.354  32.511  11.336 0.0000000000
87453  -47.216  32.420  12.663 0.0000000000
87436  -45.628  32.382  14.000 0.0000000000
87435  -44.613  32.639  14.185 0.0000000000
110493  -46.721  33.687  9.502 0.0000000000
88025  -46.221  33.627  10.216 0.0000000000
88018  -45.899  33.532  11.162 0.0000000000
88017  -44.974  33.809  11.529 0.0000000000
88012  -45.637  33.171  12.165 0.0000000000
115249  -48.221  20.701  27.668 0.0000000000
80656  -47.871  21.780  25.671 0.0000000000
80037  -48.524  21.394  26.807 0.0000000000
80026  -48.962  20.760  27.660 0.0000000000
79387  -50.154  19.907  26.507 0.0000000000
79407  -49.442  20.069  25.140 0.0000000000
125292  -51.009  19.978  25.014 0.0000000000
79420  -51.188  20.351  24.540 0.0000000000
110138  -51.734  21.158  23.174 0.0000000000
80683  -51.485  21.640  24.493 0.0000000000
80073  -51.970  21.541  23.271 0.0000000000
115111  -51.957  21.444  22.738 0.0000000000
80074  -52.107  21.830  22.531 0.0000000000
80714  -52.116  22.769  21.125 0.0000000000
123245  -31.424  45.316  15.706 0.0000000000
94769  -32.340  45.222  14.434 0.0000000000
94276  -32.006  44.715  14.891 0.0000000000
94266  -32.077  44.077  15.082 0.0000000000
93716  -32.477  43.557  15.519 0.0000000000
93717  -33.364  43.387  15.261 0.0000000000
93702  -35.169  43.018  15.741 0.0000000000
93703  -36.254  42.817  15.955 0.0000000000
93720  -36.733  43.012  15.241 0.0000000000
93721  -37.466  43.117  15.432 0.0000000000
93737  -37.269  43.284  14.479 0.0000000000
93722  -38.146  43.260  15.198 0.0000000000
110550  -39.734  43.706  15.321 0.0000000000
94267  -41.128  45.016  15.892 0.0000000000
94786  -36.277  44.946  12.276 0.0000000000
93767  -38.310  43.967  12.466 0.0000000000
94308  -38.743  44.558  12.185 0.0000000000
93768  -39.096  43.992  12.647 0.0000000000
93755  -40.374  43.909  13.967 0.0000000000
94279  -41.287  44.619  14.792 0.0000000000
93741  -42.824  44.478  15.405 0.0000000000
93756  -42.987  43.972  14.491 0.0000000000
118025  -43.186  45.140  14.236 0.0000000000
115069  -43.216  43.511  13.667 0.0000000000
93202  -43.266  42.744  13.201 0.0000000000
93204  -43.877  42.744  12.623 0.0000000000
124949  -44.284  42.263  12.243 0.0000000000
95290  -43.800  46.314  12.532 0.0000000000
94793  -44.072  46.090  12.653 0.0000000000
111235  -44.251  46.355  12.332 0.0000000000
94794  -44.357  45.659  12.520 0.0000000000
93770  -44.222  44.176  12.376 0.0000000000
92667  -44.951  42.107  11.630 0.0000000000
116637  -45.505  42.214  11.099 0.0000000000
92689  -45.922  41.467  10.448 0.0000000000
93783  -45.470  43.244  10.413 0.0000000000
121518  -46.036  42.083  10.058 0.0000000000
92690  -46.132  41.261  9.812 0.0000000000
92699  -46.131  41.051  9.094 0.0000000000
112999  -45.659  41.074  8.700 0.0000000000
93820  -45.506  43.763  8.135 0.0000000000
93251  -45.330  43.144  7.984 0.0000000000
115843  -45.445  46.851  7.525 0.0000000000
95318  -45.378  46.818  7.171 0.0000000000
110199  -44.698  24.541  22.045 0.0000000000
82755  -44.560  25.418  20.411 0.0000000000
82737  -44.872  24.866  21.124 0.0000000000
82050  -45.492  24.721  21.883 0.0000000000
123343  -46.123  24.869  21.715 0.0000000000
121558  -46.950  24.457  21.713 0.0000000000
84971  -45.110  29.037  20.494 0.0000000000
84982  -45.743  28.462  20.001 0.0000000000
83525  -46.152  27.120  19.734 0.0000000000
84972  -46.660  28.648  20.416 0.0000000000
84266  -47.045  27.575  20.028 0.0000000000
83513  -46.664  26.480  20.013 0.0000000000
82051  -47.948  24.562  21.716 0.0000000000
82032  -48.512  24.164  22.304 0.0000000000
82033  -49.613  24.341  22.194 0.0000000000
82034  -50.845  24.122  22.351 0.0000000000
82054  -51.532  24.706  21.938 0.0000000000
82036  -52.138  23.771  22.056 0.0000000000
82056  -52.281  24.320  21.351 0.0000000000
82063  -52.379  24.318  20.207 0.0000000000
112250  -41.584  37.059  17.350 0.0000000000
89242  -42.690  35.748  17.512 0.0000000000
88593  -43.186  35.257  17.633 0.0000000000
92646  -42.165  42.925  17.583 0.0000000000
92647  -43.215  42.757  18.185 0.0000000000
93186  -44.165  43.567  19.185 0.0000000000
92627  -44.307  43.403  19.398 0.0000000000
92639  -44.260  42.664  19.484 0.0000000000
90436  -45.862  37.807  15.601 0.0000000000
90986  -45.988  39.242  16.175 0.0000000000
91552  -46.162  39.706  16.790 0.0000000000
91554  -47.066  38.890  17.281 0.0000000000
92101  -46.287  39.840  17.379 0.0000000000
92100  -45.927  40.447  17.484 0.0000000000
92094  -45.596  41.122  18.228 0.0000000000
92641  -44.973  41.854  18.658 0.0000000000
92090  -44.747  41.760  19.021 0.0000000000
90971  -44.044  39.619  18.227 0.0000000000
108422  -44.126  38.686  17.997 0.0000000000
90959  -45.678  38.402  18.097 0.0000000000
90418  -45.218  37.785  17.819 0.0000000000
90417  -44.232  37.746  17.709 0.0000000000
89855  -43.873  36.782  17.650 0.0000000000
89226  -43.967  35.247  17.876 0.0000000000
125686  -43.919  34.673  18.171 0.0000000000
88559  -44.938  34.221  18.939 0.0000000000
87945  -45.724  33.955  19.572 0.0000000000
122776  -46.354  33.652  20.222 0.0000000000
87929  -46.930  33.294  20.931 0.0000000000
87922  -47.439  32.966  21.623 0.0000000000
87342  -47.642  31.921  22.271 0.0000000000
86210  -48.637  30.849  22.458 0.0000000000
89207  -48.860  35.241  20.407 0.0000000000
88553  -49.245  34.596  20.784 0.0000000000
88544  -49.108  34.230  21.629 0.0000000000
125495  -49.472  32.312  20.499 0.0000000000
87371  -49.445  32.629  21.268 0.0000000000
87357  -49.247  32.490  22.101 0.0000000000
87344  -49.076  32.237  22.308 0.0000000000
86211  -49.365  30.790  22.271 0.0000000000
105660  -49.261  30.311  22.273 0.0000000000
85603  -50.198  29.610  22.033 0.0000000000
84955  -50.686  29.082  21.853 0.0000000000
84256  -51.694  27.917  21.229 0.0000000000
126877  -51.685  28.506  20.646 0.0000000000
84269  -52.368  27.461  20.600 0.0000000000
83517  -52.386  26.843  20.807 0.0000000000
117404  -52.422  26.099  20.403 0.0000000000
82760  -52.383  25.188  19.854 0.0000000000
118660  -51.806  23.475  19.449 0.0000000000
81387  -51.268  23.994  19.154 0.0000000000
82070  -50.905  24.493  18.597 0.0000000000
81404  -50.476  24.348  18.031 0.0000000000
82090  -50.872  25.352  17.384 0.0000000000
81418  -49.246  24.303  16.625 0.0000000000
82087  -48.914  24.451  15.753 0.0000000000
82098  -48.808  24.546  14.811 0.0000000000
85011  -49.866  28.036  16.986 0.0000000000
84313  -50.052  27.022  15.277 0.0000000000
83552  -50.465  26.401  14.741 0.0000000000
83550  -48.875  26.781  14.434 0.0000000000
83566  -49.268  26.386  13.717 0.0000000000
82798  -49.705  25.673  14.097 0.0000000000
82122  -49.286  25.377  13.394 0.0000000000
123374  -48.353  24.657  13.486 0.0000000000
82109  -47.642  24.508  13.549 0.0000000000
82119  -46.993  24.389  13.085 0.0000000000
82118  -46.201  24.274  12.770 0.0000000000
82143  -46.708  25.346  11.029 0.0000000000
82142  -45.807  25.095  10.680 0.0000000000
86833  -46.967  31.925  15.521 0.0000000000
86271  -45.990  30.724  16.078 0.0000000000
86831  -45.921  31.111  15.283 0.0000000000
86259  -45.643  30.051  16.325 0.0000000000
85664  -45.440  29.076  16.220 0.0000000000
84321  -44.557  27.232  14.817 0.0000000000
113763  -43.007  30.749  15.475 0.0000000000
85018  -43.340  28.261  15.315 0.0000000000
84308  -43.928  27.645  15.306 0.0000000000
83576  -44.990  26.866  12.698 0.0000000000
83592  -44.871  27.282  11.168 0.0000000000
83605  -44.902  27.548  10.192 0.0000000000
123408  -43.259  27.954  10.906 0.0000000000
84349  -43.786  27.488  10.700 0.0000000000
83604  -44.338  27.166  10.151 0.0000000000
78684  -47.935  19.709  28.584 0.0000000000
79362  -48.485  20.115  28.308 0.0000000000
79363  -49.062  20.199  27.982 0.0000000000
79408  -50.596  19.896  25.603 0.0000000000
79409  -51.171  20.076  25.342 0.0000000000
79410  -51.124  20.303  25.635 0.0000000000
79419  -50.328  20.249  24.435 0.0000000000
80028  -49.959  20.540  26.547 0.0000000000
80066  -51.693  21.309  24.214 0.0000000000
80707  -51.995  22.218  21.711 0.0000000000
81373  -52.269  23.441  20.579 0.0000000000
81377  -52.122  23.559  19.571 0.0000000000
81388  -51.524  24.055  19.139 0.0000000000
82030  -46.167  24.435  22.281 0.0000000000
82055  -52.094  24.633  21.968 0.0000000000
82064  -52.055  24.373  19.276 0.0000000000
82078  -50.117  24.638  16.936 0.0000000000
82080  -50.883  25.151  18.000 0.0000000000
82088  -49.655  24.597  16.018 0.0000000000
82120  -48.235  24.907  12.802 0.0000000000
82132  -48.675  25.623  12.312 0.0000000000
82754  -43.792  25.442  20.384 0.0000000000
82758  -47.967  25.823  20.531 0.0000000000
82759  -48.715  25.979  20.603 0.0000000000
82764  -44.165  25.993  19.937 0.0000000000
82765  -45.115  25.945  19.846 0.0000000000
82766  -51.827  25.196  19.060 0.0000000000
82779  -51.143  25.626  17.413 0.0000000000
82780  -51.336  25.632  17.906 0.0000000000
82790  -50.640  25.646  15.448 0.0000000000
82791  -51.000  25.846  16.320 0.0000000000
82822  -46.932  26.379  10.665 0.0000000000
83554  -51.009  26.503  15.864 0.0000000000
83567  -49.812  26.096  14.197 0.0000000000
83581  -49.408  25.945  13.335 0.0000000000
83606  -45.855  27.201  9.841 0.0000000000
83607  -46.682  26.835  10.425 0.0000000000
84253  -49.242  28.259  21.123 0.0000000000
84257  -52.171  27.409  21.115 0.0000000000
84268  -51.970  28.138  21.042 0.0000000000
84320  -43.772  27.337  14.543 0.0000000000
84953  -48.302  29.199  21.311 0.0000000000
84975  -52.162  28.035  20.294 0.0000000000
84983  -51.511  28.590  19.791 0.0000000000
84989  -51.279  28.594  18.852 0.0000000000
85616  -42.238  29.983  21.939 0.0000000000
85619  -45.260  30.163  21.693 0.0000000000
85624  -50.841  29.270  21.608 0.0000000000
85639  -50.883  29.624  20.982 0.0000000000
86221  -46.671  30.578  22.316 0.0000000000
86764  -47.888  31.333  22.482 0.0000000000
86765  -48.894  31.494  22.402 0.0000000000
86766  -49.376  31.485  22.159 0.0000000000
86779  -50.080  30.366  21.696 0.0000000000
87353  -46.271  31.698  21.731 0.0000000000
87354  -47.055  32.060  22.100 0.0000000000
87369  -45.230  32.122  20.725 0.0000000000
87388  -49.396  32.263  19.858 0.0000000000
87458  -48.358  32.567  10.341 0.0000000000
87460  -49.195  32.686  11.342 0.0000000000
87465  -49.027  32.618  10.711 0.0000000000
87916  -48.999  33.197  22.263 0.0000000000
87925  -49.216  33.489  21.966 0.0000000000
88020  -49.345  32.919  11.367 0.0000000000
88027  -47.644  33.204  9.632 0.0000000000
88536  -49.033  33.902  22.103 0.0000000000
88542  -48.350  34.195  21.557 0.0000000000
88543  -48.784  34.269  21.673 0.0000000000
88576  -44.506  34.779  18.308 0.0000000000
88665  -48.343  33.531  9.795 0.0000000000
88686  -45.900  34.757  8.634 0.0000000000
89200  -48.822  34.793  21.148 0.0000000000
89228  -45.621  35.899  18.564 0.0000000000
89229  -46.516  36.082  18.849 0.0000000000
89243  -43.530  35.938  17.611 0.0000000000
89244  -44.356  36.146  17.847 0.0000000000
89360  -47.074  35.910  8.771 0.0000000000
89853  -42.147  36.385  17.380 0.0000000000
89868  -48.334  36.366  16.653 0.0000000000
89898  -45.209  35.787  13.898 0.0000000000
89923  -44.711  35.912  12.496 0.0000000000
89973  -46.416  36.968  8.411 0.0000000000
90434  -43.951  37.949  15.395 0.0000000000
90467  -42.759  38.159  13.619 0.0000000000
90468  -43.243  37.500  13.728 0.0000000000
90962  -47.673  37.889  17.744 0.0000000000
91058  -45.142  38.308  8.729 0.0000000000
91534  -46.175  39.406  18.219 0.0000000000
91545  -46.904  38.900  17.740 0.0000000000
91550  -44.696  40.013  16.466 0.0000000000
91553  -46.636  39.359  16.992 0.0000000000
91560  -44.744  39.359  16.109 0.0000000000
91620  -45.453  39.496  8.643 0.0000000000
92091  -45.405  41.129  18.432 0.0000000000
92105  -41.837  40.746  15.575 0.0000000000
92109  -41.644  41.224  15.094 0.0000000000
92640  -44.628  42.620  19.115 0.0000000000
93161  -42.066  43.662  19.558 0.0000000000
93162  -43.045  43.798  19.352 0.0000000000
93172  -43.844  43.845  19.404 0.0000000000
93173  -44.205  43.610  19.501 0.0000000000
93185  -42.863  43.778  18.792 0.0000000000
93187  -44.421  43.153  19.185 0.0000000000
93680  -43.546  43.867  19.417 0.0000000000
93735  -35.173  43.480  13.802 0.0000000000
93765  -36.938  43.664  12.900 0.0000000000
94256  -30.901  44.559  16.786 0.0000000000
94265  -31.503  44.675  15.537 0.0000000000
94278  -33.120  44.237  14.009 0.0000000000
94760  -31.091  45.185  16.273 0.0000000000
94764  -31.821  45.484  15.171 0.0000000000
94770  -32.713  45.820  13.936 0.0000000000
94787  -36.958  45.241  12.156 0.0000000000
95269  -31.561  45.892  15.942 0.0000000000
95729  -34.097  47.360  14.805 0.0000000000
95742  -44.260  47.871  11.997 0.0000000000
95751  -44.454  47.950  11.463 0.0000000000
95754  -44.607  47.675  9.733 0.0000000000
96216  -43.720  48.359  12.034 0.0000000000
96242  -44.346  48.836  9.934 0.0000000000
96700  -43.715  49.196  11.491 0.0000000000
105170  -51.123  28.414  21.409 0.0000000000
105973  -33.294  47.389  16.863 0.0000000000
106452  -44.434  49.285  9.248 0.0000000000
107039  -45.755  42.725  10.224 0.0000000000
108085  -47.302  35.173  8.846 0.0000000000
108249  -51.008  28.438  18.168 0.0000000000
108932  -48.288  22.331  24.944 0.0000000000
109009  -46.944  38.794  16.719 0.0000000000
111669  -44.572  48.671  10.996 0.0000000000
114915  -41.887  38.892  17.670 0.0000000000
114963  -45.716  38.604  15.788 0.0000000000
116269  -43.047  38.932  12.512 0.0000000000
118172  -51.838  25.853  18.852 0.0000000000
118375  -46.322  27.210  10.003 0.0000000000
118565  -46.404  29.500  21.212 0.0000000000
118766  -47.335  23.110  23.948 0.0000000000
119847  -44.441  49.096  10.667 0.0000000000
120148  -47.202  26.488  11.462 0.0000000000
120777  -45.769  35.288  8.420 0.0000000000
120822  -49.690  29.333  21.959 0.0000000000
122810  -48.873  34.907  16.747 0.0000000000
123331  -50.464  27.332  21.128 0.0000000000
123867  -49.473  33.798  18.708 0.0000000000
125375  -43.955  50.234  9.051 0.0000000000
126072  -52.165  26.791  21.173 0.0000000000
126856  -48.128  26.706  14.493 0.0000000000
