#!ascii label  , from subject sub1 vox2ras=TkReg
918
32354  -14.879  -30.937  54.833 0.0000000000
49397  -43.889  -13.931  49.918 0.0000000000
48447  -48.778  -14.108  43.829 0.0000000000
48515  -49.072  -14.009  36.354 0.0000000000
45197  -40.651  -18.847  51.623 0.0000000000
46387  -50.104  -17.108  38.924 0.0000000000
104320  -50.706  -7.773  35.955 0.0000000000
120380  -55.925  -5.288  35.862 0.0000000000
45261  -43.557  -17.439  46.634 0.0000000000
44278  -48.738  -18.104  44.967 0.0000000000
50353  -45.423  -12.665  45.217 0.0000000000
33086  -18.402  -29.602  58.729 0.0000000000
36559  -21.703  -25.626  57.691 0.0000000000
39481  -24.745  -23.579  56.183 0.0000000000
41148  -29.146  -21.490  57.208 0.0000000000
118843  -34.170  -21.585  55.672 0.0000000000
42177  -39.362  -20.525  56.163 0.0000000000
44212  -43.912  -19.200  52.612 0.0000000000
43460  -51.797  -18.751  40.111 0.0000000000
58574  -57.350  -4.083  34.199 0.0000000000
47280  -44.295  -14.932  48.628 0.0000000000
123922  -44.998  -14.741  46.036 0.0000000000
50335  -43.739  -13.815  47.104 0.0000000000
35665  -18.839  -27.698  56.346 0.0000000000
34782  -20.035  -27.853  57.287 0.0000000000
43296  -35.261  -20.356  53.990 0.0000000000
41173  -37.263  -21.216  55.358 0.0000000000
44200  -38.205  -20.090  53.856 0.0000000000
47243  -42.191  -15.755  51.382 0.0000000000
46179  -41.269  -16.644  53.210 0.0000000000
47246  -45.050  -15.673  51.375 0.0000000000
107329  -43.897  -17.592  49.891 0.0000000000
47314  -50.377  -15.342  45.262 0.0000000000
43407  -50.417  -18.440  43.192 0.0000000000
47366  -53.073  -15.984  42.705 0.0000000000
46449  -50.391  -16.123  36.538 0.0000000000
46452  -53.211  -15.668  36.639 0.0000000000
48554  -50.821  -14.628  34.807 0.0000000000
49559  -48.598  -13.210  35.448 0.0000000000
53914  -52.665  -8.897  39.242 0.0000000000
104065  -49.718  -8.891  40.289 0.0000000000
43317  -38.532  -20.252  52.015 0.0000000000
48527  -47.553  -14.692  36.162 0.0000000000
55950  -53.434  -7.377  36.096 0.0000000000
53929  -56.169  -8.522  37.390 0.0000000000
55993  -57.374  -6.691  31.814 0.0000000000
44259  -44.752  -19.373  45.870 0.0000000000
119143  -45.620  -17.254  45.367 0.0000000000
123570  -47.418  -14.369  45.576 0.0000000000
32335  -17.221  -31.087  57.701 0.0000000000
34807  -22.781  -27.682  55.158 0.0000000000
37517  -23.465  -24.612  57.115 0.0000000000
37542  -24.015  -25.604  55.295 0.0000000000
104493  -25.709  -24.375  55.966 0.0000000000
39462  -28.337  -23.171  57.179 0.0000000000
116956  -30.778  -23.261  55.855 0.0000000000
122097  -31.889  -21.145  56.085 0.0000000000
108306  -36.036  -24.045  55.596 0.0000000000
45164  -39.905  -18.537  54.383 0.0000000000
121838  -41.136  -20.062  53.485 0.0000000000
41221  -42.414  -21.291  51.435 0.0000000000
41268  -43.383  -20.699  50.253 0.0000000000
43349  -43.040  -19.435  48.363 0.0000000000
45371  -53.278  -17.722  39.671 0.0000000000
104035  -47.692  -9.861  39.301 0.0000000000
104049  -48.416  -11.220  38.432 0.0000000000
122851  -14.926  -31.346  57.344 0.0000000000
127017  -45.062  -14.021  49.546 0.0000000000
48372  -44.075  -14.534  48.417 0.0000000000
50329  -43.401  -14.039  48.448 0.0000000000
42236  -35.857  -21.301  53.021 0.0000000000
104358  -36.534  -20.302  53.691 0.0000000000
43315  -37.042  -20.245  52.889 0.0000000000
48345  -42.733  -15.072  50.548 0.0000000000
48316  -43.303  -15.058  51.085 0.0000000000
49374  -44.342  -14.137  50.639 0.0000000000
47270  -45.164  -15.220  50.169 0.0000000000
48413  -51.380  -15.428  44.461 0.0000000000
48449  -51.141  -14.694  43.471 0.0000000000
111928  -49.499  -14.476  36.211 0.0000000000
48529  -50.778  -14.599  35.611 0.0000000000
49546  -49.590  -14.079  35.554 0.0000000000
49572  -49.735  -14.048  34.723 0.0000000000
49560  -49.217  -13.583  35.506 0.0000000000
52956  -53.673  -9.453  37.188 0.0000000000
104216  -52.109  -9.577  38.764 0.0000000000
52963  -51.923  -9.163  36.129 0.0000000000
55979  -53.742  -6.474  34.067 0.0000000000
55967  -54.762  -6.582  35.478 0.0000000000
55939  -54.932  -7.794  36.891 0.0000000000
55941  -55.707  -7.205  36.694 0.0000000000
53963  -55.946  -8.052  35.632 0.0000000000
110527  -57.142  -6.496  36.018 0.0000000000
123131  -58.235  -5.410  33.242 0.0000000000
44257  -43.669  -18.304  46.454 0.0000000000
44275  -45.665  -19.015  45.761 0.0000000000
45262  -43.868  -17.259  45.824 0.0000000000
49443  -45.373  -13.431  45.734 0.0000000000
47310  -46.512  -14.982  45.376 0.0000000000
110341  -46.146  -13.327  45.614 0.0000000000
49445  -47.835  -13.032  45.593 0.0000000000
105776  -46.500  -12.515  45.274 0.0000000000
32344  -17.763  -30.942  57.483 0.0000000000
33095  -19.002  -29.993  57.669 0.0000000000
34783  -20.753  -26.877  57.406 0.0000000000
39495  -24.386  -23.405  54.994 0.0000000000
38480  -24.012  -24.283  55.894 0.0000000000
37526  -23.683  -24.797  56.134 0.0000000000
37527  -24.147  -24.770  55.703 0.0000000000
37528  -24.974  -24.949  55.451 0.0000000000
39482  -24.770  -23.427  56.938 0.0000000000
40275  -28.170  -22.132  58.727 0.0000000000
39463  -28.911  -23.205  56.640 0.0000000000
40277  -29.779  -21.970  57.451 0.0000000000
42187  -33.069  -20.380  55.250 0.0000000000
108023  -32.460  -21.137  55.538 0.0000000000
41152  -32.689  -21.572  56.207 0.0000000000
40287  -32.396  -22.135  56.511 0.0000000000
40288  -33.226  -22.530  56.039 0.0000000000
39468  -34.323  -24.039  56.118 0.0000000000
41154  -34.907  -22.121  55.727 0.0000000000
41174  -38.208  -21.402  55.244 0.0000000000
40291  -37.581  -21.985  55.418 0.0000000000
40292  -38.691  -21.726  54.638 0.0000000000
41175  -40.318  -21.213  53.743 0.0000000000
44218  -38.812  -19.629  52.682 0.0000000000
45186  -40.660  -19.112  52.432 0.0000000000
46182  -43.049  -17.828  52.410 0.0000000000
44203  -41.611  -19.106  53.350 0.0000000000
43300  -42.648  -19.600  52.691 0.0000000000
123803  -41.833  -20.427  52.154 0.0000000000
42226  -42.885  -20.120  51.774 0.0000000000
43327  -43.684  -19.898  51.199 0.0000000000
45231  -43.777  -17.275  48.511 0.0000000000
43350  -43.390  -18.670  48.988 0.0000000000
44249  -43.354  -18.002  47.284 0.0000000000
43364  -43.547  -19.380  46.533 0.0000000000
33858  -17.887  -29.402  59.034 0.0000000000
33848  -17.407  -29.970  59.416 0.0000000000
32326  -17.077  -30.955  58.942 0.0000000000
43379  -48.409  -19.287  45.229 0.0000000000
42397  -48.829  -19.524  44.681 0.0000000000
43427  -50.957  -18.398  42.145 0.0000000000
108844  -50.986  -16.980  39.824 0.0000000000
46371  -52.016  -16.602  40.874 0.0000000000
116220  -52.471  -16.642  38.677 0.0000000000
46460  -52.291  -16.066  35.398 0.0000000000
45396  -53.555  -17.274  36.940 0.0000000000
104051  -48.894  -8.848  39.332 0.0000000000
106673  -48.546  -8.901  39.214 0.0000000000
104048  -48.540  -9.197  39.089 0.0000000000
104039  -47.923  -10.333  39.540 0.0000000000
104046  -48.925  -10.032  38.731 0.0000000000
104055  -47.882  -11.714  36.963 0.0000000000
57701  -55.654  -4.685  34.355 0.0000000000
58555  -56.639  -4.447  34.892 0.0000000000
58581  -56.043  -3.513  33.111 0.0000000000
59468  -56.775  -2.205  33.573 0.0000000000
46272  -43.998  -16.280  47.427 0.0000000000
106369  -44.157  -15.849  46.424 0.0000000000
47292  -44.215  -15.459  47.578 0.0000000000
48385  -44.230  -14.510  47.189 0.0000000000
50342  -44.149  -13.156  46.161 0.0000000000
34771  -18.423  -28.923  58.056 0.0000000000
33860  -18.722  -29.309  58.000 0.0000000000
36562  -20.699  -25.895  57.171 0.0000000000
122703  -34.102  -20.192  55.057 0.0000000000
41171  -35.434  -21.409  55.344 0.0000000000
42190  -35.844  -20.900  54.815 0.0000000000
106414  -37.608  -20.248  54.172 0.0000000000
44192  -38.910  -19.658  55.017 0.0000000000
123088  -41.340  -17.096  51.009 0.0000000000
46193  -40.666  -17.218  53.068 0.0000000000
115581  -41.521  -15.968  52.431 0.0000000000
47219  -42.753  -16.116  52.657 0.0000000000
106164  -44.510  -17.264  51.698 0.0000000000
44225  -45.146  -18.702  51.195 0.0000000000
46220  -45.266  -16.675  50.847 0.0000000000
46254  -44.145  -16.372  49.177 0.0000000000
34779  -17.782  -29.049  57.219 0.0000000000
46298  -49.326  -16.549  45.261 0.0000000000
44298  -49.560  -18.206  44.241 0.0000000000
45285  -50.929  -16.626  44.581 0.0000000000
122674  -51.265  -17.476  43.264 0.0000000000
44342  -52.080  -17.985  41.311 0.0000000000
46428  -50.488  -16.694  37.239 0.0000000000
46407  -52.053  -16.529  38.071 0.0000000000
46450  -51.531  -16.118  36.594 0.0000000000
47456  -52.145  -15.433  35.980 0.0000000000
54957  -51.724  -7.783  38.109 0.0000000000
123921  -50.009  -8.152  37.710 0.0000000000
53913  -50.882  -9.123  39.801 0.0000000000
104606  -50.495  -9.559  38.755 0.0000000000
48371  -42.117  -15.050  48.951 0.0000000000
46235  -41.685  -16.355  48.983 0.0000000000
47362  -49.797  -15.666  42.574 0.0000000000
45382  -48.858  -17.591  37.686 0.0000000000
46448  -48.794  -16.237  36.739 0.0000000000
117981  -48.366  -15.679  36.361 0.0000000000
48514  -48.374  -14.011  36.803 0.0000000000
54972  -52.224  -7.692  36.176 0.0000000000
54959  -53.461  -7.833  37.870 0.0000000000
53919  -54.886  -8.834  37.876 0.0000000000
105780  -55.064  -9.548  36.781 0.0000000000
56850  -57.792  -5.730  34.072 0.0000000000
115388  -56.812  -6.869  33.093 0.0000000000
43377  -46.329  -19.808  45.563 0.0000000000
44276  -46.962  -19.030  45.262 0.0000000000
45281  -47.830  -17.695  45.527 0.0000000000
105569  -45.520  -15.696  45.465 0.0000000000
46295  -46.609  -16.149  45.487 0.0000000000
125929  -48.394  -16.292  45.493 0.0000000000
104942  -48.825  -14.605  45.637 0.0000000000
120414  -49.107  -13.583  45.209 0.0000000000
50333  -42.885  -13.430  46.951 0.0000000000
50340  -43.143  -13.059  46.039 0.0000000000
51184  -44.520  -12.451  44.708 0.0000000000
32349  -16.131  -31.031  56.326 0.0000000000
32350  -16.903  -30.884  55.570 0.0000000000
35681  -23.331  -27.373  54.781 0.0000000000
37523  -20.842  -25.442  56.487 0.0000000000
37515  -22.012  -24.269  58.185 0.0000000000
37512  -22.883  -24.341  58.790 0.0000000000
36576  -23.711  -26.512  54.886 0.0000000000
38482  -26.931  -24.502  55.833 0.0000000000
123261  -27.989  -24.564  55.606 0.0000000000
41165  -29.996  -21.624  56.315 0.0000000000
41185  -30.736  -21.879  55.519 0.0000000000
41149  -30.158  -21.552  57.072 0.0000000000
40285  -30.742  -21.910  56.977 0.0000000000
39466  -32.213  -22.806  56.117 0.0000000000
40290  -36.402  -22.595  55.426 0.0000000000
44217  -38.065  -19.995  52.984 0.0000000000
126703  -38.492  -18.854  55.151 0.0000000000
44193  -39.404  -18.710  55.833 0.0000000000
120071  -40.946  -19.233  53.203 0.0000000000
44195  -41.304  -19.029  54.490 0.0000000000
42193  -40.832  -19.990  55.260 0.0000000000
42195  -40.402  -20.896  53.405 0.0000000000
40311  -40.906  -21.844  52.620 0.0000000000
41267  -43.057  -20.957  49.413 0.0000000000
43344  -44.470  -19.065  50.664 0.0000000000
42297  -42.986  -20.185  48.818 0.0000000000
123872  -42.367  -20.959  48.014 0.0000000000
42356  -43.535  -20.529  46.550 0.0000000000
105146  -16.286  -31.296  58.649 0.0000000000
47364  -52.415  -15.717  42.184 0.0000000000
46353  -52.226  -16.618  41.721 0.0000000000
118209  -53.094  -18.398  40.135 0.0000000000
46408  -53.213  -16.873  38.139 0.0000000000
44386  -53.615  -17.987  38.678 0.0000000000
44384  -51.925  -18.247  38.586 0.0000000000
49543  -46.698  -13.283  37.483 0.0000000000
123264  -48.081  -13.302  37.712 0.0000000000
104066  -48.823  -8.708  37.469 0.0000000000
107874  -47.369  -8.757  37.396 0.0000000000
104213  -47.188  -10.657  39.457 0.0000000000
104040  -48.106  -11.630  39.310 0.0000000000
50425  -48.440  -12.719  37.395 0.0000000000
120055  -48.211  -12.225  37.468 0.0000000000
32347  -14.645  -30.823  55.855 0.0000000000
50319  -44.427  -13.726  49.946 0.0000000000
50325  -44.640  -13.838  49.460 0.0000000000
50323  -43.520  -14.166  49.200 0.0000000000
42250  -34.965  -21.545  52.316 0.0000000000
43314  -36.542  -20.546  53.120 0.0000000000
42237  -36.651  -21.161  52.537 0.0000000000
49383  -42.825  -14.655  49.928 0.0000000000
48347  -43.791  -14.344  50.628 0.0000000000
49385  -44.155  -13.933  50.319 0.0000000000
48348  -44.827  -14.079  50.451 0.0000000000
48448  -49.696  -14.208  44.039 0.0000000000
49480  -50.446  -14.515  43.861 0.0000000000
48469  -50.355  -15.030  43.345 0.0000000000
48528  -50.158  -14.354  35.721 0.0000000000
49545  -48.957  -13.475  36.357 0.0000000000
52964  -53.850  -9.633  36.005 0.0000000000
52955  -52.540  -9.323  37.070 0.0000000000
57685  -55.590  -5.301  35.050 0.0000000000
56822  -55.609  -6.045  35.460 0.0000000000
55953  -55.293  -7.001  36.175 0.0000000000
56823  -55.950  -5.710  36.641 0.0000000000
55955  -56.065  -6.703  36.068 0.0000000000
56824  -55.937  -5.595  36.360 0.0000000000
105565  -45.999  -12.807  45.541 0.0000000000
49444  -46.998  -12.886  45.577 0.0000000000
33085  -18.337  -30.105  59.350 0.0000000000
33091  -18.853  -29.897  57.980 0.0000000000
124441  -21.232  -26.336  57.481 0.0000000000
34791  -20.821  -27.307  57.140 0.0000000000
39480  -24.092  -23.982  55.707 0.0000000000
38481  -24.610  -24.055  56.260 0.0000000000
41147  -28.246  -21.731  57.426 0.0000000000
41139  -28.426  -21.861  58.290 0.0000000000
40276  -28.613  -22.152  58.061 0.0000000000
41140  -29.174  -21.828  57.604 0.0000000000
42188  -33.451  -20.038  55.171 0.0000000000
41169  -33.084  -20.796  55.439 0.0000000000
41153  -33.484  -21.548  55.827 0.0000000000
118567  -34.050  -22.405  56.115 0.0000000000
42176  -38.738  -20.739  56.091 0.0000000000
41157  -38.878  -21.280  56.008 0.0000000000
41158  -39.411  -21.006  56.098 0.0000000000
41159  -39.456  -21.180  54.410 0.0000000000
109298  -40.215  -20.499  54.767 0.0000000000
45177  -43.659  -18.557  52.728 0.0000000000
45176  -42.802  -18.459  52.690 0.0000000000
44211  -43.205  -19.136  52.870 0.0000000000
42210  -42.591  -19.981  52.002 0.0000000000
43309  -43.364  -19.649  52.153 0.0000000000
43318  -43.593  -19.778  51.624 0.0000000000
43319  -44.107  -19.468  52.153 0.0000000000
45245  -43.626  -17.162  47.490 0.0000000000
44243  -43.325  -17.865  48.243 0.0000000000
113537  -17.981  -29.169  58.811 0.0000000000
33849  -18.068  -29.601  59.293 0.0000000000
109550  -18.017  -30.323  59.691 0.0000000000
123316  -48.518  -18.631  45.212 0.0000000000
43392  -48.672  -19.532  45.005 0.0000000000
43380  -48.725  -18.955  44.977 0.0000000000
43438  -51.628  -18.485  41.301 0.0000000000
105299  -50.634  -18.716  41.667 0.0000000000
43459  -50.508  -19.118  40.097 0.0000000000
44373  -51.213  -18.619  39.315 0.0000000000
46388  -51.469  -16.774  38.877 0.0000000000
104226  -49.871  -8.081  36.064 0.0000000000
104338  -49.093  -8.812  38.688 0.0000000000
113195  -48.623  -8.915  39.519 0.0000000000
46253  -44.193  -15.897  48.401 0.0000000000
49417  -43.929  -14.417  47.752 0.0000000000
49427  -44.214  -13.882  46.670 0.0000000000
34780  -18.481  -28.732  57.349 0.0000000000
42235  -34.926  -21.137  53.311 0.0000000000
42224  -34.773  -20.451  53.989 0.0000000000
42207  -34.087  -20.296  54.832 0.0000000000
42208  -34.873  -20.572  54.523 0.0000000000
43306  -37.431  -20.237  53.492 0.0000000000
43297  -37.259  -20.211  53.857 0.0000000000
43298  -38.131  -20.163  54.013 0.0000000000
43288  -38.457  -19.916  54.302 0.0000000000
44191  -38.525  -19.393  54.479 0.0000000000
47242  -41.765  -16.411  51.046 0.0000000000
47230  -41.311  -16.029  52.058 0.0000000000
48317  -43.664  -15.126  51.323 0.0000000000
47231  -42.904  -15.495  52.110 0.0000000000
47232  -43.308  -15.705  52.099 0.0000000000
46195  -43.596  -16.720  52.132 0.0000000000
46196  -44.490  -16.404  51.587 0.0000000000
105895  -45.148  -17.135  51.133 0.0000000000
46208  -45.186  -16.209  51.192 0.0000000000
47281  -44.592  -15.525  49.296 0.0000000000
46236  -44.634  -16.149  49.966 0.0000000000
34789  -18.327  -28.433  56.467 0.0000000000
105514  -49.934  -15.852  45.396 0.0000000000
46299  -49.955  -16.519  45.149 0.0000000000
108146  -50.487  -15.950  44.929 0.0000000000
47328  -52.513  -16.254  43.288 0.0000000000
123079  -51.783  -16.240  43.714 0.0000000000
45318  -52.432  -16.482  43.094 0.0000000000
44328  -51.385  -17.810  42.116 0.0000000000
45331  -51.823  -17.084  41.962 0.0000000000
48543  -51.009  -14.618  35.223 0.0000000000
48530  -51.376  -15.044  35.646 0.0000000000
48555  -51.361  -15.047  35.332 0.0000000000
47466  -51.991  -15.742  35.520 0.0000000000
48553  -50.216  -14.348  34.349 0.0000000000
123561  -52.715  -8.615  39.177 0.0000000000
54940  -51.437  -8.218  39.114 0.0000000000
110538  -51.941  -9.089  39.542 0.0000000000
124959  -50.075  -9.406  38.215 0.0000000000
47279  -42.037  -15.696  48.712 0.0000000000
47437  -47.651  -15.607  36.187 0.0000000000
108210  -48.539  -14.816  36.311 0.0000000000
55965  -53.309  -7.116  34.966 0.0000000000
54993  -52.645  -7.633  35.564 0.0000000000
54992  -52.014  -8.124  35.260 0.0000000000
126820  -52.784  -7.602  36.171 0.0000000000
54973  -52.941  -7.783  36.918 0.0000000000
111564  -53.808  -7.363  37.034 0.0000000000
121296  -56.054  -7.997  37.903 0.0000000000
54943  -54.681  -8.602  37.814 0.0000000000
52946  -56.033  -8.813  38.286 0.0000000000
52951  -55.336  -9.088  37.818 0.0000000000
52958  -55.404  -9.292  37.231 0.0000000000
52966  -55.355  -9.344  36.109 0.0000000000
52959  -55.704  -8.864  36.696 0.0000000000
54994  -56.219  -7.271  35.429 0.0000000000
57702  -57.014  -4.287  34.920 0.0000000000
57703  -57.511  -4.821  34.976 0.0000000000
56863  -57.467  -5.976  32.128 0.0000000000
105800  -57.436  -6.184  33.001 0.0000000000
42358  -45.136  -20.557  45.798 0.0000000000
42375  -45.771  -20.382  45.543 0.0000000000
43366  -45.433  -19.956  45.831 0.0000000000
111653  -46.149  -18.089  45.209 0.0000000000
114363  -47.220  -18.222  45.511 0.0000000000
45280  -46.726  -17.285  45.544 0.0000000000
47308  -44.727  -15.550  45.772 0.0000000000
47311  -47.659  -15.493  45.458 0.0000000000
46296  -47.650  -16.702  45.536 0.0000000000
47312  -48.649  -15.490  45.550 0.0000000000
104943  -48.194  -14.428  45.724 0.0000000000
50355  -47.993  -12.807  45.300 0.0000000000
49446  -48.538  -13.448  45.460 0.0000000000
32342  -16.556  -31.115  57.182 0.0000000000
32343  -17.073  -30.944  56.712 0.0000000000
33101  -18.514  -30.442  56.625 0.0000000000
33861  -19.213  -28.831  57.269 0.0000000000
33874  -19.757  -28.855  57.169 0.0000000000
121903  -22.183  -28.123  55.144 0.0000000000
35680  -22.738  -27.725  54.231 0.0000000000
111444  -21.340  -25.478  55.797 0.0000000000
37524  -21.636  -24.937  57.027 0.0000000000
37513  -23.436  -24.146  58.313 0.0000000000
36561  -23.138  -24.966  58.275 0.0000000000
36568  -23.547  -25.725  56.169 0.0000000000
125562  -24.000  -26.108  54.588 0.0000000000
37561  -24.265  -25.889  54.317 0.0000000000
38498  -25.942  -24.966  54.835 0.0000000000
39448  -27.816  -22.642  58.275 0.0000000000
39447  -26.765  -22.529  58.160 0.0000000000
118845  -27.892  -23.588  56.821 0.0000000000
38466  -27.385  -24.129  56.402 0.0000000000
38467  -28.640  -23.983  56.026 0.0000000000
39464  -29.815  -23.404  56.341 0.0000000000
123720  -29.300  -24.102  55.817 0.0000000000
38469  -30.199  -24.332  55.446 0.0000000000
41167  -31.474  -21.327  56.002 0.0000000000
41166  -30.778  -21.645  56.367 0.0000000000
41150  -31.254  -21.728  56.453 0.0000000000
40286  -31.688  -21.988  56.707 0.0000000000
115006  -32.854  -22.940  55.798 0.0000000000
108555  -33.012  -23.641  55.847 0.0000000000
38471  -32.533  -23.893  55.653 0.0000000000
39469  -35.345  -23.873  56.179 0.0000000000
38473  -34.760  -24.808  56.346 0.0000000000
114176  -35.574  -24.659  55.941 0.0000000000
41172  -36.322  -21.286  55.328 0.0000000000
41155  -35.905  -21.978  55.623 0.0000000000
41156  -36.747  -21.885  55.418 0.0000000000
43316  -37.758  -20.242  52.778 0.0000000000
125612  -38.345  -19.931  52.653 0.0000000000
45173  -39.879  -19.547  53.599 0.0000000000
44210  -38.977  -19.529  53.417 0.0000000000
44201  -39.207  -19.203  54.374 0.0000000000
44202  -39.193  -18.564  55.247 0.0000000000
45157  -39.891  -18.295  54.805 0.0000000000
111866  -40.842  -16.821  53.198 0.0000000000
46178  -41.016  -18.038  53.028 0.0000000000
46169  -41.018  -17.745  53.387 0.0000000000
44196  -41.403  -19.698  53.183 0.0000000000
45159  -41.260  -19.292  53.389 0.0000000000
124450  -41.267  -19.505  53.378 0.0000000000
43289  -40.865  -19.197  55.279 0.0000000000
116992  -40.848  -20.343  53.963 0.0000000000
42194  -40.562  -20.549  54.398 0.0000000000
41203  -41.982  -21.205  51.650 0.0000000000
113764  -41.473  -20.917  52.259 0.0000000000
40312  -41.443  -21.804  51.924 0.0000000000
41254  -43.296  -20.801  50.618 0.0000000000
106449  -44.354  -17.772  50.504 0.0000000000
44232  -45.059  -18.648  50.680 0.0000000000
44239  -43.954  -18.367  50.301 0.0000000000
43342  -43.370  -19.498  49.252 0.0000000000
42319  -42.665  -20.101  47.919 0.0000000000
42339  -42.770  -20.495  47.252 0.0000000000
43365  -44.510  -20.104  46.162 0.0000000000
42357  -44.759  -21.064  46.205 0.0000000000
108715  -17.167  -31.083  58.491 0.0000000000
32334  -16.606  -31.218  57.909 0.0000000000
32333  -15.833  -31.257  57.443 0.0000000000
43395  -49.807  -18.512  43.677 0.0000000000
43394  -49.376  -18.897  44.281 0.0000000000
43406  -49.780  -18.850  43.553 0.0000000000
47387  -50.333  -16.050  41.908 0.0000000000
47363  -50.952  -15.566  42.470 0.0000000000
46372  -52.384  -17.156  40.538 0.0000000000
107184  -52.151  -16.518  41.526 0.0000000000
45360  -52.728  -17.622  40.410 0.0000000000
44356  -53.395  -18.018  39.883 0.0000000000
122697  -53.055  -15.745  37.188 0.0000000000
112631  -52.887  -16.287  37.786 0.0000000000
46430  -53.245  -16.122  37.275 0.0000000000
120011  -53.638  -17.767  37.838 0.0000000000
44397  -52.734  -18.079  37.768 0.0000000000
44385  -53.341  -18.210  38.663 0.0000000000
44396  -51.311  -18.242  37.644 0.0000000000
49532  -47.376  -12.756  38.198 0.0000000000
49521  -47.140  -12.228  38.645 0.0000000000
104308  -50.032  -8.274  38.754 0.0000000000
104074  -49.416  -8.597  37.998 0.0000000000
105964  -48.892  -8.789  38.394 0.0000000000
104052  -48.057  -8.885  39.094 0.0000000000
104227  -47.874  -8.846  38.348 0.0000000000
104437  -47.339  -8.991  38.359 0.0000000000
106368  -46.586  -9.663  37.306 0.0000000000
104032  -46.613  -10.533  38.167 0.0000000000
104045  -48.325  -11.090  39.291 0.0000000000
104041  -48.090  -11.162  39.553 0.0000000000
104044  -48.187  -11.778  38.523 0.0000000000
120618  -45.067  -14.596  49.395 0.0000000000
48373  -44.937  -14.074  48.988 0.0000000000
49407  -44.665  -14.179  48.899 0.0000000000
50330  -43.888  -14.317  48.447 0.0000000000
42225  -35.338  -20.519  53.686 0.0000000000
43305  -36.094  -20.516  53.552 0.0000000000
109747  -36.863  -20.237  53.299 0.0000000000
47257  -42.195  -15.751  50.359 0.0000000000
48331  -42.861  -15.227  51.081 0.0000000000
48332  -44.059  -14.550  50.987 0.0000000000
48333  -44.304  -14.607  51.020 0.0000000000
47258  -45.175  -15.373  50.967 0.0000000000
112997  -45.100  -14.685  50.643 0.0000000000
48360  -45.130  -14.334  50.067 0.0000000000
49447  -50.264  -14.130  44.976 0.0000000000
47315  -50.977  -15.498  44.704 0.0000000000
48428  -51.208  -14.740  44.306 0.0000000000
48429  -51.469  -15.085  43.869 0.0000000000
114667  -51.969  -15.997  43.235 0.0000000000
47439  -50.136  -14.949  36.282 0.0000000000
48542  -50.471  -14.304  35.018 0.0000000000
52943  -53.633  -9.196  38.446 0.0000000000
52942  -52.902  -9.185  38.824 0.0000000000
52949  -52.947  -9.406  38.145 0.0000000000
104081  -52.141  -9.542  37.886 0.0000000000
55966  -54.153  -6.442  34.848 0.0000000000
55951  -54.205  -7.081  36.241 0.0000000000
55938  -54.348  -7.356  36.784 0.0000000000
55952  -54.959  -6.993  35.996 0.0000000000
55940  -55.906  -7.394  37.106 0.0000000000
54961  -56.268  -7.860  37.315 0.0000000000
53941  -55.945  -8.314  36.635 0.0000000000
120104  -56.121  -7.370  36.508 0.0000000000
111442  -56.483  -7.129  36.119 0.0000000000
55968  -57.094  -6.760  35.139 0.0000000000
58582  -58.006  -3.868  33.425 0.0000000000
57712  -58.127  -4.741  33.877 0.0000000000
57713  -58.459  -4.696  32.870 0.0000000000
56856  -57.980  -5.392  32.350 0.0000000000
55999  -57.593  -6.400  30.972 0.0000000000
106561  -44.087  -19.128  46.100 0.0000000000
44258  -44.376  -18.457  45.834 0.0000000000
45279  -44.970  -17.737  45.467 0.0000000000
47309  -45.572  -14.422  45.663 0.0000000000
48408  -46.764  -13.779  45.586 0.0000000000
48409  -47.703  -13.526  45.756 0.0000000000
50354  -47.311  -12.660  45.284 0.0000000000
50365  -46.752  -12.437  45.030 0.0000000000
120816  -17.854  -31.058  58.512 0.0000000000
33094  -18.506  -30.393  57.691 0.0000000000
33102  -19.214  -30.147  56.892 0.0000000000
109225  -22.516  -26.940  56.302 0.0000000000
38464  -25.196  -23.694  56.998 0.0000000000
39449  -28.462  -22.424  58.117 0.0000000000
39450  -29.314  -22.471  57.371 0.0000000000
39451  -30.351  -22.438  56.942 0.0000000000
41187  -32.877  -20.479  55.111 0.0000000000
105636  -32.432  -21.539  54.549 0.0000000000
41168  -32.513  -21.137  55.690 0.0000000000
41151  -32.015  -21.527  56.425 0.0000000000
39467  -33.569  -23.768  55.900 0.0000000000
114447  -34.680  -23.143  56.140 0.0000000000
40289  -35.556  -22.851  55.845 0.0000000000
40300  -38.183  -22.035  55.340 0.0000000000
40293  -39.444  -22.079  53.988 0.0000000000
117459  -40.727  -21.751  52.966 0.0000000000
44223  -39.075  -19.703  52.044 0.0000000000
44219  -39.751  -19.388  52.124 0.0000000000
45185  -39.789  -19.611  52.883 0.0000000000
45174  -40.539  -19.373  53.472 0.0000000000
45175  -42.385  -17.800  52.859 0.0000000000
45167  -41.965  -17.967  53.493 0.0000000000
45168  -42.282  -18.570  53.253 0.0000000000
44204  -42.647  -19.121  53.080 0.0000000000
43299  -42.022  -19.640  52.873 0.0000000000
43291  -41.005  -20.225  52.948 0.0000000000
116412  -41.930  -20.085  52.513 0.0000000000
41190  -42.176  -20.556  51.830 0.0000000000
41222  -42.601  -20.809  51.557 0.0000000000
42238  -43.243  -20.445  51.324 0.0000000000
42254  -43.602  -20.214  50.850 0.0000000000
42255  -44.157  -19.377  50.797 0.0000000000
45232  -43.902  -17.047  49.196 0.0000000000
44244  -43.683  -17.841  49.328 0.0000000000
108048  -43.148  -18.691  47.847 0.0000000000
43354  -42.927  -19.586  47.215 0.0000000000
109985  -43.251  -18.769  47.013 0.0000000000
33872  -17.347  -29.633  57.978 0.0000000000
112724  -16.943  -29.859  58.890 0.0000000000
32327  -18.001  -31.126  59.287 0.0000000000
43417  -50.896  -18.199  42.446 0.0000000000
43415  -50.257  -18.887  42.502 0.0000000000
46369  -50.475  -16.861  40.632 0.0000000000
46351  -50.917  -16.370  41.347 0.0000000000
46370  -51.538  -16.582  40.684 0.0000000000
107637  -52.042  -16.736  39.787 0.0000000000
46389  -52.689  -17.311  39.223 0.0000000000
45415  -53.511  -16.081  35.846 0.0000000000
45397  -53.870  -16.896  36.356 0.0000000000
104057  -49.012  -9.693  40.114 0.0000000000
104058  -48.481  -8.830  39.223 0.0000000000
104050  -48.359  -10.253  39.146 0.0000000000
57686  -56.074  -4.975  35.394 0.0000000000
57687  -56.397  -4.821  35.649 0.0000000000
58554  -56.322  -4.524  34.677 0.0000000000
58572  -56.652  -3.893  33.985 0.0000000000
59459  -56.593  -3.053  33.618 0.0000000000
59460  -56.818  -2.857  33.853 0.0000000000
59470  -57.499  -2.468  33.280 0.0000000000
120101  -43.665  -16.677  46.374 0.0000000000
47300  -44.587  -14.975  46.725 0.0000000000
123672  -44.173  -14.870  47.658 0.0000000000
48397  -44.803  -14.159  46.205 0.0000000000
49428  -44.745  -13.445  46.051 0.0000000000
50343  -45.018  -13.036  45.581 0.0000000000
33859  -18.319  -29.223  58.483 0.0000000000
34772  -18.757  -28.944  57.666 0.0000000000
35660  -20.101  -27.222  57.445 0.0000000000
36558  -20.870  -26.291  57.434 0.0000000000
37510  -21.556  -25.196  57.714 0.0000000000
41164  -28.289  -21.751  56.490 0.0000000000
42206  -33.322  -20.013  55.099 0.0000000000
41170  -33.914  -20.635  55.290 0.0000000000
118881  -34.632  -21.304  55.393 0.0000000000
42189  -34.833  -21.032  55.133 0.0000000000
43286  -36.053  -20.361  54.142 0.0000000000
43287  -36.652  -20.402  54.466 0.0000000000
42191  -36.891  -20.640  55.015 0.0000000000
42192  -38.008  -20.673  54.933 0.0000000000
42175  -38.990  -20.361  54.756 0.0000000000
43279  -39.085  -19.880  56.148 0.0000000000
45198  -41.309  -17.949  51.317 0.0000000000
46206  -41.303  -18.307  52.197 0.0000000000
46207  -41.630  -17.047  52.016 0.0000000000
122929  -40.961  -16.426  52.716 0.0000000000
46194  -41.126  -16.212  53.029 0.0000000000
47244  -42.458  -15.479  51.925 0.0000000000
47218  -41.946  -15.932  52.803 0.0000000000
46180  -42.023  -16.859  53.153 0.0000000000
46181  -42.761  -17.088  52.666 0.0000000000
45187  -44.092  -17.810  52.526 0.0000000000
119208  -44.546  -18.051  52.074 0.0000000000
44220  -44.592  -18.825  52.025 0.0000000000
45199  -45.147  -18.072  51.501 0.0000000000
105315  -45.317  -17.994  50.978 0.0000000000
45209  -45.060  -17.224  50.655 0.0000000000
112677  -45.115  -16.007  50.685 0.0000000000
120989  -44.900  -16.609  50.456 0.0000000000
45220  -44.232  -16.952  50.021 0.0000000000
111505  -44.100  -16.685  48.369 0.0000000000
34770  -18.062  -28.974  58.296 0.0000000000
45282  -48.821  -17.231  45.047 0.0000000000
124500  -48.846  -17.935  44.860 0.0000000000
45283  -49.146  -17.255  44.851 0.0000000000
45302  -49.906  -17.617  44.291 0.0000000000
44299  -50.333  -17.920  43.705 0.0000000000
45286  -51.758  -16.322  44.673 0.0000000000
45304  -51.472  -16.675  44.402 0.0000000000
44314  -50.820  -17.874  43.109 0.0000000000
115998  -51.093  -17.784  42.722 0.0000000000
43428  -51.514  -18.265  41.549 0.0000000000
43439  -52.358  -18.402  40.645 0.0000000000
46406  -50.843  -16.968  37.971 0.0000000000
122903  -51.407  -16.640  37.318 0.0000000000
46429  -52.354  -16.195  37.206 0.0000000000
46451  -52.749  -15.552  36.607 0.0000000000
47440  -51.177  -15.138  36.059 0.0000000000
47441  -52.143  -15.393  36.086 0.0000000000
47442  -52.938  -15.399  36.177 0.0000000000
46461  -52.814  -15.978  35.502 0.0000000000
54971  -51.230  -7.614  36.931 0.0000000000
104079  -50.309  -7.900  36.900 0.0000000000
104287  -50.777  -7.927  38.117 0.0000000000
54939  -50.657  -8.309  39.190 0.0000000000
104247  -50.172  -9.121  40.421 0.0000000000
104530  -51.951  -9.314  39.330 0.0000000000
52936  -50.839  -9.258  39.750 0.0000000000
104059  -49.577  -9.537  39.833 0.0000000000
104056  -49.682  -9.568  39.310 0.0000000000
104204  -49.511  -9.523  38.391 0.0000000000
49395  -42.650  -14.587  49.311 0.0000000000
109337  -42.785  -14.160  48.549 0.0000000000
107379  -42.339  -14.600  48.665 0.0000000000
45207  -40.603  -18.667  50.834 0.0000000000
46219  -41.387  -16.879  50.255 0.0000000000
47256  -41.718  -16.324  50.083 0.0000000000
47269  -41.979  -15.856  49.447 0.0000000000
48359  -42.422  -15.037  49.685 0.0000000000
48467  -48.046  -14.752  43.134 0.0000000000
48468  -49.087  -15.149  43.271 0.0000000000
110602  -48.994  -15.567  42.270 0.0000000000
47386  -49.397  -16.049  41.826 0.0000000000
120341  -50.011  -17.586  40.059 0.0000000000
46405  -49.725  -17.214  37.877 0.0000000000
111799  -49.404  -16.765  37.172 0.0000000000
117540  -49.564  -15.978  36.582 0.0000000000
47438  -49.187  -15.250  36.517 0.0000000000
104085  -51.461  -8.407  35.013 0.0000000000
120637  -51.566  -7.879  35.946 0.0000000000
109764  -52.056  -7.561  37.111 0.0000000000
54958  -52.635  -7.834  38.049 0.0000000000
54928  -53.154  -8.558  38.844 0.0000000000
125963  -53.977  -7.552  37.602 0.0000000000
54929  -53.880  -8.649  38.469 0.0000000000
52939  -53.933  -9.047  38.425 0.0000000000
52944  -54.445  -9.294  37.988 0.0000000000
52957  -54.462  -9.529  36.696 0.0000000000
53962  -55.862  -8.530  36.008 0.0000000000
121400  -56.847  -5.035  36.287 0.0000000000
56837  -57.538  -5.925  35.144 0.0000000000
55981  -56.854  -6.543  33.955 0.0000000000
43378  -47.218  -19.842  45.189 0.0000000000
110067  -47.870  -19.425  45.323 0.0000000000
44277  -48.026  -18.677  45.491 0.0000000000
115511  -48.523  -17.948  45.297 0.0000000000
46271  -44.089  -16.377  45.824 0.0000000000
46294  -44.745  -16.584  45.480 0.0000000000
121815  -45.785  -16.588  45.412 0.0000000000
121463  -48.503  -17.107  45.368 0.0000000000
46297  -48.910  -16.445  45.401 0.0000000000
47313  -49.232  -15.651  45.530 0.0000000000
104893  -49.576  -14.762  45.501 0.0000000000
48410  -48.331  -13.713  45.735 0.0000000000
107405  -48.915  -13.954  45.671 0.0000000000
105221  -49.478  -13.874  45.329 0.0000000000
50334  -43.317  -13.723  47.507 0.0000000000
49426  -42.707  -13.478  46.621 0.0000000000
113258  -43.403  -13.291  46.529 0.0000000000
50341  -43.577  -12.818  45.741 0.0000000000
50352  -44.256  -12.613  45.398 0.0000000000
50364  -45.595  -12.519  44.710 0.0000000000
32348  -15.407  -30.928  55.622 0.0000000000
122007  -16.121  -30.963  55.375 0.0000000000
32356  -16.437  -30.795  54.829 0.0000000000
33873  -19.117  -29.417  57.531 0.0000000000
37514  -21.386  -25.175  57.387 0.0000000000
37511  -22.278  -24.503  58.586 0.0000000000
36560  -22.461  -25.264  58.201 0.0000000000
36567  -23.231  -26.263  56.590 0.0000000000
35673  -23.241  -26.871  55.589 0.0000000000
37543  -24.569  -25.466  54.924 0.0000000000
39459  -25.179  -22.965  57.344 0.0000000000
39460  -25.969  -23.143  57.501 0.0000000000
38465  -26.261  -23.988  56.811 0.0000000000
41183  -28.816  -21.932  55.588 0.0000000000
41186  -31.514  -21.916  54.841 0.0000000000
39465  -31.270  -22.366  56.505 0.0000000000
120667  -31.634  -23.198  55.738 0.0000000000
39470  -36.183  -23.392  55.539 0.0000000000
121765  -37.091  -22.479  55.229 0.0000000000
39471  -36.950  -23.135  54.969 0.0000000000
108386  -36.814  -23.866  55.185 0.0000000000
43307  -37.349  -20.164  53.080 0.0000000000
44209  -38.088  -20.127  53.589 0.0000000000
105680  -38.448  -19.308  54.561 0.0000000000
44185  -39.174  -19.101  56.218 0.0000000000
43280  -39.565  -19.559  56.153 0.0000000000
46192  -41.098  -18.890  52.818 0.0000000000
113051  -40.544  -19.274  53.544 0.0000000000
45166  -41.350  -18.662  53.395 0.0000000000
45165  -40.866  -19.275  53.286 0.0000000000
45158  -40.698  -19.142  53.630 0.0000000000
44194  -40.366  -18.785  55.430 0.0000000000
43281  -40.167  -19.347  55.948 0.0000000000
42178  -39.911  -20.106  56.166 0.0000000000
41176  -40.450  -21.335  53.404 0.0000000000
40303  -40.940  -21.846  53.453 0.0000000000
42209  -41.135  -20.752  52.608 0.0000000000
41189  -40.590  -21.495  52.915 0.0000000000
43328  -44.364  -19.401  51.366 0.0000000000
43336  -44.959  -19.318  50.838 0.0000000000
43335  -44.342  -19.591  50.781 0.0000000000
43343  -43.867  -19.012  49.875 0.0000000000
42298  -43.659  -20.069  49.948 0.0000000000
112475  -44.097  -21.471  46.303 0.0000000000
32341  -15.145  -31.161  56.557 0.0000000000
44297  -48.943  -18.505  44.756 0.0000000000
48470  -51.310  -15.267  42.858 0.0000000000
47365  -52.915  -15.607  42.217 0.0000000000
46352  -51.982  -16.301  41.633 0.0000000000
47388  -52.785  -15.718  41.994 0.0000000000
46332  -53.066  -15.794  42.274 0.0000000000
45346  -52.261  -17.250  41.252 0.0000000000
44355  -52.824  -18.106  40.497 0.0000000000
44354  -52.811  -18.676  40.140 0.0000000000
45383  -53.332  -17.669  38.873 0.0000000000
45384  -53.609  -17.644  38.182 0.0000000000
45372  -53.462  -17.919  39.139 0.0000000000
44375  -53.309  -18.258  39.489 0.0000000000
44374  -52.594  -18.538  39.474 0.0000000000
49544  -47.533  -13.721  37.204 0.0000000000
49533  -48.585  -13.316  37.225 0.0000000000
119028  -49.466  -8.447  36.861 0.0000000000
104244  -48.478  -8.524  36.474 0.0000000000
107775  -47.724  -8.630  36.664 0.0000000000
105655  -48.415  -8.824  38.280 0.0000000000
104060  -48.045  -8.656  37.382 0.0000000000
105482  -47.105  -8.784  36.289 0.0000000000
104165  -46.415  -11.556  38.415 0.0000000000
104033  -47.185  -11.080  39.395 0.0000000000
104034  -47.611  -10.495  39.568 0.0000000000
104037  -47.676  -11.290  39.545 0.0000000000
49522  -47.643  -11.967  39.015 0.0000000000
115964  -47.953  -12.366  38.196 0.0000000000
50430  -48.826  -12.958  36.437 0.0000000000
104243  -48.145  -12.553  36.287 0.0000000000
32317  -18.174  -30.770  59.486 0.0000000000
37508  -22.679  -24.082  58.859 0.0000000000
37509  -22.923  -23.844  58.764 0.0000000000
42275  -43.695  -20.075  50.728 0.0000000000
43290  -41.345  -19.463  54.413 0.0000000000
43308  -43.158  -19.543  52.543 0.0000000000
43393  -48.945  -19.169  44.762 0.0000000000
43416  -50.478  -18.632  42.889 0.0000000000
44186  -39.667  -19.035  56.156 0.0000000000
44279  -49.244  -17.725  44.675 0.0000000000
44300  -51.196  -17.403  43.880 0.0000000000
45178  -44.293  -18.522  52.595 0.0000000000
45284  -50.082  -17.013  44.793 0.0000000000
45303  -50.807  -17.236  44.327 0.0000000000
45317  -51.695  -17.132  42.847 0.0000000000
45332  -52.806  -16.489  42.835 0.0000000000
45347  -52.647  -16.337  42.365 0.0000000000
45404  -53.596  -17.018  36.101 0.0000000000
45405  -53.813  -16.489  35.924 0.0000000000
46170  -41.478  -17.400  53.451 0.0000000000
46300  -50.998  -16.012  44.664 0.0000000000
46311  -53.033  -16.249  43.223 0.0000000000
46333  -53.088  -16.181  42.665 0.0000000000
46431  -53.535  -16.230  36.553 0.0000000000
46453  -53.731  -16.316  35.980 0.0000000000
47233  -43.998  -15.811  51.437 0.0000000000
47245  -44.544  -15.091  51.237 0.0000000000
47316  -51.624  -16.104  44.424 0.0000000000
47443  -53.441  -15.779  36.076 0.0000000000
47457  -53.053  -15.623  35.819 0.0000000000
48334  -44.866  -14.703  51.005 0.0000000000
48346  -43.273  -14.675  50.610 0.0000000000
48411  -50.117  -14.481  45.307 0.0000000000
48412  -50.570  -14.954  45.063 0.0000000000
48450  -51.345  -15.069  43.331 0.0000000000
48471  -51.620  -15.711  42.616 0.0000000000
49384  -43.620  -14.261  50.319 0.0000000000
49386  -44.637  -13.744  50.189 0.0000000000
49387  -45.209  -13.626  50.127 0.0000000000
49396  -43.255  -14.323  49.618 0.0000000000
49398  -44.817  -13.658  49.880 0.0000000000
49448  -50.776  -14.564  44.494 0.0000000000
49466  -50.877  -14.478  44.233 0.0000000000
49481  -51.186  -14.541  43.910 0.0000000000
50324  -43.769  -14.012  49.166 0.0000000000
52937  -52.569  -9.006  39.324 0.0000000000
52938  -52.974  -9.073  38.880 0.0000000000
52945  -55.306  -9.028  37.902 0.0000000000
52950  -53.855  -9.401  38.230 0.0000000000
52952  -55.897  -8.967  37.764 0.0000000000
53908  -50.158  -9.261  40.282 0.0000000000
53915  -53.198  -8.814  38.835 0.0000000000
53920  -55.952  -8.515  38.423 0.0000000000
53921  -56.223  -8.388  38.208 0.0000000000
54926  -50.902  -8.811  39.772 0.0000000000
54927  -51.976  -8.808  39.529 0.0000000000
54941  -53.064  -8.059  38.578 0.0000000000
54942  -53.930  -7.971  38.222 0.0000000000
54944  -55.911  -8.221  38.425 0.0000000000
54960  -54.528  -7.999  37.430 0.0000000000
54974  -56.094  -8.011  36.182 0.0000000000
55929  -55.029  -8.090  37.236 0.0000000000
55954  -55.946  -6.273  36.249 0.0000000000
56817  -55.957  -6.441  36.401 0.0000000000
56825  -56.436  -5.783  36.284 0.0000000000
56836  -57.233  -5.376  35.880 0.0000000000
56872  -57.531  -5.841  31.524 0.0000000000
57677  -56.154  -5.200  36.188 0.0000000000
57678  -56.396  -5.029  36.247 0.0000000000
57688  -56.909  -4.672  35.762 0.0000000000
58573  -56.761  -3.885  34.097 0.0000000000
59469  -57.034  -2.143  33.688 0.0000000000
104038  -47.488  -10.781  39.613 0.0000000000
104042  -47.954  -10.730  39.587 0.0000000000
104062  -49.790  -9.252  40.452 0.0000000000
104064  -49.505  -9.105  40.410 0.0000000000
104071  -50.197  -9.064  40.738 0.0000000000
104073  -50.090  -8.689  39.936 0.0000000000
104159  -50.283  -9.490  39.739 0.0000000000
104214  -50.075  -9.328  40.339 0.0000000000
104245  -49.271  -8.696  39.346 0.0000000000
104283  -48.829  -8.897  40.137 0.0000000000
104336  -50.036  -9.050  40.608 0.0000000000
104389  -48.727  -8.909  39.818 0.0000000000
105743  -51.185  -18.834  40.832 0.0000000000
106274  -51.526  -17.157  43.507 0.0000000000
109549  -54.716  -9.386  37.583 0.0000000000
111913  -51.545  -16.190  44.524 0.0000000000
112065  -48.934  -9.214  40.001 0.0000000000
113570  -54.000  -6.900  35.549 0.0000000000
113999  -52.329  -8.183  39.003 0.0000000000
115322  -51.691  -16.024  43.938 0.0000000000
115600  -40.450  -19.576  52.979 0.0000000000
116887  -49.977  -19.131  43.136 0.0000000000
119033  -50.125  -8.895  40.745 0.0000000000
119378  -38.746  -18.864  55.546 0.0000000000
119743  -51.331  -15.143  43.092 0.0000000000
120220  -52.095  -18.600  40.646 0.0000000000
120323  -55.820  -8.637  36.987 0.0000000000
122685  -51.150  -14.930  44.543 0.0000000000
123060  -44.916  -13.802  49.489 0.0000000000
123097  -23.223  -23.745  58.485 0.0000000000
123104  -57.267  -3.049  33.846 0.0000000000
123201  -55.433  -6.669  35.812 0.0000000000
124288  -51.752  -7.695  36.511 0.0000000000
124527  -55.139  -9.578  35.403 0.0000000000
124629  -42.327  -14.791  49.131 0.0000000000
124716  -54.629  -9.191  37.964 0.0000000000
125493  -43.786  -18.495  49.730 0.0000000000
125580  -42.083  -19.126  53.259 0.0000000000
125953  -50.535  -16.263  44.839 0.0000000000
126894  -45.075  -16.498  51.411 0.0000000000
