#!ascii label  , from subject sub1 vox2ras=TkReg
1292
53640  -23.491  -9.337  -21.800 0.5555555820
54654  -24.127  -8.634  -22.268 0.6666666865
54666  -25.023  -8.062  -23.332 0.7777777910
55662  -25.503  -7.689  -23.772 0.7777777910
56520  -26.004  -6.756  -24.797 0.8888888955
56523  -28.192  -6.870  -25.389 0.8888888955
53639  -22.477  -9.208  -21.356 0.5555555820
54640  -23.228  -8.462  -21.723 0.5555555820
55647  -23.667  -7.794  -22.352 0.6666666865
55660  -23.865  -7.310  -23.198 0.8888888955
55682  -26.146  -7.456  -24.413 0.8888888955
118892  -27.804  -6.013  -25.760 1.0000000000
56539  -28.600  -6.255  -25.511 0.8888888955
58292  -28.511  -4.948  -25.825 1.0000000000
55635  -22.168  -6.874  -21.556 0.7777777910
57378  -23.924  -5.997  -23.842 1.0000000000
58271  -23.777  -5.024  -25.001 1.0000000000
57394  -24.968  -5.872  -24.928 1.0000000000
58289  -25.680  -5.080  -26.169 1.0000000000
57411  -24.541  -5.323  -25.311 1.0000000000
58312  -27.432  -4.668  -26.362 1.0000000000
58310  -26.106  -4.396  -26.558 1.0000000000
59178  -27.408  -3.918  -26.670 1.0000000000
59180  -28.941  -3.148  -26.133 1.0000000000
59177  -26.619  -3.771  -26.892 1.0000000000
59179  -28.075  -3.505  -26.586 1.0000000000
60048  -29.766  -2.687  -25.708 1.0000000000
60988  -28.932  -1.010  -26.788 1.0000000000
60989  -29.901  -1.269  -26.456 0.7777777910
107792  -22.883  -3.897  -24.672 0.8888888955
58288  -24.252  -4.672  -25.656 1.0000000000
59176  -25.670  -3.646  -26.946 1.0000000000
59156  -24.207  -3.526  -26.365 1.0000000000
59188  -26.279  -3.027  -27.348 1.0000000000
60077  -27.417  -2.431  -27.599 1.0000000000
60987  -28.415  -1.827  -27.162 1.0000000000
61002  -28.445  -0.865  -27.589 1.0000000000
124726  -29.420  -0.640  -26.772 1.0000000000
60990  -30.624  -0.873  -26.110 0.8888888955
109021  -30.796  -0.112  -26.506 1.0000000000
108732  -31.480  0.165  -26.113 0.7777777910
61926  -33.008  -0.175  -25.475 0.7777777910
60033  -22.366  -2.636  -25.087 0.5555555820
61952  -24.334  -0.888  -27.572 0.7777777910
60061  -23.969  -2.225  -26.754 0.8888888955
60075  -26.082  -2.217  -27.538 1.0000000000
60076  -26.836  -2.324  -27.689 1.0000000000
123321  -25.879  -1.625  -27.657 0.8888888955
60999  -26.659  -1.501  -28.039 1.0000000000
126656  -27.507  -1.101  -28.353 1.0000000000
61956  -29.619  0.265  -27.663 1.0000000000
122756  -30.305  0.343  -27.055 0.8888888955
62928  -30.396  0.944  -27.533 1.0000000000
125346  -30.789  1.248  -26.932 0.8888888955
63859  -33.461  1.865  -25.962 0.7777777910
63860  -34.766  1.150  -25.792 0.6666666865
111472  -34.296  1.838  -25.748 0.6666666865
61939  -22.578  -0.340  -25.898 0.4444444478
61941  -23.614  -1.008  -27.057 0.7777777910
61951  -23.778  -0.279  -27.390 0.6666666865
62926  -25.394  -0.010  -28.368 0.7777777910
61961  -26.134  -0.470  -28.362 0.8888888955
61963  -27.118  -0.434  -28.758 0.8888888955
61964  -28.168  -0.155  -28.573 1.0000000000
62944  -27.650  0.359  -28.946 1.0000000000
62936  -28.833  0.523  -28.848 1.0000000000
62927  -29.940  1.064  -28.250 1.0000000000
63873  -30.509  1.758  -27.711 0.8888888955
63857  -31.732  2.094  -26.695 0.7777777910
63858  -32.627  2.003  -26.258 0.7777777910
114492  -35.712  1.123  -25.997 0.5555555820
64674  -33.865  2.738  -25.907 0.7777777910
64689  -34.744  2.532  -25.857 0.6666666865
63872  -24.341  1.344  -28.134 0.6666666865
62913  -23.245  0.480  -27.065 0.6666666865
63879  -25.411  0.770  -28.841 0.7777777910
63880  -26.461  0.588  -29.148 0.8888888955
63890  -27.517  0.959  -29.311 0.8888888955
64732  -27.242  1.890  -29.429 1.0000000000
64733  -27.927  1.568  -29.224 1.0000000000
64717  -29.063  2.104  -28.445 1.0000000000
63882  -29.330  1.120  -28.584 0.8888888955
65605  -31.234  3.213  -27.420 0.8888888955
65592  -32.310  3.220  -26.290 0.8888888955
64687  -32.419  2.548  -26.341 0.7777777910
65604  -30.589  3.634  -27.839 0.8888888955
65591  -31.667  3.622  -26.765 0.7777777910
66480  -32.237  4.056  -26.065 0.7777777910
127001  -34.395  3.098  -25.889 0.7777777910
64675  -35.087  3.276  -25.948 0.6666666865
63871  -23.435  2.306  -27.669 0.6666666865
113395  -23.348  1.313  -27.368 0.5555555820
63878  -24.288  2.226  -28.386 0.7777777910
64715  -24.943  1.791  -29.028 0.8888888955
64731  -26.459  2.226  -29.481 0.8888888955
65622  -27.189  3.381  -29.669 1.0000000000
111674  -27.602  2.549  -29.407 1.0000000000
122553  -29.352  3.834  -28.581 1.0000000000
65615  -29.766  3.063  -28.209 0.8888888955
66479  -31.493  4.477  -26.486 0.7777777910
67353  -32.097  4.949  -25.607 0.7777777910
67343  -34.653  4.549  -25.691 0.6666666865
66481  -35.798  4.240  -26.277 0.5555555820
65593  -35.924  3.634  -26.099 0.5555555820
64713  -23.951  2.948  -28.297 0.7777777910
64714  -24.691  2.722  -28.901 0.8888888955
119316  -26.573  3.529  -29.889 1.0000000000
107567  -27.533  4.040  -29.559 1.0000000000
66488  -29.889  4.971  -28.090 0.8888888955
66503  -29.993  4.135  -28.269 0.8888888955
67363  -29.670  5.804  -27.815 0.8888888955
66489  -30.476  4.524  -27.738 0.8888888955
68223  -32.289  6.061  -25.487 0.7777777910
68224  -33.595  6.247  -25.420 0.7777777910
67354  -35.076  5.429  -25.981 0.5555555820
68221  -30.535  6.692  -26.539 0.7777777910
109582  -34.495  6.273  -25.677 0.5555555820
68237  -35.608  5.869  -26.680 0.5555555820
68213  -34.133  7.064  -25.562 0.6666666865
65601  -21.828  4.137  -27.085 0.4444444478
65612  -23.631  3.693  -28.481 0.5555555820
110278  -24.707  4.967  -29.527 0.7777777910
121423  -25.983  4.024  -30.112 1.0000000000
116468  -25.275  4.172  -29.680 0.8888888955
66513  -26.009  4.834  -29.785 1.0000000000
67390  -27.929  5.581  -28.901 0.8888888955
119421  -28.074  6.231  -28.675 0.8888888955
67376  -29.302  5.419  -28.342 0.8888888955
68249  -29.180  6.323  -28.147 0.8888888955
68234  -30.007  6.239  -27.191 0.8888888955
119237  -31.993  6.878  -25.616 0.6666666865
68214  -34.684  7.035  -26.076 0.5555555820
68257  -23.430  6.825  -29.402 0.6666666865
67374  -23.170  5.277  -28.946 0.6666666865
69099  -24.930  6.746  -30.067 0.7777777910
68260  -26.517  6.144  -29.621 0.8888888955
120503  -25.812  6.608  -29.713 0.7777777910
69102  -26.983  6.952  -29.556 0.7777777910
68247  -27.877  6.880  -28.733 0.8888888955
69091  -27.726  7.622  -28.736 0.7777777910
69093  -29.206  7.289  -28.216 0.8888888955
69080  -29.251  8.012  -28.355 0.7777777910
69081  -29.586  7.724  -27.891 0.7777777910
69069  -30.366  7.379  -26.463 0.6666666865
108387  -28.793  8.869  -27.259 0.6666666865
70768  -31.120  8.887  -25.453 0.6666666865
119460  -30.483  8.098  -25.889 0.6666666865
69071  -32.250  7.642  -25.513 0.5555555820
71700  -30.167  10.180  -25.601 0.6666666865
71701  -30.888  9.641  -25.423 0.5555555820
69901  -33.437  8.717  -25.789 0.5555555820
69060  -34.261  7.687  -25.791 0.4444444478
70762  -32.772  9.985  -25.505 0.5555555820
116710  -21.701  8.943  -28.628 0.3333333433
69922  -21.966  8.350  -28.893 0.3333333433
69933  -23.690  8.142  -29.816 0.5555555820
69098  -24.041  7.364  -29.635 0.6666666865
69943  -23.701  9.148  -30.283 0.5555555820
104777  -24.779  7.313  -30.043 0.7777777910
69936  -26.411  8.204  -29.723 0.7777777910
124207  -26.732  9.403  -29.349 0.6666666865
69923  -27.645  8.438  -28.586 0.6666666865
69937  -26.910  8.727  -29.263 0.6666666865
69912  -27.732  8.980  -27.982 0.6666666865
70780  -28.217  9.258  -27.461 0.6666666865
71708  -28.365  10.217  -27.350 0.6666666865
122129  -33.453  11.091  -26.219 0.5555555820
71691  -31.239  10.466  -25.422 0.6666666865
70789  -21.702  9.822  -28.543 0.4444444478
116707  -21.219  8.987  -27.841 0.4444444478
70790  -22.331  9.379  -29.361 0.4444444478
71717  -22.311  10.308  -29.599 0.5555555820
70801  -22.983  9.281  -30.052 0.5555555820
70814  -23.841  10.155  -30.549 0.6666666865
69944  -24.464  9.119  -30.293 0.6666666865
71729  -25.276  10.437  -30.230 0.6666666865
114394  -27.324  9.447  -28.760 0.6666666865
71699  -29.130  10.883  -26.932 0.6666666865
72615  -30.467  12.252  -25.501 0.6666666865
122035  -31.448  12.058  -25.455 0.5555555820
72617  -32.274  11.650  -25.648 0.6666666865
71716  -21.971  10.671  -28.802 0.4444444478
72672  -23.670  11.493  -30.929 0.6666666865
126706  -25.332  11.449  -29.721 0.6666666865
70791  -26.750  10.113  -29.115 0.6666666865
71730  -25.848  10.752  -29.481 0.6666666865
72624  -29.187  11.904  -26.995 0.6666666865
56505  -25.211  -6.961  -24.147 0.8888888955
56503  -23.491  -6.473  -23.296 1.0000000000
56519  -24.630  -6.260  -24.275 1.0000000000
57413  -26.175  -5.816  -25.873 1.0000000000
58291  -27.613  -5.291  -25.957 1.0000000000
61940  -23.179  -0.317  -26.681 0.5555555820
64700  -30.550  2.661  -27.761 0.8888888955
66487  -21.877  4.777  -27.566 0.5555555820
65613  -24.359  3.388  -28.797 0.7777777910
66514  -26.840  4.767  -29.623 1.0000000000
68235  -30.619  5.802  -26.700 0.8888888955
69889  -33.232  7.992  -25.520 0.6666666865
69101  -25.992  7.372  -29.778 0.7777777910
69902  -34.091  8.310  -26.145 0.4444444478
71741  -23.410  11.056  -30.568 0.6666666865
72657  -23.745  11.351  -30.590 0.6666666865
62912  -22.705  0.492  -26.293 0.4444444478
63870  -22.673  2.107  -26.839 0.4444444478
72627  -33.464  11.881  -26.363 0.5555555820
72635  -33.835  11.213  -26.869 0.5555555820
70779  -20.954  9.727  -27.653 0.2222222239
114697  -23.551  -10.380  -21.499 0.5555555820
52646  -23.696  -9.986  -21.829 0.5555555820
54655  -24.886  -8.872  -23.051 0.5555555820
53657  -25.711  -9.174  -23.265 0.5555555820
55664  -27.603  -7.937  -24.372 0.7777777910
55684  -28.214  -7.339  -24.654 0.8888888955
52625  -22.271  -10.352  -20.848 0.5555555820
119041  -25.744  -8.443  -23.556 0.6666666865
55663  -26.196  -7.991  -24.057 0.6666666865
55683  -26.865  -7.875  -24.435 0.8888888955
56524  -28.912  -6.666  -24.764 0.7777777910
113121  -29.321  -5.878  -25.003 0.7777777910
120659  -29.854  -4.390  -25.182 0.8888888955
53623  -21.280  -9.126  -20.331 0.4444444478
54638  -21.992  -7.550  -21.122 0.5555555820
59158  -29.596  -3.707  -25.516 1.0000000000
56488  -21.611  -6.337  -21.280 0.2222222239
56494  -22.693  -6.002  -22.913 0.6666666865
60049  -30.465  -2.324  -25.587 0.8888888955
60050  -31.233  -2.253  -25.261 0.6666666865
61925  -32.074  -0.372  -25.563 0.7777777910
60973  -33.450  -1.050  -25.439 0.6666666865
58260  -22.851  -4.763  -23.651 0.5555555820
61927  -33.963  -0.341  -25.690 0.6666666865
59135  -21.759  -3.436  -23.908 0.4444444478
62917  -35.311  0.338  -25.965 0.5555555820
63862  -36.620  1.211  -26.311 0.5555555820
60032  -21.452  -1.771  -24.277 0.2222222239
63861  -35.953  1.845  -26.251 0.5555555820
62894  -22.198  0.521  -25.510 0.4444444478
65594  -36.364  3.259  -26.584 0.5555555820
64667  -21.972  2.145  -25.689 0.3333333433
65606  -36.707  3.466  -27.372 0.5555555820
65602  -22.393  3.688  -27.337 0.4444444478
66491  -36.200  4.859  -28.106 0.4444444478
64682  -21.794  3.304  -26.099 0.3333333433
107990  -35.628  6.175  -27.575 0.5555555820
69083  -34.796  7.309  -27.085 0.4444444478
116706  -21.087  7.547  -27.594 0.3333333433
69090  -21.528  7.106  -28.054 0.3333333433
68245  -22.247  6.689  -28.412 0.4444444478
70771  -33.872  9.059  -26.566 0.4444444478
71709  -34.103  10.376  -27.400 0.4444444478
72636  -34.190  11.296  -27.744 0.2222222239
71706  -21.232  10.659  -27.895 0.3333333433
72645  -22.668  11.043  -29.422 0.6666666865
72659  -24.736  11.681  -30.205 0.6666666865
106184  -27.152  11.315  -28.041 0.6666666865
120719  -27.278  12.273  -28.224 0.6666666865
73568  -28.824  12.895  -27.801 0.6666666865
73569  -29.790  12.870  -26.013 0.6666666865
73562  -31.401  12.752  -25.658 0.6666666865
73570  -33.085  12.671  -26.076 0.4444444478
73586  -34.047  12.102  -27.245 0.3333333433
72646  -23.270  11.671  -29.598 0.5555555820
53656  -24.438  -9.595  -22.286 0.6666666865
55648  -24.333  -8.034  -23.023 0.7777777910
55661  -24.612  -7.464  -23.504 0.8888888955
56535  -25.759  -6.138  -25.232 1.0000000000
122092  -25.334  -6.374  -24.633 1.0000000000
56538  -28.141  -6.392  -25.656 1.0000000000
56537  -27.557  -6.634  -25.432 0.8888888955
56522  -27.555  -7.332  -24.950 0.8888888955
53625  -22.785  -10.035  -21.467 0.5555555820
53624  -21.897  -9.667  -20.935 0.4444444478
54628  -21.620  -8.925  -20.751 0.4444444478
54639  -22.301  -8.300  -21.128 0.5555555820
55636  -22.790  -7.607  -21.710 0.6666666865
55646  -23.018  -6.894  -22.487 0.8888888955
56504  -24.230  -6.803  -23.717 0.8888888955
56521  -26.846  -7.058  -24.847 0.8888888955
56536  -26.611  -6.361  -25.251 1.0000000000
57415  -28.253  -5.625  -25.822 1.0000000000
57414  -27.126  -5.789  -25.622 1.0000000000
57416  -28.882  -5.480  -25.494 1.0000000000
59157  -28.685  -4.197  -26.104 1.0000000000
119982  -22.396  -6.120  -21.959 0.6666666865
57377  -23.087  -5.672  -23.484 0.8888888955
121537  -23.578  -5.241  -24.098 0.8888888955
57393  -24.182  -5.657  -24.622 1.0000000000
58270  -23.215  -4.506  -24.402 1.0000000000
57412  -25.343  -5.544  -25.589 1.0000000000
107060  -24.928  -5.008  -25.869 1.0000000000
58290  -26.754  -5.083  -26.178 1.0000000000
58313  -28.003  -4.654  -26.270 1.0000000000
58309  -24.909  -4.276  -26.388 1.0000000000
60064  -27.912  -2.568  -27.236 1.0000000000
59189  -27.064  -3.207  -27.361 1.0000000000
60065  -28.454  -2.617  -26.633 1.0000000000
60066  -29.216  -2.101  -26.415 1.0000000000
60067  -30.016  -1.999  -25.966 0.8888888955
60971  -31.255  -1.371  -25.454 0.7777777910
59155  -23.615  -3.442  -25.710 1.0000000000
59145  -22.968  -3.395  -25.126 0.5555555820
58287  -23.472  -4.201  -25.276 1.0000000000
58269  -22.455  -4.027  -24.068 0.5555555820
59175  -24.774  -3.411  -27.000 1.0000000000
60046  -23.759  -2.793  -26.099 0.8888888955
60063  -25.365  -2.936  -27.401 1.0000000000
61000  -27.253  -1.636  -28.077 1.0000000000
61001  -27.864  -1.658  -27.940 1.0000000000
61009  -28.042  -0.735  -28.255 1.0000000000
61955  -29.031  -0.263  -27.169 1.0000000000
62914  -30.856  0.771  -26.641 0.8888888955
61944  -32.245  0.415  -25.794 0.7777777910
62901  -33.646  0.401  -25.681 0.6666666865
126129  -21.831  -2.252  -24.732 0.5555555820
59144  -22.290  -3.374  -24.559 0.5555555820
119090  -21.964  -1.845  -25.169 0.6666666865
60045  -22.946  -2.032  -25.951 0.6666666865
60034  -23.163  -2.842  -25.568 0.7777777910
126686  -23.485  -1.624  -26.726 0.7777777910
61953  -25.266  -0.669  -27.941 0.8888888955
60997  -25.064  -1.414  -27.566 0.8888888955
60062  -24.645  -2.693  -27.235 0.8888888955
60074  -25.234  -2.177  -27.503 1.0000000000
61007  -26.736  -0.848  -28.507 0.8888888955
111178  -27.534  -0.568  -28.565 1.0000000000
61965  -29.242  0.311  -28.477 1.0000000000
63856  -30.901  1.681  -27.076 0.8888888955
62916  -32.007  1.577  -26.176 0.8888888955
125285  -32.322  1.065  -25.947 0.7777777910
63842  -33.786  1.177  -25.658 0.7777777910
125986  -33.918  2.281  -25.863 0.6666666865
62918  -36.353  0.343  -26.187 0.5555555820
104801  -35.179  1.840  -25.818 0.6666666865
61924  -21.917  -0.369  -25.223 0.3333333433
60968  -21.641  -1.098  -24.909 0.3333333433
60985  -23.069  -1.101  -26.277 0.4444444478
62924  -24.004  0.512  -27.667 0.6666666865
62925  -24.555  -0.181  -27.896 0.7777777910
62934  -26.896  0.023  -28.942 0.8888888955
62935  -27.621  -0.078  -28.696 1.0000000000
63881  -28.598  1.293  -28.837 1.0000000000
64701  -31.117  2.384  -27.260 0.7777777910
64673  -33.099  2.924  -26.040 0.7777777910
64691  -36.329  2.508  -26.474 0.5555555820
63888  -25.913  1.505  -29.275 0.8888888955
122900  -28.830  3.080  -28.703 1.0000000000
66464  -32.993  4.533  -25.415 0.7777777910
66465  -33.834  4.142  -25.507 0.7777777910
66467  -35.297  3.918  -25.935 0.6666666865
63834  -22.300  1.355  -25.875 0.4444444478
113785  -26.202  3.192  -29.803 0.8888888955
65623  -28.042  3.232  -29.334 1.0000000000
65614  -28.576  4.100  -29.053 0.8888888955
67352  -31.296  5.396  -26.111 0.7777777910
67342  -33.997  5.254  -25.485 0.6666666865
124999  -36.226  4.684  -27.274 0.5555555820
107657  -36.497  4.160  -27.764 0.5555555820
64699  -22.559  2.940  -27.038 0.5555555820
64729  -25.652  3.516  -29.756 0.8888888955
66515  -27.793  4.825  -29.239 1.0000000000
67364  -30.226  5.355  -27.471 0.8888888955
68222  -31.259  6.336  -25.949 0.8888888955
69082  -29.883  7.110  -27.097 0.8888888955
126573  -34.986  6.250  -26.238 0.5555555820
122923  -22.792  3.977  -28.121 0.5555555820
66500  -23.347  4.427  -28.732 0.5555555820
114929  -25.448  4.985  -29.696 1.0000000000
67386  -24.991  5.792  -29.782 0.7777777910
66511  -23.878  4.842  -29.326 0.7777777910
67389  -27.140  5.488  -29.437 0.8888888955
67387  -25.391  5.775  -29.727 0.7777777910
68236  -35.177  6.898  -27.820 0.5555555820
68246  -22.795  6.086  -28.635 0.5555555820
124894  -23.245  7.615  -29.520 0.4444444478
68258  -24.547  6.426  -29.710 0.6666666865
119645  -24.523  6.998  -29.781 0.6666666865
67385  -24.198  5.583  -29.474 0.7777777910
66499  -22.579  4.679  -28.218 0.7777777910
67373  -22.348  5.431  -28.002 0.6666666865
69100  -25.226  7.312  -30.106 0.7777777910
111169  -24.995  6.317  -29.929 0.7777777910
69092  -28.699  7.582  -28.490 0.7777777910
69913  -28.613  8.475  -28.074 0.6666666865
69899  -29.808  7.805  -26.987 0.6666666865
69898  -29.795  8.438  -26.488 0.6666666865
104624  -29.495  9.901  -26.280 0.6666666865
70767  -29.974  9.081  -25.620 0.6666666865
106956  -32.038  8.899  -25.559 0.5555555820
69900  -32.576  8.468  -25.517 0.5555555820
70770  -33.363  9.686  -26.014 0.4444444478
113581  -34.556  7.990  -27.490 0.4444444478
71693  -33.148  10.547  -25.829 0.5555555820
124501  -22.348  7.515  -28.933 0.4444444478
69932  -22.748  8.384  -29.450 0.5555555820
122461  -24.350  8.101  -30.022 0.6666666865
124014  -24.997  8.131  -30.107 0.7777777910
119902  -29.608  10.908  -26.014 0.6666666865
71690  -30.433  11.242  -25.636 0.6666666865
70800  -22.694  10.203  -30.209 0.5555555820
72671  -23.426  11.213  -30.734 0.6666666865
71707  -27.690  10.763  -27.631 0.6666666865
72633  -27.757  11.770  -27.777 0.6666666865
107640  -29.162  12.707  -26.964 0.6666666865
119453  -22.324  2.000  -26.173 0.4444444478
71719  -34.280  10.645  -28.425 0.3333333433
115027  -33.719  12.867  -27.379 0.3333333433
52624  -21.841  -9.818  -20.142 0.4444444478
58294  -30.421  -3.945  -25.246 0.7777777910
53607  -21.269  -9.332  -19.748 0.3333333433
110495  -21.370  -8.020  -20.546 0.4444444478
126309  -31.831  -1.020  -25.233 0.6666666865
57376  -22.384  -5.152  -23.099 0.7777777910
60955  -21.407  -0.943  -24.280 0.1111111119
63833  -21.807  1.392  -25.318 0.4444444478
64683  -22.184  2.720  -26.222 0.3333333433
67372  -21.976  6.096  -27.745 0.3333333433
74370  -31.298  13.508  -25.683 0.6666666865
74372  -32.621  13.306  -25.890 0.4444444478
52650  -27.452  -10.275  -21.355 0.4444444478
52630  -29.517  -10.225  -20.293 0.2222222239
52627  -24.078  -10.856  -21.107 0.4444444478
51776  -24.928  -11.233  -21.536 0.4444444478
52660  -25.105  -10.157  -22.290 0.4444444478
52661  -25.856  -10.289  -22.477 0.4444444478
52663  -27.153  -10.131  -21.991 0.4444444478
53659  -27.943  -9.319  -22.286 0.4444444478
53643  -29.289  -9.212  -21.413 0.2222222239
122271  -26.323  -9.684  -22.977 0.4444444478
53658  -27.216  -9.687  -22.618 0.4444444478
54643  -30.624  -8.268  -21.361 0.1111111119
54644  -31.409  -8.163  -21.305 0.1111111119
54656  -27.675  -8.842  -22.986 0.4444444478
54669  -29.180  -8.181  -22.593 0.3333333433
53666  -26.399  -8.993  -23.565 0.4444444478
53667  -26.956  -9.300  -23.351 0.4444444478
54668  -28.485  -8.288  -23.138 0.3333333433
55649  -29.791  -7.681  -22.399 0.3333333433
54658  -31.028  -7.701  -21.682 0.2222222239
111542  -27.828  -8.335  -23.704 0.4444444478
54680  -26.472  -8.387  -23.905 0.5555555820
54667  -27.095  -8.575  -23.841 0.4444444478
56495  -30.972  -6.564  -22.682 0.2222222239
56508  -31.873  -6.210  -23.065 0.1111111119
57382  -33.441  -6.149  -23.481 0.1111111119
56506  -29.496  -6.845  -23.823 0.3333333433
56507  -30.349  -6.385  -23.519 0.3333333433
56525  -29.848  -6.181  -24.350 0.4444444478
57396  -30.224  -5.487  -24.670 0.5555555820
58272  -30.646  -4.670  -24.961 0.6666666865
58274  -32.751  -4.403  -24.679 0.4444444478
58298  -34.236  -4.021  -25.877 0.3333333433
58295  -31.338  -3.761  -25.159 0.6666666865
120054  -32.820  -3.032  -25.552 0.5555555820
59159  -30.608  -3.090  -25.383 0.6666666865
115616  -32.873  -2.323  -25.455 0.5555555820
60052  -33.547  -2.766  -25.826 0.5555555820
59163  -34.297  -3.284  -26.490 0.4444444478
60053  -34.318  -2.653  -26.362 0.3333333433
60051  -32.131  -2.649  -25.327 0.5555555820
60992  -35.464  -1.579  -26.604 0.4444444478
61945  -34.829  -0.445  -25.881 0.5555555820
60991  -34.641  -1.864  -26.187 0.4444444478
61947  -36.796  -0.411  -26.639 0.4444444478
72649  -26.592  11.964  -28.410 0.5555555820
73599  -26.097  12.581  -28.708 0.5555555820
73600  -27.142  13.248  -28.860 0.5555555820
74397  -28.520  14.086  -28.912 0.5555555820
74377  -29.165  13.484  -26.695 0.5555555820
123043  -30.385  14.481  -26.084 0.5555555820
51778  -26.431  -11.161  -21.539 0.4444444478
52629  -28.550  -10.271  -20.513 0.2222222239
54657  -30.258  -7.795  -21.818 0.2222222239
56496  -31.797  -6.685  -22.379 0.1111111119
57380  -31.563  -5.566  -23.727 0.4444444478
57381  -32.610  -5.618  -23.618 0.3333333433
57379  -30.697  -5.781  -24.019 0.4444444478
58273  -31.712  -4.432  -24.655 0.6666666865
58296  -32.164  -3.822  -24.877 0.4444444478
60068  -35.143  -2.568  -27.095 0.3333333433
60993  -36.178  -1.189  -27.022 0.4444444478
63874  -37.353  1.510  -26.769 0.4444444478
74405  -26.952  13.681  -29.062 0.5555555820
74394  -26.099  13.736  -28.344 0.5555555820
113923  -25.382  -9.644  -22.741 0.4444444478
58276  -34.327  -4.697  -25.173 0.2222222239
74378  -30.294  13.668  -25.994 0.5555555820
50977  -25.345  -12.972  -20.803 0.4444444478
50978  -26.126  -12.385  -20.760 0.4444444478
50979  -26.807  -11.839  -20.551 0.4444444478
51760  -27.980  -10.802  -20.159 0.2222222239
52605  -28.844  -10.697  -19.823 0.2222222239
122788  -29.607  -10.736  -19.635 0.1111111119
51755  -23.650  -11.394  -20.627 0.4444444478
50976  -24.708  -12.412  -20.917 0.4444444478
53626  -29.825  -9.664  -20.729 0.1111111119
53645  -31.345  -8.775  -20.730 0.1111111119
52606  -30.289  -10.500  -19.763 0.1111111119
107037  -32.094  -8.390  -21.292 0.1111111119
107561  -32.232  -7.086  -21.911 0.1111111119
55652  -33.695  -7.532  -22.920 0.1111111119
56526  -34.661  -6.753  -24.274 0.1111111119
57383  -34.218  -6.093  -24.050 0.1111111119
57417  -34.719  -5.442  -25.390 0.2222222239
114751  -34.702  -4.756  -26.046 0.2222222239
61003  -35.728  -2.012  -27.601 0.2222222239
62919  -37.407  0.449  -26.661 0.4444444478
63875  -37.948  0.989  -27.361 0.3333333433
63883  -38.107  1.552  -28.191 0.3333333433
64702  -37.062  2.344  -26.978 0.4444444478
64703  -37.627  1.969  -27.533 0.3333333433
67377  -35.880  5.621  -28.349 0.4444444478
69925  -34.557  8.808  -28.053 0.3333333433
73594  -22.315  11.919  -28.824 0.4444444478
75206  -32.037  13.984  -25.802 0.5555555820
73597  -24.212  12.484  -29.215 0.5555555820
74403  -24.888  12.921  -28.154 0.5555555820
74406  -27.853  14.156  -29.368 0.5555555820
75235  -28.452  14.344  -28.641 0.5555555820
75215  -29.536  14.320  -26.432 0.5555555820
52647  -24.456  -10.427  -21.816 0.4444444478
57395  -29.635  -5.078  -25.052 0.6666666865
117623  -32.126  -1.782  -25.146 0.5555555820
124080  -32.951  -1.628  -25.342 0.5555555820
116551  -34.334  -1.146  -25.667 0.4444444478
64719  -37.263  2.875  -27.726 0.4444444478
70782  -34.286  9.391  -27.383 0.3333333433
55685  -28.812  -7.260  -24.092 0.3333333433
55665  -28.347  -7.831  -23.911 0.3333333433
52649  -26.800  -10.611  -21.699 0.4444444478
52628  -27.821  -10.380  -20.730 0.4444444478
53641  -27.717  -9.777  -21.837 0.4444444478
51759  -27.174  -11.074  -20.922 0.4444444478
51756  -24.479  -11.657  -21.053 0.4444444478
51757  -25.350  -12.009  -21.206 0.4444444478
110027  -25.400  -10.769  -22.032 0.4444444478
51777  -25.757  -11.346  -21.643 0.4444444478
52648  -26.162  -10.875  -22.105 0.4444444478
52662  -26.589  -10.254  -22.358 0.4444444478
124578  -28.124  -9.921  -21.128 0.4444444478
53642  -28.474  -9.471  -21.680 0.4444444478
52651  -29.014  -9.831  -21.030 0.2222222239
54641  -28.634  -8.768  -22.228 0.4444444478
53644  -30.198  -8.913  -20.969 0.1111111119
54642  -29.649  -8.326  -21.744 0.2222222239
55637  -31.853  -7.633  -21.522 0.1111111119
55667  -30.056  -7.069  -22.993 0.3333333433
55666  -29.192  -7.645  -23.311 0.3333333433
55650  -30.577  -7.305  -22.246 0.2222222239
121875  -31.416  -7.120  -21.997 0.2222222239
120796  -31.042  -5.991  -23.297 0.2222222239
56509  -32.773  -6.200  -23.022 0.1111111119
56497  -32.511  -6.659  -22.533 0.1111111119
57399  -33.573  -5.501  -24.047 0.1111111119
56498  -33.272  -6.759  -22.928 0.1111111119
57397  -31.184  -5.208  -24.462 0.4444444478
58297  -33.598  -4.146  -25.196 0.3333333433
57398  -32.127  -5.020  -24.197 0.4444444478
118875  -32.956  -5.118  -24.274 0.3333333433
58314  -34.512  -4.143  -26.860 0.1111111119
59162  -33.559  -3.434  -25.681 0.4444444478
59160  -31.523  -3.020  -25.321 0.5555555820
59161  -32.145  -3.287  -25.244 0.5555555820
60974  -33.694  -1.923  -25.698 0.5555555820
113590  -34.608  -3.030  -27.233 0.3333333433
74404  -25.733  12.746  -28.673 0.5555555820
74376  -28.997  14.062  -27.956 0.5555555820
51758  -26.298  -11.677  -21.128 0.4444444478
55651  -32.968  -7.266  -22.328 0.1111111119
74393  -24.935  14.020  -27.986 0.5555555820
57400  -34.300  -5.358  -24.557 0.2222222239
50957  -26.108  -13.067  -20.471 0.4444444478
51737  -27.503  -11.626  -20.059 0.4444444478
51738  -28.327  -11.376  -19.497 0.2222222239
125111  -24.223  -11.923  -20.696 0.4444444478
51736  -22.880  -11.838  -20.171 0.4444444478
53627  -30.750  -9.470  -20.349 0.1111111119
114807  -30.280  -10.023  -20.246 0.1111111119
54645  -32.638  -7.835  -21.761 0.1111111119
44986  -26.607  -18.698  -15.748 0.1111111119
117329  -23.511  -16.209  -17.544 0.3333333433
46019  -25.758  -17.279  -17.210 0.2222222239
46001  -25.746  -17.778  -16.656 0.2222222239
45004  -26.185  -18.169  -16.226 0.1111111119
46002  -26.620  -17.597  -16.835 0.1111111119
49152  -21.962  -13.990  -18.047 0.3333333433
48099  -22.812  -15.530  -17.502 0.3333333433
47043  -24.932  -15.926  -18.384 0.3333333433
47044  -25.597  -16.006  -18.293 0.3333333433
46020  -26.533  -16.971  -17.530 0.2222222239
50944  -20.706  -12.403  -18.451 0.2222222239
50085  -21.308  -13.154  -18.204 0.2222222239
49145  -23.223  -14.989  -18.002 0.3333333433
48100  -23.737  -15.574  -18.053 0.3333333433
47028  -26.400  -16.325  -17.950 0.1111111119
50952  -21.133  -11.998  -18.974 0.2222222239
50945  -21.542  -12.625  -18.767 0.3333333433
50953  -22.089  -12.119  -19.480 0.3333333433
50098  -22.605  -12.951  -19.104 0.3333333433
50954  -23.219  -12.587  -19.704 0.3333333433
50099  -23.540  -13.403  -19.425 0.3333333433
110307  -23.005  -13.730  -18.989 0.3333333433
50100  -24.391  -13.720  -19.641 0.3333333433
49155  -25.278  -14.959  -19.191 0.3333333433
49156  -26.017  -14.591  -18.935 0.3333333433
49169  -26.197  -13.844  -19.174 0.3333333433
125591  -26.697  -14.230  -18.734 0.3333333433
48121  -26.722  -14.932  -18.319 0.1111111119
49157  -27.464  -14.255  -18.458 0.2222222239
51734  -21.608  -11.310  -19.407 0.2222222239
51735  -22.300  -11.340  -19.874 0.3333333433
50975  -23.963  -12.281  -20.333 0.3333333433
50956  -24.858  -13.444  -20.302 0.3333333433
50101  -25.605  -13.529  -19.932 0.3333333433
52598  -21.387  -10.618  -19.160 0.3333333433
52603  -21.554  -10.494  -19.434 0.3333333433
52626  -23.024  -10.722  -21.132 0.3333333433
126583  -24.679  -12.922  -20.577 0.3333333433
50102  -26.595  -13.302  -19.708 0.3333333433
50958  -26.913  -12.481  -20.008 0.3333333433
125863  -36.866  -0.931  -27.332 0.2222222239
62929  -37.990  0.120  -27.429 0.2222222239
61967  -37.802  -0.376  -28.177 0.2222222239
122242  -36.897  3.592  -28.271 0.3333333433
65616  -37.474  3.127  -28.665 0.2222222239
46017  -24.253  -16.734  -17.419 0.3333333433
46018  -25.030  -17.011  -17.464 0.3333333433
46021  -27.414  -17.168  -17.254 0.1111111119
50086  -22.254  -13.409  -18.524 0.3333333433
49154  -24.569  -15.018  -19.047 0.3333333433
48119  -25.139  -15.576  -18.881 0.3333333433
50103  -27.485  -13.054  -19.312 0.3333333433
118354  -25.844  -18.659  -15.783 0.1111111119
47024  -22.047  -15.787  -16.869 0.3333333433
47025  -22.734  -16.270  -17.173 0.3333333433
47004  -23.208  -16.914  -16.938 0.3333333433
45999  -24.063  -17.334  -16.817 0.3333333433
46000  -24.926  -17.546  -16.794 0.3333333433
44039  -27.043  -19.259  -15.254 0.1111111119
45005  -27.096  -18.238  -16.327 0.1111111119
115725  -21.758  -14.382  -17.509 0.3333333433
46003  -27.607  -17.749  -16.766 0.1111111119
46022  -28.129  -17.351  -17.038 0.1111111119
50951  -20.538  -12.024  -18.555 0.2222222239
48103  -27.063  -15.742  -17.920 0.1111111119
48122  -27.835  -14.992  -17.893 0.1111111119
51733  -21.012  -11.511  -18.813 0.2222222239
49158  -28.408  -14.216  -18.265 0.1111111119
50089  -27.965  -13.600  -18.716 0.1111111119
50959  -27.871  -12.216  -19.372 0.1111111119
53593  -21.470  -9.786  -19.579 0.1111111119
62938  -38.157  0.469  -28.384 0.2222222239
66516  -36.423  4.436  -29.617 0.2222222239
65624  -36.869  3.702  -29.216 0.2222222239
104819  -20.539  -8.567  -20.015 0.2222222239
57369  -22.315  -5.383  -22.321 0.5555555820
122563  -20.996  -8.537  -20.212 0.3333333433
52604  -22.146  -10.629  -19.896 0.4444444478
51754  -22.663  -11.055  -20.476 0.4444444478
64721  -38.149  2.034  -28.758 0.2222222239
125949  -24.564  -17.147  -17.106 0.3333333433
49144  -22.491  -14.661  -17.683 0.3333333433
50079  -21.265  -13.779  -17.597 0.2222222239
48098  -21.987  -14.929  -17.001 0.2222222239
48101  -24.352  -16.050  -17.975 0.3333333433
47026  -24.993  -16.371  -17.886 0.3333333433
48118  -24.481  -15.555  -18.548 0.3333333433
47027  -25.713  -16.681  -17.766 0.2222222239
48102  -26.323  -15.715  -18.295 0.2222222239
48117  -23.855  -14.944  -18.523 0.3333333433
49153  -23.005  -14.247  -18.362 0.3333333433
47029  -27.262  -16.515  -17.656 0.1111111119
50087  -23.866  -14.247  -19.099 0.3333333433
49167  -24.692  -14.341  -19.356 0.3333333433
49168  -25.386  -14.094  -19.261 0.3333333433
48120  -25.835  -15.368  -18.758 0.3333333433
50955  -24.147  -13.049  -19.973 0.3333333433
50088  -27.109  -13.710  -19.052 0.3333333433
44985  -25.171  -19.105  -15.753 0.1111111119
45003  -25.214  -18.381  -16.311 0.2222222239
47003  -22.197  -16.677  -16.805 0.3333333433
105678  -23.250  -17.796  -16.605 0.3333333433
106072  -24.183  -18.009  -16.371 0.3333333433
49143  -21.134  -14.484  -17.183 0.2222222239
61968  -37.892  -0.291  -29.377 0.1111111119
61971  -37.747  -1.224  -30.201 0.1111111119
115293  -38.937  -0.604  -31.514 0.1111111119
61972  -38.408  -0.606  -30.646 0.1111111119
63892  -38.597  1.230  -30.183 0.1111111119
63896  -39.332  0.825  -31.344 0.1111111119
106741  -38.011  2.631  -29.038 0.1111111119
64743  -38.840  1.842  -30.823 0.1111111119
68251  -35.476  6.398  -28.570 0.2222222239
65625  -37.391  3.198  -29.601 0.1111111119
65632  -38.523  2.595  -31.132 0.1111111119
68262  -34.850  6.864  -30.013 0.1111111119
120661  -34.835  7.526  -27.972 0.2222222239
124502  -34.422  8.570  -28.715 0.1111111119
112671  -35.334  6.150  -29.947 0.1111111119
69103  -34.216  7.735  -29.528 0.1111111119
73606  -24.473  12.072  -29.960 0.4444444478
70792  -34.384  9.763  -28.250 0.1111111119
73567  -22.407  13.266  -27.377 0.4444444478
74402  -23.981  13.076  -28.585 0.4444444478
70805  -34.276  10.079  -29.146 0.1111111119
74396  -28.119  14.399  -29.337 0.4444444478
75219  -33.325  14.252  -26.678 0.3333333433
74380  -33.534  13.478  -27.001 0.2222222239
73601  -34.205  12.666  -27.984 0.1111111119
71731  -34.168  10.860  -29.306 0.1111111119
72660  -33.700  11.061  -30.062 0.1111111119
75234  -27.798  14.525  -28.735 0.4444444478
75233  -26.670  14.325  -28.270 0.4444444478
118946  -27.623  14.532  -26.887 0.4444444478
75214  -28.836  14.437  -26.904 0.4444444478
76065  -29.629  15.599  -26.959 0.4444444478
119046  -29.431  14.999  -26.698 0.4444444478
76067  -31.399  15.680  -26.662 0.4444444478
76075  -32.147  15.912  -27.188 0.4444444478
76068  -32.333  15.302  -26.699 0.2222222239
76077  -33.344  15.721  -27.494 0.2222222239
75236  -33.602  14.843  -27.343 0.2222222239
114693  -34.203  14.797  -28.995 0.2222222239
107693  -34.198  13.999  -29.057 0.2222222239
79090  -31.577  19.551  -32.614 0.1111111119
77655  -33.077  17.790  -32.236 0.1111111119
74424  -33.628  13.527  -31.119 0.1111111119
74375  -23.187  13.579  -27.010 0.4444444478
75230  -23.673  14.302  -26.863 0.4444444478
75231  -24.467  14.217  -27.251 0.4444444478
75212  -26.822  14.407  -26.990 0.4444444478
119063  -28.297  16.033  -26.826 0.4444444478
76845  -29.777  16.441  -27.489 0.4444444478
76066  -30.420  15.718  -26.791 0.4444444478
76852  -31.584  16.365  -27.102 0.4444444478
77623  -30.319  18.069  -27.693 0.3333333433
77632  -32.552  17.358  -27.926 0.3333333433
121149  -32.642  17.766  -28.524 0.1111111119
77633  -33.021  16.982  -28.730 0.1111111119
77645  -33.481  17.190  -29.703 0.1111111119
76090  -34.082  15.680  -29.018 0.2222222239
76867  -33.958  16.565  -30.052 0.1111111119
77652  -33.473  16.948  -31.183 0.1111111119
106945  -22.987  14.413  -26.515 0.2222222239
75211  -25.737  14.540  -26.955 0.3333333433
76062  -26.098  15.395  -26.510 0.3333333433
120511  -28.867  16.791  -28.089 0.3333333433
76851  -30.421  17.187  -27.593 0.4444444478
78367  -30.997  18.794  -27.512 0.2222222239
78368  -31.497  18.305  -27.906 0.2222222239
78373  -32.397  18.391  -28.786 0.2222222239
78385  -32.474  18.484  -29.766 0.1111111119
79060  -30.614  19.744  -28.261 0.1111111119
79053  -31.145  19.104  -27.655 0.1111111119
79071  -31.886  19.141  -29.145 0.1111111119
78392  -32.728  18.486  -30.784 0.1111111119
110110  -31.304  19.785  -29.132 0.1111111119
79080  -32.137  20.001  -30.772 0.1111111119
79081  -32.099  19.097  -30.272 0.1111111119
122339  -23.875  14.961  -26.690 0.3333333433
76061  -25.066  15.269  -26.378 0.3333333433
76055  -24.576  16.276  -25.998 0.3333333433
76841  -25.560  16.201  -26.250 0.3333333433
76843  -27.602  16.228  -26.669 0.3333333433
114192  -28.211  16.706  -27.610 0.3333333433
77622  -29.202  18.000  -28.256 0.2222222239
78366  -29.969  18.797  -27.947 0.2222222239
113504  -30.209  20.025  -27.989 0.1111111119
80411  -31.006  21.098  -29.867 0.1111111119
79769  -31.499  20.441  -31.241 0.1111111119
80427  -30.071  21.242  -32.424 0.1111111119
76823  -23.846  16.793  -23.931 0.1111111119
76828  -24.283  17.131  -24.069 0.1111111119
76837  -25.229  16.773  -25.522 0.2222222239
77609  -25.815  17.406  -25.192 0.2222222239
77616  -26.468  17.277  -26.235 0.3333333433
78359  -27.008  17.850  -26.445 0.2222222239
77619  -28.695  17.351  -28.233 0.3333333433
78360  -27.325  18.561  -26.589 0.2222222239
79050  -29.041  19.729  -27.564 0.1111111119
79729  -28.376  20.185  -27.272 0.1111111119
80381  -29.610  21.196  -28.350 0.1111111119
79744  -30.868  20.291  -28.759 0.1111111119
80400  -30.488  21.545  -29.337 0.1111111119
80410  -30.322  21.487  -30.358 0.1111111119
79760  -31.020  21.092  -30.842 0.1111111119
79089  -30.755  19.912  -33.224 0.1111111119
79095  -30.894  19.072  -33.333 0.1111111119
77596  -25.662  17.685  -23.325 0.1111111119
77600  -25.328  17.640  -23.868 0.1111111119
77601  -26.002  18.373  -24.319 0.1111111119
79036  -26.906  19.907  -24.856 0.1111111119
78350  -26.878  19.254  -26.003 0.1111111119
79037  -27.263  19.971  -25.883 0.1111111119
79044  -27.536  19.356  -26.598 0.1111111119
79728  -27.890  20.793  -26.884 0.1111111119
80380  -28.152  20.783  -27.657 0.1111111119
80391  -27.797  21.328  -28.176 0.1111111119
108688  -29.581  21.764  -28.915 0.1111111119
112515  -26.048  18.615  -22.818 0.1111111119
125245  -25.825  20.283  -22.974 0.1111111119
79034  -26.109  20.286  -23.513 0.1111111119
79711  -26.708  20.827  -23.991 0.1111111119
118371  -27.181  20.469  -25.079 0.1111111119
79714  -27.241  21.175  -24.947 0.1111111119
80370  -27.399  21.443  -26.402 0.1111111119
79025  -25.994  20.196  -22.786 0.1111111119
126666  -26.888  19.828  -23.165 0.1111111119
79706  -26.762  20.745  -23.729 0.1111111119
61975  -38.074  -1.485  -31.127 0.1111111119
62939  -38.326  0.448  -29.716 0.1111111119
62946  -38.894  0.217  -30.915 0.1111111119
62949  -39.464  -0.037  -31.624 0.1111111119
65630  -36.669  3.819  -30.322 0.1111111119
65631  -37.477  3.217  -30.621 0.1111111119
66522  -35.975  4.666  -30.593 0.1111111119
69938  -34.048  8.306  -29.332 0.1111111119
73583  -23.188  13.020  -28.111 0.4444444478
75217  -31.718  14.828  -26.188 0.4444444478
76069  -33.138  15.097  -26.858 0.3333333433
114352  -33.923  14.248  -28.196 0.2222222239
74398  -33.817  13.427  -27.797 0.1111111119
124421  -34.364  12.850  -29.258 0.1111111119
70804  -33.900  10.340  -29.907 0.1111111119
75213  -28.329  14.430  -27.033 0.4444444478
108095  -34.234  15.217  -29.760 0.2222222239
77647  -33.228  17.886  -30.247 0.1111111119
77651  -33.416  17.806  -31.259 0.1111111119
76874  -33.420  16.281  -31.542 0.1111111119
79086  -31.971  19.815  -31.681 0.1111111119
126799  -26.672  18.583  -26.073 0.2222222239
79045  -28.330  19.459  -27.093 0.1111111119
78344  -25.773  19.715  -23.320 0.1111111119
104400  -27.345  20.768  -25.849 0.1111111119
80379  -27.576  21.502  -27.526 0.1111111119
79712  -27.250  21.247  -24.169 0.1111111119
79707  -27.446  21.081  -23.793 0.1111111119
112535  -40.438  -0.497  -30.277 0.1111111119
61977  -39.410  -0.838  -31.351 0.1111111119
67378  -36.225  5.059  -29.013 0.2222222239
68250  -34.981  7.227  -28.862 0.2222222239
70817  -33.967  8.983  -29.943 0.1111111119
73582  -21.971  12.793  -28.228 0.4444444478
74392  -24.096  13.619  -27.702 0.4444444478
76064  -28.840  15.326  -27.016 0.4444444478
76063  -27.094  15.347  -26.540 0.4444444478
113960  -31.371  17.071  -27.355 0.4444444478
77625  -31.949  17.638  -27.606 0.2222222239
76819  -25.971  16.815  -22.553 0.1111111119
78337  -26.277  19.227  -22.613 0.1111111119
61024  -39.282  -1.626  -30.973 0.1111111119
61011  -36.369  -1.574  -29.130 0.1111111119
61016  -36.788  -1.790  -30.057 0.1111111119
61029  -38.773  -1.375  -31.389 0.1111111119
115780  -40.813  0.207  -29.675 0.1111111119
61018  -40.160  -1.148  -29.811 0.1111111119
63897  -40.924  0.987  -30.997 0.1111111119
63899  -39.790  1.069  -32.220 0.1111111119
64747  -39.853  1.571  -33.025 0.1111111119
66523  -36.244  4.127  -31.231 0.1111111119
65638  -36.869  3.703  -31.359 0.1111111119
65639  -37.754  3.218  -31.802 0.1111111119
67405  -34.765  4.817  -31.624 0.1111111119
68276  -34.328  6.113  -31.985 0.1111111119
73595  -22.843  12.346  -28.772 0.4444444478
69117  -34.077  7.100  -31.521 0.1111111119
69954  -34.169  8.138  -31.256 0.1111111119
113758  -34.025  11.844  -30.398 0.1111111119
125088  -33.480  9.283  -31.539 0.1111111119
74391  -21.541  13.185  -27.244 0.4444444478
73619  -32.957  12.236  -31.811 0.1111111119
75252  -33.556  14.168  -31.741 0.1111111119
75208  -22.625  14.992  -26.107 0.2222222239
75209  -23.244  15.483  -26.514 0.3333333433
75204  -22.836  15.879  -26.143 0.2222222239
76059  -23.244  16.045  -26.492 0.2222222239
114301  -32.741  16.133  -33.044 0.1111111119
76044  -23.285  16.278  -24.834 0.1111111119
76836  -24.183  16.951  -25.112 0.2222222239
78402  -31.190  18.367  -33.620 0.1111111119
78401  -30.143  18.597  -34.054 0.1111111119
76037  -23.799  16.183  -23.789 0.1111111119
76816  -24.041  16.621  -23.095 0.1111111119
76818  -25.215  16.807  -22.619 0.1111111119
79778  -29.902  20.156  -33.620 0.1111111119
76820  -26.748  16.509  -22.394 0.1111111119
80390  -27.034  21.708  -28.384 0.1111111119
81049  -27.039  21.831  -29.743 0.1111111119
81070  -28.905  22.286  -31.700 0.1111111119
81076  -28.263  22.490  -32.508 0.1111111119
112570  -26.509  18.006  -22.389 0.1111111119
79026  -26.939  19.388  -22.730 0.1111111119
80367  -27.245  21.577  -25.631 0.1111111119
105383  -26.683  22.952  -27.630 0.1111111119
67391  -35.690  5.761  -29.341 0.1111111119
72650  -34.357  11.456  -28.645 0.1111111119
75216  -30.851  15.050  -26.083 0.4444444478
63884  -38.246  1.318  -29.061 0.1111111119
69094  -34.462  7.994  -28.556 0.2222222239
75232  -25.359  14.176  -27.721 0.4444444478
64735  -38.425  2.034  -29.531 0.1111111119
116334  -40.097  0.725  -32.174 0.1111111119
107995  -39.385  2.008  -31.886 0.1111111119
67399  -35.549  5.455  -30.227 0.1111111119
68269  -35.153  6.034  -30.665 0.1111111119
70816  -33.823  9.747  -30.424 0.1111111119
73607  -34.395  12.445  -29.772 0.1111111119
71744  -33.532  10.491  -30.658 0.1111111119
111039  -32.296  16.810  -27.379 0.2222222239
76853  -32.993  16.573  -27.783 0.2222222239
115575  -33.817  16.459  -29.252 0.1111111119
75244  -34.115  14.295  -29.746 0.2222222239
74417  -33.904  13.728  -30.358 0.1111111119
79091  -32.301  19.118  -32.170 0.1111111119
79773  -31.184  20.203  -32.235 0.1111111119
76873  -33.290  17.018  -31.875 0.1111111119
78394  -32.789  18.481  -31.742 0.1111111119
78397  -32.518  18.386  -32.609 0.1111111119
77660  -32.521  17.661  -33.069 0.1111111119
74436  -33.400  13.146  -32.107 0.1111111119
124943  -33.501  12.735  -31.362 0.1111111119
75248  -33.819  14.649  -30.716 0.2222222239
76850  -29.337  17.295  -28.145 0.3333333433
76095  -33.589  15.590  -31.144 0.2222222239
76842  -26.587  16.400  -26.419 0.3333333433
78372  -31.674  18.690  -28.350 0.2222222239
79761  -31.455  20.510  -30.382 0.1111111119
76060  -23.913  15.844  -26.725 0.3333333433
76054  -23.684  16.409  -25.806 0.1111111119
76838  -25.887  16.882  -26.145 0.3333333433
77617  -27.342  16.985  -26.768 0.3333333433
77621  -28.656  18.017  -28.089 0.2222222239
79051  -29.754  19.474  -27.827 0.1111111119
116817  -29.666  20.092  -27.776 0.1111111119
80382  -30.497  21.063  -28.305 0.1111111119
79768  -30.724  20.802  -31.804 0.1111111119
80420  -30.214  21.393  -31.374 0.1111111119
79772  -30.454  20.605  -32.861 0.1111111119
80419  -29.543  21.770  -31.936 0.1111111119
126818  -23.852  16.139  -23.170 0.1111111119
76827  -23.554  16.776  -24.873 0.1111111119
76824  -24.292  17.025  -23.286 0.1111111119
116239  -26.309  18.094  -25.689 0.1111111119
77618  -28.011  17.680  -27.136 0.3333333433
78361  -28.161  18.635  -27.132 0.2222222239
78365  -29.085  18.855  -27.554 0.1111111119
126265  -28.620  21.076  -28.133 0.1111111119
80409  -29.437  22.009  -30.888 0.1111111119
80399  -29.481  21.889  -29.822 0.1111111119
77599  -24.833  17.258  -23.450 0.1111111119
115405  -25.830  18.703  -23.275 0.1111111119
77590  -24.957  17.202  -22.996 0.1111111119
78349  -26.422  19.112  -24.849 0.1111111119
123880  -27.565  20.756  -26.406 0.1111111119
79718  -27.770  20.170  -26.569 0.1111111119
107055  -28.549  21.630  -28.609 0.1111111119
81041  -27.038  21.614  -28.928 0.1111111119
81050  -28.403  22.066  -29.223 0.1111111119
77591  -25.843  17.480  -22.892 0.1111111119
79030  -26.129  20.465  -23.301 0.1111111119
81022  -27.374  22.378  -26.972 0.1111111119
61023  -38.121  -1.853  -31.309 0.1111111119
61978  -40.137  -0.323  -31.273 0.1111111119
73611  -33.982  12.783  -30.591 0.1111111119
76098  -33.431  15.555  -31.949 0.1111111119
76097  -33.040  15.459  -32.674 0.1111111119
81032  -26.708  22.129  -28.157 0.1111111119
80366  -27.552  21.828  -24.995 0.1111111119
62947  -40.713  0.248  -30.734 0.1111111119
108923  -35.260  5.155  -31.019 0.1111111119
68277  -34.774  5.648  -31.414 0.1111111119
122687  -33.438  12.043  -31.122 0.1111111119
75255  -32.883  14.623  -33.042 0.1111111119
113875  -32.333  16.817  -33.430 0.1111111119
76036  -23.184  15.412  -24.427 0.1111111119
77659  -31.650  17.552  -33.804 0.1111111119
76817  -24.526  16.832  -22.768 0.1111111119
81048  -25.850  21.852  -29.327 0.1111111119
81059  -28.441  22.259  -30.143 0.1111111119
81014  -26.699  22.349  -25.893 0.1111111119
113224  -26.843  23.146  -26.324 0.1111111119
45998  -22.368  -17.549  -16.702 0.2222222239
58258  -21.712  -4.202  -22.915 0.2222222239
59134  -21.601  -3.566  -23.390 0.2222222239
55634  -21.370  -7.131  -20.752 0.3333333433
58259  -21.979  -4.250  -23.354 0.4444444478
120455  -21.582  12.213  -28.303 0.3333333433
72632  -21.159  11.748  -27.773 0.2222222239
73560  -20.643  13.580  -25.776 0.1111111119
74368  -21.005  14.167  -25.648 0.1111111119
74374  -22.098  13.900  -26.442 0.2222222239
68244  -21.490  6.563  -27.679 0.2222222239
67362  -21.446  5.397  -27.428 0.1111111119
68232  -21.212  6.177  -27.127 0.1111111119
69910  -20.247  8.044  -26.319 0.1111111119
114805  -20.051  8.778  -26.036 0.1111111119
72621  -20.319  11.488  -26.049 0.1111111119
113082  -20.042  13.514  -24.553 0.1111111119
75201  -19.976  14.818  -24.991 0.1111111119
75202  -20.474  14.634  -25.164 0.1111111119
72644  -21.761  11.452  -28.564 0.2222222239
71705  -20.445  10.072  -26.973 0.1111111119
55618  -20.766  -7.357  -20.170 0.2222222239
126733  -21.997  -5.670  -21.646 0.2222222239
62893  -21.672  0.407  -24.923 0.2222222239
72631  -20.737  11.065  -26.905 0.1111111119
61923  -21.559  -0.373  -24.621 0.1111111119
73581  -21.269  12.573  -27.633 0.3333333433
73566  -20.900  12.985  -26.765 0.3333333433
58248  -21.999  -4.676  -22.652 0.2222222239
72622  -20.818  12.112  -26.893 0.1111111119
73559  -20.010  13.675  -25.219 0.1111111119
106848  -19.953  9.540  -26.147 0.1111111119
73565  -20.527  12.642  -25.943 0.1111111119
71684  -19.921  9.891  -25.165 0.1111111119
105853  -20.206  10.811  -25.178 0.1111111119
72613  -20.219  12.054  -25.070 0.1111111119
71697  -20.135  10.420  -26.094 0.1111111119
45001  -22.467  -18.363  -16.485 0.1111111119
44984  -24.299  -18.788  -15.887 0.1111111119
45988  -20.761  -17.602  -16.243 0.1111111119
45997  -21.488  -17.178  -16.539 0.1111111119
48084  -21.022  -15.351  -16.850 0.1111111119
55601  -19.827  -7.799  -20.038 0.1111111119
64666  -21.862  2.633  -25.851 0.2222222239
65586  -22.036  3.502  -26.564 0.2222222239
65568  -21.768  3.223  -25.892 0.2222222239
45000  -21.616  -18.050  -16.486 0.1111111119
60016  -21.351  -2.621  -23.818 0.1111111119
60017  -21.735  -2.707  -24.396 0.1111111119
44982  -20.883  -18.585  -16.061 0.1111111119
44035  -22.509  -19.183  -15.900 0.1111111119
44036  -23.538  -19.347  -15.626 0.1111111119
45987  -19.989  -17.044  -15.996 0.1111111119
45996  -20.684  -16.753  -16.326 0.1111111119
47001  -20.596  -15.942  -16.371 0.1111111119
48083  -20.442  -15.211  -16.436 0.1111111119
49136  -20.518  -14.570  -16.769 0.1111111119
49142  -20.627  -13.777  -17.090 0.1111111119
50078  -20.702  -12.966  -17.667 0.1111111119
50943  -20.332  -12.201  -18.189 0.1111111119
54617  -19.785  -8.219  -20.076 0.1111111119
57292  -20.292  -7.472  -19.996 0.1111111119
57368  -22.118  -5.094  -21.919 0.1111111119
59120  -21.359  -3.241  -22.003 0.1111111119
64653  -21.996  2.371  -25.767 0.2222222239
66475  -21.367  3.899  -26.063 0.2222222239
120088  -21.106  4.386  -26.472 0.1111111119
65585  -21.537  3.960  -26.484 0.2222222239
66486  -21.107  4.665  -27.048 0.1111111119
56477  -21.232  -6.805  -20.631 0.1111111119
111704  -21.815  2.165  -25.448 0.2222222239
54627  -20.446  -7.996  -20.136 0.1111111119
51721  -20.215  -12.066  -17.935 0.1111111119
52585  -20.912  -11.335  -18.550 0.1111111119
54618  -20.534  -8.590  -19.905 0.1111111119
47002  -21.313  -16.300  -16.619 0.1111111119
45002  -23.329  -18.562  -16.178 0.1111111119
58247  -21.897  -4.549  -22.501 0.1111111119
56457  -20.775  -7.225  -20.105 0.1111111119
55617  -19.987  -7.517  -20.056 0.1111111119
58231  -21.655  -4.359  -21.006 0.1111111119
44983  -21.789  -18.726  -16.211 0.1111111119
56409  -21.680  -7.158  -18.808 0.1111111119
54599  -19.955  -8.276  -20.033 0.1111111119
54573  -21.559  -7.817  -18.834 0.1111111119
57342  -21.246  -6.622  -20.577 0.1111111119
66456  -21.208  4.127  -25.878 0.1111111119
66455  -20.849  4.636  -26.087 0.1111111119
69079  -20.739  6.814  -27.172 0.1111111119
63820  -21.903  1.673  -25.471 0.1111111119
68231  -20.521  6.371  -26.485 0.1111111119
116553  -20.339  7.367  -26.705 0.1111111119
69911  -20.766  8.180  -27.264 0.1111111119
55559  -22.189  -7.683  -18.430 0.1111111119
55668  -34.100  -6.939  -23.545 0.1111111119
58275  -33.721  -4.788  -24.542 0.2222222239
58293  -29.165  -4.643  -25.508 0.8888888955
58311  -26.947  -4.391  -26.555 1.0000000000
60047  -24.259  -2.954  -26.744 0.8888888955
60969  -22.225  -1.181  -25.644 0.4444444478
60970  -30.582  -1.667  -25.742 0.8888888955
60972  -32.585  -1.017  -25.263 0.6666666865
60986  -24.080  -1.574  -27.257 0.7777777910
60998  -26.051  -1.044  -27.924 0.8888888955
61008  -27.129  -1.029  -28.537 1.0000000000
61012  -37.264  -0.964  -29.223 0.1111111119
61022  -37.454  -1.884  -30.836 0.1111111119
61025  -39.770  -1.005  -30.607 0.1111111119
61905  -21.464  -0.564  -24.229 0.1111111119
61942  -29.948  -0.298  -26.821 1.0000000000
61943  -31.320  -0.598  -25.797 0.7777777910
61946  -35.722  -0.574  -26.294 0.4444444478
61954  -28.798  -0.138  -28.266 1.0000000000
61957  -37.491  -0.393  -27.278 0.4444444478
61962  -26.751  -0.353  -28.719 0.8888888955
61966  -37.069  -0.930  -28.156 0.2222222239
61973  -40.516  -0.574  -29.247 0.1111111119
61976  -38.592  -1.208  -31.368 0.1111111119
61982  -39.149  -0.702  -31.503 0.1111111119
62900  -32.991  0.737  -25.733 0.7777777910
62902  -34.393  0.409  -25.800 0.5555555820
62915  -31.628  0.965  -26.141 0.7777777910
62933  -26.279  0.091  -28.727 0.7777777910
62937  -29.310  0.549  -28.590 1.0000000000
62943  -27.100  0.416  -29.219 0.8888888955
62945  -28.232  0.227  -28.781 1.0000000000
62950  -39.896  0.561  -32.069 0.1111111119
62951  -40.381  0.448  -31.668 0.1111111119
62955  -39.745  0.080  -31.687 0.1111111119
63841  -32.884  1.427  -26.015 0.7777777910
63852  -22.708  1.301  -26.635 0.4444444478
63889  -26.814  1.169  -29.418 1.0000000000
63891  -28.160  0.755  -29.045 1.0000000000
64686  -31.751  2.817  -26.848 0.7777777910
64688  -33.238  2.383  -26.103 0.6666666865
64690  -35.578  2.309  -26.052 0.5555555820
64716  -28.299  2.275  -28.925 1.0000000000
64718  -29.916  1.920  -28.181 0.8888888955
64720  -37.842  2.420  -28.297 0.2222222239
64730  -25.528  2.619  -29.421 0.8888888955
64734  -38.211  2.625  -29.961 0.1111111119
65575  -33.002  3.620  -25.691 0.7777777910
65576  -33.808  3.328  -25.756 0.7777777910
65603  -23.109  3.273  -27.788 0.6666666865
65621  -24.974  3.405  -29.377 0.7777777910
66466  -34.572  3.746  -25.735 0.6666666865
66490  -31.190  4.091  -27.410 0.7777777910
66492  -36.314  4.077  -26.785 0.5555555820
66501  -28.657  5.049  -28.789 1.0000000000
66502  -29.355  4.598  -28.552 0.8888888955
66504  -36.549  4.306  -28.701 0.4444444478
66512  -24.335  4.136  -29.130 0.6666666865
67341  -32.992  5.422  -25.371 0.7777777910
67355  -35.315  4.555  -26.002 0.5555555820
67361  -20.915  5.621  -26.775 0.1111111119
67365  -30.790  4.906  -26.959 0.7777777910
67366  -35.968  5.388  -27.400 0.5555555820
67375  -28.609  5.874  -28.457 0.8888888955
67388  -26.201  5.523  -29.663 0.7777777910
67392  -36.039  5.104  -29.778 0.1111111119
68233  -29.541  6.763  -27.685 0.8888888955
68248  -28.644  6.736  -28.433 0.8888888955
68259  -25.141  6.384  -29.889 0.7777777910
68261  -27.427  6.196  -29.236 0.8888888955
68263  -35.277  6.504  -29.365 0.1111111119
68268  -34.627  6.583  -31.051 0.1111111119
69058  -33.103  7.113  -25.531 0.6666666865
69059  -33.836  7.645  -25.582 0.6666666865
69070  -31.109  7.258  -25.671 0.5555555820
69072  -34.476  7.821  -26.466 0.4444444478
69109  -34.386  7.483  -30.623 0.1111111119
69890  -33.853  8.088  -25.715 0.4444444478
69914  -29.456  8.286  -27.668 0.6666666865
69915  -34.352  8.555  -27.004 0.4444444478
69921  -21.397  8.257  -28.140 0.3333333433
69924  -28.601  8.044  -28.488 0.7777777910
69934  -24.405  7.467  -29.830 0.6666666865
69935  -25.762  8.154  -30.056 0.7777777910
69946  -33.909  8.231  -30.119 0.1111111119
70753  -19.550  9.118  -25.243 0.1111111119
70761  -31.935  9.691  -25.294 0.5555555820
70766  -29.283  8.966  -26.574 0.6666666865
70769  -32.748  9.249  -25.577 0.5555555820
70778  -20.500  9.034  -26.899 0.1111111119
70781  -28.823  9.611  -26.918 0.6666666865
70802  -25.382  9.236  -30.147 0.6666666865
70803  -26.288  8.891  -29.833 0.6666666865
70813  -23.228  10.208  -30.448 0.5555555820
70815  -24.585  10.231  -30.494 0.6666666865
71692  -32.350  10.708  -25.413 0.6666666865
71698  -28.364  11.252  -27.311 0.6666666865
71702  -33.620  10.451  -26.487 0.5555555820
71703  -33.851  9.784  -26.776 0.4444444478
71718  -27.232  10.358  -28.376 0.6666666865
71728  -22.869  10.685  -30.185 0.6666666865
71740  -23.214  10.865  -30.482 0.6666666865
71742  -23.936  10.896  -30.660 0.6666666865
71743  -24.466  11.205  -30.524 0.6666666865
72616  -31.463  11.301  -25.468 0.6666666865
72618  -33.018  11.314  -25.824 0.6666666865
72623  -28.827  11.841  -27.224 0.6666666865
72625  -29.452  11.932  -25.930 0.6666666865
72626  -32.868  12.003  -25.954 0.5555555820
72634  -28.350  12.173  -27.630 0.6666666865
72647  -25.263  12.054  -29.415 0.5555555820
72648  -25.868  11.588  -29.077 0.5555555820
72656  -23.299  11.060  -30.457 0.6666666865
72658  -24.110  11.721  -30.529 0.6666666865
72661  -34.315  11.648  -29.544 0.1111111119
72673  -33.439  11.248  -30.885 0.1111111119
73561  -30.695  12.997  -25.851 0.6666666865
73563  -32.298  12.520  -25.722 0.5555555820
73571  -33.482  12.728  -26.696 0.3333333433
73584  -28.069  13.166  -28.589 0.5555555820
73585  -28.996  13.451  -27.956 0.5555555820
73587  -34.435  11.992  -28.038 0.1111111119
73596  -23.609  12.473  -29.101 0.4444444478
73598  -24.885  12.360  -29.072 0.5555555820
73602  -34.405  12.332  -28.852 0.1111111119
73605  -23.936  12.081  -30.108 0.5555555820
74360  -19.861  14.259  -24.801 0.1111111119
74367  -19.951  14.546  -25.187 0.1111111119
74369  -21.728  14.504  -25.603 0.1111111119
74371  -31.980  13.240  -25.627 0.6666666865
74379  -33.170  13.414  -26.366 0.4444444478
74395  -27.570  14.224  -29.259 0.4444444478
74407  -34.223  13.282  -28.685 0.1111111119
74412  -34.264  13.341  -29.658 0.1111111119
75205  -31.104  14.342  -25.674 0.4444444478
75210  -24.743  14.703  -26.766 0.3333333433
75218  -32.592  14.575  -26.378 0.3333333433
76076  -32.784  16.157  -27.355 0.2222222239
76084  -33.797  15.258  -28.210 0.2222222239
76093  -33.977  15.751  -30.367 0.2222222239
76829  -24.986  17.191  -24.649 0.1111111119
76844  -28.981  16.167  -27.142 0.4444444478
76846  -30.823  16.452  -27.042 0.4444444478
76854  -33.617  16.180  -28.333 0.1111111119
76870  -33.607  16.382  -30.786 0.1111111119
76877  -33.199  16.242  -32.314 0.1111111119
77624  -31.075  17.788  -27.723 0.2222222239
77644  -32.962  17.859  -29.251 0.1111111119
77648  -33.562  17.177  -30.526 0.1111111119
78338  -26.942  18.810  -22.368 0.1111111119
78342  -25.847  19.850  -22.898 0.1111111119
78369  -32.141  18.028  -28.160 0.2222222239
78396  -31.810  18.816  -32.939 0.1111111119
78403  -32.023  18.195  -33.270 0.1111111119
79031  -26.828  20.474  -23.421 0.1111111119
79052  -30.453  19.344  -27.880 0.2222222239
79061  -31.202  19.419  -28.385 0.1111111119
79070  -31.709  19.831  -29.877 0.1111111119
79087  -32.344  19.158  -31.259 0.1111111119
79730  -30.013  20.617  -28.076 0.1111111119
79731  -30.534  20.645  -28.281 0.1111111119
79732  -30.810  21.093  -28.450 0.1111111119
79753  -31.246  20.445  -29.496 0.1111111119
80392  -30.483  21.353  -28.663 0.1111111119
80401  -31.047  21.193  -28.944 0.1111111119
81040  -25.903  21.774  -28.843 0.1111111119
81077  -28.978  22.046  -32.330 0.1111111119
105713  -26.576  10.960  -28.692 0.6666666865
105782  -31.256  1.438  -26.586 0.8888888955
105998  -25.264  6.815  -30.002 0.7777777910
106552  -29.060  20.508  -27.840 0.1111111119
108041  -26.932  7.873  -29.230 0.7777777910
108082  -35.802  4.915  -26.617 0.5555555820
109678  -27.717  9.804  -27.889 0.6666666865
110108  -34.368  9.176  -29.016 0.1111111119
110164  -23.603  6.055  -29.397 0.6666666865
110710  -24.549  -2.045  -27.326 1.0000000000
111399  -31.551  8.174  -25.524 0.6666666865
112002  -28.533  22.387  -30.938 0.1111111119
112980  -26.631  4.034  -29.998 1.0000000000
113196  -26.044  9.774  -29.653 0.6666666865
113637  -32.840  -3.651  -25.214 0.4444444478
114350  -35.771  2.902  -25.981 0.6666666865
114786  -36.737  2.897  -27.037 0.5555555820
115882  -32.879  16.943  -32.668 0.1111111119
116058  -33.632  14.081  -27.358 0.2222222239
116357  -33.637  14.955  -31.598 0.1111111119
116414  -35.039  -1.138  -25.994 0.4444444478
116571  -24.944  -13.849  -19.772 0.3333333433
116694  -26.897  2.850  -29.623 1.0000000000
116711  -21.624  7.704  -28.393 0.3333333433
118167  -32.791  13.914  -26.197 0.4444444478
118204  -33.350  14.791  -32.265 0.1111111119
118804  -27.983  15.329  -26.637 0.4444444478
119152  -35.192  6.611  -26.857 0.5555555820
120171  -34.087  9.665  -29.726 0.1111111119
120270  -30.054  15.065  -26.458 0.4444444478
120334  -24.722  0.459  -28.233 0.6666666865
120632  -20.091  10.422  -24.726 0.1111111119
121074  -34.150  15.970  -29.688 0.1111111119
121153  -29.698  0.641  -28.190 1.0000000000
122214  -28.897  0.118  -28.834 1.0000000000
122426  -32.832  15.664  -27.076 0.2222222239
122481  -28.653  21.997  -32.908 0.1111111119
123232  -21.222  13.512  -26.387 0.1111111119
123457  -25.130  11.157  -30.181 0.6666666865
123486  -24.015  -4.081  -25.963 1.0000000000
123689  -27.569  -3.185  -27.144 1.0000000000
123848  -21.236  -7.769  -20.450 0.2222222239
124241  -29.329  11.399  -26.609 0.6666666865
124885  -25.622  6.073  -29.723 0.8888888955
125534  -23.515  15.812  -26.658 0.3333333433
125651  -34.963  4.169  -25.798 0.6666666865
125679  -22.282  4.277  -27.636 0.5555555820
125712  -36.648  1.902  -26.577 0.5555555820
125766  -30.876  11.738  -25.415 0.6666666865
126146  -27.212  0.045  -28.895 0.8888888955
