#!ascii label  , from subject sub1 vox2ras=TkReg
363
17032  -24.874  -50.550  -11.994 0.6999999881
17758  -24.883  -49.505  -11.982 0.6000000238
17759  -25.512  -50.165  -12.452 0.6000000238
17041  -26.730  -50.534  -13.555 0.4000000060
18568  -18.353  -48.114  -16.399 0.6999999881
19453  -18.522  -47.520  -16.290 0.6999999881
113438  -18.759  -48.267  -16.207 0.6999999881
18569  -19.038  -47.843  -16.343 0.6000000238
18542  -19.523  -48.643  -14.982 0.6999999881
18558  -19.414  -48.031  -15.933 0.6000000238
18543  -20.034  -47.923  -15.252 0.6000000238
18516  -20.868  -49.054  -12.900 0.6000000238
107109  -20.086  -48.461  -14.460 0.6000000238
19403  -21.346  -47.443  -13.789 0.5000000000
18517  -21.568  -48.667  -12.553 0.5000000000
19384  -21.787  -47.774  -12.782 0.5000000000
18518  -22.471  -48.393  -12.063 0.6000000238
17745  -23.726  -49.552  -11.594 0.6000000238
18503  -23.425  -48.690  -11.726 0.6000000238
18504  -24.267  -49.000  -11.647 0.6000000238
19436  -17.834  -47.129  -15.999 0.6000000238
20367  -18.771  -46.755  -16.132 0.6000000238
19454  -19.152  -47.335  -16.291 0.6000000238
19437  -19.576  -47.419  -16.089 0.6000000238
19438  -20.733  -46.850  -15.637 0.6000000238
18559  -20.086  -47.381  -15.797 0.6000000238
19402  -20.617  -47.875  -14.383 0.6000000238
119178  -21.638  -46.831  -14.244 0.6000000238
20330  -22.078  -46.875  -13.235 0.6000000238
19385  -22.666  -47.432  -12.346 0.6999999881
19369  -24.009  -48.108  -11.796 0.6000000238
111087  -25.434  -49.136  -12.523 0.5000000000
17760  -25.996  -49.840  -13.042 0.5000000000
20366  -17.170  -46.871  -15.372 0.6000000238
110979  -17.972  -46.505  -15.465 0.6000000238
21163  -18.668  -46.039  -15.274 0.6000000238
20368  -19.648  -46.914  -16.121 0.6000000238
20369  -20.290  -46.901  -15.867 0.6000000238
106378  -20.329  -46.397  -15.790 0.6000000238
20370  -21.122  -46.267  -15.831 0.6000000238
20351  -21.535  -46.428  -15.198 0.6000000238
19417  -21.020  -47.095  -14.816 0.6000000238
18520  -24.893  -48.416  -12.043 0.6000000238
17768  -26.361  -49.464  -13.762 0.4000000060
20329  -17.614  -46.142  -13.916 0.6000000238
20350  -17.397  -46.481  -14.670 0.6000000238
105215  -19.499  -46.259  -15.727 0.6000000238
21165  -20.744  -45.596  -15.771 0.5000000000
20352  -22.288  -46.025  -15.123 0.6999999881
20307  -22.972  -46.649  -12.664 0.6000000238
19386  -23.668  -47.227  -12.086 0.6000000238
19387  -24.501  -47.577  -12.008 0.6000000238
19388  -25.653  -48.233  -12.482 0.6000000238
18521  -25.882  -48.885  -13.163 0.5000000000
20304  -17.533  -46.596  -13.310 0.5000000000
21115  -17.985  -45.670  -13.268 0.6000000238
21134  -17.952  -45.468  -13.974 0.6000000238
21150  -18.421  -45.297  -14.520 0.6000000238
112050  -19.227  -45.423  -15.092 0.5000000000
21164  -19.973  -45.700  -15.541 0.5000000000
21166  -21.541  -45.473  -15.873 0.6000000238
117562  -21.812  -44.680  -15.910 0.6000000238
21167  -21.912  -45.864  -15.740 0.6999999881
114372  -22.201  -46.387  -14.248 0.6999999881
21137  -23.696  -45.276  -13.686 0.6000000238
116896  -22.626  -46.274  -13.404 0.6999999881
20331  -23.284  -45.944  -13.100 0.6000000238
21117  -24.210  -45.822  -12.786 0.6000000238
20308  -23.752  -46.441  -12.479 0.6000000238
20309  -24.621  -46.698  -12.207 0.6000000238
110379  -25.236  -47.494  -12.196 0.6000000238
18533  -26.362  -48.868  -13.812 0.4000000060
20305  -18.381  -45.756  -12.657 0.6000000238
22003  -18.830  -44.510  -14.464 0.6000000238
21151  -19.884  -44.755  -15.208 0.6000000238
22852  -20.176  -43.757  -15.250 0.5000000000
22015  -20.957  -44.566  -15.714 0.5000000000
22017  -22.417  -44.483  -15.760 0.5000000000
106324  -22.065  -45.252  -15.854 0.6000000238
120000  -23.052  -43.900  -15.498 0.5000000000
22004  -22.903  -44.673  -15.238 0.5000000000
21152  -22.523  -45.321  -15.300 0.6000000238
126181  -23.362  -44.445  -14.825 0.4000000060
21153  -23.163  -44.989  -14.596 0.6999999881
21989  -23.932  -44.734  -14.199 0.4000000060
21138  -24.688  -45.148  -13.346 0.5000000000
21119  -25.543  -45.319  -12.933 0.5000000000
21118  -25.140  -45.898  -12.664 0.6000000238
126043  -26.076  -45.471  -12.727 0.5000000000
20310  -25.627  -46.684  -12.362 0.6000000238
19389  -26.343  -48.200  -12.944 0.5000000000
109332  -25.954  -45.950  -12.668 0.6000000238
105579  -26.073  -47.412  -12.477 0.6000000238
21135  -18.362  -44.775  -13.731 0.5000000000
21988  -18.961  -44.044  -13.979 0.5000000000
22845  -19.446  -43.846  -14.572 0.4000000060
22016  -21.521  -44.030  -15.871 0.5000000000
22853  -21.631  -43.456  -16.056 0.5000000000
22847  -23.938  -43.124  -14.643 0.4000000060
22846  -23.396  -43.197  -15.512 0.4000000060
22005  -23.848  -43.950  -14.661 0.4000000060
114639  -24.539  -43.651  -13.993 0.5000000000
21990  -24.584  -44.409  -13.829 0.5000000000
125221  -25.060  -44.021  -13.472 0.5000000000
21991  -25.320  -44.654  -13.287 0.5000000000
111839  -26.174  -44.905  -12.766 0.5000000000
19390  -27.037  -47.350  -12.792 0.5000000000
18534  -27.006  -48.334  -13.719 0.5000000000
20311  -26.476  -46.599  -12.569 0.6000000238
116054  -20.951  -43.587  -15.726 0.4000000060
22854  -22.283  -43.018  -16.355 0.5000000000
22855  -23.000  -43.097  -16.322 0.5000000000
120514  -23.172  -42.593  -16.153 0.5000000000
20332  -27.791  -46.839  -13.028 0.5000000000
111952  -27.847  -47.512  -13.468 0.3000000119
21975  -25.817  -43.937  -12.937 0.5000000000
20312  -27.339  -46.353  -12.684 0.5000000000
23689  -22.842  -42.181  -16.432 0.4000000060
23678  -23.505  -42.492  -15.329 0.4000000060
113895  -23.157  -41.855  -16.075 0.4000000060
23665  -24.387  -42.013  -13.938 0.4000000060
23679  -23.966  -42.440  -14.517 0.4000000060
22835  -25.130  -43.318  -13.374 0.4000000060
23666  -25.133  -42.434  -13.337 0.4000000060
22826  -25.755  -42.932  -12.668 0.5000000000
20333  -28.538  -46.902  -13.422 0.4000000060
21976  -26.833  -44.266  -12.470 0.5000000000
118585  -27.053  -44.997  -12.442 0.5000000000
116416  -26.710  -45.697  -12.592 0.5000000000
24515  -25.028  -41.536  -13.283 0.4000000060
20313  -28.219  -46.219  -12.840 0.4000000060
21120  -27.801  -45.474  -12.446 0.5000000000
22827  -26.578  -43.396  -12.249 0.5000000000
21977  -27.739  -44.592  -12.091 0.5000000000
23656  -25.773  -41.973  -12.704 0.4000000060
21121  -28.755  -45.565  -12.550 0.4000000060
20314  -29.039  -46.203  -13.052 0.3000000119
23657  -26.571  -42.411  -12.031 0.5000000000
22828  -27.477  -43.759  -11.847 0.5000000000
24506  -25.585  -41.057  -12.555 0.4000000060
21978  -28.587  -44.807  -12.122 0.3000000119
21122  -29.270  -45.598  -12.843 0.3000000119
112998  -27.145  -43.028  -11.605 0.5000000000
116610  -26.331  -40.568  -11.977 0.4000000060
21979  -29.131  -44.960  -12.419 0.3000000119
21992  -29.602  -45.068  -13.123 0.3000000119
24507  -26.377  -41.483  -12.100 0.4000000060
22808  -28.875  -43.378  -11.742 0.4000000060
24508  -27.039  -41.756  -11.669 0.4000000060
22807  -28.067  -43.067  -11.563 0.4000000060
26407  -26.291  -39.691  -12.182 0.5000000000
22809  -29.326  -43.486  -12.168 0.3000000119
115517  -29.384  -44.256  -12.574 0.4000000060
126137  -29.823  -43.641  -13.804 0.4000000060
22836  -29.701  -44.179  -13.485 0.4000000060
25427  -26.993  -41.141  -11.702 0.4000000060
23640  -28.785  -42.568  -11.642 0.5000000000
23641  -29.293  -42.734  -11.936 0.4000000060
25408  -27.911  -41.426  -11.470 0.5000000000
23658  -27.489  -42.321  -11.603 0.5000000000
24490  -28.767  -41.831  -11.572 0.5000000000
108528  -29.216  -42.151  -11.779 0.4000000060
23659  -29.671  -42.708  -12.534 0.4000000060
23667  -29.933  -42.650  -13.309 0.4000000060
115651  -29.736  -43.892  -14.528 0.3000000119
124748  -26.738  -40.051  -11.794 0.5000000000
112531  -27.367  -40.452  -11.623 0.5000000000
24516  -29.995  -41.013  -13.125 0.4000000060
117776  -30.022  -41.415  -13.809 0.3000000119
27325  -26.496  -38.728  -12.282 0.5000000000
24509  -29.724  -41.296  -12.317 0.4000000060
105056  -29.619  -42.064  -12.155 0.4000000060
104513  -30.146  -41.931  -12.924 0.4000000060
104492  -30.009  -42.104  -14.030 0.4000000060
23680  -29.444  -42.181  -15.212 0.3000000119
26408  -27.148  -39.510  -11.726 0.5000000000
116530  -28.874  -41.049  -11.420 0.5000000000
24491  -29.325  -41.530  -11.763 0.5000000000
25428  -29.778  -40.346  -12.530 0.4000000060
108966  -27.032  -38.125  -11.841 0.5000000000
24529  -29.582  -41.284  -14.986 0.3000000119
26389  -28.737  -39.413  -11.431 0.5000000000
25409  -28.974  -40.143  -11.449 0.5000000000
121193  -28.334  -40.598  -11.453 0.5000000000
25444  -30.094  -40.347  -13.402 0.4000000060
28251  -26.521  -37.614  -12.536 0.5000000000
27314  -29.494  -38.392  -11.649 0.5000000000
25443  -29.954  -40.722  -14.148 0.3000000119
28239  -27.411  -37.474  -11.826 0.5000000000
27312  -27.902  -38.195  -11.444 0.5000000000
26388  -28.014  -39.079  -11.484 0.5000000000
17746  -24.367  -49.799  -11.656 0.6000000238
105999  -26.264  -50.860  -12.956 0.5000000000
18532  -20.995  -48.192  -13.243 0.6000000238
21136  -22.705  -45.607  -14.097 0.6999999881
22018  -22.561  -43.620  -16.034 0.5000000000
22834  -24.493  -42.847  -13.907 0.4000000060
21958  -28.417  -44.019  -11.717 0.4000000060
110965  -29.865  -43.013  -14.196 0.3000000119
27326  -27.286  -38.729  -11.721 0.5000000000
26390  -29.335  -39.251  -11.642 0.5000000000
14197  -21.234  -54.626  -14.563 0.5000000000
12677  -21.697  -55.694  -12.763 0.5000000000
13461  -21.131  -55.010  -13.476 0.5000000000
107473  -24.043  -55.385  -11.270 0.5000000000
126729  -23.004  -56.435  -12.120 0.5000000000
109193  -22.519  -55.752  -12.116 0.4000000060
14207  -21.940  -53.734  -15.119 0.5000000000
14189  -21.791  -54.578  -13.149 0.6000000238
14198  -21.601  -54.284  -14.006 0.6000000238
13434  -23.336  -55.768  -11.614 0.5000000000
13448  -22.211  -54.939  -12.301 0.5000000000
13422  -26.534  -54.991  -10.823 0.4000000060
15665  -20.852  -52.798  -15.865 0.6999999881
15666  -21.570  -52.889  -15.840 0.6999999881
14913  -22.304  -53.202  -14.845 0.6999999881
14190  -22.428  -54.093  -12.944 0.5000000000
14199  -22.254  -53.711  -14.034 0.6999999881
14178  -24.397  -54.681  -11.185 0.5000000000
14177  -23.462  -54.662  -11.509 0.5000000000
14176  -22.751  -54.303  -12.041 0.5000000000
14861  -26.302  -53.871  -10.617 0.5000000000
14179  -25.219  -54.667  -10.888 0.5000000000
15651  -17.739  -52.681  -14.721 0.5000000000
15652  -18.842  -52.581  -14.648 0.6999999881
16350  -19.098  -51.823  -14.381 0.6999999881
15664  -19.761  -52.984  -15.501 0.6999999881
15653  -19.910  -52.332  -14.758 0.6999999881
14912  -22.068  -53.069  -15.462 0.6000000238
126790  -22.752  -53.460  -13.660 0.6999999881
117045  -22.701  -53.166  -14.293 0.6000000238
123450  -24.810  -54.017  -11.149 0.5000000000
14872  -23.462  -53.646  -12.139 0.6000000238
14871  -22.995  -53.558  -12.885 0.6000000238
14874  -25.538  -53.742  -10.865 0.5000000000
14863  -27.725  -53.219  -10.679 0.5000000000
106232  -17.063  -51.145  -14.330 0.5000000000
16349  -18.050  -51.697  -14.312 0.6999999881
15654  -20.974  -52.447  -14.954 0.6999999881
16351  -20.328  -51.712  -14.326 0.6999999881
124296  -19.693  -51.738  -14.375 0.6999999881
15656  -22.368  -52.926  -14.780 0.8000000119
15643  -22.060  -52.272  -14.282 0.6999999881
14885  -23.857  -53.067  -13.185 0.6000000238
15645  -23.635  -52.888  -13.273 0.6999999881
14887  -24.935  -53.242  -11.828 0.6999999881
14886  -24.409  -53.168  -12.673 0.6000000238
14875  -26.211  -53.271  -10.872 0.6000000238
15622  -25.749  -52.892  -11.533 0.6000000238
15624  -27.433  -52.296  -11.344 0.6000000238
17051  -16.325  -50.359  -14.611 0.5000000000
124783  -16.668  -49.775  -14.851 0.6000000238
17052  -17.502  -50.200  -14.670 0.6000000238
17053  -18.638  -50.843  -14.450 0.6000000238
16338  -20.512  -50.937  -13.720 0.6999999881
105539  -19.540  -51.079  -14.164 0.6000000238
16352  -21.226  -51.883  -14.312 0.6999999881
16339  -21.493  -51.404  -13.707 0.6999999881
15644  -22.848  -52.811  -14.002 0.6999999881
15634  -25.364  -52.601  -12.537 0.6999999881
15623  -26.638  -52.615  -11.273 0.6999999881
15635  -26.111  -52.248  -12.277 0.6999999881
17779  -16.022  -49.424  -15.204 0.5000000000
17780  -18.485  -49.792  -14.813 0.6000000238
16325  -21.730  -51.003  -13.026 0.5000000000
17766  -19.750  -50.135  -13.664 0.6000000238
16340  -23.050  -52.269  -13.051 0.6999999881
104386  -23.276  -51.532  -12.358 0.6999999881
106730  -25.061  -52.593  -12.832 0.6999999881
113325  -24.707  -52.356  -12.837 0.6999999881
16319  -27.712  -51.661  -11.929 0.5000000000
16318  -26.923  -52.108  -12.200 0.6999999881
120014  -27.104  -51.694  -12.704 0.5000000000
17778  -15.196  -49.068  -15.589 0.5000000000
17793  -16.109  -48.721  -15.853 0.5000000000
18556  -17.233  -48.732  -16.156 0.6000000238
17794  -16.922  -49.267  -15.552 0.6000000238
17795  -17.833  -49.221  -15.655 0.6000000238
17796  -18.756  -48.875  -15.600 0.6000000238
17781  -19.233  -49.538  -14.574 0.6000000238
109651  -22.014  -50.659  -12.464 0.6000000238
17029  -21.346  -50.251  -12.666 0.5000000000
110879  -23.479  -50.811  -11.942 0.6000000238
17030  -22.707  -50.753  -12.133 0.6000000238
16328  -25.173  -51.728  -12.583 0.6000000238
17031  -24.257  -51.379  -12.228 0.6000000238
17792  -15.252  -48.539  -15.656 0.5000000000
116040  -15.596  -47.980  -15.731 0.6000000238
18557  -18.130  -48.641  -16.228 0.6000000238
17028  -20.888  -49.725  -12.839 0.5000000000
18531  -20.432  -48.730  -13.637 0.5000000000
17021  -23.146  -50.135  -11.786 0.4000000060
17757  -22.140  -50.004  -12.099 0.5000000000
17756  -21.442  -49.505  -12.489 0.5000000000
18554  -14.815  -48.023  -15.356 0.5000000000
19435  -15.940  -47.344  -15.585 0.6000000238
18555  -16.659  -48.046  -16.230 0.6000000238
17744  -22.820  -49.312  -11.864 0.5000000000
113741  -22.060  -49.177  -12.156 0.4000000060
19399  -14.641  -47.754  -14.882 0.5000000000
19434  -15.143  -47.322  -15.258 0.5000000000
19415  -15.663  -46.860  -15.024 0.6000000238
19452  -17.642  -47.771  -16.274 0.6000000238
19379  -14.790  -48.045  -14.224 0.5000000000
19400  -15.215  -47.318  -14.655 0.5000000000
108638  -16.867  -47.357  -15.886 0.6000000238
18513  -15.079  -48.518  -13.254 0.5000000000
19380  -15.572  -47.746  -13.648 0.5000000000
19401  -16.130  -47.107  -14.109 0.5000000000
20349  -16.524  -46.746  -14.768 0.6000000238
18514  -15.954  -48.176  -12.596 0.5000000000
19381  -16.420  -47.610  -13.030 0.5000000000
17755  -16.442  -48.678  -11.884 0.5000000000
20328  -17.023  -46.677  -13.993 0.5000000000
18515  -16.772  -47.947  -12.169 0.5000000000
20303  -16.922  -47.120  -13.431 0.5000000000
17742  -17.055  -49.186  -11.377 0.5000000000
18500  -17.243  -48.406  -11.652 0.5000000000
19382  -17.416  -47.328  -12.721 0.5000000000
17743  -17.957  -49.030  -11.421 0.5000000000
19366  -17.738  -47.932  -12.096 0.5000000000
18501  -18.171  -48.308  -11.645 0.4000000060
122846  -18.381  -47.732  -11.787 0.4000000060
19383  -18.233  -47.229  -12.219 0.4000000060
17022  -24.031  -50.359  -11.651 0.6000000238
17033  -25.747  -51.177  -12.575 0.5000000000
106647  -27.001  -51.358  -13.195 0.4000000060
17767  -20.396  -49.540  -13.308 0.6000000238
113089  -18.030  -46.455  -12.692 0.4000000060
15655  -21.764  -52.691  -14.956 0.6999999881
109105  -22.298  -51.865  -13.521 0.6999999881
15633  -24.500  -52.870  -13.073 0.6999999881
17040  -21.135  -50.642  -13.303 0.6000000238
16326  -22.433  -51.359  -12.663 0.6999999881
16327  -24.008  -52.406  -12.886 0.6999999881
16329  -25.725  -52.100  -12.702 0.6000000238
16330  -26.504  -51.774  -12.778 0.6000000238
13433  -22.730  -55.086  -11.729 0.5000000000
13435  -24.842  -55.439  -11.190 0.5000000000
13436  -25.802  -55.439  -10.969 0.4000000060
13468  -20.608  -55.031  -14.958 0.5000000000
14164  -26.011  -54.525  -10.624 0.5000000000
14862  -26.988  -53.419  -10.666 0.5000000000
14873  -24.169  -53.811  -11.611 0.5000000000
14899  -23.180  -53.059  -13.682 0.6999999881
15614  -27.339  -52.771  -10.825 0.6000000238
15625  -28.067  -52.098  -11.317 0.6000000238
17039  -20.609  -50.169  -13.169 0.5000000000
17054  -19.119  -50.350  -14.342 0.6000000238
18519  -23.234  -47.932  -11.870 0.6000000238
18530  -19.874  -49.213  -14.018 0.5000000000
18567  -17.621  -48.303  -16.354 0.6000000238
19416  -20.482  -47.393  -15.320 0.6000000238
21149  -17.962  -45.946  -14.656 0.6000000238
21959  -29.071  -44.208  -11.865 0.3000000119
23639  -28.216  -42.237  -11.539 0.5000000000
25410  -29.388  -40.741  -11.753 0.4000000060
27313  -28.774  -38.699  -11.386 0.5000000000
105261  -22.046  -43.867  -16.034 0.5000000000
105837  -29.703  -43.432  -13.090 0.4000000060
106228  -28.148  -39.875  -11.530 0.5000000000
111597  -24.926  -52.938  -12.921 0.6999999881
120627  -16.311  -46.960  -15.336 0.6000000238
