#!ascii label  , from subject sub1 vox2ras=TkReg
593
115317  -34.856  -55.513  -19.410 0.5000000000
14236  -33.092  -54.913  -17.997 0.8000000119
14947  -32.811  -53.041  -17.333 0.8000000119
14960  -32.750  -53.920  -17.989 0.8000000119
14969  -33.505  -53.925  -18.646 0.8000000119
12769  -35.522  -56.507  -18.876 0.5000000000
13511  -33.854  -55.469  -18.753 0.5000000000
14244  -33.363  -54.550  -18.556 0.6000000238
16360  -32.963  -51.198  -16.350 0.6999999881
15672  -33.001  -52.164  -16.725 0.6999999881
114508  -33.162  -53.213  -18.021 0.8000000119
12770  -36.556  -56.483  -19.411 0.6000000238
13512  -34.819  -56.034  -18.974 0.5000000000
14256  -35.173  -54.899  -19.822 0.6000000238
17067  -32.261  -50.060  -15.511 0.6999999881
14245  -34.010  -54.682  -19.243 0.6000000238
17072  -32.622  -50.310  -16.213 0.6999999881
16357  -32.561  -50.986  -15.547 0.6999999881
15673  -33.352  -52.352  -17.416 0.6999999881
14970  -34.373  -53.963  -19.382 0.6000000238
14979  -35.658  -53.997  -20.028 0.6000000238
15678  -34.073  -53.208  -18.478 0.8000000119
12780  -37.177  -56.377  -19.811 0.4000000060
13524  -36.067  -55.867  -19.913 0.6000000238
17802  -31.532  -49.410  -15.583 0.6999999881
14980  -36.886  -54.465  -20.449 0.6000000238
17803  -32.184  -49.597  -16.100 0.6999999881
16361  -33.390  -51.357  -17.086 0.6999999881
15676  -33.890  -52.475  -17.915 0.6000000238
15684  -34.904  -53.081  -19.072 0.6999999881
16373  -35.918  -51.817  -19.379 0.5000000000
16364  -33.826  -51.541  -17.679 0.6000000238
16365  -34.308  -51.735  -18.065 0.6000000238
15679  -34.527  -52.372  -18.439 0.6000000238
16368  -35.335  -51.131  -19.118 0.6000000238
16367  -34.785  -51.431  -18.525 0.6000000238
14258  -37.708  -56.020  -20.162 0.4000000060
114594  -37.009  -56.265  -20.097 0.5000000000
122179  -29.979  -49.482  -16.349 0.6999999881
14266  -37.908  -55.182  -20.596 0.6000000238
119698  -36.488  -53.422  -20.233 0.6000000238
17073  -33.134  -50.424  -16.914 0.6999999881
15688  -37.103  -52.843  -20.331 0.5000000000
16374  -36.766  -51.758  -19.806 0.6000000238
17078  -33.645  -50.573  -17.731 0.6999999881
17079  -34.330  -50.937  -18.140 0.6000000238
17090  -36.221  -50.769  -19.609 0.5000000000
17084  -34.733  -50.597  -18.894 0.5000000000
17071  -27.161  -50.186  -16.240 0.6000000238
17809  -26.890  -49.584  -17.074 0.6000000238
109544  -37.573  -55.803  -19.223 0.5000000000
14246  -38.245  -55.584  -20.047 0.5000000000
17810  -29.134  -49.639  -17.042 0.6999999881
17800  -29.123  -49.760  -16.063 0.6999999881
14259  -38.256  -55.115  -20.364 0.5000000000
14982  -38.476  -54.527  -20.168 0.4000000060
17811  -30.833  -49.133  -16.288 0.6999999881
14267  -38.219  -54.799  -20.559 0.5000000000
17812  -31.641  -49.199  -16.558 0.6999999881
17077  -32.502  -49.629  -16.964 0.6999999881
15690  -38.661  -53.384  -20.274 0.5000000000
120755  -33.154  -49.952  -17.558 0.6999999881
16375  -37.683  -52.148  -20.270 0.5000000000
17083  -34.093  -50.227  -18.626 0.6000000238
17835  -33.697  -49.749  -19.206 0.5000000000
17089  -35.315  -50.219  -19.565 0.5000000000
17095  -37.407  -49.688  -20.414 0.3000000119
15682  -37.626  -53.588  -19.206 0.3000000119
17797  -26.492  -49.704  -15.822 0.6000000238
17798  -26.721  -49.853  -16.230 0.6000000238
14971  -37.214  -54.717  -19.173 0.4000000060
14973  -38.494  -54.017  -19.893 0.4000000060
108188  -28.254  -49.809  -17.817 0.6000000238
14984  -38.807  -53.647  -20.039 0.5000000000
114254  -30.210  -49.264  -17.089 0.6999999881
125513  -31.003  -48.893  -17.037 0.6999999881
104555  -38.479  -52.628  -20.407 0.5000000000
114982  -32.610  -49.509  -18.207 0.5000000000
16378  -38.438  -51.645  -20.378 0.5000000000
17823  -33.436  -49.884  -18.365 0.5000000000
17096  -38.471  -50.402  -20.453 0.4000000060
17091  -37.365  -50.889  -20.071 0.3000000119
17844  -35.988  -49.711  -20.269 0.5000000000
17845  -36.714  -50.055  -20.196 0.4000000060
18560  -26.464  -49.127  -15.635 0.6000000238
17808  -26.560  -49.414  -16.372 0.6000000238
17819  -27.339  -49.614  -18.144 0.6000000238
116964  -28.212  -49.627  -18.500 0.6000000238
15686  -39.426  -52.846  -19.847 0.3000000119
15687  -39.259  -52.885  -19.870 0.4000000060
17820  -29.299  -49.553  -18.137 0.6000000238
16376  -40.173  -52.295  -19.974 0.3000000119
17821  -30.556  -49.149  -17.953 0.6000000238
17822  -31.636  -49.198  -17.729 0.6999999881
16377  -40.791  -51.647  -20.209 0.3000000119
16379  -39.307  -52.399  -20.335 0.3000000119
108977  -41.139  -50.648  -20.545 0.3000000119
109153  -39.259  -51.457  -20.493 0.3000000119
117387  -31.861  -49.225  -18.681 0.5000000000
17834  -33.029  -49.512  -19.184 0.5000000000
17851  -39.209  -49.500  -20.580 0.3000000119
17097  -39.712  -50.711  -20.567 0.3000000119
17836  -34.374  -49.767  -19.670 0.5000000000
17850  -38.088  -49.099  -20.633 0.3000000119
17848  -35.943  -48.574  -20.770 0.4000000060
114386  -37.250  -48.742  -20.563 0.3000000119
18546  -27.520  -48.283  -15.529 0.5000000000
18561  -26.680  -48.854  -16.146 0.6000000238
18570  -26.614  -48.951  -17.342 0.5000000000
17830  -27.735  -49.323  -18.953 0.5000000000
17854  -41.962  -49.653  -20.181 0.3000000119
17832  -29.903  -49.395  -19.049 0.6000000238
18593  -41.640  -48.802  -19.946 0.3000000119
17852  -40.490  -49.988  -20.608 0.3000000119
108646  -31.022  -49.225  -18.929 0.6000000238
114672  -32.303  -49.242  -19.153 0.5000000000
17842  -33.527  -49.238  -20.023 0.5000000000
17843  -35.172  -49.290  -20.310 0.4000000060
17847  -35.247  -48.213  -20.639 0.4000000060
19439  -27.256  -48.284  -16.748 0.5000000000
18574  -26.605  -48.581  -18.256 0.5000000000
17818  -26.669  -49.172  -18.206 0.5000000000
18575  -26.734  -48.546  -18.923 0.5000000000
114744  -42.409  -49.199  -18.442 0.3000000119
18581  -42.540  -49.073  -19.066 0.3000000119
17831  -28.770  -49.487  -19.106 0.6000000238
17833  -31.543  -49.042  -19.289 0.5000000000
17841  -32.684  -49.039  -19.865 0.5000000000
18599  -36.655  -48.099  -20.789 0.4000000060
123114  -35.400  -47.370  -20.500 0.4000000060
19455  -26.765  -48.077  -17.898 0.5000000000
19465  -26.696  -47.939  -18.582 0.5000000000
17816  -41.714  -48.762  -16.823 0.4000000060
17817  -42.293  -48.427  -17.041 0.4000000060
18576  -27.303  -48.934  -19.324 0.5000000000
18577  -28.249  -49.113  -19.429 0.5000000000
19475  -42.224  -48.187  -17.659 0.4000000060
19485  -41.901  -48.247  -18.566 0.3000000119
18583  -27.802  -48.706  -19.483 0.4000000060
19497  -40.156  -48.048  -19.599 0.3000000119
18578  -29.379  -49.144  -19.514 0.5000000000
18579  -30.542  -49.052  -19.492 0.4000000060
18586  -31.349  -48.567  -19.706 0.4000000060
18597  -34.581  -47.692  -20.584 0.4000000060
20371  -28.716  -46.831  -16.208 0.5000000000
19456  -27.779  -47.341  -17.283 0.5000000000
19466  -26.912  -47.243  -18.536 0.5000000000
18571  -41.400  -48.483  -16.024 0.4000000060
18582  -27.139  -48.146  -19.376 0.5000000000
19476  -26.832  -47.379  -19.053 0.4000000060
114461  -42.248  -47.798  -17.012 0.4000000060
19474  -41.575  -47.880  -17.742 0.4000000060
121345  -27.289  -47.294  -19.369 0.4000000060
18584  -28.784  -48.695  -19.627 0.4000000060
19483  -40.331  -47.870  -18.481 0.4000000060
18585  -30.198  -48.463  -19.783 0.4000000060
18587  -32.315  -48.302  -20.118 0.4000000060
18588  -33.158  -48.488  -20.351 0.4000000060
124381  -34.362  -46.896  -20.441 0.4000000060
19500  -35.844  -47.124  -20.462 0.4000000060
20379  -28.297  -46.496  -17.271 0.4000000060
18564  -42.111  -47.624  -15.718 0.4000000060
18565  -42.191  -47.737  -16.368 0.4000000060
20381  -27.538  -46.534  -18.189 0.5000000000
125629  -27.126  -46.696  -18.855 0.4000000060
19487  -29.080  -47.721  -19.625 0.4000000060
19473  -40.500  -47.558  -17.454 0.4000000060
115277  -30.833  -47.570  -19.774 0.4000000060
19494  -36.340  -47.139  -20.218 0.3000000119
18596  -33.798  -47.675  -20.502 0.4000000060
21171  -29.123  -45.926  -16.720 0.4000000060
108459  -27.888  -45.702  -17.881 0.5000000000
109505  -27.748  -45.973  -18.617 0.4000000060
19447  -42.105  -47.171  -15.709 0.4000000060
20383  -27.450  -46.503  -19.087 0.4000000060
20384  -28.382  -45.961  -19.225 0.4000000060
20387  -28.060  -46.888  -19.517 0.4000000060
19488  -30.039  -47.442  -19.642 0.4000000060
19489  -31.488  -47.949  -19.989 0.4000000060
19490  -32.492  -47.271  -20.115 0.4000000060
108974  -34.977  -46.818  -20.196 0.4000000060
19499  -33.846  -46.699  -20.406 0.4000000060
21170  -28.206  -44.762  -17.546 0.4000000060
21176  -27.959  -45.282  -18.725 0.4000000060
20388  -29.332  -46.667  -19.480 0.4000000060
19493  -35.666  -46.825  -20.211 0.4000000060
20389  -30.564  -46.615  -19.497 0.4000000060
20390  -31.747  -46.719  -19.680 0.4000000060
19491  -33.294  -46.712  -20.178 0.4000000060
20392  -33.766  -46.015  -20.147 0.4000000060
21173  -27.776  -44.872  -18.291 0.4000000060
21177  -28.761  -45.157  -18.987 0.4000000060
21182  -29.866  -45.619  -19.225 0.4000000060
21183  -31.290  -45.682  -19.338 0.4000000060
19492  -35.038  -46.588  -20.092 0.3000000119
20391  -32.917  -46.168  -19.924 0.4000000060
20393  -34.318  -46.311  -20.220 0.4000000060
22021  -28.105  -43.841  -17.567 0.4000000060
22025  -27.573  -43.882  -18.087 0.4000000060
22858  -27.654  -43.174  -18.020 0.4000000060
22030  -27.752  -43.955  -18.346 0.4000000060
22031  -28.455  -44.439  -18.747 0.4000000060
21178  -30.876  -44.902  -19.068 0.4000000060
19480  -36.203  -47.384  -19.349 0.4000000060
19479  -35.390  -47.241  -19.199 0.3000000119
21184  -32.356  -45.671  -19.471 0.4000000060
20386  -34.444  -46.114  -20.073 0.4000000060
21185  -33.096  -45.744  -19.593 0.5000000000
23693  -28.249  -42.521  -17.574 0.4000000060
110275  -27.709  -42.736  -18.061 0.4000000060
22863  -27.580  -43.118  -18.114 0.4000000060
22867  -27.842  -43.114  -18.323 0.4000000060
122774  -28.184  -43.701  -18.597 0.4000000060
21179  -31.848  -45.047  -19.199 0.4000000060
20385  -33.652  -45.882  -19.504 0.5000000000
24543  -28.391  -41.690  -17.257 0.4000000060
23692  -27.979  -42.074  -17.956 0.4000000060
23697  -27.782  -42.599  -18.125 0.4000000060
21180  -32.530  -45.339  -19.076 0.4000000060
21181  -33.127  -45.544  -18.787 0.5000000000
24542  -28.469  -41.303  -17.800 0.4000000060
24546  -28.291  -41.824  -18.042 0.4000000060
21174  -32.643  -45.263  -18.088 0.5000000000
26445  -28.841  -39.310  -17.559 0.4000000060
107945  -28.454  -40.860  -16.953 0.4000000060
25473  -28.689  -40.259  -17.568 0.4000000060
25476  -28.848  -40.603  -17.984 0.4000000060
115461  -28.974  -40.351  -18.151 0.5000000000
25468  -28.815  -40.103  -16.698 0.4000000060
125922  -33.847  -48.480  -20.448 0.5000000000
14946  -32.598  -53.702  -16.879 0.8000000119
106129  -32.604  -52.833  -16.398 0.8000000119
15667  -32.523  -51.946  -16.023 0.6999999881
12759  -36.396  -56.729  -18.641 0.5000000000
16354  -32.239  -51.179  -14.761 0.6999999881
12760  -37.137  -56.724  -18.260 0.5000000000
17066  -31.837  -49.952  -14.992 0.6999999881
13514  -37.440  -56.345  -19.448 0.4000000060
12771  -37.160  -56.509  -19.196 0.4000000060
17801  -30.326  -49.411  -15.438 0.6999999881
105388  -27.847  -49.999  -16.949 0.6999999881
13504  -37.672  -56.029  -18.598 0.4000000060
17064  -26.807  -50.132  -15.749 0.6000000238
15681  -36.572  -53.516  -18.244 0.4000000060
18545  -26.837  -48.640  -15.040 0.6000000238
19418  -27.982  -48.016  -14.313 0.5000000000
19440  -28.236  -47.633  -15.943 0.5000000000
19420  -29.069  -47.231  -15.118 0.4000000060
21168  -29.554  -45.682  -15.455 0.4000000060
22019  -29.569  -44.716  -15.222 0.4000000060
113953  -29.289  -45.110  -16.368 0.4000000060
22022  -28.987  -44.225  -16.569 0.4000000060
22859  -28.722  -43.258  -16.798 0.4000000060
23690  -28.754  -42.297  -16.369 0.4000000060
24539  -28.821  -41.467  -16.166 0.4000000060
26439  -29.323  -39.455  -16.266 0.4000000060
14230  -32.677  -54.550  -17.243 0.8000000119
13525  -36.621  -56.300  -19.844 0.5000000000
14257  -36.768  -55.430  -20.308 0.6000000238
15685  -35.739  -52.805  -19.506 0.6999999881
14981  -37.586  -54.058  -20.541 0.6000000238
15680  -35.205  -52.114  -18.929 0.6000000238
15689  -37.975  -53.242  -20.499 0.5000000000
14972  -38.408  -54.920  -19.950 0.5000000000
14983  -38.726  -53.659  -19.922 0.3000000119
17829  -26.975  -49.228  -18.845 0.6000000238
17840  -32.070  -48.796  -19.545 0.5000000000
18589  -34.402  -48.891  -20.398 0.5000000000
18598  -35.986  -47.650  -20.888 0.4000000060
18595  -33.125  -47.576  -20.368 0.4000000060
12755  -27.126  -56.083  -17.155 0.4000000060
11924  -28.137  -57.372  -17.367 0.4000000060
11134  -28.384  -58.409  -16.944 0.4000000060
12742  -27.999  -56.631  -15.999 0.4000000060
11913  -28.344  -57.414  -16.331 0.4000000060
126426  -28.615  -58.503  -16.240 0.4000000060
11105  -28.786  -58.184  -15.562 0.4000000060
10356  -30.423  -59.492  -15.582 0.5000000000
11086  -29.746  -58.146  -14.706 0.5000000000
11107  -30.064  -58.761  -15.167 0.5000000000
11087  -30.325  -58.197  -14.741 0.6000000238
12724  -28.102  -56.712  -15.186 0.4000000060
11874  -29.446  -57.468  -14.308 0.4000000060
12772  -37.531  -56.221  -18.764 0.3000000119
123834  -37.698  -56.121  -18.349 0.4000000060
14962  -36.566  -54.489  -18.147 0.3000000119
12745  -34.859  -57.049  -17.184 0.5000000000
110562  -36.074  -56.892  -17.568 0.4000000060
12697  -28.713  -56.555  -13.365 0.4000000060
12707  -28.285  -56.771  -14.247 0.4000000060
11873  -28.659  -57.199  -14.531 0.4000000060
11108  -30.814  -58.569  -15.271 0.6000000238
109683  -31.713  -58.683  -15.604 0.6000000238
11895  -32.108  -57.909  -15.785 0.6999999881
12758  -35.212  -56.780  -18.089 0.5000000000
11109  -32.519  -58.670  -15.886 0.6999999881
11897  -33.729  -57.890  -16.120 0.6999999881
11896  -32.753  -57.939  -16.293 0.6999999881
11915  -32.993  -57.370  -16.668 0.6999999881
11875  -30.223  -57.639  -14.306 0.5000000000
11876  -30.888  -57.747  -14.566 0.6000000238
12725  -32.081  -57.097  -15.360 0.6000000238
12698  -29.605  -56.469  -13.359 0.4000000060
12699  -30.441  -56.517  -13.448 0.5000000000
11864  -30.812  -57.191  -13.877 0.6000000238
11894  -31.485  -57.808  -15.196 0.6000000238
11914  -32.495  -57.219  -16.163 0.6000000238
125164  -34.281  -56.991  -17.767 0.6000000238
13452  -30.375  -55.383  -12.729 0.6000000238
13453  -30.878  -55.210  -13.141 0.6000000238
13463  -31.358  -55.738  -13.581 0.6999999881
12700  -31.208  -56.495  -13.658 0.6000000238
12710  -32.230  -56.311  -14.598 0.6000000238
12726  -32.516  -56.269  -15.605 0.6000000238
12686  -30.049  -55.969  -12.940 0.5000000000
11863  -29.962  -57.072  -13.777 0.6000000238
12743  -32.717  -56.646  -16.582 0.6000000238
12744  -33.199  -56.906  -17.072 0.6999999881
13503  -34.336  -56.473  -18.361 0.6000000238
12757  -33.661  -56.761  -17.620 0.6999999881
121943  -30.591  -54.864  -12.669 0.6000000238
14200  -31.368  -54.780  -13.674 0.6999999881
115858  -32.660  -55.919  -16.341 0.6999999881
13491  -33.009  -56.106  -17.109 0.6999999881
14915  -32.102  -53.742  -14.784 0.6999999881
14914  -31.521  -53.879  -14.052 0.6999999881
14209  -32.309  -54.513  -15.312 0.6000000238
14221  -32.465  -54.459  -16.309 0.5000000000
13469  -31.896  -55.552  -14.154 0.6999999881
13470  -32.402  -55.457  -14.890 0.6000000238
13490  -32.625  -55.248  -16.722 0.6999999881
13501  -32.975  -55.298  -17.362 0.6999999881
13502  -33.444  -55.871  -17.900 0.6000000238
14932  -32.385  -53.532  -15.742 0.6999999881
112038  -32.320  -52.541  -15.567 0.6999999881
12756  -27.751  -56.661  -16.864 0.4000000060
10355  -29.700  -59.368  -15.623 0.4000000060
11893  -29.056  -57.895  -14.853 0.4000000060
12708  -29.098  -56.888  -13.882 0.4000000060
116507  -33.826  -57.298  -17.015 0.6999999881
12709  -31.589  -57.044  -14.358 0.6000000238
13462  -30.768  -55.909  -13.203 0.6999999881
14208  -31.921  -54.639  -14.483 0.6999999881
13481  -32.486  -55.302  -15.843 0.6000000238
14900  -31.191  -53.994  -13.397 0.5000000000
13451  -29.638  -55.396  -12.317 0.4000000060
14191  -30.170  -54.814  -12.261 0.5000000000
13450  -28.826  -55.750  -12.090 0.4000000060
13440  -29.064  -55.017  -11.669 0.5000000000
14182  -29.672  -54.724  -11.836 0.5000000000
115212  -30.551  -54.278  -12.373 0.5000000000
14889  -30.967  -53.695  -12.735 0.5000000000
112456  -31.437  -52.271  -12.985 0.5000000000
14192  -30.892  -54.477  -13.012 0.5000000000
115654  -31.768  -53.025  -14.303 0.5000000000
15646  -31.440  -53.121  -13.344 0.5000000000
15658  -32.011  -52.167  -14.708 0.6999999881
15657  -31.691  -52.242  -13.734 0.6000000238
14181  -28.445  -54.530  -11.207 0.5000000000
108405  -29.339  -54.190  -11.296 0.5000000000
14878  -29.924  -53.444  -11.397 0.5000000000
15636  -30.367  -52.657  -11.687 0.5000000000
14888  -30.538  -53.511  -11.985 0.5000000000
16341  -31.365  -51.513  -13.180 0.6000000238
16353  -31.840  -51.314  -13.952 0.5000000000
17059  -31.709  -50.393  -14.339 0.6000000238
14876  -28.662  -53.877  -10.891 0.5000000000
14877  -29.144  -53.335  -11.088 0.5000000000
16321  -29.356  -51.773  -11.459 0.5000000000
16322  -30.032  -51.949  -11.570 0.5000000000
17036  -30.731  -50.999  -12.583 0.5000000000
120662  -32.278  -51.801  -15.379 0.6000000238
17046  -31.178  -50.665  -13.484 0.5000000000
14166  -27.827  -53.953  -10.689 0.5000000000
14864  -28.367  -53.277  -10.811 0.5000000000
14865  -28.746  -52.478  -11.159 0.5000000000
16320  -28.560  -51.626  -11.531 0.5000000000
16332  -28.416  -51.056  -12.139 0.6000000238
115945  -29.079  -51.118  -11.743 0.4000000060
16331  -27.650  -51.208  -12.742 0.4000000060
17035  -29.119  -50.583  -12.269 0.5000000000
119469  -29.887  -50.500  -12.542 0.5000000000
16333  -29.884  -51.147  -11.912 0.4000000060
17042  -27.487  -50.602  -13.929 0.4000000060
17043  -28.412  -50.447  -13.678 0.5000000000
17044  -29.245  -50.183  -13.153 0.5000000000
17055  -26.665  -50.054  -14.353 0.4000000060
17045  -30.311  -50.205  -13.194 0.6000000238
17770  -30.780  -49.873  -13.951 0.6000000238
17786  -31.119  -49.667  -14.749 0.6000000238
112765  -28.283  -50.621  -12.952 0.5000000000
17056  -27.093  -50.351  -14.954 0.5000000000
17057  -27.945  -50.579  -14.561 0.5000000000
17782  -26.397  -49.369  -14.658 0.4000000060
17063  -26.507  -49.880  -15.251 0.5000000000
17783  -28.331  -50.414  -15.022 0.6000000238
17058  -28.888  -50.173  -14.151 0.6000000238
17784  -29.304  -49.728  -14.911 0.6000000238
17065  -27.518  -50.476  -15.462 0.5000000000
18534  -27.006  -48.334  -13.719 0.3000000119
18544  -26.471  -48.944  -14.778 0.4000000060
123326  -26.400  -49.402  -15.321 0.5000000000
17799  -28.139  -50.395  -15.848 0.5000000000
20353  -29.470  -46.565  -14.351 0.3000000119
19404  -28.863  -47.282  -14.212 0.3000000119
19419  -28.467  -47.715  -14.961 0.4000000060
22006  -29.890  -44.849  -13.994 0.3000000119
22856  -29.408  -43.801  -15.718 0.3000000119
114754  -29.412  -43.056  -15.465 0.3000000119
23680  -29.444  -42.181  -15.212 0.3000000119
24529  -29.582  -41.284  -14.986 0.3000000119
119439  -29.041  -40.794  -16.099 0.3000000119
21154  -29.804  -45.658  -14.350 0.3000000119
114159  -32.162  -52.989  -15.012 0.5000000000
14183  -30.087  -54.190  -11.760 0.5000000000
17785  -30.260  -49.508  -14.518 0.6000000238
12746  -35.631  -57.009  -16.335 0.3000000119
11916  -34.640  -57.497  -16.230 0.6000000238
13482  -38.342  -55.364  -16.066 0.3000000119
12729  -37.944  -56.060  -16.376 0.3000000119
12761  -37.709  -56.079  -17.955 0.3000000119
12728  -37.053  -56.704  -15.442 0.3000000119
12747  -36.845  -56.579  -16.689 0.3000000119
113336  -34.636  -58.009  -15.736 0.6000000238
13493  -37.948  -55.944  -17.016 0.3000000119
13492  -37.905  -56.175  -17.833 0.3000000119
12685  -29.250  -56.096  -12.734 0.4000000060
14224  -39.066  -54.891  -15.798 0.3000000119
14232  -37.982  -55.310  -16.505 0.3000000119
14231  -37.085  -55.107  -17.029 0.3000000119
9615  -29.572  -60.445  -17.123 0.5000000000
9616  -30.408  -60.783  -17.370 0.5000000000
11144  -28.369  -58.306  -17.783 0.4000000060
115340  -29.094  -59.902  -17.619 0.4000000060
9637  -29.830  -60.338  -17.949 0.5000000000
10380  -31.913  -60.291  -16.129 0.5000000000
9595  -31.227  -60.902  -16.801 0.5000000000
9593  -29.544  -60.263  -16.553 0.5000000000
9594  -30.223  -60.555  -16.619 0.5000000000
10397  -28.929  -60.023  -16.860 0.4000000060
10381  -33.357  -59.960  -15.927 0.6000000238
118355  -32.668  -59.966  -15.932 0.6000000238
10377  -29.282  -59.742  -16.218 0.3000000119
10378  -29.969  -60.068  -16.023 0.4000000060
10379  -30.832  -60.210  -16.105 0.5000000000
10359  -33.742  -59.271  -15.653 0.6000000238
10358  -32.975  -59.325  -15.903 0.6000000238
118699  -32.203  -59.453  -15.797 0.6000000238
10357  -31.319  -59.511  -15.688 0.5000000000
120230  -35.561  -57.674  -15.492 0.4000000060
11110  -33.253  -58.549  -15.992 0.6000000238
12727  -36.224  -56.884  -15.656 0.3000000119
11111  -34.155  -58.515  -15.633 0.6000000238
11898  -36.570  -57.360  -15.118 0.3000000119
10382  -34.170  -59.973  -15.880 0.5000000000
10383  -35.062  -60.016  -15.842 0.5000000000
10360  -34.613  -59.259  -15.583 0.5000000000
10361  -35.497  -59.283  -15.550 0.4000000060
9579  -35.975  -60.060  -15.787 0.4000000060
10362  -36.451  -59.173  -15.453 0.4000000060
125265  -35.771  -58.554  -15.310 0.4000000060
11112  -35.053  -58.515  -15.562 0.5000000000
112309  -32.849  -60.476  -16.276 0.5000000000
9597  -33.668  -60.534  -16.322 0.5000000000
12809  -29.625  -55.990  -22.748 0.3000000119
11976  -30.185  -56.161  -23.011 0.3000000119
11977  -30.991  -56.520  -22.964 0.3000000119
11184  -31.969  -57.420  -22.410 0.3000000119
11185  -32.839  -57.643  -22.641 0.4000000060
11962  -31.404  -56.826  -22.629 0.3000000119
11961  -30.534  -56.599  -22.450 0.3000000119
10430  -33.655  -59.009  -22.431 0.4000000060
10428  -32.112  -58.556  -21.838 0.4000000060
11949  -29.963  -57.326  -21.579 0.3000000119
108215  -33.345  -60.259  -21.906 0.4000000060
11177  -31.268  -58.427  -21.455 0.4000000060
11176  -30.424  -58.270  -21.046 0.4000000060
8224  -36.083  -62.299  -20.003 0.3000000119
8935  -34.147  -61.521  -20.887 0.4000000060
8934  -33.336  -61.071  -20.907 0.4000000060
9669  -32.646  -60.428  -21.089 0.4000000060
9668  -31.980  -60.258  -20.444 0.4000000060
10423  -30.815  -59.160  -20.521 0.4000000060
8911  -35.648  -61.943  -19.288 0.3000000119
120072  -34.592  -61.752  -20.107 0.4000000060
8909  -32.713  -60.970  -19.861 0.4000000060
107998  -33.799  -61.485  -19.751 0.4000000060
9640  -32.432  -61.122  -18.859 0.4000000060
10420  -31.148  -60.070  -20.075 0.4000000060
9656  -31.802  -60.631  -19.290 0.4000000060
11167  -30.131  -58.801  -20.100 0.4000000060
8890  -35.332  -61.696  -18.674 0.4000000060
8888  -33.995  -61.540  -18.652 0.4000000060
8887  -32.600  -61.291  -18.113 0.4000000060
115815  -31.223  -60.906  -18.544 0.4000000060
10418  -29.897  -59.137  -19.233 0.4000000060
9655  -30.853  -60.414  -19.145 0.4000000060
11166  -29.472  -58.380  -19.709 0.4000000060
8868  -34.135  -61.516  -17.798 0.4000000060
111098  -33.370  -61.446  -17.991 0.4000000060
8865  -31.978  -61.208  -17.446 0.4000000060
105437  -31.185  -61.089  -17.737 0.4000000060
10408  -30.219  -59.959  -18.773 0.4000000060
9638  -30.583  -60.678  -18.263 0.4000000060
8866  -32.838  -61.233  -17.343 0.4000000060
9596  -32.312  -60.950  -16.741 0.4000000060
9599  -35.534  -60.563  -16.491 0.4000000060
8867  -33.615  -61.319  -17.239 0.4000000060
8855  -33.869  -61.042  -16.724 0.4000000060
9580  -36.859  -60.097  -15.862 0.3000000119
11114  -37.241  -58.581  -15.159 0.3000000119
9598  -34.552  -60.669  -16.482 0.4000000060
8854  -33.188  -60.986  -16.728 0.4000000060
10429  -32.862  -58.766  -22.218 0.4000000060
9684  -32.262  -59.604  -21.416 0.4000000060
10424  -31.553  -59.423  -20.956 0.4000000060
8223  -35.310  -62.019  -20.031 0.4000000060
118776  -36.050  -61.680  -18.594 0.3000000119
8910  -34.754  -61.779  -19.241 0.4000000060
105414  -33.124  -61.418  -18.872 0.4000000060
8889  -34.746  -61.599  -18.317 0.4000000060
117563  -34.346  -61.280  -17.125 0.4000000060
8970  -35.097  -60.675  -22.629 0.3000000119
10441  -34.749  -59.013  -23.194 0.3000000119
11200  -33.698  -58.093  -23.294 0.3000000119
10440  -34.235  -58.511  -22.949 0.3000000119
124743  -34.601  -60.371  -22.393 0.3000000119
10439  -33.568  -58.025  -22.855 0.3000000119
9693  -34.346  -59.517  -22.559 0.3000000119
8952  -35.360  -61.578  -21.908 0.3000000119
9685  -33.962  -60.853  -21.833 0.3000000119
8936  -35.002  -61.708  -20.859 0.3000000119
8869  -35.506  -61.439  -17.919 0.3000000119
9618  -35.996  -61.018  -17.206 0.3000000119
9617  -35.134  -61.127  -17.126 0.3000000119
9600  -36.423  -60.583  -16.489 0.3000000119
121060  -35.850  -62.268  -20.995 0.3000000119
120189  -34.780  -61.422  -17.651 0.3000000119
8912  -36.476  -61.991  -19.242 0.3000000119
9639  -31.866  -61.176  -18.298 0.4000000060
10376  -28.722  -59.236  -16.568 0.3000000119
10396  -28.624  -59.234  -17.299 0.4000000060
10407  -29.499  -59.545  -18.456 0.5000000000
10419  -30.523  -59.604  -19.621 0.4000000060
11106  -29.453  -58.557  -15.312 0.5000000000
11135  -29.079  -58.990  -15.895 0.4000000060
11183  -31.011  -57.323  -21.859 0.4000000060
11892  -28.454  -57.318  -15.329 0.4000000060
13449  -28.129  -56.024  -11.949 0.4000000060
13513  -35.744  -56.189  -19.498 0.5000000000
14165  -26.851  -54.301  -10.678 0.5000000000
14260  -38.335  -54.677  -20.419 0.5000000000
14985  -38.501  -54.135  -20.142 0.5000000000
15615  -27.958  -52.648  -10.891 0.5000000000
15626  -29.633  -52.596  -11.320 0.5000000000
15637  -31.051  -52.693  -12.386 0.5000000000
16334  -30.649  -51.807  -11.989 0.5000000000
16335  -31.164  -51.806  -12.535 0.6000000238
16380  -40.059  -52.269  -20.223 0.3000000119
17034  -27.430  -50.912  -13.366 0.4000000060
17060  -32.153  -50.497  -15.014 0.6000000238
17098  -40.735  -51.083  -20.548 0.3000000119
17099  -41.457  -51.000  -20.381 0.3000000119
17100  -42.015  -50.577  -20.157 0.3000000119
17769  -29.801  -49.727  -13.897 0.6000000238
17826  -42.152  -49.071  -17.605 0.3000000119
17827  -42.315  -48.601  -17.780 0.4000000060
17828  -42.575  -48.968  -18.547 0.3000000119
17846  -42.217  -49.767  -19.627 0.3000000119
17849  -36.646  -49.103  -20.523 0.3000000119
17853  -41.481  -50.238  -20.465 0.3000000119
18550  -41.891  -47.419  -14.993 0.4000000060
18572  -42.280  -48.092  -16.449 0.4000000060
18573  -42.399  -48.065  -16.962 0.4000000060
18580  -42.139  -48.638  -19.218 0.3000000119
18594  -42.198  -49.187  -19.616 0.3000000119
18603  -41.109  -49.211  -20.452 0.3000000119
19484  -41.120  -48.000  -18.860 0.4000000060
19486  -27.992  -47.922  -19.473 0.4000000060
19498  -41.312  -48.245  -19.475 0.3000000119
19501  -36.398  -47.533  -20.591 0.3000000119
20372  -29.385  -46.447  -15.397 0.4000000060
24550  -28.169  -42.118  -18.126 0.4000000060
105205  -40.115  -51.782  -20.452 0.3000000119
106081  -31.746  -56.274  -13.988 0.6000000238
116435  -34.421  -58.721  -23.476 0.3000000119
117536  -34.643  -61.205  -21.769 0.3000000119
119654  -42.378  -48.634  -18.448 0.4000000060
120680  -42.463  -49.302  -18.999 0.3000000119
121303  -38.234  -54.112  -20.427 0.5000000000
124824  -29.612  -46.111  -14.821 0.3000000119
126875  -36.384  -52.490  -19.778 0.5000000000
126978  -32.852  -59.724  -21.881 0.4000000060
