#!ascii label  , from subject sub1 vox2ras=TkReg
960
6942  -23.702  -64.902  -25.333 0.5000000000
9654  -27.946  -60.853  -20.092 0.3000000119
5559  -24.188  -66.435  -25.243 0.5000000000
118622  -26.930  -60.418  -23.041 0.4000000060
9680  -27.473  -60.345  -21.707 0.4000000060
9681  -28.498  -60.341  -21.988 0.4000000060
9666  -28.265  -60.459  -20.886 0.3000000119
9692  -27.773  -60.518  -23.498 0.4000000060
8325  -22.807  -62.867  -25.793 0.5000000000
7622  -22.934  -63.542  -26.277 0.5000000000
6921  -23.310  -64.092  -25.838 0.5000000000
7621  -22.230  -63.388  -26.392 0.6000000238
106383  -22.694  -63.983  -26.497 0.5000000000
6941  -23.047  -64.466  -26.108 0.6000000238
8908  -28.592  -61.445  -19.522 0.3000000119
6231  -22.649  -64.723  -25.750 0.5000000000
9691  -26.292  -60.579  -23.836 0.5000000000
9678  -25.894  -60.630  -22.911 0.5000000000
8931  -28.940  -60.958  -20.264 0.3000000119
111595  -22.485  -64.207  -26.358 0.6000000238
6232  -23.511  -65.277  -25.259 0.5000000000
106996  -26.821  -61.228  -24.872 0.5000000000
106135  -28.784  -60.689  -23.211 0.4000000060
122084  -29.984  -60.974  -21.381 0.3000000119
8932  -29.660  -61.174  -20.622 0.3000000119
9708  -27.446  -61.189  -25.262 0.4000000060
9702  -22.892  -60.584  -23.917 0.6999999881
9718  -23.482  -61.067  -24.799 0.6999999881
7602  -23.865  -63.632  -24.608 0.5000000000
9701  -21.479  -60.199  -23.689 0.6999999881
8997  -22.657  -61.640  -24.959 0.8000000119
9012  -22.408  -62.294  -25.345 0.5000000000
8324  -21.547  -62.610  -25.857 0.6999999881
9011  -20.273  -61.881  -25.266 0.6999999881
8290  -24.230  -62.136  -23.965 0.4000000060
8273  -24.849  -61.632  -23.731 0.5000000000
8241  -29.649  -61.737  -19.959 0.3000000119
7620  -20.887  -63.242  -26.227 0.6000000238
8966  -25.365  -61.173  -24.901 0.5000000000
9690  -25.924  -61.143  -24.853 0.5000000000
6940  -21.553  -63.854  -26.407 0.5000000000
9706  -26.418  -61.081  -25.403 0.5000000000
10454  -26.821  -60.556  -25.247 0.4000000060
9707  -26.963  -61.152  -25.381 0.4000000060
105029  -28.443  -61.188  -24.862 0.4000000060
8967  -29.659  -61.048  -23.605 0.4000000060
9682  -29.417  -60.665  -22.187 0.4000000060
9720  -27.420  -61.040  -25.455 0.3000000119
121567  -27.875  -61.119  -25.403 0.4000000060
11968  -20.843  -56.710  -22.389 0.5000000000
11192  -21.193  -57.391  -22.699 0.6000000238
10436  -21.675  -58.604  -22.789 0.6000000238
10449  -22.239  -59.717  -23.186 0.6000000238
11942  -20.520  -57.028  -21.602 0.5000000000
11954  -20.438  -57.122  -22.215 0.5000000000
11967  -20.284  -57.533  -22.695 0.6000000238
120740  -20.797  -58.016  -23.025 0.6000000238
10448  -20.767  -58.985  -23.367 0.6999999881
8307  -23.452  -62.430  -25.165 0.6000000238
7517  -30.092  -63.601  -17.563 0.3000000119
11171  -19.345  -58.533  -21.682 0.6999999881
11181  -19.807  -57.703  -22.111 0.6000000238
11190  -19.723  -57.810  -22.979 0.6000000238
11191  -20.068  -57.986  -23.324 0.6000000238
10447  -19.843  -58.682  -23.763 0.6999999881
9716  -19.602  -60.337  -24.445 0.6999999881
9719  -24.381  -61.058  -25.048 0.6000000238
8999  -24.064  -61.716  -25.092 0.6000000238
8308  -23.699  -62.602  -24.846 0.5000000000
11172  -19.836  -58.006  -20.961 0.6999999881
10427  -19.126  -59.135  -22.062 0.6000000238
9677  -19.257  -59.742  -22.584 0.6000000238
10435  -19.551  -58.393  -23.416 0.6000000238
9699  -19.369  -60.100  -24.205 0.6999999881
8995  -19.328  -61.087  -25.095 0.6999999881
8982  -24.743  -61.126  -25.000 0.5000000000
8221  -29.163  -62.299  -19.171 0.3000000119
118808  -19.229  -59.130  -20.852 0.6999999881
125578  -19.109  -59.119  -21.472 0.6000000238
8964  -19.410  -60.187  -23.542 0.6000000238
8981  -19.285  -60.910  -24.473 0.6000000238
8323  -19.960  -62.571  -25.761 0.6999999881
9704  -24.744  -60.608  -25.092 0.5000000000
108000  -25.263  -60.579  -25.140 0.5000000000
8965  -19.776  -61.235  -23.104 0.6000000238
9009  -18.771  -61.785  -25.464 0.6000000238
7618  -18.522  -63.374  -26.189 0.6000000238
7619  -19.390  -63.233  -26.316 0.6000000238
10452  -25.512  -60.081  -25.075 0.5000000000
8933  -30.257  -61.613  -20.783 0.3000000119
9676  -18.659  -59.958  -21.549 0.6999999881
8947  -19.126  -60.658  -21.866 0.6000000238
120836  -19.539  -60.666  -22.620 0.6000000238
8289  -19.679  -62.034  -23.753 0.6000000238
7581  -18.848  -62.740  -25.006 0.5000000000
115855  -18.579  -64.531  -26.466 0.5000000000
6939  -20.293  -64.132  -26.414 0.5000000000
10453  -26.058  -60.386  -25.193 0.5000000000
11212  -28.588  -59.841  -24.943 0.3000000119
10461  -28.903  -60.680  -25.192 0.3000000119
9721  -28.556  -61.063  -25.236 0.3000000119
9709  -29.467  -61.224  -25.024 0.4000000060
6229  -19.544  -64.852  -26.290 0.5000000000
10459  -27.710  -60.125  -25.143 0.3000000119
11943  -21.007  -56.230  -21.510 0.5000000000
11955  -20.906  -56.179  -21.953 0.5000000000
12797  -22.065  -55.499  -21.883 0.5000000000
12806  -21.403  -55.838  -22.066 0.5000000000
11174  -22.108  -57.451  -20.294 0.5000000000
11173  -20.993  -57.288  -20.855 0.5000000000
11969  -21.616  -56.479  -22.377 0.5000000000
11182  -23.862  -57.483  -21.851 0.6000000238
11194  -23.450  -58.417  -22.254 0.6000000238
11161  -20.802  -58.647  -20.231 0.5000000000
10437  -22.948  -59.274  -22.599 0.6000000238
9703  -24.122  -60.509  -24.784 0.8000000119
6830  -30.552  -64.309  -17.206 0.3000000119
10414  -19.962  -59.192  -20.202 0.6000000238
10438  -24.320  -59.563  -23.626 0.4000000060
6847  -30.879  -63.935  -17.923 0.3000000119
10413  -19.284  -59.584  -20.046 0.6999999881
10451  -24.602  -60.160  -24.799 0.5000000000
8213  -29.633  -62.976  -18.906 0.3000000119
7537  -30.405  -63.290  -19.270 0.3000000119
10412  -18.625  -59.734  -20.337 0.6999999881
11204  -25.791  -59.403  -24.244 0.4000000060
7547  -30.742  -63.015  -19.955 0.3000000119
10426  -18.720  -59.543  -21.153 0.6999999881
122149  -25.017  -59.910  -24.826 0.4000000060
8950  -30.529  -61.511  -21.774 0.3000000119
9663  -18.234  -60.242  -20.615 0.6000000238
8254  -19.756  -61.451  -22.170 0.6000000238
7567  -20.170  -62.776  -22.759 0.5000000000
7582  -19.784  -63.057  -23.636 0.5000000000
7600  -18.346  -63.732  -26.156 0.6000000238
11205  -26.545  -59.294  -24.297 0.4000000060
11207  -29.233  -58.548  -23.899 0.3000000119
11214  -30.471  -58.936  -24.296 0.3000000119
10462  -29.867  -60.309  -24.737 0.3000000119
9722  -29.489  -61.179  -25.106 0.4000000060
9683  -30.124  -60.992  -22.311 0.3000000119
125577  -19.979  -62.195  -21.733 0.6000000238
110531  -19.949  -63.838  -21.839 0.5000000000
6894  -19.525  -64.413  -22.609 0.5000000000
6907  -19.442  -64.002  -24.122 0.5000000000
6919  -18.305  -64.208  -26.057 0.5000000000
6227  -18.503  -64.723  -26.245 0.6000000238
6228  -18.616  -65.534  -26.217 0.5000000000
11206  -27.473  -58.866  -24.155 0.3000000119
117331  -28.348  -58.822  -24.111 0.3000000119
7555  -20.276  -62.968  -21.855 0.5000000000
6212  -18.395  -65.056  -25.653 0.5000000000
6196  -18.409  -65.546  -24.459 0.5000000000
11933  -23.104  -57.656  -19.937 0.5000000000
12789  -22.272  -55.528  -21.469 0.5000000000
13533  -22.790  -55.257  -21.494 0.5000000000
12798  -22.799  -55.294  -21.659 0.5000000000
11956  -22.115  -55.659  -22.128 0.5000000000
10415  -21.585  -59.282  -19.577 0.5000000000
11944  -21.708  -56.181  -21.148 0.5000000000
11958  -24.470  -56.565  -21.725 0.4000000060
6111  -30.899  -65.045  -16.841 0.3000000119
6112  -31.593  -65.455  -17.159 0.3000000119
9653  -20.900  -59.647  -19.563 0.6000000238
11971  -24.800  -57.926  -22.115 0.4000000060
11195  -24.542  -58.694  -22.592 0.4000000060
9652  -19.983  -60.057  -19.354 0.6000000238
7525  -30.927  -63.854  -18.881 0.3000000119
9651  -18.954  -60.087  -19.542 0.6000000238
11196  -25.356  -58.652  -22.887 0.4000000060
9632  -18.571  -60.599  -19.017 0.6000000238
11197  -26.151  -58.360  -23.109 0.4000000060
8242  -30.412  -62.363  -20.326 0.3000000119
9650  -18.188  -60.199  -19.848 0.6999999881
118753  -28.975  -57.664  -23.517 0.3000000119
115990  -23.419  -56.691  -20.307 0.5000000000
11945  -22.632  -55.685  -20.872 0.5000000000
12791  -23.823  -54.653  -20.881 0.5000000000
14264  -24.154  -54.627  -21.292 0.4000000060
11162  -22.736  -58.498  -19.558 0.5000000000
13539  -24.240  -54.703  -21.328 0.4000000060
12799  -23.680  -55.145  -21.618 0.4000000060
10417  -23.209  -59.113  -19.002 0.6000000238
119449  -25.430  -56.429  -21.750 0.4000000060
11972  -25.501  -57.583  -22.195 0.4000000060
6848  -31.512  -64.411  -18.431 0.3000000119
6831  -31.316  -64.658  -17.541 0.3000000119
9633  -19.446  -60.655  -18.748 0.6000000238
11980  -27.020  -57.974  -23.162 0.4000000060
123153  -27.795  -57.512  -23.109 0.4000000060
11981  -28.374  -57.604  -23.376 0.3000000119
9662  -17.601  -60.584  -20.040 0.6000000238
11946  -23.503  -55.334  -20.601 0.5000000000
13521  -24.716  -54.704  -20.737 0.4000000060
11163  -23.591  -58.463  -19.225 0.5000000000
11164  -24.028  -57.636  -19.673 0.5000000000
13536  -25.107  -54.541  -20.987 0.4000000060
10416  -22.445  -59.377  -19.202 0.6000000238
11154  -24.251  -58.189  -18.725 0.6000000238
13540  -24.991  -54.795  -21.275 0.4000000060
10404  -21.785  -59.962  -19.039 0.6000000238
123206  -22.395  -59.914  -18.506 0.6000000238
12801  -26.911  -55.734  -21.624 0.4000000060
11959  -26.423  -56.950  -22.121 0.4000000060
9635  -21.065  -60.380  -18.773 0.6000000238
11973  -27.542  -56.687  -22.420 0.4000000060
12808  -29.013  -55.906  -22.523 0.4000000060
7538  -31.192  -63.610  -19.615 0.3000000119
6863  -31.636  -64.264  -19.329 0.3000000119
9634  -20.366  -60.787  -18.360 0.6000000238
11975  -29.226  -56.480  -23.100 0.4000000060
7558  -31.937  -62.989  -21.021 0.3000000119
9631  -17.772  -60.699  -19.288 0.6000000238
8862  -18.204  -61.377  -17.510 0.6999999881
8852  -18.843  -61.441  -16.846 0.6999999881
8882  -18.354  -61.162  -18.333 0.6000000238
8851  -17.965  -61.303  -16.759 0.6999999881
8861  -17.355  -61.389  -17.378 0.6000000238
9589  -19.424  -61.078  -16.287 0.6999999881
9574  -19.106  -60.420  -15.733 0.6000000238
8850  -17.112  -61.239  -16.714 0.6999999881
9588  -18.538  -60.966  -16.186 0.6999999881
11934  -24.290  -56.517  -20.028 0.5000000000
12777  -25.381  -55.416  -20.039 0.5000000000
11928  -24.686  -57.231  -19.097 0.5000000000
12766  -25.050  -56.220  -19.492 0.5000000000
13509  -26.119  -55.381  -19.462 0.5000000000
13522  -25.646  -54.865  -20.463 0.4000000060
10405  -23.084  -59.575  -18.431 0.6000000238
11153  -23.750  -59.000  -18.458 0.6000000238
110387  -24.660  -57.549  -18.017 0.6000000238
12802  -26.590  -55.283  -21.080 0.4000000060
9636  -21.853  -60.384  -18.088 0.6000000238
118460  -24.097  -58.695  -17.026 0.6000000238
11922  -24.587  -57.916  -17.044 0.6000000238
118317  -27.544  -55.827  -21.519 0.4000000060
120688  -21.160  -60.846  -18.005 0.6000000238
9614  -22.186  -60.427  -17.314 0.6000000238
10374  -22.691  -60.003  -16.862 0.6000000238
11132  -23.806  -59.062  -16.625 0.6000000238
12807  -28.157  -55.933  -22.113 0.4000000060
11960  -29.681  -56.249  -22.017 0.4000000060
9612  -20.625  -61.121  -17.347 0.6000000238
9592  -21.992  -60.535  -16.685 0.6000000238
11103  -23.758  -59.105  -15.928 0.6000000238
11104  -24.241  -58.652  -15.429 0.6000000238
12804  -29.336  -55.902  -22.351 0.4000000060
12805  -30.049  -56.112  -22.775 0.4000000060
8864  -19.747  -61.240  -17.879 0.6000000238
9591  -21.206  -60.799  -16.569 0.5000000000
9578  -22.313  -60.156  -16.234 0.6000000238
113582  -22.772  -59.843  -16.129 0.6000000238
11084  -23.470  -58.955  -15.132 0.6000000238
11870  -24.819  -58.007  -14.337 0.6999999881
8883  -19.052  -61.102  -18.316 0.6999999881
8853  -19.698  -61.423  -17.031 0.6000000238
9576  -20.905  -60.518  -15.834 0.6000000238
10353  -22.250  -59.744  -15.608 0.6000000238
11085  -24.052  -58.565  -14.459 0.6000000238
11860  -25.000  -57.759  -13.552 0.6000000238
10339  -21.870  -59.329  -14.871 0.6000000238
108212  -23.104  -58.716  -14.395 0.6000000238
11074  -23.478  -58.317  -13.705 0.6000000238
117900  -24.461  -57.730  -13.017 0.6000000238
9575  -19.994  -60.483  -15.788 0.6000000238
10352  -21.407  -59.839  -15.451 0.6000000238
11083  -22.283  -58.784  -14.382 0.5000000000
11073  -22.642  -58.372  -13.786 0.6000000238
11859  -23.762  -57.816  -13.055 0.6000000238
10338  -21.021  -59.184  -14.939 0.5000000000
9587  -17.656  -60.744  -16.223 0.6999999881
9573  -18.256  -60.251  -15.780 0.6999999881
10350  -19.644  -59.731  -15.374 0.5000000000
10337  -20.130  -59.112  -14.890 0.6000000238
11082  -21.480  -58.729  -14.345 0.5000000000
11072  -21.920  -58.375  -13.904 0.5000000000
11081  -20.623  -58.546  -14.402 0.6000000238
14954  -13.013  -53.577  -17.971 0.6000000238
107415  -14.238  -53.640  -18.527 0.6000000238
14976  -14.168  -53.875  -19.379 0.6000000238
12767  -25.751  -55.870  -18.884 0.5000000000
13538  -26.624  -55.236  -20.487 0.5000000000
11923  -25.229  -57.020  -17.407 0.5000000000
12739  -25.885  -56.489  -16.765 0.5000000000
12792  -27.277  -55.545  -20.759 0.4000000060
12793  -28.035  -56.000  -21.181 0.4000000060
105380  -25.157  -57.400  -16.544 0.5000000000
11912  -26.433  -56.542  -15.980 0.5000000000
12794  -28.897  -55.894  -21.620 0.4000000060
11910  -24.895  -57.999  -15.807 0.5000000000
11911  -25.662  -57.189  -15.878 0.5000000000
12803  -28.639  -55.759  -21.947 0.4000000060
11889  -24.694  -58.277  -15.004 0.6000000238
11890  -25.346  -57.753  -15.081 0.6000000238
11872  -26.304  -57.391  -14.274 0.5000000000
11850  -25.147  -57.387  -12.682 0.4000000060
11851  -26.152  -57.063  -12.828 0.4000000060
12695  -27.066  -56.753  -12.996 0.4000000060
11849  -24.189  -57.345  -12.448 0.6000000238
12681  -25.639  -56.752  -12.032 0.5000000000
12682  -26.558  -56.674  -12.113 0.4000000060
12683  -27.519  -56.441  -12.192 0.4000000060
13438  -27.504  -55.850  -11.580 0.4000000060
8849  -16.342  -61.175  -16.898 0.6999999881
11858  -22.950  -57.864  -13.212 0.6000000238
12680  -24.706  -56.787  -11.920 0.5000000000
13437  -26.706  -55.647  -11.234 0.4000000060
126912  -18.781  -59.116  -15.409 0.6000000238
11071  -21.169  -58.079  -13.648 0.5000000000
11857  -22.093  -57.866  -13.400 0.5000000000
12679  -23.792  -56.655  -11.950 0.5000000000
13436  -25.802  -55.439  -10.969 0.5000000000
14180  -27.436  -54.926  -11.156 0.4000000060
10336  -19.322  -58.961  -15.122 0.6000000238
12678  -22.375  -56.597  -12.586 0.5000000000
15671  -11.805  -52.665  -16.181 0.6999999881
124685  -13.354  -53.421  -16.759 0.6000000238
14924  -13.081  -53.071  -16.303 0.6999999881
119222  -13.641  -53.625  -17.365 0.6000000238
14925  -13.711  -53.058  -15.709 0.6000000238
14967  -15.207  -53.519  -18.588 0.6000000238
104876  -15.165  -53.655  -16.808 0.6000000238
104814  -14.688  -53.451  -15.755 0.6000000238
15648  -14.223  -52.497  -15.099 0.6000000238
121704  -14.940  -52.089  -14.807 0.6000000238
14977  -15.239  -53.805  -19.333 0.5000000000
107414  -15.688  -53.395  -18.026 0.6000000238
14940  -15.812  -53.651  -15.926 0.6000000238
14926  -15.361  -53.075  -15.160 0.6000000238
13523  -26.329  -55.201  -20.009 0.5000000000
14254  -15.608  -54.287  -19.579 0.5000000000
14978  -16.022  -53.870  -19.393 0.5000000000
104984  -16.254  -53.482  -17.236 0.5000000000
14927  -16.545  -53.400  -15.517 0.5000000000
12753  -25.857  -56.231  -17.822 0.4000000060
12754  -26.494  -55.968  -17.414 0.5000000000
12779  -27.893  -56.277  -19.465 0.5000000000
105839  -27.755  -56.024  -20.304 0.4000000060
14255  -16.311  -54.205  -19.339 0.5000000000
117286  -16.617  -53.812  -19.074 0.5000000000
105102  -17.280  -53.390  -17.660 0.5000000000
14941  -16.846  -53.463  -16.482 0.5000000000
11947  -28.446  -56.561  -20.443 0.4000000060
11936  -29.008  -57.513  -20.088 0.4000000060
11175  -29.679  -57.952  -20.619 0.4000000060
13520  -15.838  -54.793  -19.493 0.5000000000
105295  -17.325  -53.807  -18.590 0.5000000000
14957  -17.548  -53.538  -18.214 0.6000000238
108102  -18.096  -53.520  -17.894 0.6000000238
11948  -29.126  -57.073  -21.196 0.4000000060
13497  -16.980  -55.528  -18.149 0.6000000238
119854  -18.045  -54.497  -18.178 0.6000000238
14243  -18.025  -53.768  -18.201 0.6999999881
12722  -27.004  -56.553  -15.449 0.4000000060
11891  -26.238  -57.171  -15.106 0.5000000000
11141  -15.047  -58.728  -17.264 0.6000000238
12705  -26.952  -56.945  -14.604 0.5000000000
110990  -27.570  -56.737  -13.951 0.4000000060
10393  -15.288  -59.711  -16.891 0.6000000238
11862  -26.687  -57.132  -13.708 0.4000000060
10371  -15.929  -59.687  -16.597 0.6000000238
10372  -16.537  -59.946  -16.277 0.6000000238
12684  -28.421  -56.284  -12.535 0.4000000060
11131  -17.908  -58.294  -15.954 0.6000000238
10373  -17.322  -60.081  -15.791 0.6999999881
107948  -19.321  -58.194  -15.010 0.6000000238
11868  -19.664  -57.498  -14.728 0.6000000238
11869  -20.367  -57.832  -14.178 0.5000000000
110010  -21.526  -56.922  -13.242 0.5000000000
15663  -12.713  -52.479  -15.683 0.6999999881
126840  -13.374  -52.310  -15.335 0.6999999881
16356  -13.445  -51.545  -14.943 0.6000000238
105019  -13.438  -50.580  -14.755 0.6000000238
16347  -15.221  -51.296  -14.627 0.6999999881
15649  -15.767  -52.324  -14.664 0.6000000238
14909  -16.260  -53.131  -14.950 0.6000000238
109263  -27.001  -55.774  -18.016 0.5000000000
13510  -26.760  -55.471  -18.982 0.5000000000
115370  -27.994  -56.498  -18.625 0.5000000000
14910  -17.065  -53.231  -14.995 0.6000000238
15650  -16.715  -52.564  -14.567 0.5000000000
11935  -28.543  -57.043  -19.188 0.5000000000
14943  -18.807  -53.631  -17.377 0.6000000238
14942  -17.856  -53.432  -16.988 0.6000000238
15651  -17.739  -52.681  -14.721 0.5000000000
12740  -26.700  -56.183  -16.619 0.5000000000
116102  -15.437  -57.675  -17.619 0.6000000238
11919  -15.986  -56.796  -18.000 0.4000000060
12750  -16.634  -56.281  -17.876 0.6000000238
14235  -18.574  -54.048  -18.104 0.6000000238
14958  -18.552  -53.775  -17.929 0.6000000238
119896  -18.370  -53.428  -16.241 0.6000000238
12741  -27.305  -56.347  -16.409 0.4000000060
126330  -16.042  -57.431  -17.324 0.5000000000
11921  -16.640  -56.964  -17.445 0.5000000000
12751  -17.311  -56.239  -17.486 0.6000000238
13498  -17.730  -55.254  -17.871 0.6999999881
13488  -18.906  -55.306  -17.184 0.6000000238
13500  -19.119  -54.363  -17.559 0.6000000238
14944  -19.760  -53.740  -17.011 0.6000000238
12706  -27.618  -56.707  -14.960 0.5000000000
11142  -15.730  -58.072  -16.886 0.6000000238
12736  -17.845  -56.621  -16.977 0.6000000238
12752  -18.105  -55.745  -17.225 0.6000000238
13489  -19.418  -54.818  -16.989 0.6000000238
14228  -19.863  -54.073  -17.140 0.6000000238
14945  -20.515  -53.637  -16.572 0.6000000238
11129  -16.395  -58.488  -16.569 0.5000000000
11908  -17.258  -57.176  -16.999 0.6000000238
12737  -18.533  -56.411  -16.595 0.6000000238
13479  -19.900  -54.932  -16.361 0.6000000238
13480  -20.669  -54.572  -15.974 0.6000000238
115893  -16.320  -59.240  -16.435 0.6000000238
108757  -17.103  -59.099  -16.126 0.6000000238
11130  -17.173  -58.015  -16.483 0.6000000238
12719  -19.046  -56.665  -15.906 0.6000000238
12720  -19.600  -56.073  -15.777 0.6000000238
11888  -19.104  -57.537  -15.385 0.6000000238
11102  -18.729  -58.437  -15.452 0.6000000238
114734  -20.193  -56.970  -14.216 0.5000000000
15662  -11.492  -51.985  -15.267 0.6999999881
104497  -12.562  -51.787  -15.043 0.6999999881
14895  -11.139  -52.612  -14.110 0.6999999881
16343  -11.115  -51.437  -14.146 0.6999999881
17047  -11.274  -50.924  -14.159 0.6999999881
17048  -11.838  -50.404  -14.262 0.6999999881
124642  -13.971  -50.377  -14.865 0.6000000238
17050  -14.601  -50.294  -14.807 0.5000000000
16346  -14.269  -51.201  -14.821 0.6999999881
105343  -15.539  -50.643  -14.594 0.5000000000
16348  -16.248  -51.468  -14.363 0.5000000000
108708  -17.169  -51.998  -14.251 0.5000000000
114966  -27.676  -56.392  -17.815 0.4000000060
11155  -28.565  -58.121  -18.606 0.5000000000
11165  -28.881  -58.003  -19.335 0.5000000000
10418  -29.897  -59.137  -19.233 0.4000000060
12755  -27.126  -56.083  -17.155 0.4000000060
11930  -28.219  -57.289  -18.221 0.4000000060
14911  -18.663  -53.132  -15.305 0.6000000238
14929  -19.443  -53.448  -16.493 0.6000000238
15664  -19.761  -52.984  -15.501 0.6000000238
14219  -21.136  -53.746  -16.288 0.6000000238
14930  -20.449  -53.276  -16.418 0.6000000238
12721  -20.101  -55.536  -15.427 0.6000000238
14931  -21.166  -53.172  -16.275 0.6000000238
122045  -19.400  -56.873  -15.319 0.6000000238
14206  -21.471  -54.209  -15.690 0.5000000000
12704  -19.779  -56.513  -14.901 0.6000000238
118194  -20.263  -56.017  -14.481 0.5000000000
12693  -20.988  -55.873  -13.338 0.5000000000
14896  -12.000  -53.060  -13.711 0.6999999881
15641  -11.615  -52.174  -13.720 0.6999999881
17026  -11.700  -50.778  -13.421 0.6999999881
122325  -11.632  -50.374  -13.967 0.6999999881
114685  -11.879  -50.163  -13.606 0.6000000238
17775  -12.197  -49.754  -14.035 0.6999999881
17049  -12.702  -49.974  -14.454 0.4000000060
14897  -13.056  -53.275  -13.550 0.6999999881
15642  -12.534  -52.496  -13.342 0.6999999881
15629  -12.045  -51.598  -13.342 0.6000000238
17027  -12.208  -50.378  -13.235 0.6000000238
115107  -13.653  -49.695  -14.801 0.5000000000
13457  -13.581  -54.807  -14.130 0.6999999881
14195  -13.542  -53.991  -13.842 0.6999999881
106190  -14.407  -49.315  -15.235 0.5000000000
13459  -14.877  -55.870  -13.257 0.6999999881
108960  -15.290  -49.833  -14.918 0.5000000000
12691  -15.258  -56.654  -12.751 0.6000000238
12676  -15.595  -56.618  -12.170 0.6000000238
11840  -16.040  -57.252  -11.007 0.6000000238
11801  -16.401  -57.777  -9.284 0.5000000000
12627  -16.800  -57.127  -8.707 0.5000000000
10406  -28.862  -58.975  -18.098 0.4000000060
11156  -29.226  -58.684  -18.896 0.4000000060
14220  -21.669  -53.368  -15.927 0.6000000238
17751  -12.488  -49.926  -13.302 0.5000000000
17764  -12.376  -49.714  -13.666 0.5000000000
14882  -13.627  -52.643  -13.051 0.6000000238
113739  -13.299  -51.155  -12.609 0.6000000238
16313  -12.971  -50.422  -12.805 0.6000000238
18511  -13.206  -49.042  -13.736 0.5000000000
17776  -13.070  -49.306  -14.406 0.5000000000
17777  -13.787  -48.901  -15.034 0.5000000000
123335  -14.820  -54.991  -13.563 0.6999999881
14898  -13.991  -53.618  -13.410 0.6000000238
14883  -14.672  -53.137  -12.930 0.6000000238
111995  -13.744  -51.792  -12.703 0.6000000238
16315  -14.991  -51.230  -11.985 0.6000000238
17791  -14.572  -48.679  -15.378 0.5000000000
14188  -15.409  -55.057  -13.046 0.6999999881
14187  -14.970  -54.165  -13.268 0.6000000238
14884  -15.459  -53.590  -12.575 0.6000000238
15632  -15.266  -52.772  -12.464 0.6000000238
15620  -15.513  -52.074  -12.106 0.6000000238
13447  -15.481  -55.911  -12.485 0.6000000238
109213  -16.036  -55.115  -12.233 0.6000000238
14174  -16.172  -54.097  -12.141 0.6000000238
14869  -16.009  -53.015  -12.012 0.6000000238
13431  -15.888  -56.114  -11.814 0.6000000238
12656  -16.543  -56.037  -10.642 0.6000000238
14175  -16.649  -54.696  -11.510 0.6000000238
14870  -16.767  -53.697  -11.540 0.6000000238
116908  -16.404  -56.786  -10.499 0.5000000000
12644  -16.712  -56.911  -9.722 0.5000000000
13405  -16.912  -55.919  -9.774 0.5000000000
13420  -17.051  -55.309  -10.838 0.6000000238
14162  -17.491  -54.313  -10.934 0.6000000238
12614  -15.627  -56.665  -7.135 0.5000000000
12628  -17.226  -56.279  -8.646 0.5000000000
13406  -17.583  -55.449  -9.169 0.6000000238
107431  -17.982  -54.810  -9.516 0.6000000238
12597  -16.126  -55.922  -6.972 0.5000000000
13373  -17.024  -55.773  -7.207 0.5000000000
12616  -17.333  -56.185  -7.787 0.4000000060
13387  -17.714  -55.617  -8.234 0.5000000000
14150  -18.081  -54.979  -8.724 0.6000000238
17738  -13.138  -49.836  -12.903 0.6000000238
18512  -14.010  -48.650  -13.738 0.5000000000
18528  -13.536  -48.798  -14.385 0.5000000000
123835  -14.276  -50.395  -12.263 0.6000000238
17753  -14.497  -49.263  -12.885 0.5000000000
18541  -14.190  -48.332  -14.985 0.5000000000
110176  -15.560  -50.952  -11.581 0.6999999881
113613  -16.099  -52.234  -11.696 0.6000000238
16316  -15.820  -51.533  -11.640 0.6999999881
105872  -16.663  -52.734  -11.413 0.6000000238
15621  -16.497  -51.922  -11.285 0.6999999881
14859  -17.420  -53.253  -11.016 0.6000000238
15611  -17.182  -52.325  -10.816 0.6999999881
14163  -18.080  -54.313  -10.126 0.6000000238
15612  -17.981  -52.778  -10.290 0.6999999881
14110  -15.244  -54.352  -6.895 0.5000000000
13360  -16.576  -55.174  -6.675 0.5000000000
13374  -17.654  -55.437  -7.508 0.4000000060
122490  -18.077  -55.098  -7.916 0.6000000238
14151  -18.485  -54.268  -9.253 0.6000000238
14090  -16.119  -54.404  -6.524 0.5000000000
13361  -17.413  -55.040  -6.897 0.4000000060
14111  -18.075  -54.656  -7.288 0.5000000000
17740  -14.837  -50.054  -12.392 0.6000000238
105485  -15.596  -50.272  -11.935 0.5000000000
17754  -15.545  -49.249  -12.361 0.5000000000
16317  -16.312  -51.216  -11.311 0.6999999881
14854  -18.429  -53.582  -9.896 0.6999999881
14129  -18.428  -54.480  -8.189 0.6000000238
14842  -18.931  -53.855  -8.568 0.6000000238
116362  -16.658  -53.535  -6.469 0.5000000000
14092  -17.699  -54.413  -6.715 0.4000000060
15571  -16.806  -52.533  -6.545 0.4000000060
113934  -17.385  -53.091  -6.444 0.5000000000
14814  -18.217  -53.928  -6.776 0.5000000000
17019  -16.264  -50.524  -11.466 0.6000000238
17741  -16.312  -49.660  -11.694 0.5000000000
17006  -16.935  -50.823  -11.078 0.6000000238
17020  -16.955  -50.061  -11.242 0.5000000000
107785  -17.563  -51.080  -10.554 0.6000000238
16308  -17.641  -51.844  -10.295 0.6000000238
17008  -18.207  -50.463  -10.439 0.5000000000
15613  -18.279  -52.091  -9.844 0.6000000238
15605  -18.821  -52.807  -9.528 0.6999999881
16298  -19.082  -51.833  -9.513 0.5000000000
14827  -18.744  -53.871  -7.535 0.6000000238
14815  -18.712  -53.300  -6.869 0.5000000000
108842  -18.087  -53.213  -6.481 0.5000000000
21051  -12.676  -45.538  -8.794 0.4000000060
21909  -13.327  -44.762  -8.744 0.3000000119
109571  -13.604  -45.789  -8.417 0.4000000060
17730  -17.675  -49.777  -10.982 0.5000000000
19329  -14.175  -47.178  -7.976 0.3000000119
20253  -14.328  -46.450  -8.180 0.4000000060
16309  -18.251  -51.375  -10.043 0.5000000000
19314  -14.837  -47.909  -7.771 0.3000000119
106133  -15.137  -48.862  -7.462 0.3000000119
15606  -19.535  -52.498  -8.888 0.6000000238
14828  -19.175  -53.139  -7.449 0.6999999881
15598  -19.579  -52.883  -8.120 0.6000000238
15572  -17.743  -52.326  -6.433 0.5000000000
121832  -19.062  -52.740  -6.951 0.5000000000
15573  -18.580  -52.609  -6.615 0.4000000060
15574  -19.198  -52.061  -6.701 0.4000000060
21929  -12.952  -44.230  -9.876 0.3000000119
21052  -14.456  -45.477  -8.209 0.3000000119
20254  -15.164  -46.241  -8.060 0.4000000060
16999  -19.043  -50.925  -9.880 0.5000000000
118281  -15.529  -47.475  -7.758 0.4000000060
16299  -19.839  -51.877  -8.947 0.5000000000
108724  -19.774  -51.232  -9.285 0.5000000000
16288  -20.047  -52.169  -8.073 0.5000000000
15582  -19.536  -52.508  -7.370 0.5000000000
124455  -17.114  -50.896  -6.529 0.3000000119
16261  -17.911  -51.309  -6.446 0.4000000060
16262  -18.876  -51.333  -6.369 0.4000000060
16272  -19.863  -51.926  -7.180 0.4000000060
117771  -13.362  -43.617  -10.313 0.3000000119
22759  -13.648  -43.627  -9.112 0.3000000119
21910  -14.289  -44.305  -8.322 0.4000000060
116155  -15.069  -44.920  -8.102 0.4000000060
18493  -18.831  -48.636  -11.065 0.4000000060
21053  -15.339  -45.574  -8.057 0.4000000060
19330  -14.979  -47.012  -7.919 0.4000000060
17009  -19.154  -50.123  -10.265 0.4000000060
20240  -15.751  -46.794  -7.856 0.4000000060
16986  -20.259  -51.421  -8.524 0.5000000000
110394  -15.730  -48.211  -7.535 0.4000000060
105174  -16.041  -49.160  -7.227 0.3000000119
16956  -17.660  -50.416  -6.519 0.3000000119
22777  -13.798  -43.037  -10.060 0.3000000119
22778  -14.266  -43.011  -9.281 0.3000000119
22760  -14.604  -43.462  -8.567 0.3000000119
21911  -15.268  -44.162  -8.127 0.4000000060
21912  -16.228  -44.114  -8.144 0.3000000119
18502  -18.806  -47.838  -11.329 0.4000000060
19367  -18.829  -47.166  -11.636 0.4000000060
20255  -15.912  -45.995  -7.921 0.4000000060
17731  -19.383  -49.323  -10.525 0.4000000060
17000  -19.826  -50.471  -9.660 0.4000000060
19315  -16.330  -47.490  -7.653 0.3000000119
17001  -20.502  -50.779  -9.015 0.4000000060
17690  -16.767  -49.124  -7.114 0.3000000119
16263  -19.693  -51.246  -6.742 0.4000000060
120420  -14.168  -42.912  -10.958 0.3000000119
22761  -15.599  -43.352  -8.413 0.4000000060
20289  -18.713  -46.307  -12.082 0.4000000060
19368  -19.404  -47.377  -11.180 0.4000000060
21054  -15.902  -45.022  -7.882 0.4000000060
18494  -19.696  -48.540  -10.646 0.4000000060
122643  -19.863  -49.833  -10.066 0.4000000060
17722  -20.223  -49.192  -10.200 0.4000000060
20241  -16.530  -46.563  -7.762 0.3000000119
17723  -20.663  -49.933  -9.527 0.4000000060
19316  -17.153  -47.873  -7.453 0.3000000119
18456  -16.551  -48.437  -7.359 0.3000000119
18457  -17.263  -48.704  -7.099 0.3000000119
16987  -20.701  -50.824  -8.109 0.5000000000
104757  -18.241  -49.810  -6.518 0.3000000119
16264  -20.280  -50.847  -7.045 0.4000000060
16957  -18.531  -50.630  -6.395 0.4000000060
23605  -14.430  -42.459  -10.147 0.3000000119
20290  -19.454  -46.595  -11.485 0.4000000060
21039  -16.681  -45.675  -7.786 0.3000000119
19356  -19.939  -47.782  -10.745 0.4000000060
20280  -20.082  -46.971  -10.935 0.3000000119
18485  -21.017  -49.006  -9.768 0.4000000060
125217  -17.056  -47.105  -7.630 0.3000000119
19317  -17.825  -47.280  -7.423 0.3000000119
17708  -21.179  -50.248  -8.607 0.4000000060
18444  -17.969  -48.976  -6.760 0.3000000119
17675  -18.854  -49.146  -6.648 0.3000000119
104983  -19.106  -50.043  -6.421 0.3000000119
16958  -19.920  -50.358  -6.676 0.3000000119
21895  -16.818  -44.764  -7.834 0.3000000119
21913  -16.998  -43.907  -7.897 0.3000000119
21040  -17.454  -45.306  -7.667 0.3000000119
18495  -20.471  -48.357  -10.308 0.4000000060
19357  -20.681  -47.509  -10.445 0.4000000060
104738  -21.510  -49.523  -9.091 0.4000000060
18458  -17.833  -48.178  -7.055 0.3000000119
124301  -18.432  -48.488  -6.852 0.3000000119
16972  -21.202  -50.229  -7.561 0.3000000119
17676  -19.756  -49.409  -6.537 0.3000000119
20243  -18.300  -46.511  -7.405 0.3000000119
119391  -18.468  -47.818  -7.089 0.3000000119
18486  -21.737  -48.718  -9.341 0.3000000119
19345  -22.063  -47.952  -9.589 0.3000000119
17709  -21.694  -49.522  -8.214 0.3000000119
123821  -19.379  -48.881  -6.610 0.3000000119
16960  -21.207  -49.904  -6.875 0.3000000119
121622  -18.870  -45.891  -7.065 0.3000000119
126062  -19.213  -45.379  -7.078 0.3000000119
19303  -19.093  -47.503  -7.056 0.3000000119
18473  -21.956  -49.035  -8.735 0.3000000119
126756  -19.440  -46.345  -6.915 0.3000000119
21042  -19.600  -45.730  -6.898 0.3000000119
105630  -19.229  -50.737  -6.419 0.4000000060
17674  -17.331  -49.567  -6.783 0.3000000119
9013  -23.100  -62.223  -25.226 0.6000000238
7601  -23.300  -63.192  -25.561 0.5000000000
124647  -25.190  -61.404  -23.552 0.5000000000
117653  -21.572  -61.344  -24.581 0.6999999881
10450  -23.635  -60.027  -23.854 0.6999999881
8996  -20.460  -61.242  -24.668 0.6999999881
118624  -21.533  -61.917  -25.042 0.6999999881
9010  -19.072  -61.656  -25.479 0.6999999881
9705  -25.877  -60.829  -25.299 0.5000000000
8256  -30.774  -62.127  -21.195 0.3000000119
11970  -22.604  -56.744  -22.191 0.6000000238
11193  -22.192  -57.791  -22.396 0.6000000238
11957  -23.119  -55.922  -21.894 0.5000000000
9700  -20.121  -59.514  -24.129 0.6999999881
7524  -30.269  -63.386  -18.403 0.3000000119
114017  -19.200  -58.895  -23.171 0.6000000238
10446  -19.516  -59.267  -23.870 0.6000000238
9715  -19.211  -60.890  -24.615 0.6999999881
8288  -18.771  -61.635  -25.109 0.6000000238
8322  -18.853  -62.421  -25.819 0.6999999881
8272  -20.149  -62.177  -22.486 0.5000000000
107534  -18.502  -63.239  -25.868 0.5000000000
8928  -18.403  -60.880  -21.078 0.6000000238
6920  -18.437  -63.730  -25.638 0.5000000000
8951  -31.087  -61.800  -22.199 0.3000000119
6906  -18.441  -64.640  -25.085 0.5000000000
118588  -25.783  -55.545  -21.460 0.4000000060
10394  -22.653  -59.993  -17.759 0.6000000238
8863  -19.023  -61.384  -17.599 0.6999999881
9590  -20.328  -61.001  -16.445 0.6000000238
10351  -20.533  -59.807  -15.380 0.6000000238
10395  -23.544  -59.395  -17.437 0.6000000238
11133  -24.347  -58.558  -16.321 0.6000000238
121869  -24.718  -57.948  -16.431 0.5000000000
10340  -22.657  -59.206  -14.959 0.6000000238
11861  -25.829  -57.481  -13.542 0.4000000060
9586  -16.807  -60.636  -16.417 0.6000000238
10348  -18.129  -59.326  -15.641 0.6999999881
14955  -14.690  -53.553  -17.693 0.6000000238
12768  -26.359  -55.713  -18.370 0.4000000060
106773  -26.994  -56.255  -16.039 0.4000000060
12696  -27.934  -56.624  -13.107 0.4000000060
11848  -23.210  -57.202  -12.577 0.4000000060
9585  -15.897  -60.467  -16.734 0.6000000238
14939  -14.016  -53.581  -16.510 0.6000000238
14956  -16.727  -53.484  -18.382 0.6000000238
13507  -16.580  -54.894  -18.935 0.5000000000
126906  -17.812  -53.186  -15.348 0.6000000238
12765  -16.298  -55.851  -18.468 0.4000000060
11887  -18.515  -57.437  -15.917 0.5000000000
12723  -27.505  -56.514  -15.749 0.5000000000
12738  -19.243  -55.696  -16.495 0.6000000238
11909  -17.896  -57.351  -16.511 0.5000000000
11856  -15.152  -57.269  -12.971 0.6000000238
12615  -16.593  -56.620  -7.526 0.5000000000
117177  -14.094  -51.252  -12.320 0.5000000000
15631  -14.599  -52.094  -12.569 0.6000000238
17018  -14.917  -50.724  -12.037 0.6000000238
13432  -16.378  -55.620  -11.374 0.6000000238
13359  -15.633  -55.175  -6.704 0.5000000000
14091  -17.032  -54.437  -6.449 0.5000000000
15597  -19.278  -53.227  -8.810 0.6000000238
20252  -13.348  -46.633  -8.380 0.3000000119
17007  -17.466  -50.429  -10.832 0.5000000000
16260  -16.967  -51.624  -6.500 0.3000000119
113795  -18.529  -49.564  -10.793 0.4000000060
16955  -16.838  -50.243  -6.698 0.3000000119
16273  -20.265  -51.349  -7.548 0.5000000000
121026  -19.322  -48.008  -10.962 0.4000000060
16971  -20.649  -50.732  -7.417 0.4000000060
24457  -15.333  -41.399  -9.917 0.3000000119
20242  -17.429  -46.309  -7.634 0.3000000119
125256  -18.534  -47.168  -7.294 0.3000000119
4863  -17.316  -67.759  -21.078 0.5000000000
5512  -17.432  -67.121  -21.945 0.5000000000
5513  -18.036  -66.531  -22.540 0.5000000000
5530  -18.241  -66.389  -23.757 0.4000000060
4285  -16.505  -68.006  -19.967 0.5000000000
124157  -17.036  -67.736  -20.362 0.5000000000
5499  -17.568  -67.054  -21.113 0.5000000000
6183  -18.475  -65.824  -23.072 0.5000000000
6893  -18.808  -65.027  -23.598 0.4000000060
4837  -16.909  -67.334  -19.727 0.4000000060
5489  -17.456  -67.205  -20.342 0.5000000000
5500  -18.028  -66.530  -21.460 0.5000000000
6184  -18.926  -65.167  -22.236 0.4000000060
5473  -17.520  -66.542  -19.472 0.5000000000
5474  -18.331  -65.847  -19.701 0.5000000000
5490  -18.024  -66.573  -20.433 0.5000000000
6158  -18.713  -65.810  -20.667 0.5000000000
112354  -18.947  -65.215  -19.838 0.5000000000
6159  -19.346  -64.942  -20.405 0.5000000000
6882  -19.546  -64.534  -21.318 0.4000000060
6140  -17.754  -65.597  -18.931 0.5000000000
6142  -19.145  -64.307  -19.637 0.5000000000
6872  -19.588  -64.187  -20.365 0.5000000000
106729  -19.760  -63.595  -21.008 0.5000000000
7544  -16.223  -62.937  -20.222 0.5000000000
6122  -17.102  -65.281  -18.570 0.5000000000
6844  -17.058  -64.658  -18.639 0.5000000000
6861  -18.243  -64.082  -19.162 0.5000000000
7532  -17.713  -63.288  -19.559 0.5000000000
7533  -18.640  -63.330  -19.691 0.5000000000
7534  -19.384  -63.429  -20.164 0.5000000000
114853  -19.561  -62.601  -20.966 0.5000000000
7531  -16.770  -63.521  -19.642 0.5000000000
8903  -15.812  -61.885  -19.843 0.5000000000
8218  -16.898  -62.396  -20.127 0.5000000000
8926  -16.670  -61.686  -20.025 0.5000000000
8904  -16.557  -61.457  -19.622 0.5000000000
8219  -17.856  -62.346  -20.080 0.5000000000
8237  -17.300  -61.559  -20.204 0.5000000000
8927  -17.145  -61.127  -20.048 0.5000000000
8238  -18.039  -61.553  -20.481 0.5000000000
119321  -18.822  -62.503  -20.272 0.5000000000
8239  -18.842  -61.791  -20.808 0.5000000000
8253  -19.250  -61.596  -21.438 0.5000000000
8858  -14.877  -61.137  -17.759 0.5000000000
8859  -15.596  -61.112  -17.326 0.6000000238
122624  -15.923  -61.624  -19.393 0.5000000000
108257  -16.692  -61.418  -17.991 0.5000000000
8905  -17.174  -61.018  -19.514 0.5000000000
106744  -17.678  -60.920  -20.429 0.5000000000
10392  -14.559  -59.752  -17.415 0.5000000000
9611  -15.065  -60.493  -17.265 0.5000000000
118298  -16.718  -61.380  -17.253 0.6000000238
14965  -11.031  -53.243  -18.036 0.5000000000
14966  -12.370  -53.663  -18.337 0.6000000238
125857  -10.176  -52.653  -17.757 0.5000000000
14952  -10.408  -52.544  -17.378 0.5000000000
14938  -12.570  -53.311  -16.963 0.6000000238
15670  -10.606  -52.378  -16.635 0.6000000238
15669  -9.918  -52.083  -17.046 0.5000000000
15660  -10.304  -52.424  -16.203 0.6000000238
14906  -10.417  -52.696  -15.342 0.5000000000
111429  -10.866  -52.241  -15.908 0.6000000238
15661  -10.683  -52.153  -15.266 0.6000000238
14923  -10.399  -53.431  -15.352 0.5000000000
14907  -10.705  -53.056  -14.651 0.6000000238
15647  -10.799  -52.130  -14.558 0.6000000238
14204  -12.146  -54.309  -14.710 0.5000000000
14908  -11.543  -53.486  -14.295 0.5000000000
13467  -13.506  -55.465  -14.705 0.5000000000
13458  -14.044  -55.562  -14.193 0.6000000238
11846  -15.194  -57.927  -12.911 0.6000000238
11855  -14.757  -57.470  -13.470 0.5000000000
14205  -12.754  -53.892  -14.185 0.5000000000
12690  -14.760  -56.740  -13.337 0.5000000000
11822  -15.994  -58.004  -10.825 0.6000000238
11847  -15.585  -57.394  -12.336 0.6000000238
11823  -16.271  -57.514  -10.220 0.6000000238
8969  -31.180  -61.726  -23.474 0.3000000119
8985  -32.152  -61.588  -24.797 0.3000000119
8983  -30.413  -61.418  -24.276 0.3000000119
9003  -33.541  -61.226  -24.565 0.3000000119
9000  -30.304  -61.241  -25.050 0.3000000119
8968  -30.535  -61.420  -22.923 0.3000000119
8881  -17.419  -61.240  -18.398 0.5000000000
118002  -13.444  -53.774  -18.709 0.5000000000
6170  -18.555  -65.883  -21.851 0.4000000060
6171  -19.123  -65.315  -21.224 0.5000000000
6141  -18.447  -64.967  -19.207 0.5000000000
7530  -15.991  -64.211  -19.445 0.5000000000
8236  -16.036  -62.384  -20.161 0.5000000000
112196  -16.701  -61.272  -18.896 0.5000000000
9723  -31.195  -61.070  -24.925 0.3000000119
8984  -31.225  -61.495  -24.636 0.3000000119
123702  -30.958  -61.286  -24.937 0.3000000119
9002  -32.421  -61.863  -24.887 0.3000000119
18496  -21.244  -48.140  -9.934 0.3000000119
4836  -16.170  -67.545  -19.231 0.4000000060
5452  -17.031  -66.073  -18.652 0.5000000000
6113  -31.968  -65.232  -18.135 0.3000000119
6123  -17.685  -64.730  -18.800 0.5000000000
6810  -29.998  -64.837  -16.563 0.3000000119
6860  -17.401  -64.086  -18.977 0.5000000000
6937  -18.419  -64.057  -26.402 0.6000000238
6938  -18.978  -63.943  -26.742 0.6000000238
7566  -20.054  -63.547  -22.739 0.5000000000
8222  -29.975  -62.688  -19.593 0.3000000119
8243  -31.188  -62.652  -20.661 0.3000000119
8306  -18.753  -62.465  -25.626 0.6999999881
8860  -16.114  -61.405  -17.622 0.6000000238
8880  -16.022  -61.498  -18.657 0.5000000000
8994  -18.861  -61.283  -25.170 0.6000000238
8998  -23.717  -61.665  -25.078 0.6000000238
9001  -31.643  -61.575  -24.971 0.3000000119
9577  -21.703  -60.344  -16.027 0.6000000238
9613  -21.536  -60.766  -17.317 0.6000000238
9667  -29.163  -60.696  -21.140 0.3000000119
9689  -19.338  -59.493  -23.619 0.6000000238
9717  -20.844  -60.706  -24.176 0.6999999881
10349  -18.874  -59.648  -15.474 0.5000000000
10354  -23.055  -59.447  -15.670 0.6000000238
10375  -23.307  -59.522  -16.438 0.6000000238
10434  -19.343  -58.331  -22.691 0.6000000238
10460  -28.078  -60.841  -25.412 0.3000000119
11075  -24.259  -58.094  -13.634 0.6000000238
11080  -19.866  -58.379  -14.648 0.6000000238
11128  -15.728  -58.961  -16.711 0.6000000238
11143  -24.247  -58.555  -17.794 0.6000000238
11203  -25.128  -59.399  -23.933 0.4000000060
11213  -29.534  -59.453  -24.479 0.3000000119
11780  -15.958  -57.391  -7.574 0.5000000000
11839  -16.008  -57.808  -11.683 0.6000000238
11871  -25.612  -57.670  -14.331 0.5000000000
11920  -16.492  -57.673  -16.895 0.5000000000
11929  -25.252  -56.702  -18.429 0.5000000000
11974  -28.462  -56.479  -22.746 0.4000000060
12664  -15.868  -56.981  -11.684 0.6000000238
12665  -16.158  -56.474  -11.166 0.6000000238
12666  -24.294  -56.075  -11.460 0.5000000000
12667  -25.232  -56.173  -11.447 0.5000000000
12668  -26.140  -56.249  -11.445 0.5000000000
12669  -26.885  -56.256  -11.628 0.4000000060
12692  -20.600  -56.429  -13.706 0.5000000000
12694  -22.427  -57.320  -12.973 0.5000000000
12776  -24.446  -55.288  -20.360 0.5000000000
12778  -27.151  -55.563  -19.760 0.5000000000
12788  -21.455  -55.772  -21.741 0.5000000000
12790  -23.045  -54.974  -21.088 0.5000000000
12800  -24.753  -55.395  -21.551 0.4000000060
13421  -17.600  -55.044  -10.139 0.6000000238
13439  -28.243  -55.365  -11.629 0.4000000060
13460  -20.594  -55.448  -13.917 0.5000000000
13499  -18.506  -54.803  -17.758 0.6999999881
13508  -17.376  -54.674  -18.452 0.6000000238
13534  -23.557  -54.751  -21.236 0.4000000060
13535  -24.262  -54.531  -21.101 0.4000000060
13537  -26.000  -54.749  -20.788 0.4000000060
13541  -25.897  -54.838  -21.161 0.4000000060
14196  -14.158  -54.508  -13.746 0.6999999881
14203  -11.080  -53.935  -14.868 0.5000000000
14229  -20.519  -54.109  -16.620 0.6000000238
14241  -17.051  -54.146  -18.948 0.5000000000
14242  -17.773  -54.068  -18.446 0.6000000238
14265  -24.497  -54.642  -21.238 0.4000000060
14813  -17.539  -53.791  -6.474 0.4000000060
14843  -19.207  -53.424  -8.103 0.6000000238
14855  -18.884  -53.583  -9.283 0.6000000238
14860  -17.904  -53.651  -10.492 0.6999999881
14928  -17.401  -53.387  -15.841 0.6000000238
14937  -11.362  -52.827  -16.925 0.6000000238
14951  -9.913  -52.435  -17.513 0.5000000000
14953  -11.704  -53.248  -17.592 0.6000000238
14959  -19.091  -53.937  -17.594 0.6000000238
14968  -15.973  -53.576  -18.936 0.5000000000
15630  -12.946  -51.803  -12.962 0.6000000238
16307  -17.007  -51.540  -10.866 0.6999999881
16314  -13.660  -50.736  -12.369 0.5000000000
16324  -12.443  -50.978  -12.972 0.6000000238
16337  -11.292  -51.349  -13.770 0.6999999881
16344  -11.872  -51.097  -14.662 0.6999999881
16345  -12.594  -50.899  -14.664 0.6999999881
16355  -10.992  -51.626  -14.551 0.6000000238
16959  -20.771  -50.402  -6.905 0.4000000060
17016  -13.672  -50.287  -12.427 0.6000000238
17017  -14.275  -50.752  -12.174 0.5000000000
17038  -11.386  -50.796  -13.827 0.6999999881
17739  -13.881  -49.827  -12.531 0.5000000000
17752  -12.819  -49.520  -13.464 0.5000000000
17765  -12.773  -49.317  -13.950 0.5000000000
18499  -13.510  -49.355  -13.191 0.6000000238
18529  -14.209  -48.303  -14.517 0.5000000000
20229  -18.974  -46.746  -7.140 0.3000000119
106660  -27.423  -55.846  -18.696 0.5000000000
107947  -10.851  -52.016  -13.970 0.6999999881
108559  -18.468  -51.929  -6.486 0.4000000060
111847  -25.512  -61.024  -23.028 0.5000000000
112629  -21.768  -58.447  -19.922 0.5000000000
112962  -17.060  -56.802  -8.038 0.5000000000
113925  -14.347  -56.140  -13.761 0.6000000238
114669  -20.209  -63.691  -26.412 0.5000000000
115390  -22.195  -60.950  -24.419 0.6999999881
115514  -10.973  -53.612  -18.571 0.5000000000
117008  -20.758  -57.310  -13.732 0.5000000000
117407  -20.580  -57.497  -22.799 0.5000000000
119292  -15.615  -54.404  -12.637 0.6000000238
121237  -20.022  -57.570  -22.543 0.5000000000
122745  -22.571  -56.732  -20.526 0.5000000000
124531  -28.156  -56.661  -13.707 0.4000000060
125944  -15.993  -53.388  -15.350 0.5000000000
126048  -14.288  -55.359  -13.871 0.6999999881
126761  -16.960  -56.573  -9.197 0.5000000000
126907  -16.640  -56.384  -10.169 0.5000000000
