#!ascii label  , from subject sub1 vox2ras=TkReg
1316
7592  -7.763  -63.003  -25.438 0.5000000000
118276  -7.568  -65.897  -24.298 0.5000000000
5526  -8.367  -66.374  -23.761 0.5000000000
4880  -7.871  -67.556  -23.852 0.5000000000
8284  -8.304  -62.821  -23.659 0.5000000000
8301  -8.024  -62.813  -24.798 0.5000000000
7576  -9.127  -63.405  -24.453 0.5000000000
7593  -8.707  -63.321  -25.695 0.5000000000
7594  -9.806  -63.704  -25.568 0.6000000238
7612  -8.504  -63.575  -25.908 0.5000000000
4329  -7.392  -68.385  -24.361 0.5000000000
6206  -8.115  -64.920  -25.168 0.5000000000
3721  -8.570  -69.381  -23.736 0.5000000000
5542  -8.540  -65.613  -24.495 0.6000000238
4330  -8.277  -68.433  -23.681 0.6000000238
5543  -9.269  -65.790  -24.283 0.6000000238
4881  -8.536  -67.447  -23.250 0.6000000238
4331  -9.036  -68.616  -23.015 0.6999999881
112793  -9.719  -66.100  -23.557 0.6999999881
5508  -9.612  -66.533  -22.641 0.6999999881
4882  -9.086  -67.379  -22.483 0.6999999881
8285  -9.453  -63.222  -23.185 0.5000000000
7577  -10.254  -63.635  -24.047 0.6000000238
109545  -10.484  -63.275  -22.911 0.6000000238
7578  -11.152  -63.342  -23.768 0.6000000238
6224  -9.705  -64.984  -26.293 0.5000000000
3185  -8.810  -70.273  -24.085 0.5000000000
109745  -9.094  -70.936  -24.520 0.5000000000
3187  -10.325  -70.489  -23.864 0.6999999881
3186  -9.604  -70.433  -23.886 0.6999999881
3723  -10.079  -70.156  -23.119 0.6999999881
6207  -9.180  -65.073  -25.212 0.6000000238
6208  -9.890  -65.484  -25.715 0.6999999881
3706  -9.821  -69.415  -22.587 0.6999999881
5544  -10.195  -65.701  -24.523 0.6999999881
5528  -10.533  -65.967  -23.448 0.6999999881
116907  -10.320  -69.120  -21.864 0.6999999881
5509  -10.246  -66.396  -22.145 0.6999999881
4871  -9.748  -67.335  -21.890 0.6999999881
4323  -9.669  -68.381  -22.171 0.6999999881
120722  -10.803  -68.811  -21.251 0.6999999881
4862  -10.432  -67.182  -21.263 0.6999999881
4851  -11.043  -67.368  -20.622 0.6999999881
4291  -10.741  -68.070  -20.796 0.6999999881
120493  -11.577  -67.381  -20.260 0.6999999881
8268  -9.768  -63.037  -22.047 0.5000000000
7552  -10.490  -62.941  -22.267 0.6000000238
8270  -11.331  -62.139  -22.658 0.6000000238
7564  -11.217  -63.028  -22.825 0.6000000238
8286  -11.692  -62.268  -23.721 0.6000000238
7595  -11.012  -63.703  -25.124 0.6000000238
7596  -11.984  -63.505  -24.780 0.6000000238
6934  -10.997  -64.462  -26.145 0.6000000238
3198  -11.234  -70.462  -24.169 0.6999999881
6225  -10.343  -65.095  -26.230 0.6999999881
115887  -10.930  -70.181  -23.244 0.6999999881
117711  -12.638  -69.868  -24.202 0.6999999881
3740  -13.247  -69.540  -24.264 0.6999999881
122157  -11.380  -64.990  -25.986 0.6999999881
3724  -11.902  -70.172  -23.652 0.6999999881
3741  -14.199  -69.442  -24.294 0.6999999881
108024  -10.731  -65.364  -25.481 0.6999999881
6209  -11.653  -65.335  -25.360 0.6999999881
3707  -10.592  -69.821  -22.423 0.6999999881
3708  -11.669  -69.889  -22.594 0.6999999881
3725  -12.630  -69.792  -23.379 0.6999999881
3726  -13.461  -69.595  -23.313 0.6999999881
5545  -11.006  -65.661  -24.606 0.6999999881
5529  -11.762  -65.598  -24.022 0.6999999881
3692  -11.120  -69.528  -21.761 0.6999999881
3709  -12.718  -69.660  -22.447 0.6999999881
119114  -10.811  -66.271  -21.740 0.6999999881
4307  -11.532  -69.165  -21.137 0.6999999881
3693  -12.015  -69.675  -21.669 0.6999999881
5497  -11.064  -66.516  -21.044 0.6999999881
125811  -11.206  -68.534  -20.758 0.6999999881
4308  -12.222  -69.287  -21.042 0.6999999881
5486  -11.451  -66.799  -20.487 0.6999999881
4293  -11.901  -68.611  -20.479 0.6999999881
5487  -12.073  -66.815  -20.036 0.6999999881
120515  -10.308  -62.777  -21.681 0.5000000000
8269  -10.776  -62.491  -22.055 0.6000000238
9674  -11.230  -60.841  -22.133 0.6000000238
112635  -11.115  -61.061  -21.160 0.5000000000
9687  -11.246  -60.220  -23.100 0.6000000238
8922  -9.407  -61.771  -19.811 0.5000000000
8232  -10.067  -62.203  -20.537 0.5000000000
8979  -11.802  -61.124  -23.503 0.6000000238
10432  -10.882  -59.364  -22.899 0.6000000238
8991  -12.390  -61.353  -24.483 0.6000000238
112048  -11.848  -60.259  -23.591 0.6000000238
7615  -11.756  -63.903  -26.055 0.6000000238
122429  -12.579  -63.518  -25.650 0.6999999881
6226  -12.228  -65.073  -26.078 0.6999999881
7616  -12.644  -63.934  -26.003 0.6999999881
6210  -12.584  -65.182  -25.222 0.6999999881
6211  -13.161  -64.859  -25.629 0.6999999881
3727  -14.342  -69.529  -23.133 0.6999999881
106832  -15.106  -69.637  -23.702 0.6999999881
113910  -13.131  -65.052  -24.736 0.6999999881
3710  -13.661  -69.547  -22.374 0.6999999881
106242  -15.869  -69.452  -25.528 0.6999999881
6180  -12.979  -65.470  -22.944 0.6000000238
3695  -13.890  -69.369  -21.696 0.6999999881
110929  -15.100  -69.479  -22.878 0.6999999881
3728  -15.862  -69.744  -23.021 0.6999999881
3742  -16.093  -69.968  -24.103 0.6999999881
3743  -16.842  -70.029  -24.964 0.6999999881
5498  -12.428  -65.658  -21.910 0.6999999881
3685  -13.763  -68.993  -20.891 0.6999999881
121091  -14.444  -69.226  -21.473 0.6000000238
121164  -15.208  -69.280  -21.564 0.6999999881
3712  -15.590  -69.511  -22.225 0.6999999881
5488  -12.783  -66.382  -19.631 0.6000000238
4832  -12.126  -67.740  -19.971 0.6999999881
4281  -12.896  -67.833  -19.432 0.6999999881
4294  -13.227  -68.481  -19.894 0.6999999881
4295  -14.248  -68.556  -20.056 0.6000000238
4310  -15.687  -69.002  -20.950 0.6000000238
5471  -12.752  -67.138  -19.355 0.6000000238
4282  -13.757  -67.984  -19.278 0.6000000238
4283  -14.762  -68.096  -19.408 0.5000000000
4296  -15.243  -68.594  -20.204 0.5000000000
4297  -16.110  -68.552  -20.403 0.5000000000
5448  -13.429  -66.507  -18.953 0.6000000238
4815  -14.894  -66.953  -18.512 0.5000000000
4834  -14.297  -67.456  -18.731 0.5000000000
9673  -10.749  -59.942  -22.119 0.6000000238
111478  -10.743  -60.378  -20.862 0.6000000238
11186  -10.585  -58.755  -22.515 0.5000000000
110445  -10.344  -58.236  -21.943 0.6999999881
8923  -10.441  -61.298  -20.231 0.5000000000
9660  -10.225  -60.219  -19.959 0.6000000238
10421  -9.531  -59.004  -19.936 0.6000000238
9647  -9.195  -60.677  -18.769 0.6000000238
8900  -9.727  -61.057  -19.286 0.6000000238
11187  -11.334  -58.898  -23.045 0.4000000060
9648  -9.628  -60.098  -19.013 0.6000000238
10443  -11.715  -59.604  -23.459 0.5000000000
116537  -12.309  -60.666  -24.079 0.6000000238
8992  -12.983  -61.662  -25.119 0.6000000238
7617  -13.217  -63.766  -25.724 0.6999999881
8303  -13.193  -62.445  -25.284 0.6000000238
6918  -13.496  -64.310  -25.387 0.6999999881
6195  -13.316  -65.035  -23.815 0.6000000238
6905  -13.799  -64.353  -24.270 0.6000000238
6167  -13.064  -65.462  -22.069 0.6000000238
3696  -16.080  -69.357  -21.626 0.6000000238
3713  -16.476  -69.585  -22.350 0.6000000238
107433  -16.825  -70.030  -23.050 0.6999999881
3188  -17.234  -70.235  -23.846 0.6999999881
3199  -17.859  -70.314  -24.520 0.6999999881
6155  -12.727  -65.882  -20.895 0.6000000238
4311  -16.442  -68.851  -21.167 0.6000000238
3761  -17.501  -69.863  -25.656 0.6999999881
6137  -13.785  -65.748  -19.098 0.6000000238
4284  -15.732  -68.172  -19.607 0.4000000060
4298  -16.786  -68.267  -20.725 0.4000000060
4312  -17.070  -68.537  -21.493 0.5000000000
3697  -16.858  -69.167  -21.881 0.6000000238
3729  -17.733  -69.924  -23.154 0.6000000238
3200  -18.672  -70.316  -24.703 0.6000000238
6120  -14.219  -66.041  -18.723 0.5000000000
5450  -15.464  -66.350  -18.478 0.5000000000
4816  -15.788  -66.969  -18.624 0.5000000000
4835  -15.283  -67.571  -18.920 0.5000000000
4872  -17.432  -68.038  -22.018 0.4000000060
3698  -17.539  -68.937  -22.189 0.6000000238
11178  -9.536  -57.978  -21.253 0.6000000238
11179  -10.121  -58.572  -21.805 0.6000000238
12795  -11.344  -57.000  -21.399 0.6000000238
121288  -8.814  -57.805  -20.301 0.5000000000
11168  -8.058  -57.364  -19.562 0.6000000238
11925  -7.829  -57.099  -18.515 0.6000000238
11950  -10.914  -57.794  -22.108 0.6000000238
9629  -8.812  -59.796  -18.387 0.6999999881
11148  -8.073  -57.838  -17.876 0.6000000238
120454  -8.180  -57.502  -17.669 0.6000000238
11201  -12.264  -59.111  -23.471 0.5000000000
11964  -11.739  -58.254  -22.528 0.6000000238
10391  -7.290  -59.376  -17.070 0.6000000238
11139  -7.636  -58.001  -17.109 0.6999999881
9697  -13.103  -60.162  -24.067 0.5000000000
11122  -7.335  -58.769  -16.880 0.6999999881
9714  -13.326  -60.837  -24.510 0.6000000238
11095  -7.575  -58.894  -16.588 0.6000000238
7598  -13.626  -63.422  -25.235 0.6000000238
106595  -13.395  -61.819  -25.011 0.6000000238
8287  -13.962  -62.290  -24.303 0.6000000238
119752  -14.010  -63.617  -24.209 0.6000000238
6891  -13.900  -64.619  -23.118 0.6000000238
6182  -14.037  -64.780  -22.069 0.6000000238
6871  -15.417  -64.161  -20.423 0.6000000238
6156  -13.299  -65.659  -20.382 0.6000000238
7530  -15.991  -64.211  -19.445 0.6000000238
6138  -14.563  -65.205  -19.171 0.6000000238
3715  -18.093  -69.386  -22.784 0.6000000238
3730  -18.458  -69.804  -23.589 0.6000000238
3744  -19.024  -70.118  -24.271 0.6000000238
6842  -15.778  -65.146  -18.563 0.5000000000
5451  -16.235  -66.251  -18.513 0.5000000000
5472  -16.623  -66.810  -18.993 0.5000000000
3745  -19.607  -69.949  -24.711 0.6000000238
4332  -18.644  -69.100  -23.331 0.6000000238
3731  -19.123  -69.577  -24.051 0.6000000238
12782  -9.500  -56.666  -20.511 0.6000000238
13527  -9.111  -55.901  -19.916 0.5000000000
13528  -10.203  -55.930  -20.321 0.6000000238
13517  -10.662  -55.178  -19.738 0.5000000000
11938  -8.987  -57.285  -20.588 0.6000000238
13515  -8.211  -55.607  -19.086 0.6000000238
12783  -10.422  -56.733  -20.827 0.5000000000
116329  -11.104  -56.371  -20.767 0.5000000000
12784  -12.073  -56.290  -21.036 0.5000000000
12762  -7.891  -56.356  -18.883 0.5000000000
12781  -8.620  -56.542  -20.002 0.6000000238
107314  -8.124  -56.939  -18.194 0.5000000000
11951  -12.173  -57.530  -22.062 0.6000000238
11123  -7.665  -58.264  -16.764 0.6999999881
11903  -8.005  -57.543  -17.211 0.6000000238
11097  -8.997  -58.707  -16.004 0.6000000238
9698  -13.484  -60.261  -23.718 0.5000000000
9571  -8.778  -60.005  -15.204 0.5000000000
10345  -8.664  -59.291  -15.723 0.6999999881
8993  -13.574  -61.511  -24.687 0.5000000000
7580  -14.219  -63.124  -23.814 0.5000000000
118124  -14.306  -63.942  -23.460 0.6000000238
7553  -14.932  -63.804  -21.950 0.6000000238
6892  -14.583  -64.224  -22.523 0.5000000000
7554  -15.320  -63.846  -21.111 0.6000000238
113832  -14.891  -64.331  -21.420 0.6000000238
112627  -16.034  -64.676  -18.729 0.5000000000
4873  -17.895  -67.254  -22.922 0.5000000000
113830  -18.501  -67.948  -23.579 0.5000000000
4345  -19.165  -68.578  -24.078 0.6000000238
4346  -19.723  -69.107  -24.638 0.6000000238
14247  -8.629  -55.009  -18.904 0.6000000238
13516  -9.591  -55.228  -19.579 0.6000000238
13494  -8.802  -55.252  -18.489 0.6000000238
13529  -11.404  -55.759  -20.367 0.5000000000
12748  -8.531  -56.057  -18.446 0.6000000238
12749  -9.457  -56.268  -17.901 0.6999999881
117615  -12.741  -56.627  -21.820 0.6000000238
11904  -9.094  -57.515  -17.082 0.6000000238
106140  -8.722  -56.942  -17.931 0.6000000238
11952  -13.302  -57.198  -22.149 0.6000000238
111675  -9.531  -59.570  -15.447 0.6000000238
11098  -10.133  -58.994  -16.172 0.6000000238
11202  -13.359  -59.048  -23.363 0.5000000000
8963  -13.880  -61.706  -23.946 0.5000000000
9562  -9.146  -60.671  -14.961 0.5000000000
7565  -14.585  -63.471  -22.877 0.5000000000
122941  -14.674  -62.923  -22.195 0.6000000238
8235  -15.446  -63.209  -20.643 0.5000000000
7543  -15.825  -63.585  -20.212 0.5000000000
4883  -18.362  -66.824  -24.292 0.6000000238
4895  -18.777  -67.392  -24.748 0.6000000238
14238  -9.288  -54.361  -18.478 0.6000000238
14239  -9.743  -53.916  -18.593 0.5000000000
118404  -10.901  -54.553  -19.323 0.5000000000
14234  -9.274  -54.610  -18.007 0.6999999881
13518  -11.811  -54.972  -19.844 0.5000000000
11918  -10.594  -56.604  -17.498 0.6999999881
13495  -9.218  -55.357  -18.062 0.6000000238
13530  -12.955  -55.081  -20.234 0.5000000000
11917  -9.674  -56.943  -17.641 0.6000000238
12785  -13.085  -56.078  -21.404 0.5000000000
118529  -13.792  -57.133  -21.736 0.6000000238
11126  -10.975  -58.255  -16.615 0.6999999881
11966  -13.635  -58.076  -22.151 0.6000000238
113671  -10.622  -59.593  -15.595 0.6000000238
11189  -13.869  -58.956  -22.617 0.6000000238
9564  -11.539  -61.040  -14.763 0.6999999881
10333  -10.265  -60.117  -15.239 0.6999999881
8962  -13.622  -61.066  -23.414 0.5000000000
10433  -13.758  -59.553  -23.093 0.5000000000
9572  -9.553  -60.403  -15.025 0.6000000238
8945  -13.641  -61.244  -22.296 0.5000000000
8832  -10.971  -61.881  -14.532 0.5000000000
8946  -14.164  -61.948  -22.882 0.6000000238
8271  -14.322  -62.568  -23.363 0.5000000000
112527  -10.228  -62.404  -14.448 0.6000000238
122229  -15.087  -63.459  -21.454 0.6000000238
8217  -15.044  -62.563  -20.240 0.5000000000
14225  -9.630  -53.868  -17.405 0.6999999881
14963  -9.646  -53.350  -18.032 0.5000000000
14240  -10.497  -53.927  -18.790 0.5000000000
12733  -10.944  -55.778  -17.320 0.8000000119
14226  -10.091  -54.118  -16.948 0.6999999881
14250  -11.483  -54.223  -19.109 0.5000000000
14251  -12.687  -54.434  -19.480 0.5000000000
123008  -12.098  -57.223  -16.950 0.6999999881
12734  -11.603  -56.555  -17.142 0.6999999881
13496  -10.097  -55.647  -17.660 0.8000000119
11906  -11.365  -57.371  -17.084 0.6999999881
14262  -13.666  -54.696  -19.934 0.5000000000
11099  -11.996  -58.773  -16.326 0.6999999881
11127  -12.107  -57.993  -16.773 0.6999999881
12786  -13.765  -56.140  -21.041 0.6000000238
126422  -13.259  -55.718  -20.730 0.5000000000
105504  -12.239  -59.957  -15.276 0.6000000238
10346  -11.617  -59.506  -15.701 0.6000000238
11180  -13.881  -58.703  -21.853 0.6000000238
120502  -12.036  -60.553  -14.985 0.6999999881
10334  -11.274  -60.256  -15.265 0.6999999881
9688  -13.783  -60.132  -22.934 0.6000000238
113545  -13.917  -59.424  -22.478 0.6000000238
8833  -12.034  -61.788  -14.173 0.6000000238
9675  -13.600  -60.396  -21.923 0.6000000238
8233  -14.024  -62.051  -21.583 0.6000000238
8175  -10.821  -62.775  -13.676 0.6000000238
8234  -14.636  -62.641  -20.959 0.6000000238
14227  -10.706  -54.805  -16.478 0.6000000238
14935  -9.792  -53.246  -16.732 0.5000000000
14950  -9.766  -53.099  -17.415 0.5000000000
14974  -11.942  -53.866  -18.719 0.5000000000
13487  -11.610  -55.788  -16.651 0.8000000119
14975  -13.102  -54.019  -18.998 0.5000000000
11953  -14.017  -56.616  -21.375 0.6000000238
110932  -10.076  -59.192  -10.553 0.6000000238
10347  -12.612  -59.256  -15.713 0.8000000119
10296  -10.700  -59.734  -10.259 0.6000000238
9549  -13.196  -60.788  -13.891 0.6999999881
10335  -13.119  -59.647  -14.944 0.8000000119
112215  -13.787  -57.763  -21.531 0.6000000238
8802  -10.142  -61.569  -10.886 0.6000000238
8820  -12.761  -61.466  -13.581 0.6000000238
10422  -13.471  -59.688  -21.329 0.6000000238
9661  -13.283  -60.625  -20.726 0.6000000238
8163  -11.575  -62.525  -12.261 0.6000000238
114185  -11.633  -62.645  -13.006 0.6000000238
8169  -12.282  -62.233  -13.302 0.6000000238
114218  -13.494  -61.379  -21.153 0.6000000238
9649  -13.293  -60.783  -19.692 0.6000000238
8176  -11.618  -62.383  -13.779 0.5000000000
8925  -14.297  -62.165  -19.990 0.5000000000
118143  -14.836  -62.133  -19.598 0.5000000000
8902  -14.373  -61.595  -19.115 0.5000000000
14216  -10.124  -53.760  -16.075 0.5000000000
14922  -9.999  -52.911  -16.098 0.5000000000
13476  -11.368  -55.120  -15.883 0.6000000238
14217  -10.827  -54.306  -15.579 0.5000000000
12735  -12.319  -56.501  -16.633 0.8000000119
13477  -12.276  -55.629  -15.837 0.6999999881
11886  -13.291  -57.349  -15.651 0.8000000119
11100  -12.868  -58.360  -16.140 0.8000000119
13532  -14.238  -55.692  -20.319 0.6000000238
14253  -14.219  -54.358  -19.769 0.5000000000
11053  -10.111  -57.753  -10.826 0.6000000238
11077  -13.471  -58.901  -15.345 0.8000000119
10297  -11.421  -59.352  -9.990 0.6999999881
11034  -10.635  -58.600  -10.408 0.6000000238
114297  -13.810  -60.509  -13.500 0.8000000119
126396  -13.848  -57.668  -20.811 0.6000000238
11940  -14.080  -57.252  -20.413 0.6000000238
12787  -14.118  -56.251  -20.815 0.6000000238
9527  -11.562  -60.513  -10.051 0.6000000238
117134  -13.219  -59.913  -20.169 0.6000000238
126009  -13.441  -59.151  -20.802 0.6000000238
11160  -14.126  -57.571  -19.549 0.6000000238
8810  -11.436  -61.936  -11.053 0.6000000238
8814  -12.866  -61.819  -12.666 0.6000000238
123476  -13.574  -61.198  -12.938 0.5000000000
10402  -13.271  -59.969  -18.949 0.6000000238
8164  -12.239  -62.376  -12.409 0.6000000238
8901  -13.746  -61.522  -19.689 0.6000000238
8877  -13.572  -60.948  -18.893 0.6000000238
8878  -14.308  -61.047  -18.363 0.5000000000
114603  -14.836  -61.425  -18.412 0.5000000000
104578  -15.240  -61.712  -18.983 0.5000000000
8879  -15.405  -61.442  -18.046 0.5000000000
14218  -11.712  -54.757  -15.292 0.6000000238
12718  -12.941  -56.464  -15.910 0.6999999881
13430  -10.039  -56.054  -11.240 0.6000000238
12662  -10.148  -56.596  -11.293 0.6000000238
11101  -13.562  -58.123  -15.420 0.8000000119
118117  -14.870  -54.322  -19.754 0.5000000000
11838  -10.906  -56.928  -10.819 0.6000000238
113299  -14.439  -58.553  -14.148 0.8000000119
13519  -15.059  -54.995  -19.955 0.5000000000
11819  -10.822  -57.637  -10.605 0.6999999881
10321  -14.492  -59.581  -12.747 0.8000000119
11932  -14.313  -56.785  -19.811 0.6000000238
12774  -14.494  -55.958  -20.148 0.6000000238
10320  -14.195  -60.447  -12.779 0.6999999881
11159  -13.733  -58.169  -19.909 0.6000000238
11926  -14.494  -57.334  -18.923 0.6000000238
9528  -12.622  -60.918  -10.083 0.6999999881
8805  -12.927  -61.448  -10.795 0.6999999881
8815  -13.322  -61.502  -12.100 0.6000000238
11150  -13.697  -59.030  -19.214 0.6000000238
11152  -14.752  -58.023  -18.126 0.6000000238
114148  -12.192  -61.839  -11.109 0.6000000238
11140  -14.363  -59.032  -17.987 0.5000000000
9610  -14.409  -60.486  -17.821 0.5000000000
13478  -13.121  -55.732  -15.432 0.6000000238
119141  -12.929  -54.731  -14.464 0.5000000000
116603  -9.831  -54.704  -10.005 0.6000000238
12702  -14.051  -56.296  -14.478 0.6999999881
14159  -9.424  -55.204  -10.737 0.6000000238
11867  -13.922  -57.330  -14.815 0.6999999881
12703  -14.494  -56.957  -14.073 0.6000000238
12663  -10.814  -56.303  -10.795 0.6000000238
13417  -10.650  -55.610  -10.596 0.6000000238
11079  -14.447  -57.806  -14.164 0.6000000238
11070  -14.717  -58.250  -13.482 0.6999999881
11820  -11.654  -57.401  -10.408 0.8000000119
107246  -14.471  -59.031  -13.464 0.6999999881
11066  -14.862  -58.752  -12.670 0.6000000238
11035  -11.489  -58.318  -10.168 0.8000000119
9537  -14.359  -60.081  -11.982 0.8000000119
10306  -14.839  -59.778  -11.396 0.6999999881
106379  -12.277  -60.031  -9.786 0.6999999881
9529  -13.452  -60.826  -10.326 0.6000000238
9530  -14.094  -60.443  -10.496 0.8000000119
14145  -9.274  -54.796  -9.453 0.6000000238
14160  -10.389  -54.921  -10.256 0.6000000238
11067  -15.551  -58.234  -12.183 0.6000000238
12655  -11.623  -56.611  -10.494 0.6999999881
11054  -15.101  -58.963  -11.760 0.6999999881
10283  -15.098  -59.364  -10.063 0.6000000238
11016  -12.206  -58.084  -9.793 0.8000000119
11800  -12.803  -57.880  -9.162 0.6000000238
11017  -12.830  -58.920  -8.981 0.5000000000
10282  -14.413  -59.903  -9.950 0.6999999881
126272  -15.138  -59.124  -9.518 0.6999999881
113367  -15.515  -58.809  -9.654 0.6000000238
10298  -12.137  -59.081  -9.700 0.8000000119
10281  -13.718  -59.596  -9.314 0.6000000238
9516  -13.785  -60.255  -9.966 0.6000000238
14126  -9.560  -54.410  -8.613 0.6000000238
14851  -10.155  -54.343  -9.162 0.6000000238
14146  -10.656  -54.349  -9.627 0.6999999881
14161  -11.161  -55.043  -10.143 0.6999999881
13418  -11.412  -55.807  -10.381 0.6999999881
13419  -12.112  -56.100  -10.013 0.6000000238
11036  -15.580  -58.677  -10.457 0.6000000238
11821  -12.400  -57.057  -9.975 0.6000000238
118289  -13.310  -58.338  -8.669 0.6000000238
11037  -15.966  -58.217  -9.908 0.5000000000
11009  -15.568  -58.418  -8.447 0.6000000238
11789  -16.231  -57.964  -8.260 0.5000000000
104473  -16.584  -57.250  -7.933 0.5000000000
11779  -14.490  -57.711  -7.882 0.6000000238
10998  -15.403  -58.009  -7.825 0.5000000000
14824  -9.815  -52.988  -8.155 0.6000000238
14836  -10.051  -53.790  -8.432 0.6000000238
14852  -10.721  -53.733  -9.141 0.6999999881
110040  -10.616  -53.011  -8.683 0.6999999881
123096  -11.115  -53.977  -9.442 0.6999999881
14147  -10.995  -54.498  -9.862 0.6999999881
108561  -11.560  -54.549  -9.572 0.6000000238
13402  -11.816  -55.306  -9.867 0.5000000000
13403  -12.477  -55.523  -9.498 0.6999999881
14149  -12.839  -54.956  -9.099 0.6000000238
12642  -12.755  -56.324  -9.423 0.6000000238
12643  -13.496  -56.630  -8.702 0.6000000238
13385  -13.985  -55.807  -8.362 0.6000000238
124347  -13.878  -57.336  -8.258 0.6000000238
12626  -14.276  -56.786  -7.734 0.5000000000
13386  -14.574  -55.875  -7.500 0.5000000000
13372  -15.213  -55.910  -6.960 0.5000000000
16982  -8.057  -49.970  -8.719 0.6999999881
16983  -8.972  -50.502  -9.069 0.6999999881
17704  -7.900  -49.325  -9.513 0.6999999881
15577  -9.642  -52.013  -8.315 0.6000000238
16998  -8.666  -49.784  -9.385 0.6999999881
17721  -8.401  -49.206  -9.929 0.6999999881
105003  -8.414  -48.665  -10.262 0.6000000238
16284  -10.101  -51.398  -8.935 0.6999999881
122215  -9.756  -50.817  -8.985 0.6999999881
17705  -9.051  -49.560  -9.559 0.6999999881
15593  -10.384  -52.157  -8.711 0.6999999881
16984  -9.491  -50.291  -8.983 0.6999999881
14853  -11.609  -53.864  -9.016 0.6000000238
108727  -12.182  -54.930  -9.437 0.6000000238
14127  -13.018  -54.368  -8.556 0.6000000238
14840  -13.217  -53.824  -8.039 0.6000000238
13404  -13.214  -55.674  -9.005 0.6000000238
110977  -13.538  -55.016  -8.552 0.6000000238
14128  -13.741  -54.328  -8.053 0.6000000238
108836  -14.234  -55.050  -7.902 0.5000000000
14841  -14.004  -53.433  -7.717 0.6000000238
14109  -14.509  -54.271  -7.528 0.5000000000
108572  -7.598  -49.260  -8.762 0.6999999881
17720  -7.751  -48.753  -10.044 0.6999999881
18483  -8.631  -47.985  -10.448 0.6000000238
19342  -9.179  -47.653  -10.526 0.4000000060
17706  -9.651  -49.730  -8.947 0.6000000238
125740  -8.808  -49.034  -10.002 0.5000000000
121086  -9.021  -48.537  -10.270 0.5000000000
18470  -9.701  -48.074  -9.514 0.4000000060
20267  -10.590  -46.665  -10.202 0.5000000000
106437  -10.228  -50.969  -8.983 0.6999999881
106089  -10.022  -48.908  -8.799 0.4000000060
126837  -10.466  -48.209  -8.785 0.4000000060
19344  -10.592  -47.473  -9.380 0.4000000060
19326  -11.167  -47.854  -8.454 0.4000000060
15594  -10.861  -52.325  -8.716 0.8000000119
16285  -10.577  -51.558  -8.828 0.8000000119
117019  -10.694  -50.997  -8.734 0.8000000119
17707  -10.414  -49.856  -8.276 0.6000000238
18471  -10.763  -48.685  -8.135 0.4000000060
14837  -11.112  -53.237  -8.934 0.6999999881
14838  -11.672  -53.255  -8.603 0.6999999881
15596  -12.168  -52.844  -8.155 0.5000000000
17686  -11.416  -49.254  -7.699 0.5000000000
18472  -11.561  -48.362  -7.853 0.4000000060
14839  -12.402  -53.692  -8.412 0.5000000000
14825  -12.985  -53.149  -7.723 0.5000000000
15579  -13.697  -52.503  -7.432 0.6000000238
18469  -7.432  -48.676  -9.271 0.6000000238
18482  -7.915  -48.146  -10.271 0.5000000000
19353  -8.353  -47.521  -10.407 0.4000000060
19354  -8.844  -47.190  -10.779 0.5000000000
19343  -9.889  -47.190  -10.251 0.5000000000
120268  -10.068  -46.463  -10.908 0.5000000000
20268  -11.138  -46.042  -9.885 0.5000000000
20250  -11.475  -47.048  -9.058 0.5000000000
21050  -11.872  -45.498  -9.609 0.5000000000
16286  -11.002  -51.815  -8.628 0.6999999881
16268  -11.431  -51.299  -7.778 0.5000000000
16967  -11.301  -50.343  -7.705 0.5000000000
20251  -11.998  -46.191  -8.832 0.5000000000
15595  -11.334  -52.607  -8.517 0.6999999881
16287  -11.745  -52.093  -7.887 0.6000000238
18453  -12.421  -48.650  -7.584 0.5000000000
19327  -12.094  -47.747  -8.134 0.4000000060
106239  -12.678  -47.164  -8.441 0.5000000000
16269  -12.421  -51.519  -7.375 0.5000000000
16968  -12.238  -50.681  -7.236 0.6000000238
17687  -12.268  -49.714  -7.342 0.5000000000
15578  -12.723  -52.315  -7.543 0.5000000000
16270  -13.388  -51.663  -7.243 0.5000000000
109537  -13.226  -50.117  -7.146 0.5000000000
19325  -7.626  -47.639  -9.447 0.5000000000
20266  -8.207  -47.197  -10.211 0.5000000000
21065  -8.724  -46.360  -10.606 0.4000000060
20276  -8.638  -46.946  -10.697 0.4000000060
125546  -7.964  -47.221  -8.770 0.5000000000
109415  -8.351  -46.771  -9.297 0.4000000060
20277  -9.134  -46.482  -11.010 0.5000000000
19355  -9.382  -46.753  -10.882 0.6000000238
20279  -10.666  -45.947  -11.323 0.5000000000
21067  -11.477  -45.553  -11.058 0.4000000060
122658  -12.160  -45.194  -10.672 0.4000000060
21928  -12.584  -44.780  -10.849 0.4000000060
117773  -8.763  -45.974  -9.607 0.4000000060
20278  -9.856  -46.047  -11.312 0.5000000000
21079  -10.364  -45.452  -11.842 0.5000000000
21078  -9.558  -45.693  -11.278 0.4000000060
21938  -10.076  -44.963  -11.847 0.4000000060
21094  -10.704  -45.026  -12.188 0.5000000000
21080  -11.092  -45.430  -12.061 0.4000000060
21081  -11.893  -45.186  -11.307 0.4000000060
21939  -12.442  -44.637  -11.263 0.4000000060
21049  -9.320  -45.445  -8.613 0.4000000060
21066  -9.178  -45.541  -10.197 0.4000000060
21906  -9.931  -44.983  -8.930 0.4000000060
21907  -10.538  -44.406  -9.212 0.4000000060
21926  -9.784  -44.946  -10.678 0.4000000060
21927  -10.473  -44.319  -10.950 0.4000000060
120762  -10.566  -44.624  -11.965 0.5000000000
21951  -11.108  -44.570  -12.030 0.5000000000
21095  -11.360  -44.957  -12.063 0.4000000060
21096  -12.073  -44.811  -11.432 0.4000000060
22787  -10.916  -44.125  -11.388 0.4000000060
22801  -11.566  -43.821  -11.525 0.4000000060
22802  -12.342  -43.796  -11.484 0.4000000060
21952  -11.712  -44.484  -11.673 0.4000000060
21953  -12.427  -44.277  -11.411 0.4000000060
116052  -9.773  -44.905  -7.744 0.4000000060
21894  -10.225  -44.221  -7.759 0.3000000119
22757  -10.948  -43.710  -8.159 0.4000000060
21908  -11.146  -43.827  -9.409 0.3000000119
23617  -12.070  -42.820  -10.506 0.5000000000
23632  -12.208  -43.225  -11.329 0.4000000060
23633  -13.016  -42.812  -11.548 0.4000000060
110528  -13.623  -42.702  -11.438 0.3000000119
23604  -12.616  -42.198  -9.641 0.5000000000
23618  -12.684  -42.236  -11.131 0.4000000060
22745  -10.858  -42.875  -7.744 0.4000000060
22758  -11.568  -43.092  -8.394 0.4000000060
23603  -12.109  -42.659  -9.076 0.5000000000
23588  -11.792  -42.169  -8.105 0.4000000060
24454  -13.096  -41.535  -10.231 0.4000000060
24468  -13.257  -41.425  -11.181 0.4000000060
24483  -13.281  -41.999  -11.554 0.3000000119
24440  -13.007  -41.473  -8.603 0.3000000119
24441  -13.485  -40.965  -9.113 0.3000000119
24439  -11.890  -41.328  -8.159 0.3000000119
24429  -10.681  -41.079  -8.040 0.3000000119
114984  -10.386  -40.228  -8.032 0.3000000119
10425  -10.224  -59.252  -21.258 0.6000000238
11169  -9.568  -58.425  -21.051 0.5000000000
11008  -14.717  -58.499  -8.368 0.6000000238
11007  -13.764  -58.869  -8.589 0.6000000238
5525  -7.331  -66.836  -24.132 0.5000000000
6933  -10.009  -64.423  -26.441 0.5000000000
5527  -9.027  -66.521  -23.189 0.6999999881
3722  -9.334  -69.752  -23.366 0.6999999881
5510  -11.181  -65.872  -22.662 0.6999999881
4324  -10.229  -68.195  -21.472 0.6999999881
8302  -12.302  -62.526  -24.593 0.5000000000
114462  -12.788  -65.371  -23.933 0.6999999881
5511  -12.257  -65.732  -22.923 0.6999999881
3694  -12.985  -69.436  -21.500 0.6999999881
109516  -11.742  -66.095  -20.860 0.6999999881
10431  -10.398  -59.083  -22.305 0.6000000238
3711  -14.601  -69.465  -22.191 0.6999999881
6181  -13.417  -65.178  -22.642 0.6000000238
118749  -13.344  -65.906  -19.464 0.6000000238
4833  -13.469  -67.270  -18.913 0.5000000000
11149  -8.466  -58.604  -18.141 0.6999999881
6168  -13.408  -65.370  -21.573 0.6000000238
3714  -17.330  -69.542  -22.516 0.6000000238
3189  -17.986  -70.214  -23.738 0.6000000238
6157  -13.838  -65.258  -19.789 0.5000000000
6843  -16.432  -65.028  -18.512 0.5000000000
113615  -18.109  -68.574  -22.670 0.5000000000
11158  -8.584  -58.144  -19.317 0.6000000238
11147  -7.560  -58.518  -17.246 0.6999999881
123754  -13.430  -58.520  -22.809 0.6000000238
6169  -13.959  -64.920  -20.884 0.5000000000
110949  -15.243  -64.578  -19.566 0.6000000238
6870  -14.688  -64.678  -20.201 0.5000000000
6139  -15.423  -64.854  -18.902 0.5000000000
11905  -10.287  -57.487  -17.289 0.6000000238
14263  -14.405  -54.890  -20.042 0.5000000000
116206  -10.017  -60.133  -10.559 0.6000000238
109019  -10.797  -62.805  -12.524 0.6000000238
8924  -13.811  -61.959  -20.524 0.6000000238
9526  -10.734  -60.749  -10.289 0.6000000238
10331  -14.231  -59.872  -13.586 0.8000000119
8804  -11.884  -61.424  -10.487 0.6000000238
11151  -14.137  -58.361  -18.855 0.6000000238
8811  -12.711  -61.906  -11.668 0.6000000238
10403  -13.973  -59.872  -18.116 0.6000000238
123115  -14.729  -59.436  -12.116 0.8000000119
12763  -14.829  -56.413  -19.239 0.6000000238
8806  -13.771  -61.073  -10.927 0.6000000238
8812  -13.352  -61.435  -11.404 0.6999999881
9515  -13.161  -60.307  -9.777 0.6000000238
118490  -12.954  -57.073  -9.221 0.6000000238
10277  -14.387  -59.120  -8.819 0.6999999881
123808  -13.332  -57.554  -8.671 0.6000000238
117639  -15.070  -57.268  -7.373 0.5000000000
14148  -12.236  -54.413  -8.998 0.5000000000
13371  -14.863  -55.124  -7.135 0.5000000000
16966  -8.491  -50.770  -8.199 0.6999999881
16283  -9.314  -51.182  -8.616 0.6000000238
16985  -10.075  -50.546  -8.816 0.6000000238
19341  -7.371  -48.134  -9.765 0.6000000238
18484  -9.269  -49.028  -9.557 0.5000000000
115054  -13.119  -50.964  -7.247 0.5000000000
22775  -11.012  -43.694  -10.654 0.4000000060
22788  -11.467  -43.417  -11.027 0.4000000060
22803  -13.036  -43.500  -11.344 0.4000000060
22776  -11.604  -43.278  -9.868 0.5000000000
23589  -12.472  -42.077  -8.565 0.4000000060
24455  -13.459  -40.839  -10.393 0.4000000060
25354  -12.090  -40.511  -8.167 0.3000000119
3246  -19.707  -70.192  -29.173 0.5000000000
3247  -20.326  -69.961  -29.450 0.5000000000
3823  -21.906  -69.827  -29.548 0.5000000000
3248  -21.111  -69.979  -29.510 0.5000000000
3824  -22.729  -69.698  -29.356 0.5000000000
3812  -22.500  -69.477  -29.227 0.5000000000
120715  -23.455  -69.604  -29.278 0.6000000238
3236  -18.982  -70.151  -28.556 0.5000000000
3237  -19.923  -69.890  -28.932 0.5000000000
3226  -21.059  -69.838  -28.837 0.5000000000
3811  -21.880  -69.584  -29.203 0.5000000000
3826  -24.969  -69.632  -29.030 0.6000000238
3797  -22.577  -69.212  -28.726 0.6000000238
3813  -23.175  -69.210  -29.041 0.6000000238
3235  -18.172  -69.851  -28.236 0.4000000060
123553  -14.149  -69.216  -27.373 0.4000000060
3778  -15.661  -69.039  -26.987 0.4000000060
3794  -16.040  -69.296  -27.382 0.5000000000
3795  -17.049  -69.254  -27.697 0.5000000000
3233  -16.757  -69.524  -27.816 0.5000000000
3779  -16.496  -69.000  -27.106 0.5000000000
3234  -17.568  -69.551  -28.025 0.5000000000
3781  -17.712  -69.482  -27.905 0.5000000000
3814  -25.616  -69.526  -28.678 0.6000000238
3801  -26.344  -69.598  -28.162 0.6000000238
106262  -18.590  -69.855  -27.922 0.5000000000
3224  -19.694  -70.372  -27.717 0.5000000000
114184  -19.291  -70.401  -26.672 0.5000000000
108793  -24.645  -69.293  -28.682 0.6000000238
3225  -20.708  -70.198  -27.605 0.5000000000
3796  -21.912  -69.436  -28.321 0.6000000238
3798  -23.130  -68.917  -28.314 0.6000000238
3800  -25.336  -69.383  -27.977 0.6000000238
3784  -23.172  -68.990  -27.219 0.6000000238
3786  -24.982  -69.643  -26.848 0.6000000238
3768  -25.468  -69.388  -26.129 0.6999999881
3785  -24.039  -69.501  -26.831 0.6000000238
3767  -24.527  -69.406  -26.064 0.6999999881
3756  -12.593  -68.990  -25.980 0.6000000238
4355  -13.894  -69.180  -26.093 0.6000000238
3757  -13.661  -69.302  -25.201 0.6000000238
125261  -14.003  -69.190  -26.829 0.5000000000
4369  -14.813  -69.130  -26.883 0.5000000000
123955  -15.206  -69.274  -25.593 0.6000000238
109654  -16.001  -69.135  -26.525 0.5000000000
3760  -16.703  -69.211  -26.189 0.5000000000
3780  -17.358  -69.361  -26.971 0.5000000000
3223  -18.305  -70.034  -26.904 0.5000000000
3817  -28.440  -69.749  -28.031 0.6999999881
3788  -27.366  -69.495  -27.408 0.6000000238
4381  -28.532  -69.132  -27.237 0.8000000119
3763  -21.122  -70.160  -26.898 0.5000000000
3782  -21.748  -69.275  -27.302 0.6000000238
3787  -26.065  -69.631  -26.877 0.6999999881
4370  -26.816  -69.131  -26.213 0.6999999881
3783  -22.409  -69.014  -27.625 0.6000000238
4362  -25.140  -68.855  -25.519 0.6999999881
3765  -22.644  -69.092  -26.286 0.6000000238
3766  -23.594  -69.366  -26.059 0.6000000238
114405  -23.676  -68.211  -25.229 0.6999999881
4908  -24.561  -68.174  -25.281 0.6999999881
4909  -25.444  -67.930  -25.278 0.6000000238
3755  -11.799  -69.402  -26.343 0.5000000000
111673  -15.152  -69.488  -24.803 0.6000000238
3222  -18.077  -70.036  -26.041 0.5000000000
3213  -18.832  -70.485  -25.665 0.6000000238
4382  -29.210  -68.813  -27.121 0.6999999881
3214  -19.553  -70.379  -25.781 0.5000000000
4372  -29.063  -68.207  -26.599 0.5000000000
4917  -29.363  -67.429  -26.149 0.6000000238
3215  -20.246  -70.377  -26.552 0.6000000238
107570  -21.247  -68.967  -26.330 0.5000000000
4371  -27.939  -68.476  -26.306 0.6000000238
3764  -21.802  -68.866  -26.591 0.5000000000
118396  -26.088  -68.805  -25.734 0.6999999881
116031  -27.011  -68.478  -25.686 0.6000000238
4359  -22.205  -68.605  -25.732 0.5000000000
125607  -25.732  -68.390  -25.506 0.6000000238
117462  -25.849  -66.904  -25.625 0.6000000238
4906  -21.870  -67.728  -25.333 0.5000000000
123939  -22.591  -67.511  -25.026 0.6000000238
119587  -24.131  -67.499  -25.130 0.5000000000
5549  -23.107  -66.276  -24.741 0.5000000000
6233  -24.485  -65.631  -25.363 0.5000000000
111550  -12.186  -69.625  -25.452 0.6000000238
3739  -12.835  -69.427  -25.074 0.6000000238
3211  -11.440  -70.240  -25.324 0.4000000060
3201  -19.330  -70.300  -24.999 0.5000000000
3762  -19.925  -70.145  -25.526 0.5000000000
4916  -28.580  -67.272  -26.138 0.5000000000
4911  -27.534  -67.491  -25.869 0.5000000000
5562  -27.228  -65.907  -25.862 0.5000000000
5563  -28.018  -66.493  -25.856 0.5000000000
107107  -20.880  -67.638  -25.606 0.5000000000
5561  -26.226  -66.095  -25.733 0.5000000000
4905  -21.214  -66.998  -25.236 0.6000000238
5560  -25.234  -66.257  -25.564 0.5000000000
5547  -21.476  -66.178  -24.759 0.6000000238
6214  -22.676  -65.549  -24.880 0.5000000000
3196  -9.752  -70.873  -24.540 0.4000000060
3746  -20.249  -69.347  -25.370 0.5000000000
6236  -27.546  -65.522  -24.820 0.5000000000
4357  -20.746  -68.315  -25.731 0.5000000000
126682  -20.319  -67.622  -25.455 0.5000000000
6216  -25.786  -65.132  -24.853 0.5000000000
6217  -26.799  -64.990  -24.466 0.5000000000
6924  -27.114  -64.524  -23.597 0.5000000000
118825  -26.728  -63.726  -22.407 0.5000000000
8255  -25.903  -62.603  -21.573 0.5000000000
109508  -20.074  -66.994  -25.519 0.6000000238
123952  -20.578  -66.362  -25.267 0.6000000238
6234  -25.511  -65.731  -25.394 0.5000000000
5558  -20.710  -65.522  -25.278 0.6000000238
6922  -24.193  -64.516  -24.795 0.5000000000
6230  -21.288  -64.533  -25.812 0.5000000000
6940  -21.553  -63.854  -26.407 0.5000000000
5546  -18.565  -66.463  -25.501 0.5000000000
6923  -26.063  -64.562  -23.965 0.5000000000
6909  -26.622  -63.885  -23.159 0.5000000000
7568  -26.022  -62.900  -22.172 0.5000000000
4903  -18.860  -66.837  -25.615 0.5000000000
5555  -18.577  -66.229  -26.030 0.6000000238
115045  -25.126  -64.707  -24.455 0.5000000000
116775  -25.827  -61.540  -21.491 0.5000000000
8949  -26.333  -61.117  -21.017 0.5000000000
6229  -19.544  -64.852  -26.290 0.5000000000
7583  -24.440  -63.053  -23.623 0.5000000000
114691  -18.401  -65.994  -25.061 0.5000000000
111847  -25.512  -61.024  -23.028 0.5000000000
8274  -25.429  -61.768  -22.491 0.5000000000
8948  -26.017  -60.864  -21.968 0.5000000000
9680  -27.473  -60.345  -21.707 0.4000000060
8231  -8.932  -62.333  -20.554 0.4000000060
115745  -9.978  -58.425  -10.631 0.5000000000
13429  -9.142  -55.687  -11.544 0.5000000000
12661  -9.267  -56.259  -11.751 0.5000000000
105761  -8.823  -55.049  -10.500 0.5000000000
11836  -9.641  -57.142  -11.435 0.5000000000
16965  -7.854  -50.313  -7.819 0.5000000000
4896  -19.328  -67.896  -24.983 0.5000000000
4347  -20.120  -68.244  -25.142 0.5000000000
109643  -23.805  -69.080  -28.627 0.6000000238
123495  -21.352  -69.805  -27.803 0.6000000238
115134  -23.675  -69.044  -27.851 0.6000000238
4361  -24.093  -68.953  -25.565 0.6999999881
3758  -14.574  -69.267  -25.557 0.6000000238
4907  -23.285  -67.321  -24.906 0.6000000238
4373  -29.712  -68.217  -26.606 0.6999999881
125780  -20.762  -68.970  -25.961 0.5000000000
4358  -21.331  -68.357  -25.860 0.5000000000
4897  -22.274  -66.901  -24.736 0.6000000238
5559  -24.188  -66.435  -25.243 0.5000000000
6215  -24.748  -65.183  -25.099 0.5000000000
117822  -26.906  -66.534  -25.935 0.5000000000
6235  -26.508  -65.594  -25.285 0.5000000000
4904  -19.595  -67.364  -25.460 0.5000000000
5557  -19.572  -66.009  -25.812 0.5000000000
5556  -18.926  -66.568  -26.008 0.5000000000
7584  -25.679  -63.229  -22.838 0.5000000000
6908  -25.013  -63.981  -23.718 0.5000000000
8291  -25.182  -62.416  -23.049 0.5000000000
108944  -27.031  -60.562  -20.909 0.5000000000
9679  -26.534  -60.538  -21.859 0.4000000060
4889  -27.815  -66.888  -23.501 0.5000000000
5536  -28.136  -65.999  -23.415 0.6000000238
4350  -29.046  -67.334  -24.492 0.6000000238
111115  -28.754  -68.146  -24.472 0.4000000060
123484  -27.714  -65.076  -22.963 0.4000000060
6218  -27.980  -65.361  -23.899 0.4000000060
6198  -28.252  -65.686  -23.789 0.5000000000
4898  -28.827  -66.731  -24.294 0.6000000238
5550  -28.978  -66.306  -24.781 0.5000000000
116647  -28.034  -65.942  -25.459 0.4000000060
4351  -29.602  -67.749  -25.105 0.5000000000
4912  -29.146  -66.791  -25.807 0.5000000000
104576  -30.180  -67.866  -25.855 0.6000000238
4388  -30.052  -69.448  -27.350 0.6000000238
3830  -29.114  -69.944  -28.065 0.6000000238
3264  -27.897  -70.246  -28.127 0.6000000238
3816  -27.420  -69.828  -28.162 0.6000000238
3263  -27.205  -70.491  -28.460 0.6000000238
3827  -26.034  -69.843  -29.059 0.5000000000
3261  -25.412  -70.341  -29.204 0.5000000000
3260  -24.265  -70.109  -29.369 0.4000000060
3259  -23.279  -70.400  -29.413 0.5000000000
9665  -27.502  -60.556  -20.679 0.3000000119
3257  -21.334  -70.612  -29.714 0.4000000060
13506  -15.968  -55.415  -19.133 0.4000000060
12764  -15.603  -56.162  -18.816 0.4000000060
11927  -15.100  -57.025  -18.376 0.5000000000
14826  -14.845  -53.533  -7.140 0.5000000000
15580  -14.529  -52.719  -7.187 0.5000000000
15581  -15.177  -52.958  -6.884 0.5000000000
16271  -14.297  -51.847  -7.099 0.4000000060
109497  -14.011  -50.862  -7.215 0.4000000060
16260  -16.967  -51.624  -6.500 0.4000000060
119801  -14.082  -50.022  -7.315 0.4000000060
16969  -14.748  -50.268  -7.079 0.4000000060
123508  -13.041  -49.270  -7.281 0.4000000060
17688  -13.788  -49.346  -7.283 0.4000000060
16970  -15.505  -50.409  -6.879 0.4000000060
18454  -13.409  -48.579  -7.449 0.4000000060
18455  -14.268  -48.649  -7.436 0.4000000060
105174  -16.041  -49.160  -7.227 0.4000000060
19312  -13.009  -47.831  -7.750 0.4000000060
19313  -13.866  -47.873  -7.669 0.4000000060
19328  -13.485  -47.270  -8.041 0.4000000060
21051  -12.676  -45.538  -8.794 0.4000000060
21940  -12.900  -44.060  -11.034 0.3000000119
21068  -12.483  -44.916  -9.601 0.3000000119
111909  -16.045  -51.877  -6.867 0.4000000060
123708  -15.122  -51.188  -6.942 0.4000000060
122590  -15.147  -52.221  -6.922 0.4000000060
16259  -16.224  -50.881  -6.648 0.4000000060
104599  -15.347  -49.700  -7.091 0.4000000060
106133  -15.137  -48.862  -7.462 0.4000000060
17689  -14.560  -49.468  -7.274 0.4000000060
5431  -26.936  -66.689  -18.649 0.3000000119
6109  -27.338  -65.981  -17.671 0.3000000119
5457  -25.975  -66.964  -19.628 0.4000000060
6127  -26.005  -66.292  -18.606 0.3000000119
6107  -25.559  -65.114  -18.157 0.4000000060
6160  -23.442  -66.270  -20.635 0.3000000119
6126  -25.250  -65.934  -19.133 0.3000000119
122492  -24.900  -64.977  -18.674 0.4000000060
5502  -23.027  -66.193  -21.876 0.3000000119
6143  -23.733  -65.305  -20.472 0.3000000119
6862  -24.094  -64.905  -19.776 0.3000000119
6172  -23.393  -65.606  -21.251 0.3000000119
6185  -23.715  -65.550  -22.014 0.3000000119
5515  -23.373  -66.227  -22.541 0.3000000119
5532  -23.758  -66.569  -23.184 0.3000000119
5516  -24.457  -65.813  -22.625 0.3000000119
4886  -24.185  -67.341  -23.563 0.3000000119
5533  -24.945  -66.601  -23.179 0.3000000119
3734  -24.105  -69.657  -23.937 0.3000000119
106406  -24.055  -68.921  -23.682 0.3000000119
4336  -24.605  -68.283  -23.688 0.3000000119
4887  -25.502  -67.521  -23.483 0.3000000119
3735  -24.819  -69.136  -23.892 0.4000000060
6145  -25.074  -66.837  -20.228 0.4000000060
5491  -23.137  -67.046  -20.904 0.3000000119
6845  -24.624  -64.442  -19.036 0.4000000060
5531  -22.962  -66.652  -22.980 0.3000000119
6173  -24.147  -64.901  -21.491 0.4000000060
123623  -24.534  -65.177  -21.985 0.4000000060
124524  -22.864  -67.907  -23.457 0.3000000119
5517  -25.803  -65.824  -22.774 0.4000000060
118327  -23.508  -70.179  -23.714 0.3000000119
3732  -22.136  -69.193  -23.457 0.4000000060
5534  -26.186  -66.506  -23.216 0.4000000060
113339  -26.345  -68.001  -23.624 0.3000000119
3191  -22.644  -69.988  -23.373 0.3000000119
6108  -26.505  -65.363  -17.645 0.3000000119
6827  -27.471  -65.039  -17.056 0.3000000119
6825  -25.884  -64.227  -17.483 0.3000000119
7513  -26.392  -63.329  -17.335 0.3000000119
4818  -24.347  -67.934  -20.213 0.4000000060
6846  -25.024  -64.104  -18.108 0.3000000119
7512  -25.546  -63.328  -17.680 0.3000000119
5501  -22.593  -66.854  -21.499 0.3000000119
5492  -23.861  -67.519  -20.505 0.4000000060
7535  -24.512  -63.956  -19.630 0.4000000060
7521  -24.699  -63.556  -18.832 0.3000000119
6884  -24.829  -64.177  -20.967 0.4000000060
4884  -22.453  -67.168  -22.892 0.3000000119
4864  -21.656  -67.738  -21.963 0.3000000119
6186  -25.580  -65.149  -22.140 0.4000000060
6174  -25.270  -64.545  -21.610 0.4000000060
4333  -21.719  -68.473  -23.198 0.3000000119
120062  -21.294  -68.824  -22.824 0.3000000119
5518  -26.957  -65.747  -22.758 0.4000000060
6187  -26.706  -65.100  -22.296 0.5000000000
4888  -26.758  -67.191  -23.438 0.4000000060
5535  -27.357  -66.339  -23.114 0.4000000060
5519  -27.510  -65.603  -22.987 0.5000000000
2677  -22.392  -71.418  -22.748 0.3000000119
6826  -26.868  -64.198  -17.130 0.3000000119
6828  -28.327  -64.749  -16.698 0.3000000119
4853  -22.816  -67.646  -20.568 0.4000000060
7536  -24.845  -62.925  -19.599 0.4000000060
7556  -25.689  -63.375  -21.015 0.4000000060
6895  -26.478  -64.463  -21.853 0.4000000060
6885  -26.138  -63.966  -21.414 0.5000000000
6897  -27.497  -64.682  -22.848 0.4000000060
4314  -21.247  -68.293  -21.450 0.3000000119
6188  -27.398  -65.069  -22.635 0.4000000060
4325  -20.864  -68.717  -21.809 0.3000000119
6925  -27.614  -64.882  -23.321 0.4000000060
115075  -27.369  -65.088  -24.148 0.4000000060
3717  -21.377  -69.352  -22.958 0.3000000119
3181  -22.100  -70.609  -23.038 0.3000000119
2172  -21.862  -71.920  -22.207 0.3000000119
8209  -25.394  -62.688  -18.160 0.3000000119
4852  -21.858  -67.827  -20.876 0.4000000060
7546  -25.379  -62.779  -20.488 0.5000000000
7557  -26.310  -63.410  -21.680 0.4000000060
6910  -27.300  -64.227  -22.961 0.4000000060
3686  -20.226  -69.808  -20.720 0.3000000119
4313  -20.724  -68.683  -21.196 0.3000000119
3176  -20.396  -70.312  -21.499 0.3000000119
2675  -20.857  -70.786  -22.104 0.3000000119
2162  -22.139  -72.610  -21.962 0.3000000119
2666  -21.124  -71.618  -21.877 0.3000000119
123668  -25.866  -62.165  -18.265 0.3000000119
111208  -25.292  -62.112  -20.000 0.4000000060
112460  -25.930  -62.917  -21.138 0.4000000060
3169  -20.247  -70.726  -20.711 0.3000000119
2647  -20.481  -71.002  -20.011 0.3000000119
2665  -20.562  -71.217  -21.389 0.3000000119
2654  -20.649  -71.483  -20.611 0.3000000119
2655  -21.071  -71.930  -21.151 0.3000000119
3161  -20.679  -70.783  -19.226 0.3000000119
2639  -21.473  -71.236  -18.776 0.3000000119
2648  -21.120  -71.597  -19.734 0.3000000119
2150  -21.648  -72.438  -19.948 0.3000000119
106349  -21.209  -72.038  -20.477 0.3000000119
8906  -26.722  -61.246  -19.382 0.3000000119
8929  -25.868  -61.612  -20.464 0.4000000060
2640  -22.378  -71.535  -18.370 0.3000000119
2143  -22.929  -72.227  -18.707 0.3000000119
8886  -28.124  -61.931  -18.721 0.3000000119
8885  -27.065  -61.521  -18.616 0.3000000119
8930  -26.373  -61.155  -20.046 0.3000000119
8908  -28.592  -61.445  -19.522 0.3000000119
8907  -27.514  -61.189  -19.368 0.3000000119
9654  -27.946  -60.853  -20.092 0.3000000119
20252  -13.348  -46.633  -8.380 0.4000000060
4374  -30.375  -68.684  -26.633 0.6000000238
4913  -29.552  -67.296  -25.681 0.5000000000
8240  -25.684  -62.193  -20.832 0.4000000060
9664  -27.038  -60.712  -20.066 0.3000000119
14812  -15.648  -53.593  -6.755 0.5000000000
15570  -15.930  -52.768  -6.838 0.4000000060
4885  -23.103  -67.293  -23.367 0.3000000119
3733  -23.193  -69.221  -23.654 0.3000000119
5475  -24.720  -67.741  -20.338 0.4000000060
4854  -23.768  -67.716  -20.330 0.4000000060
4865  -22.134  -67.301  -21.585 0.3000000119
4874  -21.854  -67.734  -22.778 0.3000000119
7545  -24.784  -63.522  -20.352 0.4000000060
3180  -20.800  -69.853  -22.271 0.3000000119
6896  -26.802  -63.975  -21.875 0.4000000060
2676  -21.554  -71.136  -22.500 0.3000000119
111315  -25.819  -61.673  -19.655 0.4000000060
4299  -20.447  -68.981  -20.656 0.3000000119
2161  -21.574  -72.374  -21.574 0.3000000119
8884  -26.192  -61.664  -18.875 0.3000000119
2649  -22.045  -71.942  -19.177 0.3000000119
3262  -26.494  -70.605  -29.016 0.5000000000
2755  -26.641  -71.131  -28.780 0.5000000000
2756  -27.416  -70.655  -28.187 0.5000000000
2743  -29.394  -70.188  -27.919 0.5000000000
4365  -30.629  -69.091  -26.457 0.4000000060
6212  -18.395  -65.056  -25.653 0.4000000060
4339  -28.350  -67.428  -23.924 0.5000000000
4349  -27.750  -68.436  -24.176 0.3000000119
4348  -26.577  -68.714  -24.075 0.3000000119
4338  -27.311  -67.807  -23.719 0.4000000060
4337  -25.582  -68.543  -23.746 0.3000000119
4300  -21.009  -68.328  -20.551 0.3000000119
105062  -21.673  -67.962  -20.166 0.3000000119
4839  -22.546  -67.774  -20.345 0.3000000119
5453  -22.184  -67.645  -19.786 0.3000000119
4840  -23.424  -67.851  -20.164 0.3000000119
4819  -25.087  -68.248  -20.185 0.3000000119
4273  -25.871  -68.229  -20.015 0.3000000119
4820  -25.606  -68.267  -19.793 0.3000000119
5455  -23.516  -67.013  -19.191 0.3000000119
5456  -24.336  -67.947  -19.767 0.3000000119
4801  -24.940  -67.764  -19.301 0.3000000119
5476  -25.558  -67.798  -20.169 0.3000000119
122998  -26.521  -67.442  -19.588 0.3000000119
5429  -24.579  -66.714  -18.404 0.3000000119
4841  -26.765  -68.361  -20.080 0.3000000119
4274  -26.752  -68.711  -19.958 0.3000000119
3258  -22.305  -70.746  -29.524 0.3000000119
4363  -30.119  -68.650  -25.603 0.5000000000
3238  -30.362  -70.142  -27.144 0.4000000060
2758  -29.154  -70.458  -28.045 0.5000000000
17673  -16.619  -49.641  -6.953 0.3000000119
16954  -16.096  -50.020  -6.889 0.3000000119
19329  -14.175  -47.178  -7.976 0.3000000119
2753  -24.831  -70.946  -29.129 0.4000000060
122119  -26.272  -71.408  -28.236 0.4000000060
1375  -27.533  -74.214  -24.982 0.4000000060
1784  -27.385  -73.068  -26.022 0.4000000060
2243  -27.968  -72.446  -26.418 0.4000000060
2264  -29.026  -71.174  -27.201 0.4000000060
115976  -30.152  -70.374  -27.026 0.4000000060
2262  -27.591  -71.558  -27.418 0.4000000060
2286  -28.045  -70.891  -27.841 0.4000000060
2287  -28.915  -70.760  -27.724 0.4000000060
1027  -27.536  -75.305  -23.119 0.3000000119
1362  -28.688  -73.978  -24.720 0.4000000060
1776  -28.421  -72.372  -25.424 0.4000000060
2285  -27.229  -71.068  -28.145 0.4000000060
1773  -27.631  -73.633  -25.289 0.4000000060
118785  -27.181  -72.185  -26.728 0.4000000060
1370  -27.095  -74.413  -24.172 0.3000000119
1377  -28.945  -74.043  -24.941 0.4000000060
1785  -28.386  -73.047  -25.458 0.4000000060
2263  -28.352  -71.488  -27.272 0.4000000060
1786  -28.494  -72.478  -25.854 0.4000000060
2246  -29.641  -70.979  -26.558 0.4000000060
114953  -27.495  -74.827  -22.880 0.3000000119
107365  -27.399  -74.010  -24.115 0.3000000119
1762  -28.470  -73.730  -24.730 0.3000000119
2193  -28.000  -73.003  -24.479 0.3000000119
2698  -29.221  -71.040  -25.477 0.3000000119
115605  -29.524  -70.168  -25.450 0.3000000119
2213  -28.971  -71.686  -25.568 0.3000000119
3206  -28.824  -69.885  -25.061 0.3000000119
3750  -28.261  -69.122  -24.610 0.3000000119
3751  -29.251  -68.800  -24.969 0.3000000119
3216  -29.987  -70.306  -25.899 0.3000000119
3769  -30.186  -69.571  -25.737 0.3000000119
2705  -30.926  -70.801  -26.720 0.3000000119
116699  -19.385  -71.118  -13.572 0.3000000119
3100  -19.474  -70.681  -13.253 0.3000000119
3674  -20.640  -69.337  -18.385 0.3000000119
109962  -19.116  -69.114  -13.454 0.3000000119
3636  -19.798  -69.061  -14.002 0.3000000119
4234  -20.318  -68.388  -14.558 0.3000000119
4235  -20.962  -68.489  -15.186 0.3000000119
3647  -21.368  -69.080  -15.552 0.3000000119
4253  -21.195  -68.116  -16.239 0.3000000119
107796  -21.269  -68.742  -16.768 0.3000000119
4262  -21.192  -68.062  -17.267 0.3000000119
4227  -19.241  -68.282  -13.580 0.3000000119
4233  -19.738  -68.103  -14.132 0.3000000119
4777  -20.061  -67.507  -14.427 0.3000000119
4245  -20.480  -67.758  -14.952 0.3000000119
4785  -20.613  -67.403  -15.572 0.3000000119
122910  -28.350  -71.805  -25.334 0.3000000119
3637  -20.676  -69.277  -14.421 0.3000000119
3626  -20.327  -70.038  -13.778 0.3000000119
3625  -19.648  -69.964  -13.378 0.3000000119
4770  -19.457  -67.276  -13.704 0.3000000119
1034  -27.177  -74.573  -23.723 0.3000000119
1371  -27.336  -74.086  -24.377 0.4000000060
1376  -28.664  -74.082  -24.874 0.4000000060
1755  -27.696  -73.170  -24.400 0.3000000119
1763  -28.158  -72.699  -24.795 0.3000000119
1774  -28.698  -74.002  -25.105 0.4000000060
1775  -28.416  -73.620  -25.032 0.4000000060
1787  -29.147  -71.880  -26.117 0.4000000060
2229  -29.497  -71.311  -26.123 0.3000000119
2244  -28.551  -72.066  -26.442 0.4000000060
2245  -29.095  -71.561  -26.555 0.4000000060
2265  -29.405  -70.953  -26.941 0.4000000060
2284  -26.740  -71.210  -28.498 0.5000000000
2699  -29.594  -70.973  -25.854 0.3000000119
2704  -30.016  -70.533  -26.560 0.3000000119
2711  -30.575  -70.665  -26.708 0.4000000060
2712  -31.145  -70.918  -27.010 0.3000000119
2719  -29.375  -70.470  -27.635 0.4000000060
2720  -30.395  -70.366  -27.209 0.4000000060
2739  -27.054  -71.010  -28.525 0.5000000000
2740  -27.707  -70.681  -28.014 0.5000000000
2741  -28.735  -70.670  -27.838 0.5000000000
2742  -29.055  -70.397  -27.981 0.4000000060
2754  -25.842  -71.028  -28.899 0.5000000000
2757  -28.423  -70.500  -27.898 0.5000000000
3190  -18.434  -70.203  -24.085 0.6000000238
3212  -18.212  -70.329  -25.234 0.6999999881
3217  -30.297  -70.108  -26.193 0.3000000119
3227  -30.365  -70.192  -26.812 0.3000000119
3249  -29.393  -70.190  -27.927 0.5000000000
3250  -29.759  -70.211  -27.702 0.5000000000
3251  -30.209  -70.109  -27.388 0.4000000060
3256  -20.680  -70.469  -29.711 0.4000000060
3265  -28.885  -70.253  -28.049 0.5000000000
3684  -12.751  -68.910  -20.603 0.6999999881
3699  -20.485  -69.292  -21.538 0.3000000119
3716  -20.924  -69.059  -22.375 0.3000000119
3738  -12.111  -70.142  -24.627 0.6999999881
3748  -26.368  -69.597  -24.334 0.3000000119
3759  -15.265  -69.150  -26.293 0.6000000238
3770  -30.649  -69.141  -25.989 0.4000000060
3771  -30.496  -69.588  -26.397 0.4000000060
3789  -30.450  -69.547  -26.859 0.4000000060
3799  -24.403  -69.211  -27.897 0.6000000238
3802  -28.768  -69.472  -27.812 0.6999999881
3803  -29.237  -69.562  -27.770 0.6999999881
3804  -30.285  -69.571  -27.218 0.4000000060
3815  -26.560  -69.738  -28.537 0.6000000238
3818  -29.611  -69.729  -27.702 0.6000000238
3819  -30.045  -70.031  -27.971 0.4000000060
3825  -24.006  -69.349  -29.086 0.6000000238
3828  -26.894  -70.027  -28.598 0.5000000000
3829  -27.760  -69.733  -28.332 0.6000000238
4292  -11.333  -67.986  -20.374 0.6999999881
4309  -14.769  -68.933  -20.886 0.6000000238
4326  -21.331  -68.409  -22.396 0.3000000119
4334  -22.587  -68.441  -23.491 0.3000000119
4335  -23.496  -68.191  -23.582 0.3000000119
4344  -7.869  -69.110  -24.117 0.5000000000
4356  -14.565  -69.183  -26.403 0.5000000000
4360  -23.158  -68.889  -25.601 0.6000000238
4364  -30.460  -68.464  -26.205 0.6000000238
4375  -30.527  -69.036  -26.840 0.6000000238
4380  -14.944  -69.272  -27.246 0.4000000060
4383  -29.910  -68.941  -27.073 0.6000000238
4384  -30.329  -69.061  -27.015 0.6000000238
4814  -14.077  -66.792  -18.539 0.5000000000
4875  -22.079  -67.258  -22.376 0.3000000119
4890  -28.382  -66.600  -23.778 0.6000000238
4899  -29.406  -66.869  -24.875 0.6000000238
4910  -26.386  -67.841  -25.565 0.6000000238
4918  -30.114  -67.972  -26.333 0.6000000238
5449  -14.744  -66.397  -18.547 0.5000000000
5477  -26.220  -67.974  -20.066 0.3000000119
5514  -22.593  -66.685  -22.335 0.3000000119
5537  -28.568  -66.133  -24.065 0.6000000238
5548  -22.273  -66.069  -24.599 0.6000000238
5551  -29.231  -66.621  -25.346 0.5000000000
5564  -28.714  -66.320  -25.508 0.5000000000
5566  -28.819  -66.733  -25.961 0.5000000000
6121  -15.932  -65.666  -18.397 0.5000000000
6125  -24.437  -65.458  -19.466 0.4000000060
6144  -23.903  -66.288  -20.198 0.3000000119
6197  -27.877  -65.378  -23.373 0.4000000060
6213  -21.796  -65.419  -24.925 0.5000000000
6219  -28.406  -65.838  -24.611 0.5000000000
6859  -16.638  -64.335  -18.866 0.5000000000
6873  -24.256  -64.408  -20.303 0.4000000060
6883  -23.916  -64.784  -20.909 0.4000000060
6932  -9.285  -64.226  -26.323 0.5000000000
6935  -12.197  -64.551  -26.216 0.6999999881
6936  -12.953  -64.498  -26.020 0.6999999881
7522  -25.056  -63.292  -18.223 0.3000000119
7579  -11.547  -63.085  -23.883 0.6000000238
7597  -12.998  -63.223  -25.628 0.6999999881
7599  -13.877  -63.756  -24.867 0.6000000238
7613  -9.446  -63.848  -26.224 0.5000000000
7614  -10.464  -63.983  -26.178 0.6000000238
8158  -11.106  -62.368  -11.685 0.6000000238
8159  -11.943  -62.306  -11.645 0.6000000238
8208  -24.972  -62.898  -18.746 0.4000000060
8250  -9.826  -62.660  -21.185 0.5000000000
8251  -10.588  -62.355  -21.223 0.6000000238
8252  -11.140  -61.764  -21.719 0.6000000238
8304  -13.566  -62.557  -25.100 0.6000000238
8305  -13.898  -62.950  -24.678 0.6000000238
8321  -13.314  -63.072  -25.377 0.6000000238
8803  -10.873  -61.468  -10.546 0.6000000238
8961  -11.415  -61.233  -22.634 0.6000000238
8980  -13.579  -61.004  -24.249 0.5000000000
9532  -14.365  -60.489  -11.157 0.8000000119
9536  -13.992  -61.049  -11.850 0.6000000238
9563  -10.528  -60.838  -14.958 0.6000000238
9565  -12.412  -60.985  -14.383 0.6999999881
9630  -13.873  -60.456  -18.403 0.5000000000
9696  -12.469  -60.130  -23.908 0.6000000238
9713  -12.925  -60.762  -24.669 0.6000000238
10280  -12.803  -59.625  -9.494 0.5000000000
10299  -14.764  -59.964  -10.650 0.6999999881
10307  -15.192  -59.221  -10.920 0.6999999881
10330  -13.571  -60.092  -14.195 0.8000000119
10344  -7.930  -59.494  -15.921 0.5000000000
10401  -7.980  -59.452  -17.642 0.6000000238
10411  -13.417  -59.131  -19.930 0.6000000238
10444  -12.726  -59.563  -23.732 0.5000000000
10445  -13.368  -59.680  -23.605 0.5000000000
11018  -15.170  -58.877  -8.985 0.6999999881
11019  -15.939  -58.493  -9.005 0.5000000000
11078  -14.038  -58.352  -14.763 0.8000000119
11096  -8.149  -58.775  -16.277 0.6999999881
11124  -8.352  -57.989  -16.510 0.6000000238
11125  -9.552  -58.089  -16.571 0.6000000238
11157  -7.933  -57.474  -18.807 0.6000000238
11170  -13.620  -58.389  -20.790 0.6000000238
11188  -12.504  -58.613  -23.024 0.5000000000
11788  -13.909  -58.048  -8.386 0.6000000238
11837  -10.242  -57.082  -11.194 0.6000000238
11907  -12.637  -57.368  -16.431 0.8000000119
11931  -7.689  -56.898  -19.199 0.6000000238
11937  -8.188  -57.055  -19.871 0.6000000238
11939  -10.043  -57.456  -21.272 0.5000000000
11941  -14.182  -56.591  -20.794 0.6000000238
11963  -10.832  -58.400  -22.553 0.6000000238
11965  -12.925  -57.970  -22.610 0.6000000238
12613  -14.881  -56.551  -7.189 0.5000000000
12773  -8.025  -56.320  -19.330 0.6000000238
12775  -15.320  -55.525  -19.551 0.4000000060
12796  -13.568  -56.557  -21.729 0.6000000238
13416  -9.924  -55.553  -10.817 0.6000000238
13466  -12.675  -55.080  -15.101 0.6000000238
13485  -9.682  -54.700  -17.564 0.6999999881
13486  -10.335  -55.048  -17.296 0.6999999881
13505  -8.294  -55.503  -18.880 0.6000000238
13526  -8.459  -55.922  -19.525 0.5000000000
13531  -13.774  -55.399  -20.379 0.5000000000
14233  -8.927  -54.902  -18.585 0.6000000238
14248  -9.208  -54.672  -19.056 0.6000000238
14249  -10.013  -54.509  -19.161 0.5000000000
14252  -13.627  -54.236  -19.533 0.5000000000
14261  -8.720  -55.324  -19.304 0.6000000238
14936  -9.827  -52.369  -16.895 0.5000000000
14964  -10.171  -53.128  -18.175 0.5000000000
104813  -12.731  -60.312  -14.600 0.6999999881
106707  -18.468  -65.702  -26.001 0.6000000238
107443  -13.398  -64.784  -24.895 0.6999999881
107767  -27.795  -64.031  -16.852 0.3000000119
108004  -13.890  -59.306  -18.581 0.5000000000
109319  -12.813  -62.789  -25.266 0.5000000000
109378  -12.464  -55.653  -20.614 0.5000000000
109903  -9.351  -53.884  -17.940 0.6999999881
109911  -9.039  -64.610  -26.009 0.5000000000
110485  -15.601  -58.467  -11.328 0.6000000238
110909  -13.466  -61.328  -20.285 0.6000000238
111329  -22.814  -68.051  -25.292 0.6000000238
112266  -27.150  -69.774  -28.201 0.6000000238
112544  -11.532  -65.883  -21.810 0.6999999881
112938  -26.735  -60.790  -20.693 0.5000000000
115919  -15.130  -65.640  -18.627 0.5000000000
116726  -21.379  -70.270  -22.720 0.3000000119
117034  -24.899  -67.180  -25.373 0.6000000238
117051  -29.607  -69.415  -25.348 0.3000000119
117055  -28.063  -73.263  -25.531 0.4000000060
117173  -28.253  -73.323  -24.686 0.3000000119
117869  -20.606  -69.773  -26.156 0.5000000000
118100  -30.301  -69.768  -25.918 0.3000000119
118115  -12.520  -68.347  -19.991 0.6999999881
118134  -14.102  -57.089  -21.296 0.6000000238
118335  -14.664  -59.355  -9.404 0.6999999881
118527  -13.265  -61.272  -24.899 0.6000000238
118778  -27.996  -69.596  -27.969 0.6999999881
119484  -12.738  -64.898  -26.077 0.6999999881
120028  -27.155  -64.371  -22.385 0.4000000060
120107  -28.412  -69.870  -28.064 0.6000000238
120188  -14.061  -59.275  -14.469 0.8000000119
120235  -13.546  -56.410  -15.185 0.6999999881
120350  -26.094  -69.309  -26.186 0.6999999881
120480  -10.839  -61.825  -20.841 0.5000000000
120972  -29.858  -70.105  -27.493 0.4000000060
121247  -16.551  -65.663  -18.475 0.5000000000
121556  -9.146  -59.193  -18.862 0.6000000238
122200  -26.998  -70.969  -28.771 0.6000000238
122237  -9.687  -56.686  -11.535 0.6000000238
122246  -30.174  -68.595  -26.739 0.6000000238
122259  -22.370  -67.784  -23.267 0.3000000119
122277  -13.227  -68.918  -25.772 0.6000000238
122869  -9.262  -54.494  -18.289 0.6000000238
123160  -7.728  -47.734  -10.107 0.5000000000
123748  -13.700  -62.129  -24.844 0.6000000238
124643  -20.051  -70.495  -13.423 0.3000000119
125159  -26.262  -61.448  -19.490 0.3000000119
125216  -7.800  -63.285  -25.625 0.5000000000
125270  -26.413  -68.400  -20.023 0.3000000119
125901  -11.084  -59.081  -16.086 0.6999999881
126111  -11.259  -61.118  -10.257 0.6000000238
126743  -8.005  -55.896  -19.015 0.6000000238
