#!ascii label  , from subject sub1 vox2ras=TkReg
474
126286  -37.122  -66.666  -12.389 0.0000000000
8191  -39.714  -62.662  -15.303 0.0000000000
8789  -34.747  -61.139  -8.914 0.0000000000
7495  -34.400  -63.830  -15.237 0.0000000000
11040  -36.419  -58.296  -11.253 0.0000000000
6693  -41.458  -64.310  -9.172 0.0000000000
123351  -38.796  -58.885  -4.154 0.0000000000
12571  -43.384  -56.411  -2.212 0.0000000000
111267  -34.285  -57.679  -7.369 0.0000000000
10300  -34.388  -59.238  -10.410 0.0000000000
12630  -35.174  -56.231  -9.088 0.0000000000
8774  -39.209  -61.814  -6.182 0.0000000000
118147  -42.083  -60.426  -4.427 0.0000000000
14027  -42.730  -54.527  -0.446 0.0000000000
14038  -40.742  -54.814  -1.251 0.0000000000
3644  -35.968  -70.100  -14.597 0.0000000000
8188  -36.949  -62.840  -15.205 0.0000000000
6114  -35.624  -65.482  -17.650 0.0000000000
6835  -38.980  -64.522  -17.733 0.0000000000
6736  -35.974  -64.331  -10.727 0.0000000000
123327  -34.411  -65.851  -13.626 0.0000000000
8817  -35.478  -61.040  -12.891 0.0000000000
114897  -38.046  -60.406  -12.822 0.0000000000
7419  -37.925  -63.237  -8.975 0.0000000000
9494  -36.742  -60.398  -6.817 0.0000000000
120575  -35.833  -57.018  -4.172 0.0000000000
10229  -44.237  -58.788  -3.853 0.0000000000
11736  -41.013  -57.348  -2.858 0.0000000000
12566  -38.189  -56.215  -2.685 0.0000000000
15534  -35.769  -52.851  -2.494 0.0000000000
4797  -34.885  -67.896  -16.702 0.0000000000
118580  -43.770  -59.725  -11.499 0.0000000000
8841  -42.736  -61.733  -14.721 0.0000000000
8205  -43.266  -61.728  -17.781 0.0000000000
12598  -34.164  -56.372  -6.572 0.0000000000
12629  -34.590  -56.638  -8.470 0.0000000000
4230  -35.971  -68.570  -13.279 0.0000000000
8190  -38.780  -62.687  -15.318 0.0000000000
7506  -37.940  -63.658  -16.360 0.0000000000
7507  -38.950  -63.716  -16.372 0.0000000000
6836  -40.076  -64.509  -17.763 0.0000000000
122994  -40.879  -63.767  -16.412 0.0000000000
8140  -35.545  -62.490  -9.505 0.0000000000
7448  -34.426  -62.545  -10.908 0.0000000000
11055  -34.910  -58.867  -11.140 0.0000000000
9534  -34.875  -60.159  -11.595 0.0000000000
10322  -35.769  -59.988  -12.002 0.0000000000
9550  -36.557  -61.024  -13.253 0.0000000000
10324  -37.653  -59.964  -12.241 0.0000000000
6712  -38.369  -64.029  -9.639 0.0000000000
116223  -39.728  -63.719  -8.552 0.0000000000
10254  -39.218  -60.165  -4.870 0.0000000000
107132  -38.081  -60.821  -6.149 0.0000000000
10252  -37.557  -59.574  -5.377 0.0000000000
10986  -36.262  -58.628  -5.333 0.0000000000
10976  -37.569  -58.307  -4.378 0.0000000000
11751  -43.450  -57.703  -3.075 0.0000000000
10966  -42.204  -58.535  -3.441 0.0000000000
11737  -42.005  -57.248  -2.619 0.0000000000
14024  -39.265  -53.974  -0.744 0.0000000000
13314  -39.457  -55.375  -1.809 0.0000000000
14035  -37.831  -54.702  -1.649 0.0000000000
108879  -36.797  -55.392  -2.550 0.0000000000
6048  -33.829  -65.322  -14.601 0.0000000000
5386  -34.125  -66.843  -14.470 0.0000000000
107798  -34.098  -66.051  -15.875 0.0000000000
5461  -35.788  -67.129  -18.377 0.0000000000
9535  -45.408  -60.146  -11.622 0.0000000000
110703  -43.236  -60.611  -13.389 0.0000000000
9582  -44.147  -60.485  -16.102 0.0000000000
10270  -34.503  -59.680  -8.146 0.0000000000
9517  -34.139  -60.590  -9.438 0.0000000000
11010  -34.206  -58.278  -8.734 0.0000000000
11824  -34.690  -57.989  -9.901 0.0000000000
11804  -35.730  -57.216  -10.031 0.0000000000
8117  -40.392  -63.161  -7.048 0.0000000000
9488  -40.476  -61.065  -5.026 0.0000000000
10238  -40.544  -59.882  -4.186 0.0000000000
12554  -43.376  -55.852  -1.685 0.0000000000
13330  -41.852  -55.836  -1.826 0.0000000000
106473  -41.717  -55.027  -1.171 0.0000000000
14745  -40.735  -53.705  -0.210 0.0000000000
126534  -39.851  -52.847  -0.124 0.0000000000
7496  -35.424  -63.488  -15.574 0.0000000000
6811  -34.871  -64.700  -16.375 0.0000000000
6813  -36.446  -64.155  -16.946 0.0000000000
6850  -36.660  -64.976  -18.243 0.0000000000
6131  -37.965  -65.233  -19.051 0.0000000000
6133  -39.594  -65.360  -19.578 0.0000000000
6866  -40.653  -64.651  -19.192 0.0000000000
6867  -41.135  -64.050  -19.253 0.0000000000
116075  -36.794  -65.699  -11.635 0.0000000000
5362  -35.635  -66.096  -12.747 0.0000000000
6775  -34.452  -64.754  -12.692 0.0000000000
7481  -33.861  -63.898  -13.837 0.0000000000
113301  -34.187  -61.007  -11.023 0.0000000000
8165  -34.290  -61.975  -12.618 0.0000000000
8177  -34.525  -62.616  -14.209 0.0000000000
8834  -36.006  -61.947  -14.136 0.0000000000
8836  -37.744  -61.782  -14.323 0.0000000000
8825  -38.878  -61.215  -13.837 0.0000000000
120009  -37.453  -64.884  -10.616 0.0000000000
7438  -37.246  -63.458  -9.564 0.0000000000
112102  -36.730  -62.269  -8.382 0.0000000000
8115  -38.657  -62.513  -7.577 0.0000000000
8781  -37.501  -61.491  -7.481 0.0000000000
9513  -36.013  -61.190  -7.823 0.0000000000
10262  -35.239  -59.335  -6.782 0.0000000000
10984  -34.723  -57.970  -5.953 0.0000000000
12582  -34.525  -56.032  -4.853 0.0000000000
10241  -43.216  -59.665  -4.227 0.0000000000
117851  -41.021  -59.319  -3.719 0.0000000000
10964  -39.876  -58.494  -3.557 0.0000000000
12568  -40.498  -56.626  -2.468 0.0000000000
12567  -39.618  -56.617  -2.575 0.0000000000
11760  -37.917  -57.695  -3.796 0.0000000000
12578  -36.826  -56.540  -3.345 0.0000000000
109198  -35.534  -55.585  -3.399 0.0000000000
4774  -34.538  -67.652  -13.975 0.0000000000
4248  -34.722  -68.487  -15.232 0.0000000000
109626  -35.215  -66.074  -17.396 0.0000000000
121592  -35.790  -68.844  -17.906 0.0000000000
120837  -38.942  -58.905  -11.640 0.0000000000
9542  -39.700  -60.226  -12.999 0.0000000000
9554  -40.253  -60.691  -13.694 0.0000000000
9555  -41.363  -60.591  -13.638 0.0000000000
8184  -41.069  -62.255  -15.093 0.0000000000
8195  -42.136  -62.916  -15.782 0.0000000000
7510  -42.477  -62.911  -17.195 0.0000000000
14093  -34.599  -54.950  -5.885 0.0000000000
124891  -34.449  -55.804  -6.932 0.0000000000
4220  -36.875  -68.682  -12.802 0.0000000000
4765  -36.393  -67.840  -12.895 0.0000000000
7499  -38.405  -63.289  -15.731 0.0000000000
7500  -39.377  -63.236  -15.808 0.0000000000
7508  -40.020  -63.805  -16.361 0.0000000000
7501  -40.477  -63.243  -15.816 0.0000000000
8128  -35.122  -61.767  -9.228 0.0000000000
7436  -35.002  -62.907  -10.217 0.0000000000
8139  -34.521  -62.033  -10.059 0.0000000000
11056  -35.807  -58.802  -11.453 0.0000000000
10309  -35.342  -59.481  -11.537 0.0000000000
11057  -36.611  -58.890  -11.566 0.0000000000
10323  -36.747  -60.062  -12.074 0.0000000000
11058  -37.392  -58.587  -11.409 0.0000000000
7440  -40.375  -64.236  -9.105 0.0000000000
7439  -39.392  -64.126  -9.228 0.0000000000
10236  -38.951  -59.463  -4.520 0.0000000000
10253  -38.403  -59.859  -5.127 0.0000000000
10235  -38.099  -59.085  -4.610 0.0000000000
10987  -37.161  -58.852  -5.011 0.0000000000
123842  -44.023  -56.264  -1.695 0.0000000000
12573  -45.594  -56.714  -1.978 0.0000000000
12572  -44.464  -56.638  -2.080 0.0000000000
11740  -45.074  -57.018  -2.673 0.0000000000
11739  -43.934  -57.103  -2.588 0.0000000000
11738  -42.949  -57.041  -2.710 0.0000000000
14743  -38.513  -53.304  -0.606 0.0000000000
14036  -38.885  -54.720  -1.405 0.0000000000
122544  -37.435  -53.801  -1.374 0.0000000000
15513  -37.688  -52.598  -0.792 0.0000000000
6794  -33.869  -64.590  -14.986 0.0000000000
6083  -33.953  -65.310  -15.438 0.0000000000
9557  -43.977  -60.663  -13.621 0.0000000000
8843  -44.099  -61.051  -15.092 0.0000000000
104630  -34.305  -58.771  -8.093 0.0000000000
10278  -34.201  -59.162  -8.839 0.0000000000
10999  -34.170  -57.939  -7.995 0.0000000000
12645  -34.683  -56.980  -9.179 0.0000000000
11825  -35.268  -57.785  -10.334 0.0000000000
12646  -35.980  -56.617  -9.608 0.0000000000
9475  -40.043  -60.392  -4.648 0.0000000000
9476  -40.795  -60.452  -4.556 0.0000000000
107380  -43.394  -55.518  -1.165 0.0000000000
13306  -43.077  -55.075  -0.820 0.0000000000
12553  -42.655  -55.427  -1.400 0.0000000000
119107  -42.433  -54.912  -0.884 0.0000000000
14744  -39.965  -53.456  -0.369 0.0000000000
3651  -35.864  -69.930  -15.520 0.0000000000
7497  -36.472  -63.373  -15.679 0.0000000000
7504  -35.971  -63.868  -16.215 0.0000000000
7505  -36.963  -63.768  -16.262 0.0000000000
6815  -38.453  -64.138  -16.980 0.0000000000
6814  -37.411  -64.030  -17.020 0.0000000000
6834  -37.906  -64.391  -17.734 0.0000000000
6132  -38.862  -65.301  -19.351 0.0000000000
6837  -40.986  -64.435  -17.801 0.0000000000
6854  -40.509  -64.706  -18.515 0.0000000000
6855  -41.115  -64.311  -18.528 0.0000000000
7518  -41.560  -63.944  -17.937 0.0000000000
6760  -36.539  -65.147  -10.993 0.0000000000
6005  -35.997  -65.445  -11.738 0.0000000000
105764  -34.051  -63.740  -12.875 0.0000000000
7472  -34.071  -62.736  -12.754 0.0000000000
9531  -34.117  -60.252  -10.440 0.0000000000
8807  -34.170  -61.157  -10.255 0.0000000000
8816  -34.627  -61.262  -12.402 0.0000000000
8821  -34.845  -61.643  -13.167 0.0000000000
8170  -34.391  -62.322  -13.405 0.0000000000
8171  -35.060  -61.996  -13.909 0.0000000000
8178  -35.432  -62.451  -14.522 0.0000000000
9551  -37.609  -60.914  -13.282 0.0000000000
8823  -37.259  -61.413  -13.779 0.0000000000
8824  -38.083  -61.277  -13.836 0.0000000000
8837  -38.571  -61.689  -14.339 0.0000000000
9552  -38.452  -60.821  -13.342 0.0000000000
124261  -37.323  -63.064  -8.979 0.0000000000
8141  -36.658  -62.768  -9.049 0.0000000000
8130  -37.415  -62.652  -8.422 0.0000000000
8098  -39.766  -62.507  -6.582 0.0000000000
8116  -39.495  -62.777  -7.366 0.0000000000
8783  -39.002  -62.141  -6.974 0.0000000000
9495  -37.451  -60.652  -6.476 0.0000000000
8773  -37.906  -61.267  -6.764 0.0000000000
9503  -37.182  -60.938  -7.257 0.0000000000
8780  -36.926  -61.220  -7.722 0.0000000000
9502  -36.469  -60.745  -7.436 0.0000000000
10272  -35.850  -60.140  -7.052 0.0000000000
10263  -36.249  -59.750  -6.378 0.0000000000
11764  -35.765  -58.054  -4.910 0.0000000000
10985  -35.346  -58.396  -5.581 0.0000000000
11763  -34.901  -57.717  -5.296 0.0000000000
11757  -34.588  -56.866  -5.115 0.0000000000
12583  -35.091  -56.624  -4.352 0.0000000000
10228  -43.526  -58.962  -3.891 0.0000000000
11749  -41.685  -57.951  -3.072 0.0000000000
126599  -41.015  -58.072  -3.195 0.0000000000
10965  -40.650  -58.591  -3.481 0.0000000000
11748  -40.367  -57.905  -3.223 0.0000000000
13316  -41.100  -55.426  -1.585 0.0000000000
13329  -40.862  -56.016  -1.957 0.0000000000
125184  -38.426  -55.737  -2.352 0.0000000000
13327  -39.047  -55.976  -2.334 0.0000000000
117681  -38.876  -56.611  -2.750 0.0000000000
12580  -39.197  -57.175  -3.043 0.0000000000
12579  -38.274  -57.036  -3.181 0.0000000000
11745  -37.366  -57.102  -3.563 0.0000000000
118116  -37.578  -56.604  -3.100 0.0000000000
14773  -36.050  -53.885  -2.337 0.0000000000
13325  -35.949  -55.201  -2.812 0.0000000000
14049  -35.637  -54.439  -2.836 0.0000000000
14059  -35.011  -54.263  -3.541 0.0000000000
5374  -35.408  -66.595  -13.164 0.0000000000
4775  -35.456  -67.508  -13.337 0.0000000000
5373  -34.640  -66.656  -13.672 0.0000000000
4788  -34.473  -67.749  -15.776 0.0000000000
4783  -34.312  -67.686  -14.856 0.0000000000
4259  -34.948  -68.496  -16.058 0.0000000000
4260  -35.279  -68.934  -16.684 0.0000000000
6098  -35.212  -65.244  -16.912 0.0000000000
4826  -36.111  -67.763  -18.804 0.0000000000
4825  -35.651  -67.942  -18.048 0.0000000000
11059  -38.391  -58.512  -11.299 0.0000000000
11060  -39.291  -58.450  -11.118 0.0000000000
10326  -40.001  -59.484  -12.481 0.0000000000
9543  -40.671  -60.052  -13.070 0.0000000000
8829  -43.216  -61.169  -14.062 0.0000000000
9556  -42.373  -60.595  -13.555 0.0000000000
8828  -42.116  -61.184  -14.184 0.0000000000
8827  -41.109  -61.261  -14.174 0.0000000000
8840  -41.773  -61.913  -14.733 0.0000000000
126359  -41.817  -62.544  -15.245 0.0000000000
8185  -42.419  -62.293  -15.227 0.0000000000
126645  -42.972  -62.124  -16.401 0.0000000000
8196  -42.560  -62.706  -16.446 0.0000000000
8204  -42.810  -62.496  -17.787 0.0000000000
11767  -34.149  -57.092  -7.010 0.0000000000
11781  -34.266  -57.159  -7.853 0.0000000000
12617  -34.437  -56.335  -7.559 0.0000000000
13388  -34.879  -56.013  -8.281 0.0000000000
14747  -42.354  -53.926  -0.045 0.0000000000
3629  -35.840  -69.447  -13.764 0.0000000000
8189  -37.887  -62.862  -15.175 0.0000000000
7498  -37.457  -63.314  -15.702 0.0000000000
6816  -39.531  -64.317  -16.919 0.0000000000
6817  -40.693  -64.223  -17.004 0.0000000000
116795  -41.428  -63.734  -16.810 0.0000000000
7449  -35.552  -63.572  -10.486 0.0000000000
121451  -34.732  -63.240  -10.892 0.0000000000
10308  -34.489  -59.684  -11.100 0.0000000000
9540  -36.145  -60.478  -12.566 0.0000000000
9541  -37.158  -60.530  -12.653 0.0000000000
7420  -38.783  -63.540  -8.754 0.0000000000
9487  -39.129  -61.251  -5.659 0.0000000000
9496  -38.563  -61.272  -6.142 0.0000000000
116764  -38.672  -60.648  -5.535 0.0000000000
9486  -37.860  -60.281  -5.775 0.0000000000
10264  -37.098  -60.005  -6.090 0.0000000000
10251  -36.681  -59.327  -5.674 0.0000000000
10975  -36.711  -58.186  -4.693 0.0000000000
11758  -36.209  -57.592  -4.353 0.0000000000
11752  -44.457  -57.598  -3.117 0.0000000000
10968  -43.881  -58.275  -3.520 0.0000000000
10967  -43.040  -58.442  -3.418 0.0000000000
11750  -42.546  -57.851  -2.999 0.0000000000
14037  -39.822  -54.781  -1.258 0.0000000000
13315  -40.324  -55.409  -1.678 0.0000000000
13313  -38.594  -55.340  -1.971 0.0000000000
13326  -37.767  -55.472  -2.320 0.0000000000
14051  -37.131  -54.920  -2.141 0.0000000000
14034  -36.892  -54.253  -1.891 0.0000000000
14758  -36.594  -53.384  -1.803 0.0000000000
6049  -34.015  -65.278  -13.873 0.0000000000
5385  -33.797  -66.089  -15.000 0.0000000000
5396  -34.020  -66.896  -15.394 0.0000000000
5414  -34.420  -66.882  -16.284 0.0000000000
6129  -35.725  -66.168  -18.228 0.0000000000
9547  -45.015  -60.301  -12.341 0.0000000000
124836  -44.134  -59.960  -12.127 0.0000000000
9546  -43.855  -60.240  -12.840 0.0000000000
8842  -43.475  -61.534  -14.831 0.0000000000
8846  -42.995  -61.948  -15.236 0.0000000000
118323  -43.415  -61.528  -15.874 0.0000000000
8856  -43.375  -61.612  -16.962 0.0000000000
9511  -34.551  -60.476  -8.551 0.0000000000
8794  -34.430  -61.344  -9.580 0.0000000000
106543  -34.167  -59.936  -8.893 0.0000000000
10284  -34.173  -59.671  -9.586 0.0000000000
11020  -34.369  -58.656  -9.592 0.0000000000
11790  -34.329  -57.437  -8.596 0.0000000000
11038  -34.765  -58.404  -10.466 0.0000000000
11039  -35.500  -58.227  -10.986 0.0000000000
122182  -36.264  -57.668  -10.660 0.0000000000
7421  -40.766  -63.812  -8.497 0.0000000000
8775  -39.979  -62.140  -5.937 0.0000000000
107165  -40.585  -61.866  -5.556 0.0000000000
8763  -39.808  -61.492  -5.556 0.0000000000
116196  -39.549  -60.846  -5.180 0.0000000000
10237  -39.726  -59.714  -4.322 0.0000000000
12570  -42.755  -55.900  -1.997 0.0000000000
14039  -42.030  -54.364  -0.632 0.0000000000
14026  -41.160  -54.332  -0.645 0.0000000000
14025  -40.254  -54.244  -0.657 0.0000000000
119507  -39.211  -53.004  -0.292 0.0000000000
6802  -34.365  -64.603  -15.766 0.0000000000
6803  -35.054  -64.119  -16.024 0.0000000000
6812  -35.579  -64.444  -16.687 0.0000000000
6832  -36.012  -64.760  -17.544 0.0000000000
6148  -37.459  -65.879  -19.325 0.0000000000
6853  -39.587  -64.932  -18.663 0.0000000000
6865  -40.215  -65.134  -19.163 0.0000000000
6151  -40.198  -65.146  -19.882 0.0000000000
109052  -40.332  -64.592  -20.435 0.0000000000
6878  -40.701  -64.327  -19.891 0.0000000000
5363  -36.317  -66.862  -12.778 0.0000000000
6026  -36.469  -66.030  -12.287 0.0000000000
6025  -35.006  -65.498  -12.687 0.0000000000
6024  -34.425  -65.320  -13.248 0.0000000000
6788  -34.022  -64.568  -13.465 0.0000000000
6787  -33.820  -64.612  -14.199 0.0000000000
7480  -33.906  -64.054  -14.519 0.0000000000
106119  -34.207  -61.767  -10.925 0.0000000000
9538  -34.455  -60.847  -11.677 0.0000000000
8813  -34.254  -61.644  -11.746 0.0000000000
111060  -34.065  -63.096  -13.585 0.0000000000
7489  -34.178  -63.397  -14.390 0.0000000000
7490  -34.889  -63.041  -14.907 0.0000000000
8187  -35.922  -62.862  -15.165 0.0000000000
8179  -36.456  -62.400  -14.659 0.0000000000
120815  -36.501  -61.559  -13.795 0.0000000000
8835  -36.912  -61.926  -14.227 0.0000000000
8180  -37.384  -62.363  -14.717 0.0000000000
8181  -38.256  -62.284  -14.753 0.0000000000
8182  -39.139  -62.138  -14.819 0.0000000000
6027  -37.369  -66.182  -11.960 0.0000000000
6006  -37.603  -65.643  -11.239 0.0000000000
116568  -36.792  -64.503  -10.499 0.0000000000
124253  -38.104  -64.526  -10.332 0.0000000000
6737  -37.451  -64.168  -10.146 0.0000000000
7450  -36.555  -63.862  -10.193 0.0000000000
7437  -36.171  -63.109  -9.903 0.0000000000
8129  -35.973  -62.178  -8.693 0.0000000000
7399  -40.081  -63.378  -7.868 0.0000000000
8132  -39.129  -63.181  -8.011 0.0000000000
8131  -38.277  -62.908  -8.225 0.0000000000
109930  -38.577  -61.663  -6.678 0.0000000000
8114  -37.857  -62.253  -7.754 0.0000000000
8792  -37.153  -61.907  -7.908 0.0000000000
8791  -36.438  -61.720  -8.098 0.0000000000
8790  -35.607  -61.521  -8.473 0.0000000000
9501  -35.378  -60.464  -7.764 0.0000000000
10271  -35.079  -59.775  -7.433 0.0000000000
10261  -34.485  -58.485  -7.228 0.0000000000
10992  -35.781  -59.036  -5.989 0.0000000000
10991  -34.899  -58.580  -6.300 0.0000000000
10990  -34.434  -57.833  -6.647 0.0000000000
11762  -34.201  -57.199  -5.985 0.0000000000
113448  -34.183  -56.254  -5.681 0.0000000000
10227  -42.697  -59.093  -3.870 0.0000000000
114812  -41.857  -59.231  -3.807 0.0000000000
10239  -41.451  -60.007  -4.213 0.0000000000
10226  -40.203  -59.208  -3.808 0.0000000000
10963  -39.125  -58.402  -3.719 0.0000000000
115086  -42.408  -56.451  -2.318 0.0000000000
12569  -41.447  -56.557  -2.367 0.0000000000
13328  -39.976  -55.994  -2.149 0.0000000000
11735  -40.048  -57.255  -2.885 0.0000000000
11747  -39.563  -57.811  -3.329 0.0000000000
11746  -38.747  -57.746  -3.505 0.0000000000
10977  -38.373  -58.371  -4.004 0.0000000000
11759  -37.049  -57.676  -4.081 0.0000000000
12584  -36.528  -57.072  -3.855 0.0000000000
13336  -36.328  -55.920  -3.021 0.0000000000
12577  -35.848  -56.423  -3.694 0.0000000000
12576  -34.998  -55.836  -4.069 0.0000000000
14058  -34.707  -54.524  -4.168 0.0000000000
4229  -35.120  -68.505  -13.807 0.0000000000
120619  -34.668  -68.333  -14.440 0.0000000000
4242  -35.290  -69.181  -14.672 0.0000000000
4249  -35.373  -69.193  -15.805 0.0000000000
6097  -34.418  -65.279  -16.242 0.0000000000
114836  -34.592  -66.013  -16.704 0.0000000000
5415  -34.937  -66.858  -17.046 0.0000000000
5437  -35.405  -66.920  -17.752 0.0000000000
4809  -35.239  -67.610  -17.392 0.0000000000
109363  -35.376  -68.466  -17.376 0.0000000000
14112  -35.429  -54.822  -7.090 0.0000000000
11805  -36.662  -57.083  -10.067 0.0000000000
11826  -37.291  -57.501  -10.526 0.0000000000
11042  -37.851  -57.983  -10.929 0.0000000000
10312  -38.177  -59.248  -11.855 0.0000000000
10325  -38.513  -59.904  -12.413 0.0000000000
10313  -39.689  -58.935  -11.760 0.0000000000
124045  -39.230  -59.929  -12.544 0.0000000000
114816  -38.869  -60.382  -12.878 0.0000000000
9553  -39.270  -60.729  -13.436 0.0000000000
8826  -39.582  -61.074  -13.951 0.0000000000
8839  -40.209  -61.340  -14.300 0.0000000000
9545  -42.701  -60.220  -12.844 0.0000000000
9544  -41.715  -59.997  -13.044 0.0000000000
121127  -40.849  -61.741  -14.621 0.0000000000
108346  -40.534  -62.611  -15.325 0.0000000000
8192  -41.275  -62.862  -15.566 0.0000000000
7502  -41.421  -63.361  -16.150 0.0000000000
7509  -42.043  -63.244  -16.610 0.0000000000
108625  -41.906  -63.415  -17.407 0.0000000000
7519  -41.984  -63.254  -18.098 0.0000000000
6050  -34.881  -66.012  -13.168 0.0000000000
6066  -34.111  -66.011  -14.195 0.0000000000
6115  -36.041  -65.391  -18.133 0.0000000000
6149  -38.338  -65.938  -19.725 0.0000000000
6833  -36.913  -64.341  -17.752 0.0000000000
6851  -37.481  -64.742  -18.370 0.0000000000
6852  -38.432  -64.770  -18.525 0.0000000000
7526  -41.547  -63.646  -18.649 0.0000000000
8183  -40.126  -62.059  -14.803 0.0000000000
8197  -42.885  -62.291  -17.088 0.0000000000
8782  -38.252  -61.854  -7.233 0.0000000000
8838  -39.405  -61.566  -14.354 0.0000000000
9512  -35.280  -60.951  -8.320 0.0000000000
9533  -34.286  -60.397  -11.145 0.0000000000
10225  -39.430  -59.069  -3.949 0.0000000000
10310  -36.255  -59.415  -11.790 0.0000000000
10311  -37.164  -59.415  -11.772 0.0000000000
11041  -37.042  -57.888  -11.092 0.0000000000
11802  -34.437  -57.777  -9.293 0.0000000000
11803  -34.958  -57.414  -9.739 0.0000000000
12565  -37.238  -56.050  -2.795 0.0000000000
13334  -34.920  -55.072  -3.769 0.0000000000
13335  -35.379  -54.925  -3.243 0.0000000000
13339  -34.629  -55.155  -4.600 0.0000000000
13362  -34.758  -55.219  -6.661 0.0000000000
13375  -34.943  -55.496  -7.596 0.0000000000
14050  -36.406  -54.685  -2.411 0.0000000000
14742  -37.842  -53.307  -0.868 0.0000000000
110996  -34.280  -55.657  -6.200 0.0000000000
114410  -35.643  -65.665  -12.294 0.0000000000
117198  -35.358  -57.357  -4.636 0.0000000000
118682  -39.099  -59.429  -12.102 0.0000000000
120291  -35.274  -56.872  -9.543 0.0000000000
122136  -42.386  -62.984  -17.745 0.0000000000
122538  -41.400  -58.604  -3.465 0.0000000000
122735  -34.631  -59.214  -7.515 0.0000000000
125952  -39.052  -52.446  -0.228 0.0000000000
