#!ascii label  , from subject sub1 vox2ras=TkReg
527
54659  -33.384  -8.027  -22.373 0.0000000000
58295  -31.338  -3.761  -25.159 0.0000000000
71700  -30.167  10.180  -25.601 0.0000000000
67354  -35.076  5.429  -25.981 0.0000000000
62929  -37.990  0.120  -27.429 0.0000000000
57443  -35.737  -5.663  -29.055 0.0000000000
73568  -28.824  12.895  -27.801 0.0000000000
65594  -36.364  3.259  -26.584 0.0000000000
63842  -33.786  1.177  -25.658 0.0000000000
57381  -32.610  -5.618  -23.618 0.0000000000
58314  -34.512  -4.143  -26.860 0.0000000000
56540  -34.972  -7.178  -25.291 0.0000000000
51737  -27.503  -11.626  -20.059 0.0000000000
55649  -29.791  -7.681  -22.399 0.0000000000
78361  -28.161  18.635  -27.132 0.0000000000
76850  -29.337  17.295  -28.145 0.0000000000
76075  -32.147  15.912  -27.188 0.0000000000
74380  -33.534  13.478  -27.001 0.0000000000
71719  -34.280  10.645  -28.425 0.0000000000
69900  -32.576  8.468  -25.517 0.0000000000
68262  -34.850  6.864  -30.013 0.0000000000
66522  -35.975  4.666  -30.593 0.0000000000
64743  -38.840  1.842  -30.823 0.0000000000
61977  -39.410  -0.838  -31.351 0.0000000000
60991  -34.641  -1.864  -26.187 0.0000000000
60090  -35.836  -2.571  -29.768 0.0000000000
63858  -32.627  2.003  -26.258 0.0000000000
125346  -30.789  1.248  -26.932 0.0000000000
56497  -32.511  -6.659  -22.533 0.0000000000
57383  -34.218  -6.093  -24.050 0.0000000000
55686  -34.659  -7.708  -24.186 0.0000000000
47029  -27.262  -16.515  -17.656 0.0000000000
48122  -27.835  -14.992  -17.893 0.0000000000
49158  -28.408  -14.216  -18.265 0.0000000000
55685  -28.812  -7.260  -24.092 0.0000000000
111542  -27.828  -8.335  -23.704 0.0000000000
113960  -31.371  17.071  -27.355 0.0000000000
72624  -29.187  11.904  -26.995 0.0000000000
74370  -31.298  13.508  -25.683 0.0000000000
122035  -31.448  12.058  -25.455 0.0000000000
73586  -34.047  12.102  -27.245 0.0000000000
122129  -33.453  11.091  -26.219 0.0000000000
68213  -34.133  7.064  -25.562 0.0000000000
113581  -34.556  7.990  -27.490 0.0000000000
68236  -35.177  6.898  -27.820 0.0000000000
67399  -35.549  5.455  -30.227 0.0000000000
67377  -35.880  5.621  -28.349 0.0000000000
63874  -37.353  1.510  -26.769 0.0000000000
106741  -38.011  2.631  -29.038 0.0000000000
63884  -38.246  1.318  -29.061 0.0000000000
63896  -39.332  0.825  -31.344 0.0000000000
61972  -38.408  -0.606  -30.646 0.0000000000
60049  -30.465  -2.324  -25.587 0.0000000000
126309  -31.831  -1.020  -25.233 0.0000000000
115616  -32.873  -2.323  -25.455 0.0000000000
57441  -34.465  -5.083  -28.782 0.0000000000
59190  -34.564  -3.137  -28.770 0.0000000000
58339  -36.164  -4.176  -29.399 0.0000000000
59205  -38.101  -2.637  -29.715 0.0000000000
58333  -38.447  -4.015  -28.438 0.0000000000
51738  -28.327  -11.376  -19.497 0.0000000000
52628  -27.821  -10.380  -20.730 0.0000000000
52630  -29.517  -10.225  -20.293 0.0000000000
53626  -29.825  -9.664  -20.729 0.0000000000
66464  -32.993  4.533  -25.415 0.0000000000
66481  -35.798  4.240  -26.277 0.0000000000
127001  -34.395  3.098  -25.889 0.0000000000
104801  -35.179  1.840  -25.818 0.0000000000
62918  -36.353  0.343  -26.187 0.0000000000
58273  -31.712  -4.432  -24.655 0.0000000000
59162  -33.559  -3.434  -25.681 0.0000000000
58276  -34.327  -4.697  -25.173 0.0000000000
57427  -34.845  -5.749  -26.594 0.0000000000
56556  -34.755  -6.627  -28.250 0.0000000000
50104  -28.397  -12.830  -18.824 0.0000000000
57395  -29.635  -5.078  -25.052 0.0000000000
57379  -30.697  -5.781  -24.019 0.0000000000
56495  -30.972  -6.564  -22.682 0.0000000000
121875  -31.416  -7.120  -21.997 0.0000000000
79729  -28.376  20.185  -27.272 0.0000000000
77617  -27.342  16.985  -26.768 0.0000000000
77622  -29.202  18.000  -28.256 0.0000000000
78372  -31.674  18.690  -28.350 0.0000000000
121149  -32.642  17.766  -28.524 0.0000000000
115575  -33.817  16.459  -29.252 0.0000000000
123043  -30.385  14.481  -26.084 0.0000000000
76069  -33.138  15.097  -26.858 0.0000000000
114693  -34.203  14.797  -28.995 0.0000000000
124421  -34.364  12.850  -29.258 0.0000000000
72660  -33.700  11.061  -30.062 0.0000000000
70816  -33.823  9.747  -30.424 0.0000000000
71701  -30.888  9.641  -25.423 0.0000000000
70770  -33.363  9.686  -26.014 0.0000000000
124502  -34.422  8.570  -28.715 0.0000000000
69117  -34.077  7.100  -31.521 0.0000000000
68277  -34.774  5.648  -31.414 0.0000000000
65648  -36.776  3.295  -32.743 0.0000000000
122242  -36.897  3.592  -28.271 0.0000000000
65631  -37.477  3.217  -30.621 0.0000000000
108732  -31.480  0.165  -26.113 0.0000000000
61927  -33.963  -0.341  -25.690 0.0000000000
60993  -36.178  -1.189  -27.022 0.0000000000
113590  -34.608  -3.030  -27.233 0.0000000000
61003  -35.728  -2.012  -27.601 0.0000000000
61011  -36.369  -1.574  -29.130 0.0000000000
61023  -38.121  -1.853  -31.309 0.0000000000
61017  -39.823  -1.798  -30.092 0.0000000000
54641  -28.634  -8.768  -22.228 0.0000000000
54643  -30.624  -8.268  -21.361 0.0000000000
107037  -32.094  -8.390  -21.292 0.0000000000
55651  -32.968  -7.266  -22.328 0.0000000000
56498  -33.272  -6.759  -22.928 0.0000000000
55652  -33.695  -7.532  -22.920 0.0000000000
108798  -34.448  -8.408  -23.435 0.0000000000
55653  -34.181  -8.244  -22.740 0.0000000000
47030  -28.235  -16.689  -17.366 0.0000000000
48103  -27.063  -15.742  -17.920 0.0000000000
48104  -27.978  -15.953  -17.733 0.0000000000
119902  -29.608  10.908  -26.014 0.0000000000
72615  -30.467  12.252  -25.501 0.0000000000
71690  -30.433  11.242  -25.636 0.0000000000
72617  -32.274  11.650  -25.648 0.0000000000
71691  -31.239  10.466  -25.422 0.0000000000
68224  -33.595  6.247  -25.420 0.0000000000
109582  -34.495  6.273  -25.677 0.0000000000
68214  -34.684  7.035  -26.076 0.0000000000
126573  -34.986  6.250  -26.238 0.0000000000
107990  -35.628  6.175  -27.575 0.0000000000
68237  -35.608  5.869  -26.680 0.0000000000
63875  -37.948  0.989  -27.361 0.0000000000
63883  -38.107  1.552  -28.191 0.0000000000
62938  -38.157  0.469  -28.384 0.0000000000
62939  -38.326  0.448  -29.716 0.0000000000
61968  -37.892  -0.291  -29.377 0.0000000000
59159  -30.608  -3.090  -25.383 0.0000000000
60051  -32.131  -2.649  -25.327 0.0000000000
59160  -31.523  -3.020  -25.321 0.0000000000
57442  -34.791  -5.316  -29.261 0.0000000000
58330  -34.866  -4.575  -29.566 0.0000000000
58331  -36.482  -5.034  -28.962 0.0000000000
58332  -37.416  -4.360  -28.808 0.0000000000
110409  -37.465  -5.211  -28.468 0.0000000000
107797  -38.275  -4.937  -28.043 0.0000000000
57444  -37.026  -5.966  -28.678 0.0000000000
52605  -28.844  -10.697  -19.823 0.0000000000
66480  -32.237  4.056  -26.065 0.0000000000
66465  -33.834  4.142  -25.507 0.0000000000
64673  -33.099  2.924  -26.040 0.0000000000
63859  -33.461  1.865  -25.962 0.0000000000
125986  -33.918  2.281  -25.863 0.0000000000
111472  -34.296  1.838  -25.748 0.0000000000
114492  -35.712  1.123  -25.997 0.0000000000
63860  -34.766  1.150  -25.792 0.0000000000
57398  -32.127  -5.020  -24.197 0.0000000000
58274  -32.751  -4.403  -24.679 0.0000000000
118875  -32.956  -5.118  -24.274 0.0000000000
111693  -34.734  -6.121  -24.775 0.0000000000
57417  -34.719  -5.442  -25.390 0.0000000000
111045  -34.918  -6.299  -25.728 0.0000000000
117737  -34.677  -6.428  -27.698 0.0000000000
56548  -35.016  -7.015  -26.712 0.0000000000
104717  -34.741  -7.280  -27.886 0.0000000000
55697  -35.013  -8.059  -26.392 0.0000000000
46020  -26.533  -16.971  -17.530 0.0000000000
50089  -27.965  -13.600  -18.716 0.0000000000
50105  -29.457  -12.672  -18.556 0.0000000000
57396  -30.224  -5.487  -24.670 0.0000000000
55666  -29.192  -7.645  -23.311 0.0000000000
56506  -29.496  -6.845  -23.823 0.0000000000
55667  -30.056  -7.069  -22.993 0.0000000000
55650  -30.577  -7.305  -22.246 0.0000000000
78360  -27.325  18.561  -26.589 0.0000000000
79045  -28.330  19.459  -27.093 0.0000000000
79050  -29.041  19.729  -27.564 0.0000000000
78365  -29.085  18.855  -27.554 0.0000000000
120511  -28.867  16.791  -28.089 0.0000000000
114192  -28.211  16.706  -27.610 0.0000000000
77623  -30.319  18.069  -27.693 0.0000000000
78366  -29.969  18.797  -27.947 0.0000000000
78367  -30.997  18.794  -27.512 0.0000000000
79053  -31.145  19.104  -27.655 0.0000000000
78368  -31.497  18.305  -27.906 0.0000000000
76852  -31.584  16.365  -27.102 0.0000000000
77632  -32.552  17.358  -27.926 0.0000000000
111039  -32.296  16.810  -27.379 0.0000000000
77633  -33.021  16.982  -28.730 0.0000000000
76853  -32.993  16.573  -27.783 0.0000000000
74377  -29.165  13.484  -26.695 0.0000000000
74372  -32.621  13.306  -25.890 0.0000000000
75206  -32.037  13.984  -25.802 0.0000000000
75219  -33.325  14.252  -26.678 0.0000000000
75236  -33.602  14.843  -27.343 0.0000000000
114352  -33.923  14.248  -28.196 0.0000000000
107693  -34.198  13.999  -29.057 0.0000000000
74398  -33.817  13.427  -27.797 0.0000000000
72636  -34.190  11.296  -27.744 0.0000000000
72650  -34.357  11.456  -28.645 0.0000000000
71731  -34.168  10.860  -29.306 0.0000000000
70804  -33.900  10.340  -29.907 0.0000000000
70805  -34.276  10.079  -29.146 0.0000000000
69071  -32.250  7.642  -25.513 0.0000000000
119460  -30.483  8.098  -25.889 0.0000000000
106956  -32.038  8.899  -25.559 0.0000000000
70762  -32.772  9.985  -25.505 0.0000000000
69901  -33.437  8.717  -25.789 0.0000000000
120661  -34.835  7.526  -27.972 0.0000000000
69925  -34.557  8.808  -28.053 0.0000000000
69094  -34.462  7.994  -28.556 0.0000000000
69938  -34.048  8.306  -29.332 0.0000000000
69103  -34.216  7.735  -29.528 0.0000000000
68276  -34.328  6.113  -31.985 0.0000000000
108923  -35.260  5.155  -31.019 0.0000000000
66523  -36.244  4.127  -31.231 0.0000000000
66528  -36.209  3.692  -32.100 0.0000000000
65593  -35.924  3.634  -26.099 0.0000000000
107657  -36.497  4.160  -27.764 0.0000000000
65606  -36.707  3.466  -27.372 0.0000000000
65625  -37.391  3.198  -29.601 0.0000000000
65632  -38.523  2.595  -31.132 0.0000000000
65639  -37.754  3.218  -31.802 0.0000000000
62949  -39.464  -0.037  -31.624 0.0000000000
112535  -40.438  -0.497  -30.277 0.0000000000
109021  -30.796  -0.112  -26.506 0.0000000000
124080  -32.951  -1.628  -25.342 0.0000000000
60973  -33.450  -1.050  -25.439 0.0000000000
116551  -34.334  -1.146  -25.667 0.0000000000
61945  -34.829  -0.445  -25.881 0.0000000000
60992  -35.464  -1.579  -26.604 0.0000000000
58298  -34.236  -4.021  -25.877 0.0000000000
59163  -34.297  -3.284  -26.490 0.0000000000
60089  -35.097  -3.115  -29.732 0.0000000000
60078  -34.609  -2.799  -29.031 0.0000000000
61010  -35.515  -2.069  -28.929 0.0000000000
109469  -36.315  -1.470  -28.002 0.0000000000
61015  -35.796  -2.311  -29.708 0.0000000000
61016  -36.788  -1.790  -30.057 0.0000000000
60096  -36.730  -2.209  -30.221 0.0000000000
59198  -38.637  -3.042  -28.738 0.0000000000
60085  -39.077  -2.475  -29.654 0.0000000000
60086  -39.618  -2.197  -29.533 0.0000000000
53627  -30.750  -9.470  -20.349 0.0000000000
53644  -30.198  -8.913  -20.969 0.0000000000
53645  -31.345  -8.775  -20.730 0.0000000000
54644  -31.409  -8.163  -21.305 0.0000000000
64687  -32.419  2.548  -26.341 0.0000000000
62916  -32.007  1.577  -26.176 0.0000000000
125285  -32.322  1.065  -25.947 0.0000000000
56509  -32.773  -6.200  -23.022 0.0000000000
57399  -33.573  -5.501  -24.047 0.0000000000
57382  -33.441  -6.149  -23.481 0.0000000000
56526  -34.661  -6.753  -24.274 0.0000000000
104925  -34.741  -8.319  -25.336 0.0000000000
54681  -34.531  -8.707  -24.428 0.0000000000
46021  -27.414  -17.168  -17.254 0.0000000000
49157  -27.464  -14.255  -18.458 0.0000000000
48123  -28.879  -14.794  -17.829 0.0000000000
56524  -28.912  -6.666  -24.764 0.0000000000
55684  -28.214  -7.339  -24.654 0.0000000000
55665  -28.347  -7.831  -23.911 0.0000000000
54668  -28.485  -8.288  -23.138 0.0000000000
78359  -27.008  17.850  -26.445 0.0000000000
76845  -29.777  16.441  -27.489 0.0000000000
76851  -30.421  17.187  -27.593 0.0000000000
76066  -30.420  15.718  -26.791 0.0000000000
76067  -31.399  15.680  -26.662 0.0000000000
73569  -29.790  12.870  -26.013 0.0000000000
73562  -31.401  12.752  -25.658 0.0000000000
73570  -33.085  12.671  -26.076 0.0000000000
115027  -33.719  12.867  -27.379 0.0000000000
72627  -33.464  11.881  -26.363 0.0000000000
72635  -33.835  11.213  -26.869 0.0000000000
69889  -33.232  7.992  -25.520 0.0000000000
69902  -34.091  8.310  -26.145 0.0000000000
69060  -34.261  7.687  -25.791 0.0000000000
69083  -34.796  7.309  -27.085 0.0000000000
68250  -34.981  7.227  -28.862 0.0000000000
112671  -35.334  6.150  -29.947 0.0000000000
68251  -35.476  6.398  -28.570 0.0000000000
67391  -35.690  5.761  -29.341 0.0000000000
67378  -36.225  5.059  -29.013 0.0000000000
64702  -37.062  2.344  -26.978 0.0000000000
64719  -37.263  2.875  -27.726 0.0000000000
64703  -37.627  1.969  -27.533 0.0000000000
64721  -38.149  2.034  -28.758 0.0000000000
64735  -38.425  2.034  -29.531 0.0000000000
63892  -38.597  1.230  -30.183 0.0000000000
62946  -38.894  0.217  -30.915 0.0000000000
115293  -38.937  -0.604  -31.514 0.0000000000
60971  -31.255  -1.371  -25.454 0.0000000000
60050  -31.233  -2.253  -25.261 0.0000000000
117623  -32.126  -1.782  -25.146 0.0000000000
60974  -33.694  -1.923  -25.698 0.0000000000
58323  -34.623  -4.560  -27.878 0.0000000000
59181  -34.696  -3.531  -27.768 0.0000000000
116948  -34.749  -3.997  -28.828 0.0000000000
58337  -34.826  -3.918  -29.592 0.0000000000
59203  -36.016  -3.166  -29.750 0.0000000000
59208  -36.778  -2.381  -30.196 0.0000000000
58340  -36.896  -3.635  -29.479 0.0000000000
59197  -37.795  -3.385  -29.124 0.0000000000
59191  -38.892  -2.981  -28.161 0.0000000000
115155  -38.900  -4.076  -27.994 0.0000000000
51760  -27.980  -10.802  -20.159 0.0000000000
52629  -28.550  -10.271  -20.513 0.0000000000
52651  -29.014  -9.831  -21.030 0.0000000000
114807  -30.280  -10.023  -20.246 0.0000000000
67353  -32.097  4.949  -25.607 0.0000000000
67342  -33.997  5.254  -25.485 0.0000000000
67343  -34.653  4.549  -25.691 0.0000000000
66467  -35.297  3.918  -25.935 0.0000000000
64675  -35.087  3.276  -25.948 0.0000000000
64674  -33.865  2.738  -25.907 0.0000000000
64689  -34.744  2.532  -25.857 0.0000000000
64691  -36.329  2.508  -26.474 0.0000000000
63861  -35.953  1.845  -26.251 0.0000000000
63862  -36.620  1.211  -26.311 0.0000000000
62919  -37.407  0.449  -26.661 0.0000000000
59161  -32.145  -3.287  -25.244 0.0000000000
58296  -32.164  -3.822  -24.877 0.0000000000
58297  -33.598  -4.146  -25.196 0.0000000000
114751  -34.702  -4.756  -26.046 0.0000000000
57400  -34.300  -5.358  -24.557 0.0000000000
112769  -34.650  -4.921  -26.987 0.0000000000
57435  -34.541  -5.582  -27.874 0.0000000000
56562  -34.691  -5.837  -28.517 0.0000000000
56563  -35.170  -6.166  -28.731 0.0000000000
56564  -36.173  -6.500  -28.673 0.0000000000
55717  -35.381  -6.972  -28.440 0.0000000000
46019  -25.758  -17.279  -17.210 0.0000000000
50958  -26.913  -12.481  -20.008 0.0000000000
50103  -27.485  -13.054  -19.312 0.0000000000
50959  -27.871  -12.216  -19.372 0.0000000000
50960  -28.765  -11.936  -18.804 0.0000000000
58272  -30.646  -4.670  -24.961 0.0000000000
57397  -31.184  -5.208  -24.462 0.0000000000
57380  -31.563  -5.566  -23.727 0.0000000000
56525  -29.848  -6.181  -24.350 0.0000000000
56507  -30.349  -6.385  -23.519 0.0000000000
120796  -31.042  -5.991  -23.297 0.0000000000
56508  -31.873  -6.210  -23.065 0.0000000000
56496  -31.797  -6.685  -22.379 0.0000000000
107561  -32.232  -7.086  -21.911 0.0000000000
79044  -27.536  19.356  -26.598 0.0000000000
77616  -26.468  17.277  -26.235 0.0000000000
77618  -28.011  17.680  -27.136 0.0000000000
77619  -28.695  17.351  -28.233 0.0000000000
77621  -28.656  18.017  -28.089 0.0000000000
79051  -29.754  19.474  -27.827 0.0000000000
113504  -30.209  20.025  -27.989 0.0000000000
77625  -31.949  17.638  -27.606 0.0000000000
78373  -32.397  18.391  -28.786 0.0000000000
78385  -32.474  18.484  -29.766 0.0000000000
77647  -33.228  17.886  -30.247 0.0000000000
77645  -33.481  17.190  -29.703 0.0000000000
76867  -33.958  16.565  -30.052 0.0000000000
75215  -29.536  14.320  -26.432 0.0000000000
75216  -30.851  15.050  -26.083 0.0000000000
74378  -30.294  13.668  -25.994 0.0000000000
75217  -31.718  14.828  -26.188 0.0000000000
76068  -32.333  15.302  -26.699 0.0000000000
76077  -33.344  15.721  -27.494 0.0000000000
76090  -34.082  15.680  -29.018 0.0000000000
108095  -34.234  15.217  -29.760 0.0000000000
75244  -34.115  14.295  -29.746 0.0000000000
73611  -33.982  12.783  -30.591 0.0000000000
73601  -34.205  12.666  -27.984 0.0000000000
73607  -34.395  12.445  -29.772 0.0000000000
70767  -29.974  9.081  -25.620 0.0000000000
71693  -33.148  10.547  -25.829 0.0000000000
71709  -34.103  10.376  -27.400 0.0000000000
70771  -33.872  9.059  -26.566 0.0000000000
70782  -34.286  9.391  -27.383 0.0000000000
70792  -34.384  9.763  -28.250 0.0000000000
70817  -33.967  8.983  -29.943 0.0000000000
69954  -34.169  8.138  -31.256 0.0000000000
68269  -35.153  6.034  -30.665 0.0000000000
67405  -34.765  4.817  -31.624 0.0000000000
65647  -35.875  3.101  -33.181 0.0000000000
124999  -36.226  4.684  -27.274 0.0000000000
66491  -36.200  4.859  -28.106 0.0000000000
66516  -36.423  4.436  -29.617 0.0000000000
65616  -37.474  3.127  -28.665 0.0000000000
65624  -36.869  3.702  -29.216 0.0000000000
65630  -36.669  3.819  -30.322 0.0000000000
65638  -36.869  3.703  -31.359 0.0000000000
63899  -39.790  1.069  -32.220 0.0000000000
62914  -30.856  0.771  -26.641 0.0000000000
61944  -32.245  0.415  -25.794 0.0000000000
61925  -32.074  -0.372  -25.563 0.0000000000
61926  -33.008  -0.175  -25.475 0.0000000000
62901  -33.646  0.401  -25.681 0.0000000000
62917  -35.311  0.338  -25.965 0.0000000000
61947  -36.796  -0.411  -26.639 0.0000000000
120054  -32.820  -3.032  -25.552 0.0000000000
60052  -33.547  -2.766  -25.826 0.0000000000
60053  -34.318  -2.653  -26.362 0.0000000000
121316  -34.684  -2.904  -28.161 0.0000000000
60068  -35.143  -2.568  -27.095 0.0000000000
125863  -36.866  -0.931  -27.332 0.0000000000
61967  -37.802  -0.376  -28.177 0.0000000000
61971  -37.747  -1.224  -30.201 0.0000000000
61975  -38.074  -1.485  -31.127 0.0000000000
61029  -38.773  -1.375  -31.389 0.0000000000
60091  -37.596  -2.289  -30.624 0.0000000000
60098  -38.619  -1.980  -31.235 0.0000000000
61024  -39.282  -1.626  -30.973 0.0000000000
54669  -29.180  -8.181  -22.593 0.0000000000
53643  -29.289  -9.212  -21.413 0.0000000000
54642  -29.649  -8.326  -21.744 0.0000000000
54657  -30.258  -7.795  -21.818 0.0000000000
54658  -31.028  -7.701  -21.682 0.0000000000
55637  -31.853  -7.633  -21.522 0.0000000000
54645  -32.638  -7.835  -21.761 0.0000000000
55668  -34.100  -6.939  -23.545 0.0000000000
55669  -34.299  -7.753  -23.329 0.0000000000
55704  -34.905  -7.876  -27.367 0.0000000000
57447  -35.346  -4.851  -29.506 0.0000000000
58275  -33.721  -4.788  -24.542 0.0000000000
58329  -34.675  -4.651  -29.355 0.0000000000
58338  -35.185  -3.963  -29.599 0.0000000000
59196  -34.704  -3.157  -29.419 0.0000000000
59204  -37.135  -2.852  -29.896 0.0000000000
60079  -34.944  -2.490  -28.577 0.0000000000
60084  -34.987  -2.651  -29.468 0.0000000000
60092  -38.487  -2.316  -30.584 0.0000000000
60093  -39.273  -2.143  -30.398 0.0000000000
60097  -37.506  -2.084  -30.866 0.0000000000
60972  -32.585  -1.017  -25.263 0.0000000000
61012  -37.264  -0.964  -29.223 0.0000000000
61022  -37.454  -1.884  -30.836 0.0000000000
61025  -39.770  -1.005  -30.607 0.0000000000
61942  -29.948  -0.298  -26.821 0.0000000000
61943  -31.320  -0.598  -25.797 0.0000000000
61946  -35.722  -0.574  -26.294 0.0000000000
61957  -37.491  -0.393  -27.278 0.0000000000
61966  -37.069  -0.930  -28.156 0.0000000000
61976  -38.592  -1.208  -31.368 0.0000000000
61982  -39.149  -0.702  -31.503 0.0000000000
62900  -32.991  0.737  -25.733 0.0000000000
62902  -34.393  0.409  -25.800 0.0000000000
62915  -31.628  0.965  -26.141 0.0000000000
62955  -39.745  0.080  -31.687 0.0000000000
63841  -32.884  1.427  -26.015 0.0000000000
64686  -31.751  2.817  -26.848 0.0000000000
64688  -33.238  2.383  -26.103 0.0000000000
64690  -35.578  2.309  -26.052 0.0000000000
64720  -37.842  2.420  -28.297 0.0000000000
64734  -38.211  2.625  -29.961 0.0000000000
65575  -33.002  3.620  -25.691 0.0000000000
65576  -33.808  3.328  -25.756 0.0000000000
65592  -32.310  3.220  -26.290 0.0000000000
66466  -34.572  3.746  -25.735 0.0000000000
66492  -36.314  4.077  -26.785 0.0000000000
66504  -36.549  4.306  -28.701 0.0000000000
67341  -32.992  5.422  -25.371 0.0000000000
67355  -35.315  4.555  -26.002 0.0000000000
67366  -35.968  5.388  -27.400 0.0000000000
67392  -36.039  5.104  -29.778 0.0000000000
68263  -35.277  6.504  -29.365 0.0000000000
68268  -34.627  6.583  -31.051 0.0000000000
69059  -33.836  7.645  -25.582 0.0000000000
69070  -31.109  7.258  -25.671 0.0000000000
69072  -34.476  7.821  -26.466 0.0000000000
69109  -34.386  7.483  -30.623 0.0000000000
69890  -33.853  8.088  -25.715 0.0000000000
69915  -34.352  8.555  -27.004 0.0000000000
69946  -33.909  8.231  -30.119 0.0000000000
70761  -31.935  9.691  -25.294 0.0000000000
70766  -29.283  8.966  -26.574 0.0000000000
70768  -31.120  8.887  -25.453 0.0000000000
70769  -32.748  9.249  -25.577 0.0000000000
71692  -32.350  10.708  -25.413 0.0000000000
71702  -33.620  10.451  -26.487 0.0000000000
71703  -33.851  9.784  -26.776 0.0000000000
72616  -31.463  11.301  -25.468 0.0000000000
72618  -33.018  11.314  -25.824 0.0000000000
72625  -29.452  11.932  -25.930 0.0000000000
72626  -32.868  12.003  -25.954 0.0000000000
72661  -34.315  11.648  -29.544 0.0000000000
73561  -30.695  12.997  -25.851 0.0000000000
73563  -32.298  12.520  -25.722 0.0000000000
73571  -33.482  12.728  -26.696 0.0000000000
73585  -28.996  13.451  -27.956 0.0000000000
73587  -34.435  11.992  -28.038 0.0000000000
73602  -34.405  12.332  -28.852 0.0000000000
74371  -31.980  13.240  -25.627 0.0000000000
74379  -33.170  13.414  -26.366 0.0000000000
74407  -34.223  13.282  -28.685 0.0000000000
74412  -34.264  13.341  -29.658 0.0000000000
75205  -31.104  14.342  -25.674 0.0000000000
75218  -32.592  14.575  -26.378 0.0000000000
76076  -32.784  16.157  -27.355 0.0000000000
76084  -33.797  15.258  -28.210 0.0000000000
76093  -33.977  15.751  -30.367 0.0000000000
76844  -28.981  16.167  -27.142 0.0000000000
76846  -30.823  16.452  -27.042 0.0000000000
76854  -33.617  16.180  -28.333 0.0000000000
77624  -31.075  17.788  -27.723 0.0000000000
77644  -32.962  17.859  -29.251 0.0000000000
78369  -32.141  18.028  -28.160 0.0000000000
79052  -30.453  19.344  -27.880 0.0000000000
79061  -31.202  19.419  -28.385 0.0000000000
79731  -30.534  20.645  -28.281 0.0000000000
105782  -31.256  1.438  -26.586 0.0000000000
107341  -37.074  3.551  -32.146 0.0000000000
107640  -29.162  12.707  -26.964 0.0000000000
108082  -35.802  4.915  -26.617 0.0000000000
110108  -34.368  9.176  -29.016 0.0000000000
111399  -31.551  8.174  -25.524 0.0000000000
113637  -32.840  -3.651  -25.214 0.0000000000
114350  -35.771  2.902  -25.981 0.0000000000
114786  -36.737  2.897  -27.037 0.0000000000
116058  -33.632  14.081  -27.358 0.0000000000
116414  -35.039  -1.138  -25.994 0.0000000000
118167  -32.791  13.914  -26.197 0.0000000000
119152  -35.192  6.611  -26.857 0.0000000000
120171  -34.087  9.665  -29.726 0.0000000000
121074  -34.150  15.970  -29.688 0.0000000000
122426  -32.832  15.664  -27.076 0.0000000000
123478  -37.994  -2.122  -31.273 0.0000000000
123775  -34.586  -6.153  -28.117 0.0000000000
123909  -34.896  -7.370  -28.214 0.0000000000
123924  -35.314  -2.667  -29.664 0.0000000000
124241  -29.329  11.399  -26.609 0.0000000000
125651  -34.963  4.169  -25.798 0.0000000000
125712  -36.648  1.902  -26.577 0.0000000000
125766  -30.876  11.738  -25.415 0.0000000000
