#!ascii label  , from subject sub1 vox2ras=TkReg
2168
4758  -12.562  -68.444  -11.696 0.0000000000
112391  -20.178  -77.217  -21.694 0.0000000000
24404  -14.623  -41.366  -5.753 0.0000000000
14011  -10.208  -54.138  0.877 0.0000000000
115797  -10.558  -61.253  -2.709 0.0000000000
14055  -6.157  -54.316  -3.020 0.0000000000
7429  -6.224  -63.723  -9.331 0.0000000000
115426  -13.159  -73.531  -19.294 0.0000000000
3182  -5.088  -71.000  -23.986 0.0000000000
18383  -14.251  -48.790  -0.256 0.0000000000
10864  -3.167  -58.221  5.537 0.0000000000
5860  -3.277  -65.066  -1.382 0.0000000000
3094  -4.454  -70.354  -13.485 0.0000000000
20210  -12.747  -46.975  -3.853 0.0000000000
5929  -12.761  -65.382  -6.177 0.0000000000
8778  -11.397  -61.475  -7.465 0.0000000000
5993  -10.816  -65.049  -11.304 0.0000000000
655  -16.041  -76.907  -22.974 0.0000000000
2202  -15.723  -72.054  -24.925 0.0000000000
28165  -17.165  -37.964  -5.739 0.0000000000
125169  -12.447  -39.194  -6.143 0.0000000000
18361  -11.253  -47.700  1.778 0.0000000000
20182  -14.250  -46.909  -1.937 0.0000000000
16897  -11.891  -50.421  -1.050 0.0000000000
14060  -2.883  -54.065  -4.592 0.0000000000
17627  -5.479  -49.298  -1.160 0.0000000000
112445  -18.443  -42.194  -4.589 0.0000000000
10932  -10.111  -59.038  -0.843 0.0000000000
14044  -10.317  -54.771  -2.327 0.0000000000
11756  -10.007  -57.464  -4.596 0.0000000000
10994  -6.608  -58.051  -8.095 0.0000000000
11015  -2.504  -59.033  -9.514 0.0000000000
3645  -10.417  -70.198  -15.600 0.0000000000
5447  -10.286  -66.873  -18.589 0.0000000000
2658  -10.767  -71.348  -21.917 0.0000000000
2268  -9.439  -71.738  -28.903 0.0000000000
122483  -7.524  -49.513  3.918 0.0000000000
123813  -7.494  -55.989  3.355 0.0000000000
9427  -5.878  -59.927  -0.633 0.0000000000
6588  -7.592  -64.626  -1.336 0.0000000000
4692  -7.177  -67.396  -6.611 0.0000000000
104668  -2.310  -70.674  -6.873 0.0000000000
3606  -6.702  -69.107  -12.829 0.0000000000
2117  -6.934  -72.941  -17.359 0.0000000000
650  -8.675  -76.178  -22.900 0.0000000000
65  -14.398  -80.090  -19.639 0.0000000000
126784  -18.461  -47.150  -3.546 0.0000000000
21850  -16.698  -45.418  -4.095 0.0000000000
22704  -14.068  -44.272  -4.867 0.0000000000
108888  -9.916  -50.025  -3.082 0.0000000000
121984  -9.315  -46.082  -3.673 0.0000000000
123608  -10.007  -42.331  -5.720 0.0000000000
5401  -4.982  -66.511  -16.907 0.0000000000
109536  -2.187  -62.022  -14.108 0.0000000000
5320  -11.944  -66.726  -8.897 0.0000000000
6706  -13.506  -64.884  -9.175 0.0000000000
6018  -13.366  -65.783  -12.223 0.0000000000
116259  -18.883  -78.238  -23.825 0.0000000000
1356  -18.874  -75.347  -23.332 0.0000000000
1357  -20.657  -74.384  -23.373 0.0000000000
25294  -17.785  -39.904  -4.906 0.0000000000
26269  -16.009  -39.787  -5.817 0.0000000000
26287  -14.323  -38.982  -6.155 0.0000000000
118388  -14.040  -40.471  -6.086 0.0000000000
16863  -9.778  -50.974  1.499 0.0000000000
17598  -11.673  -48.969  0.347 0.0000000000
16190  -10.876  -51.808  0.235 0.0000000000
15539  -3.529  -51.850  -4.851 0.0000000000
23525  -19.587  -42.543  -3.915 0.0000000000
9448  -8.657  -59.965  -3.052 0.0000000000
10957  -10.264  -58.352  -2.521 0.0000000000
9470  -10.503  -59.120  -3.490 0.0000000000
8123  -8.350  -62.827  -8.361 0.0000000000
10266  -8.638  -59.386  -8.130 0.0000000000
113684  -6.084  -61.147  -8.505 0.0000000000
11003  -3.571  -58.286  -7.886 0.0000000000
8786  -3.460  -61.499  -8.623 0.0000000000
2120  -11.664  -72.068  -17.609 0.0000000000
3152  -11.867  -69.936  -17.869 0.0000000000
2645  -13.600  -71.435  -19.344 0.0000000000
1790  -15.363  -73.506  -27.768 0.0000000000
111157  -12.078  -72.407  -26.568 0.0000000000
104825  -9.383  -48.649  3.675 0.0000000000
13961  -4.635  -54.184  3.935 0.0000000000
11665  -4.665  -57.515  4.051 0.0000000000
10912  -6.695  -59.414  2.389 0.0000000000
10150  -5.438  -59.634  2.406 0.0000000000
6552  -4.092  -64.423  0.562 0.0000000000
6554  -6.041  -64.296  0.589 0.0000000000
6604  -4.907  -65.123  -2.079 0.0000000000
5900  -6.873  -65.717  -4.327 0.0000000000
116935  -4.073  -66.211  -4.473 0.0000000000
3038  -2.444  -70.268  -10.085 0.0000000000
106354  -3.654  -68.998  -9.989 0.0000000000
3618  -3.472  -69.279  -14.275 0.0000000000
2578  -7.039  -71.272  -14.889 0.0000000000
2590  -4.365  -70.301  -15.844 0.0000000000
962  -5.206  -74.659  -20.232 0.0000000000
158  -11.934  -78.525  -20.932 0.0000000000
17650  -17.553  -49.525  -2.579 0.0000000000
18424  -16.382  -48.305  -3.131 0.0000000000
20200  -13.855  -46.795  -2.869 0.0000000000
20991  -15.096  -46.012  -2.896 0.0000000000
114824  -14.389  -46.129  -3.404 0.0000000000
21861  -15.381  -44.810  -4.232 0.0000000000
108361  -13.168  -45.509  -4.521 0.0000000000
14043  -8.420  -54.932  -2.604 0.0000000000
15530  -9.547  -52.728  -2.980 0.0000000000
105886  -7.450  -52.018  -2.655 0.0000000000
20177  -4.822  -47.019  -0.953 0.0000000000
19272  -7.079  -47.417  -1.158 0.0000000000
21838  -7.389  -44.307  -2.079 0.0000000000
21856  -9.603  -44.320  -4.849 0.0000000000
22701  -8.021  -42.872  -4.327 0.0000000000
24399  -8.609  -40.702  -5.686 0.0000000000
4861  -7.769  -67.844  -21.365 0.0000000000
5422  -7.574  -66.131  -17.973 0.0000000000
4847  -5.289  -67.212  -20.720 0.0000000000
6642  -12.641  -64.512  -3.982 0.0000000000
8759  -13.135  -60.894  -5.058 0.0000000000
7377  -13.610  -62.999  -6.794 0.0000000000
6685  -10.630  -63.668  -8.738 0.0000000000
6723  -8.301  -64.644  -10.101 0.0000000000
989  -14.448  -75.769  -21.189 0.0000000000
124395  -15.708  -72.152  -20.712 0.0000000000
1739  -18.223  -72.656  -22.002 0.0000000000
1767  -17.899  -73.891  -25.863 0.0000000000
117613  -13.267  -37.872  -6.332 0.0000000000
9357  -5.116  -60.578  4.477 0.0000000000
120326  -13.190  -47.589  1.924 0.0000000000
118000  -13.875  -47.396  -0.974 0.0000000000
19241  -12.875  -47.276  0.385 0.0000000000
18382  -12.907  -47.916  -0.974 0.0000000000
18423  -12.612  -48.307  -2.836 0.0000000000
14053  -3.551  -54.094  -3.375 0.0000000000
15527  -5.101  -52.727  -1.068 0.0000000000
15526  -3.132  -52.593  -1.189 0.0000000000
17653  -5.758  -49.535  -2.450 0.0000000000
441  -23.524  -77.316  -20.682 0.0000000000
1360  -23.339  -74.732  -23.250 0.0000000000
25295  -18.707  -40.395  -4.402 0.0000000000
24406  -16.507  -41.341  -5.274 0.0000000000
125153  -10.504  -56.428  0.523 0.0000000000
14020  -11.191  -54.709  -0.672 0.0000000000
12547  -10.221  -56.481  -1.396 0.0000000000
12574  -8.773  -56.425  -2.491 0.0000000000
13344  -8.747  -55.663  -4.885 0.0000000000
10259  -11.073  -58.927  -7.118 0.0000000000
11777  -8.911  -57.120  -7.320 0.0000000000
13358  -7.101  -55.598  -5.854 0.0000000000
12593  -3.441  -56.531  -6.160 0.0000000000
106064  -2.443  -56.855  -7.134 0.0000000000
4224  -11.724  -69.392  -13.562 0.0000000000
4784  -12.562  -67.120  -15.823 0.0000000000
4250  -10.781  -69.074  -17.248 0.0000000000
3682  -9.592  -69.133  -20.188 0.0000000000
2668  -8.494  -71.467  -22.658 0.0000000000
105246  -12.925  -71.653  -22.907 0.0000000000
116224  -10.041  -73.370  -25.288 0.0000000000
2214  -6.573  -72.430  -25.482 0.0000000000
17589  -14.073  -48.525  1.213 0.0000000000
18335  -11.726  -47.850  2.770 0.0000000000
17568  -8.762  -48.456  3.166 0.0000000000
16174  -8.889  -51.707  2.258 0.0000000000
16131  -6.050  -51.618  4.769 0.0000000000
14694  -7.247  -53.081  2.936 0.0000000000
116708  -9.188  -54.947  1.804 0.0000000000
11683  -9.046  -57.537  1.989 0.0000000000
10185  -8.002  -59.862  -0.892 0.0000000000
8709  -7.968  -61.001  -1.941 0.0000000000
8667  -5.754  -61.273  2.249 0.0000000000
8011  -7.696  -62.202  -0.225 0.0000000000
7330  -10.028  -63.947  -1.496 0.0000000000
5889  -9.429  -65.657  -3.594 0.0000000000
5288  -9.573  -66.699  -6.479 0.0000000000
4710  -9.611  -67.538  -8.451 0.0000000000
4660  -2.531  -67.865  -4.733 0.0000000000
4129  -4.785  -68.482  -7.016 0.0000000000
4158  -7.136  -68.393  -9.186 0.0000000000
4213  -9.586  -68.849  -11.995 0.0000000000
115718  -9.443  -70.685  -13.815 0.0000000000
2103  -9.164  -72.548  -16.211 0.0000000000
1695  -9.699  -73.445  -18.400 0.0000000000
1680  -4.946  -72.052  -18.507 0.0000000000
1726  -6.297  -74.032  -21.417 0.0000000000
985  -10.767  -75.820  -21.914 0.0000000000
680  -12.312  -77.195  -23.101 0.0000000000
170  -14.697  -78.847  -22.912 0.0000000000
165  -18.073  -79.171  -21.058 0.0000000000
12  -17.897  -81.511  -18.787 0.0000000000
153  -20.650  -79.901  -19.524 0.0000000000
117683  -19.612  -45.133  -2.519 0.0000000000
20202  -16.235  -46.654  -3.307 0.0000000000
109296  -17.634  -46.072  -3.996 0.0000000000
125054  -18.807  -44.721  -4.269 0.0000000000
22708  -17.668  -43.814  -4.567 0.0000000000
109385  -16.053  -43.174  -4.901 0.0000000000
22722  -14.268  -42.677  -5.341 0.0000000000
106497  -11.475  -52.049  -1.820 0.0000000000
16928  -11.418  -50.300  -2.676 0.0000000000
18431  -11.393  -48.653  -3.459 0.0000000000
16924  -7.024  -50.046  -2.157 0.0000000000
18420  -8.892  -48.240  -3.057 0.0000000000
19294  -11.099  -47.419  -4.195 0.0000000000
21021  -11.023  -45.283  -5.483 0.0000000000
22720  -12.511  -43.429  -5.671 0.0000000000
24403  -13.203  -41.806  -5.654 0.0000000000
25304  -11.146  -40.527  -6.053 0.0000000000
6058  -11.029  -65.523  -14.757 0.0000000000
113229  -7.974  -65.690  -13.766 0.0000000000
114980  -5.460  -65.351  -13.158 0.0000000000
5483  -1.604  -67.391  -20.457 0.0000000000
6069  -1.789  -65.220  -15.587 0.0000000000
6743  -3.293  -63.976  -11.437 0.0000000000
8142  -3.086  -61.243  -10.789 0.0000000000
117527  -12.659  -67.840  -10.451 0.0000000000
5335  -13.218  -66.632  -9.867 0.0000000000
4749  -14.055  -67.180  -11.785 0.0000000000
297  -19.402  -78.307  -23.281 0.0000000000
126027  -19.785  -76.560  -23.423 0.0000000000
105760  -20.354  -75.762  -22.484 0.0000000000
25309  -16.183  -40.572  -5.551 0.0000000000
114877  -16.806  -39.909  -5.410 0.0000000000
25308  -15.066  -40.456  -5.895 0.0000000000
26267  -14.298  -39.753  -6.085 0.0000000000
123820  -14.406  -40.930  -6.000 0.0000000000
15495  -9.878  -52.496  1.014 0.0000000000
16878  -10.412  -51.108  0.816 0.0000000000
15496  -10.666  -52.413  0.386 0.0000000000
22693  -19.160  -43.434  -3.566 0.0000000000
8734  -9.406  -60.546  -2.909 0.0000000000
9461  -9.587  -59.902  -3.172 0.0000000000
106172  -11.448  -60.072  -3.728 0.0000000000
7407  -6.767  -63.275  -8.748 0.0000000000
109369  -7.827  -62.235  -8.416 0.0000000000
8121  -6.294  -62.554  -8.572 0.0000000000
8787  -5.120  -61.451  -8.492 0.0000000000
7405  -4.580  -62.971  -8.893 0.0000000000
116881  -12.152  -72.490  -18.204 0.0000000000
2635  -12.870  -71.355  -18.497 0.0000000000
2147  -13.946  -71.987  -19.325 0.0000000000
10863  -2.726  -57.466  5.493 0.0000000000
12471  -3.242  -56.655  5.159 0.0000000000
11664  -3.624  -57.529  4.503 0.0000000000
10891  -4.725  -58.210  3.850 0.0000000000
10890  -4.333  -58.212  4.108 0.0000000000
6584  -3.654  -64.853  -1.089 0.0000000000
6585  -4.276  -64.804  -0.968 0.0000000000
5873  -3.783  -65.147  -2.280 0.0000000000
5874  -4.382  -65.269  -2.786 0.0000000000
122332  -2.821  -65.001  -3.566 0.0000000000
3072  -3.454  -69.914  -11.568 0.0000000000
3604  -2.628  -69.208  -12.613 0.0000000000
3093  -2.854  -70.153  -14.214 0.0000000000
3122  -4.134  -69.809  -15.678 0.0000000000
2575  -3.795  -70.379  -15.452 0.0000000000
17648  -15.901  -49.291  -2.726 0.0000000000
112822  -16.934  -49.011  -2.948 0.0000000000
18401  -14.941  -48.967  -2.185 0.0000000000
20199  -13.390  -47.230  -2.973 0.0000000000
20989  -14.235  -46.420  -3.075 0.0000000000
21000  -13.876  -46.378  -3.442 0.0000000000
21015  -13.869  -45.974  -3.946 0.0000000000
20999  -13.123  -46.146  -3.999 0.0000000000
14042  -7.368  -54.625  -2.694 0.0000000000
14765  -8.056  -53.918  -2.545 0.0000000000
14764  -6.907  -53.643  -2.589 0.0000000000
20975  -6.716  -44.973  -1.362 0.0000000000
21837  -6.540  -44.288  -1.881 0.0000000000
22691  -7.511  -43.089  -3.239 0.0000000000
3704  -6.159  -69.659  -23.148 0.0000000000
109189  -6.821  -67.439  -21.497 0.0000000000
117392  -4.717  -68.832  -22.825 0.0000000000
6653  -13.050  -64.871  -5.160 0.0000000000
7364  -14.032  -63.310  -5.406 0.0000000000
6663  -13.448  -64.704  -6.086 0.0000000000
6726  -12.063  -64.522  -10.530 0.0000000000
6686  -12.581  -64.108  -8.877 0.0000000000
112238  -11.256  -64.387  -9.893 0.0000000000
6702  -9.461  -64.206  -9.293 0.0000000000
5971  -9.887  -65.028  -10.851 0.0000000000
1007  -15.519  -76.497  -22.059 0.0000000000
1341  -15.974  -74.516  -21.057 0.0000000000
113315  -17.256  -75.518  -22.090 0.0000000000
1757  -19.237  -74.759  -24.732 0.0000000000
1756  -18.840  -74.655  -25.125 0.0000000000
1035  -18.890  -76.262  -26.478 0.0000000000
1381  -17.947  -75.616  -26.975 0.0000000000
27227  -17.721  -38.434  -5.458 0.0000000000
26286  -13.542  -39.292  -6.151 0.0000000000
27238  -14.291  -38.207  -6.345 0.0000000000
111307  -13.005  -38.567  -6.223 0.0000000000
26285  -11.088  -39.132  -6.351 0.0000000000
19223  -11.800  -47.471  2.086 0.0000000000
20148  -12.969  -47.446  1.232 0.0000000000
104423  -11.899  -47.608  1.386 0.0000000000
16880  -11.537  -49.984  0.004 0.0000000000
18381  -12.353  -48.539  -0.630 0.0000000000
18399  -12.658  -48.455  -1.874 0.0000000000
18398  -12.238  -49.258  -1.877 0.0000000000
14061  -3.165  -54.415  -4.246 0.0000000000
119098  -2.970  -53.334  -1.813 0.0000000000
14774  -2.686  -53.339  -3.032 0.0000000000
16936  -5.401  -50.793  -3.623 0.0000000000
24390  -19.492  -41.936  -4.318 0.0000000000
24389  -18.583  -41.299  -4.511 0.0000000000
24388  -17.528  -41.506  -4.908 0.0000000000
24387  -16.738  -42.071  -5.055 0.0000000000
11710  -10.106  -57.539  -0.139 0.0000000000
12525  -10.533  -56.769  -0.035 0.0000000000
11709  -10.215  -58.103  -0.914 0.0000000000
11744  -10.204  -57.652  -3.400 0.0000000000
12559  -9.050  -57.067  -2.032 0.0000000000
12581  -9.808  -56.733  -4.038 0.0000000000
13332  -8.146  -56.046  -2.943 0.0000000000
13338  -9.374  -56.087  -4.657 0.0000000000
8771  -12.414  -60.873  -6.895 0.0000000000
9493  -12.434  -59.927  -6.343 0.0000000000
10269  -11.221  -59.649  -7.316 0.0000000000
10265  -8.177  -58.676  -8.063 0.0000000000
10995  -8.706  -57.910  -7.771 0.0000000000
11776  -8.068  -57.217  -7.652 0.0000000000
12595  -7.970  -56.247  -6.374 0.0000000000
106551  -6.684  -56.119  -6.657 0.0000000000
13357  -5.770  -55.396  -6.136 0.0000000000
12609  -4.569  -56.742  -7.275 0.0000000000
11002  -2.946  -59.148  -8.931 0.0000000000
115342  -2.872  -57.657  -7.113 0.0000000000
12625  -2.707  -57.550  -8.350 0.0000000000
13384  -3.286  -56.104  -8.333 0.0000000000
11799  -2.819  -57.878  -9.383 0.0000000000
3634  -10.546  -70.019  -14.792 0.0000000000
4243  -11.713  -69.084  -15.508 0.0000000000
3652  -10.719  -69.657  -16.331 0.0000000000
3167  -11.084  -70.551  -20.055 0.0000000000
3158  -10.737  -69.680  -19.323 0.0000000000
3175  -10.253  -70.507  -20.838 0.0000000000
3165  -9.139  -70.281  -21.062 0.0000000000
2657  -9.360  -71.069  -21.939 0.0000000000
2169  -15.769  -71.851  -22.640 0.0000000000
2673  -14.685  -71.692  -21.863 0.0000000000
2201  -14.260  -71.705  -24.197 0.0000000000
2269  -10.542  -71.981  -28.597 0.0000000000
2218  -11.096  -72.848  -25.672 0.0000000000
1777  -9.776  -73.471  -26.270 0.0000000000
2216  -8.497  -73.476  -25.872 0.0000000000
2247  -7.834  -72.224  -27.442 0.0000000000
2707  -7.465  -71.313  -27.696 0.0000000000
16884  -14.916  -50.039  -0.250 0.0000000000
17588  -13.964  -48.806  1.739 0.0000000000
18362  -13.573  -48.041  2.340 0.0000000000
17570  -12.522  -48.297  2.785 0.0000000000
17551  -8.022  -48.708  3.965 0.0000000000
18332  -9.308  -48.105  3.381 0.0000000000
16831  -7.966  -49.023  3.616 0.0000000000
16848  -8.540  -49.325  2.773 0.0000000000
16160  -8.023  -51.001  2.933 0.0000000000
13242  -5.654  -54.748  3.589 0.0000000000
14681  -5.977  -53.284  3.681 0.0000000000
13977  -7.021  -54.427  3.071 0.0000000000
13978  -7.684  -54.105  2.702 0.0000000000
13259  -8.476  -55.793  2.779 0.0000000000
13271  -9.023  -55.776  2.122 0.0000000000
11674  -8.466  -57.163  2.744 0.0000000000
10157  -5.752  -59.584  1.320 0.0000000000
10158  -7.846  -59.509  1.208 0.0000000000
10184  -6.835  -59.785  -0.718 0.0000000000
10202  -6.811  -59.828  -1.881 0.0000000000
9435  -6.457  -59.978  -1.488 0.0000000000
8636  -4.583  -61.377  3.766 0.0000000000
8649  -5.082  -61.053  2.885 0.0000000000
7963  -5.229  -62.054  2.948 0.0000000000
6572  -7.284  -64.493  -0.557 0.0000000000
7282  -6.854  -63.547  0.801 0.0000000000
6573  -8.006  -64.181  -0.712 0.0000000000
7301  -8.604  -63.461  -0.569 0.0000000000
6590  -9.167  -64.532  -1.578 0.0000000000
6624  -10.144  -65.183  -2.770 0.0000000000
106920  -8.418  -64.999  -2.788 0.0000000000
5274  -6.786  -66.339  -5.113 0.0000000000
5913  -8.512  -66.159  -4.897 0.0000000000
109918  -8.445  -66.816  -6.259 0.0000000000
5297  -9.604  -67.031  -7.197 0.0000000000
4699  -8.358  -67.612  -7.485 0.0000000000
103917  -2.185  -70.456  -3.589 0.0000000000
4112  -2.363  -68.992  -5.651 0.0000000000
4673  -2.905  -67.424  -5.516 0.0000000000
4136  -2.945  -69.275  -7.367 0.0000000000
4178  -5.118  -68.608  -11.125 0.0000000000
4156  -5.339  -68.855  -9.241 0.0000000000
4179  -6.371  -68.662  -10.837 0.0000000000
114407  -8.174  -68.506  -10.926 0.0000000000
111148  -8.020  -68.732  -12.167 0.0000000000
3609  -9.481  -69.520  -12.593 0.0000000000
3621  -8.123  -69.923  -13.122 0.0000000000
2083  -6.915  -71.972  -16.101 0.0000000000
2084  -8.279  -72.331  -15.534 0.0000000000
2118  -8.542  -72.927  -17.098 0.0000000000
2119  -9.620  -72.854  -17.078 0.0000000000
1683  -8.011  -73.337  -17.949 0.0000000000
637  -7.701  -75.689  -21.013 0.0000000000
971  -5.405  -74.238  -21.163 0.0000000000
982  -7.404  -75.020  -22.344 0.0000000000
984  -8.725  -75.073  -21.662 0.0000000000
114557  -9.102  -75.859  -23.133 0.0000000000
1003  -11.437  -76.107  -22.790 0.0000000000
665  -10.387  -76.492  -23.478 0.0000000000
146  -13.083  -79.397  -20.360 0.0000000000
168  -12.855  -78.380  -22.296 0.0000000000
161  -14.651  -78.872  -21.684 0.0000000000
116721  -16.241  -79.105  -22.625 0.0000000000
67  -16.235  -80.766  -19.857 0.0000000000
112472  -19.578  -80.945  -19.108 0.0000000000
19281  -18.595  -47.500  -3.150 0.0000000000
20203  -19.174  -46.692  -3.062 0.0000000000
21005  -19.317  -46.028  -3.690 0.0000000000
20171  -14.187  -47.137  -1.655 0.0000000000
19278  -15.155  -47.214  -2.547 0.0000000000
20183  -14.742  -46.980  -2.271 0.0000000000
120425  -15.805  -45.781  -3.674 0.0000000000
21003  -16.486  -46.075  -3.654 0.0000000000
21016  -18.117  -45.235  -4.282 0.0000000000
21864  -18.207  -44.313  -4.418 0.0000000000
21863  -17.268  -44.524  -4.431 0.0000000000
22705  -14.936  -43.991  -4.404 0.0000000000
22706  -15.754  -43.926  -4.590 0.0000000000
23536  -15.305  -43.339  -4.972 0.0000000000
126436  -14.934  -42.865  -5.303 0.0000000000
22721  -13.790  -43.310  -5.269 0.0000000000
14029  -11.021  -54.819  -1.573 0.0000000000
14736  -11.399  -53.277  -1.234 0.0000000000
15517  -11.132  -52.868  -2.226 0.0000000000
16227  -9.639  -51.814  -3.079 0.0000000000
16228  -10.726  -51.417  -2.971 0.0000000000
16927  -10.675  -50.543  -3.066 0.0000000000
17646  -10.784  -49.784  -3.197 0.0000000000
17645  -9.518  -49.279  -3.294 0.0000000000
16224  -5.374  -50.942  -1.568 0.0000000000
121905  -5.981  -51.736  -1.695 0.0000000000
17642  -6.157  -49.833  -1.543 0.0000000000
20197  -8.001  -46.364  -2.373 0.0000000000
19273  -7.953  -47.334  -2.242 0.0000000000
20198  -9.090  -46.619  -3.385 0.0000000000
19286  -9.872  -47.239  -3.379 0.0000000000
20208  -10.203  -46.853  -3.861 0.0000000000
21013  -11.527  -46.040  -5.254 0.0000000000
21012  -10.441  -45.829  -5.082 0.0000000000
22703  -9.929  -43.725  -5.416 0.0000000000
21871  -10.665  -44.354  -5.482 0.0000000000
22718  -10.611  -43.282  -5.780 0.0000000000
23553  -12.602  -42.442  -5.695 0.0000000000
114056  -11.645  -42.111  -5.915 0.0000000000
24402  -12.136  -41.410  -5.841 0.0000000000
24401  -10.962  -41.339  -5.933 0.0000000000
25303  -9.091  -40.173  -5.982 0.0000000000
5406  -11.558  -66.543  -16.836 0.0000000000
6078  -12.376  -65.795  -15.111 0.0000000000
6088  -10.374  -65.990  -16.515 0.0000000000
113525  -6.051  -66.478  -17.422 0.0000000000
6073  -7.926  -65.753  -15.568 0.0000000000
5389  -6.299  -66.069  -15.626 0.0000000000
114412  -6.469  -65.380  -13.232 0.0000000000
6053  -5.439  -65.644  -14.444 0.0000000000
6819  -1.341  -65.085  -17.734 0.0000000000
6789  -1.957  -64.137  -14.902 0.0000000000
6029  -2.418  -65.029  -13.312 0.0000000000
7462  -2.360  -63.087  -13.389 0.0000000000
7451  -3.056  -62.690  -11.810 0.0000000000
104164  -1.775  -61.553  -13.196 0.0000000000
5299  -12.265  -66.002  -7.732 0.0000000000
5943  -13.425  -65.036  -7.781 0.0000000000
5312  -13.191  -65.802  -8.856 0.0000000000
6749  -13.332  -65.000  -10.802 0.0000000000
5994  -12.219  -65.039  -11.845 0.0000000000
672  -17.579  -77.585  -23.661 0.0000000000
1009  -17.987  -75.883  -22.512 0.0000000000
673  -19.032  -76.802  -23.773 0.0000000000
1029  -19.491  -75.426  -23.585 0.0000000000
1759  -20.302  -73.481  -24.287 0.0000000000
26255  -18.785  -39.496  -4.454 0.0000000000
27218  -18.161  -38.981  -4.948 0.0000000000
26270  -17.302  -39.203  -5.354 0.0000000000
27226  -16.839  -38.642  -5.710 0.0000000000
26288  -15.270  -38.556  -6.177 0.0000000000
26268  -15.194  -39.409  -5.973 0.0000000000
26266  -13.339  -39.866  -6.099 0.0000000000
16864  -10.156  -50.007  1.471 0.0000000000
18375  -11.088  -48.449  1.455 0.0000000000
17597  -10.995  -49.488  1.053 0.0000000000
16879  -10.926  -50.470  0.569 0.0000000000
16896  -11.565  -50.836  -0.287 0.0000000000
124203  -3.510  -53.955  -6.085 0.0000000000
15538  -2.798  -52.486  -4.732 0.0000000000
14791  -4.033  -53.168  -5.928 0.0000000000
121517  -19.199  -42.493  -4.248 0.0000000000
10204  -9.641  -59.461  -1.856 0.0000000000
10948  -10.253  -58.808  -1.681 0.0000000000
10218  -9.345  -59.662  -2.895 0.0000000000
107163  -10.461  -58.818  -3.504 0.0000000000
10232  -10.653  -58.438  -4.401 0.0000000000
8105  -9.709  -62.498  -8.275 0.0000000000
9498  -9.693  -60.980  -8.004 0.0000000000
9497  -8.785  -61.188  -8.337 0.0000000000
9510  -8.078  -60.311  -8.403 0.0000000000
121656  -6.404  -59.433  -8.328 0.0000000000
10993  -5.684  -58.129  -8.183 0.0000000000
10275  -5.320  -59.523  -8.542 0.0000000000
106338  -4.351  -60.035  -8.782 0.0000000000
9504  -2.888  -60.135  -8.886 0.0000000000
2623  -10.868  -70.933  -16.769 0.0000000000
3143  -10.683  -70.071  -16.721 0.0000000000
3145  -12.245  -70.613  -17.701 0.0000000000
3160  -12.717  -70.588  -18.929 0.0000000000
2651  -12.823  -71.189  -20.458 0.0000000000
108213  -14.786  -72.578  -26.950 0.0000000000
2220  -14.004  -71.881  -26.280 0.0000000000
2253  -13.720  -72.633  -27.743 0.0000000000
2270  -11.866  -71.971  -28.473 0.0000000000
2745  -10.293  -70.719  -29.986 0.0000000000
110676  -11.442  -48.707  2.885 0.0000000000
16814  -7.713  -49.972  4.437 0.0000000000
14646  -4.838  -53.664  5.165 0.0000000000
121523  -4.541  -54.662  4.823 0.0000000000
12472  -4.791  -55.664  4.653 0.0000000000
12484  -6.329  -56.611  3.793 0.0000000000
11673  -7.794  -57.332  3.164 0.0000000000
10902  -6.227  -58.671  3.333 0.0000000000
10151  -5.749  -59.496  2.364 0.0000000000
115156  -5.175  -59.745  1.135 0.0000000000
7265  -5.723  -63.218  1.871 0.0000000000
6553  -4.824  -64.362  0.530 0.0000000000
6586  -5.214  -64.881  -1.230 0.0000000000
6605  -5.982  -64.884  -2.229 0.0000000000
6622  -7.462  -65.139  -2.985 0.0000000000
6621  -5.563  -65.159  -2.807 0.0000000000
105842  -5.874  -65.527  -4.082 0.0000000000
111264  -5.948  -66.616  -5.372 0.0000000000
3029  -2.469  -71.367  -8.520 0.0000000000
3567  -2.592  -69.794  -9.181 0.0000000000
121929  -2.373  -69.385  -11.063 0.0000000000
122114  -2.978  -68.747  -12.172 0.0000000000
115837  -5.567  -68.937  -12.912 0.0000000000
3095  -6.308  -69.972  -14.208 0.0000000000
3633  -5.304  -69.551  -14.672 0.0000000000
2577  -5.801  -70.471  -15.705 0.0000000000
2082  -5.666  -71.622  -16.580 0.0000000000
630  -7.582  -76.010  -19.875 0.0000000000
427  -8.697  -77.109  -20.611 0.0000000000
292  -10.271  -77.543  -22.128 0.0000000000
280  -9.536  -78.216  -20.280 0.0000000000
14  -12.367  -80.474  -18.691 0.0000000000
18426  -18.441  -48.415  -2.592 0.0000000000
19280  -18.059  -48.134  -3.196 0.0000000000
19291  -17.930  -47.510  -3.508 0.0000000000
20181  -13.988  -46.820  -2.117 0.0000000000
20977  -14.811  -46.405  -2.607 0.0000000000
21002  -15.199  -45.808  -3.351 0.0000000000
21849  -15.659  -45.434  -3.982 0.0000000000
21862  -16.233  -44.664  -4.384 0.0000000000
21847  -14.530  -45.779  -3.898 0.0000000000
108375  -13.963  -45.334  -4.534 0.0000000000
21859  -13.255  -44.727  -4.947 0.0000000000
113215  -9.516  -54.584  -2.601 0.0000000000
107372  -10.225  -53.083  -2.787 0.0000000000
14766  -9.322  -53.744  -2.827 0.0000000000
107237  -8.648  -52.332  -2.985 0.0000000000
16226  -8.507  -51.357  -2.927 0.0000000000
18396  -4.899  -48.618  -0.703 0.0000000000
18397  -5.663  -48.760  -0.819 0.0000000000
20179  -6.467  -46.540  -0.727 0.0000000000
20196  -7.123  -45.743  -0.891 0.0000000000
21846  -8.378  -44.514  -2.622 0.0000000000
117208  -8.912  -45.186  -3.699 0.0000000000
121301  -8.713  -44.195  -3.015 0.0000000000
121796  -9.017  -43.724  -4.230 0.0000000000
22717  -9.569  -42.875  -5.476 0.0000000000
23550  -9.055  -41.730  -5.560 0.0000000000
23535  -8.467  -42.282  -5.130 0.0000000000
114823  -7.817  -41.109  -5.125 0.0000000000
4830  -8.710  -66.923  -20.008 0.0000000000
5445  -8.851  -66.036  -18.798 0.0000000000
5485  -7.889  -66.633  -20.163 0.0000000000
5467  -6.372  -66.499  -19.429 0.0000000000
5442  -5.320  -66.634  -19.015 0.0000000000
8051  -12.048  -62.871  -3.069 0.0000000000
8745  -12.380  -60.626  -3.746 0.0000000000
8064  -13.498  -62.284  -4.008 0.0000000000
107964  -13.579  -61.598  -5.818 0.0000000000
8779  -12.423  -61.825  -7.136 0.0000000000
7414  -13.467  -64.072  -7.823 0.0000000000
7392  -12.155  -62.976  -7.742 0.0000000000
7391  -10.945  -62.762  -8.031 0.0000000000
7410  -9.318  -63.278  -8.353 0.0000000000
7431  -8.138  -63.895  -8.775 0.0000000000
6699  -6.691  -64.308  -9.754 0.0000000000
1331  -13.673  -74.836  -19.979 0.0000000000
1727  -14.956  -73.254  -19.963 0.0000000000
1333  -15.436  -73.957  -20.505 0.0000000000
2159  -16.851  -72.151  -21.425 0.0000000000
2187  -17.038  -72.298  -23.461 0.0000000000
124197  -18.669  -74.624  -22.951 0.0000000000
2204  -17.710  -72.584  -24.081 0.0000000000
105749  -16.294  -72.524  -25.816 0.0000000000
1779  -16.439  -74.306  -27.037 0.0000000000
1797  -16.582  -73.836  -28.236 0.0000000000
27239  -15.272  -37.716  -6.512 0.0000000000
10129  -5.292  -59.649  4.681 0.0000000000
19226  -13.691  -47.771  1.134 0.0000000000
19251  -13.732  -48.027  -1.233 0.0000000000
20163  -13.368  -47.441  0.232 0.0000000000
20162  -13.110  -47.219  0.294 0.0000000000
20169  -13.113  -46.990  -0.371 0.0000000000
105718  -11.891  -48.035  0.773 0.0000000000
19249  -12.573  -47.655  -0.033 0.0000000000
106903  -13.435  -47.041  -1.123 0.0000000000
20180  -13.610  -47.186  -1.958 0.0000000000
19258  -13.201  -47.790  -2.054 0.0000000000
19277  -12.702  -47.749  -3.280 0.0000000000
14054  -4.919  -54.050  -3.181 0.0000000000
113939  -5.706  -53.272  -1.844 0.0000000000
14763  -4.485  -53.118  -0.855 0.0000000000
14750  -4.061  -52.646  -0.503 0.0000000000
16223  -4.771  -51.432  -1.518 0.0000000000
16232  -3.178  -51.954  -4.380 0.0000000000
16234  -4.685  -51.457  -2.704 0.0000000000
17641  -5.586  -49.568  -1.743 0.0000000000
18417  -4.825  -48.045  -1.450 0.0000000000
113117  -5.441  -69.885  -25.189 0.0000000000
3718  -4.614  -69.022  -23.777 0.0000000000
643  -21.836  -76.642  -21.030 0.0000000000
1011  -22.076  -75.021  -21.908 0.0000000000
110684  -17.925  -40.738  -4.802 0.0000000000
25310  -17.112  -40.662  -5.192 0.0000000000
24405  -15.537  -41.297  -5.522 0.0000000000
116432  -10.621  -54.996  0.499 0.0000000000
14012  -10.915  -54.173  0.069 0.0000000000
107500  -10.988  -55.073  -0.180 0.0000000000
13301  -11.016  -55.646  -0.987 0.0000000000
13311  -10.253  -55.698  -1.921 0.0000000000
11724  -9.963  -57.725  -1.754 0.0000000000
12558  -8.790  -56.537  -2.035 0.0000000000
13320  -9.030  -55.581  -2.439 0.0000000000
124128  -8.287  -55.614  -2.560 0.0000000000
14057  -7.798  -55.510  -2.744 0.0000000000
108042  -7.301  -54.977  -4.274 0.0000000000
9472  -12.197  -59.873  -4.468 0.0000000000
10249  -11.342  -58.632  -6.155 0.0000000000
10983  -10.271  -57.731  -6.255 0.0000000000
10267  -9.599  -59.223  -7.854 0.0000000000
10988  -10.097  -57.873  -7.115 0.0000000000
12596  -9.362  -56.740  -6.025 0.0000000000
12586  -8.919  -56.181  -5.648 0.0000000000
13343  -7.378  -54.922  -5.130 0.0000000000
14074  -6.596  -54.658  -4.645 0.0000000000
14073  -5.473  -54.446  -4.894 0.0000000000
14072  -3.972  -54.724  -4.813 0.0000000000
13340  -3.327  -55.311  -5.437 0.0000000000
11773  -3.875  -57.641  -7.446 0.0000000000
12592  -2.828  -56.676  -6.123 0.0000000000
13354  -2.961  -55.936  -5.801 0.0000000000
13370  -3.297  -55.256  -6.556 0.0000000000
117674  -12.347  -69.001  -13.108 0.0000000000
4216  -13.305  -68.493  -13.107 0.0000000000
4232  -12.431  -68.575  -14.887 0.0000000000
4252  -12.188  -67.712  -16.481 0.0000000000
4798  -10.713  -67.464  -18.210 0.0000000000
115076  -10.581  -68.992  -17.712 0.0000000000
4270  -10.232  -68.810  -18.277 0.0000000000
4269  -9.920  -68.324  -19.030 0.0000000000
4290  -9.100  -68.591  -20.580 0.0000000000
3172  -8.244  -70.269  -22.289 0.0000000000
3184  -6.529  -71.182  -23.395 0.0000000000
118058  -14.631  -71.658  -20.488 0.0000000000
2661  -13.556  -71.486  -21.086 0.0000000000
2671  -11.830  -71.809  -22.521 0.0000000000
2691  -12.934  -71.651  -25.316 0.0000000000
109321  -11.604  -72.292  -24.047 0.0000000000
2165  -10.479  -72.097  -22.987 0.0000000000
2180  -8.599  -72.162  -23.783 0.0000000000
2179  -7.402  -72.216  -24.246 0.0000000000
2686  -5.717  -71.839  -24.594 0.0000000000
1358  -21.535  -74.142  -23.505 0.0000000000
17629  -15.546  -49.805  -1.629 0.0000000000
17612  -15.280  -50.064  -0.730 0.0000000000
126223  -14.330  -48.908  0.659 0.0000000000
18363  -13.909  -48.334  1.835 0.0000000000
19207  -12.375  -47.678  2.574 0.0000000000
19222  -10.928  -47.724  2.561 0.0000000000
17554  -10.761  -48.158  3.156 0.0000000000
18344  -10.044  -47.848  3.075 0.0000000000
18359  -9.618  -48.158  2.835 0.0000000000
125654  -9.465  -50.073  2.208 0.0000000000
16175  -9.473  -51.712  1.590 0.0000000000
15477  -9.329  -52.542  1.905 0.0000000000
16133  -7.396  -50.957  4.687 0.0000000000
113796  -6.682  -51.154  4.516 0.0000000000
14680  -5.132  -52.992  4.128 0.0000000000
15450  -5.914  -51.849  3.958 0.0000000000
16159  -7.186  -50.864  3.536 0.0000000000
15461  -7.313  -51.969  3.101 0.0000000000
14711  -9.089  -53.349  2.181 0.0000000000
13994  -9.399  -54.167  1.523 0.0000000000
13272  -9.790  -55.773  1.583 0.0000000000
11684  -9.790  -57.365  1.278 0.0000000000
10923  -9.615  -58.990  0.075 0.0000000000
11682  -8.125  -57.967  2.360 0.0000000000
10922  -8.789  -59.271  0.769 0.0000000000
10186  -9.258  -59.569  -0.891 0.0000000000
10203  -7.989  -59.783  -2.192 0.0000000000
9447  -7.852  -59.970  -3.126 0.0000000000
8722  -9.756  -61.460  -2.301 0.0000000000
10140  -5.240  -59.729  3.014 0.0000000000
9384  -5.139  -60.160  2.362 0.0000000000
8685  -5.705  -60.589  1.111 0.0000000000
7975  -6.440  -62.459  1.604 0.0000000000
8686  -6.521  -61.497  0.967 0.0000000000
8699  -6.356  -60.460  -0.994 0.0000000000
8025  -7.807  -61.605  -1.080 0.0000000000
8037  -9.215  -61.770  -1.685 0.0000000000
8039  -10.827  -62.331  -2.134 0.0000000000
6608  -11.370  -64.110  -2.487 0.0000000000
6641  -11.667  -65.185  -3.569 0.0000000000
5916  -11.414  -65.902  -5.063 0.0000000000
5902  -8.603  -65.865  -4.111 0.0000000000
5914  -9.502  -66.269  -4.983 0.0000000000
5927  -10.838  -66.226  -5.744 0.0000000000
105592  -10.434  -66.811  -7.073 0.0000000000
4711  -10.378  -67.255  -8.549 0.0000000000
4721  -10.813  -67.785  -9.682 0.0000000000
4648  -2.725  -66.400  -3.588 0.0000000000
119871  -2.829  -66.192  -4.430 0.0000000000
4675  -4.467  -67.308  -5.768 0.0000000000
4690  -5.268  -67.684  -6.285 0.0000000000
4144  -4.059  -68.964  -8.478 0.0000000000
120378  -5.586  -68.652  -7.555 0.0000000000
4139  -7.040  -68.051  -7.905 0.0000000000
4148  -7.879  -68.015  -8.967 0.0000000000
4182  -9.742  -68.212  -10.536 0.0000000000
4200  -10.993  -68.593  -11.275 0.0000000000
3610  -10.393  -69.440  -12.532 0.0000000000
3098  -10.332  -70.315  -13.815 0.0000000000
3111  -9.899  -70.630  -14.727 0.0000000000
2566  -7.721  -71.051  -14.087 0.0000000000
3110  -9.112  -71.438  -14.541 0.0000000000
2594  -9.917  -71.468  -15.675 0.0000000000
2104  -10.069  -72.371  -16.644 0.0000000000
1696  -10.546  -73.154  -18.167 0.0000000000
1714  -11.347  -74.010  -19.020 0.0000000000
2066  -5.215  -71.946  -15.320 0.0000000000
2099  -5.583  -72.014  -17.878 0.0000000000
2132  -4.768  -72.341  -19.062 0.0000000000
1299  -4.531  -74.009  -19.672 0.0000000000
1708  -3.843  -73.084  -20.032 0.0000000000
110136  -6.429  -73.511  -19.166 0.0000000000
1711  -8.069  -74.329  -19.474 0.0000000000
119931  -10.183  -75.003  -20.148 0.0000000000
1330  -11.968  -75.093  -20.139 0.0000000000
987  -12.885  -75.968  -21.494 0.0000000000
1005  -13.356  -76.384  -22.315 0.0000000000
669  -14.095  -77.204  -22.997 0.0000000000
300  -11.826  -77.815  -22.922 0.0000000000
301  -13.508  -78.260  -22.872 0.0000000000
460  -16.019  -77.909  -23.744 0.0000000000
304  -16.643  -78.548  -23.577 0.0000000000
173  -17.987  -79.013  -22.906 0.0000000000
290  -19.121  -78.601  -21.423 0.0000000000
2  -14.527  -80.797  -17.811 0.0000000000
17  -15.704  -81.573  -18.622 0.0000000000
68  -18.087  -81.169  -19.607 0.0000000000
166  -18.936  -79.495  -20.412 0.0000000000
428  -20.477  -78.646  -20.593 0.0000000000
106100  -22.188  -78.470  -20.027 0.0000000000
21839  -19.520  -44.466  -2.753 0.0000000000
109360  -15.394  -48.196  -2.729 0.0000000000
19279  -15.885  -47.323  -3.003 0.0000000000
20212  -17.280  -46.748  -3.635 0.0000000000
20201  -15.314  -46.536  -2.786 0.0000000000
20213  -18.252  -46.754  -3.775 0.0000000000
111207  -18.720  -46.115  -4.130 0.0000000000
108445  -19.632  -45.128  -3.511 0.0000000000
106564  -19.355  -44.270  -3.492 0.0000000000
121816  -19.052  -43.974  -3.852 0.0000000000
22709  -18.333  -43.548  -4.405 0.0000000000
23539  -17.693  -43.000  -4.557 0.0000000000
22707  -16.757  -43.716  -4.676 0.0000000000
23538  -16.793  -42.789  -4.810 0.0000000000
113825  -16.210  -42.536  -5.022 0.0000000000
24386  -15.915  -41.988  -5.221 0.0000000000
23555  -14.975  -42.130  -5.473 0.0000000000
14727  -11.243  -53.225  -0.237 0.0000000000
16200  -11.610  -51.591  -0.814 0.0000000000
16201  -11.880  -51.085  -1.292 0.0000000000
107198  -11.071  -52.010  -2.474 0.0000000000
16215  -11.562  -51.459  -2.185 0.0000000000
16216  -11.792  -50.731  -2.077 0.0000000000
17647  -11.720  -49.659  -2.689 0.0000000000
18422  -12.105  -48.935  -2.911 0.0000000000
19289  -11.966  -47.673  -3.941 0.0000000000
15528  -6.421  -52.789  -2.098 0.0000000000
16225  -7.235  -50.980  -2.464 0.0000000000
16925  -8.197  -50.371  -2.748 0.0000000000
18418  -6.741  -48.378  -1.219 0.0000000000
104778  -8.347  -48.873  -2.802 0.0000000000
19275  -9.898  -47.926  -3.479 0.0000000000
19288  -11.303  -48.031  -3.775 0.0000000000
20209  -11.800  -47.129  -4.402 0.0000000000
20219  -12.213  -46.528  -4.662 0.0000000000
21014  -12.511  -45.809  -4.901 0.0000000000
21858  -12.600  -45.093  -5.166 0.0000000000
117669  -10.177  -45.062  -5.241 0.0000000000
21857  -11.804  -44.715  -5.588 0.0000000000
21873  -13.231  -43.856  -5.298 0.0000000000
125703  -13.146  -43.065  -5.447 0.0000000000
23554  -13.503  -42.468  -5.427 0.0000000000
25307  -13.776  -41.240  -5.889 0.0000000000
117105  -12.924  -41.165  -5.947 0.0000000000
25305  -12.183  -40.538  -5.942 0.0000000000
26265  -12.271  -39.861  -6.079 0.0000000000
24400  -9.795  -41.260  -5.906 0.0000000000
117837  -10.100  -40.420  -6.199 0.0000000000
6037  -13.344  -65.876  -13.806 0.0000000000
114882  -12.445  -65.444  -13.254 0.0000000000
112916  -10.661  -65.338  -12.838 0.0000000000
6087  -9.387  -65.887  -16.526 0.0000000000
6057  -9.386  -65.607  -14.257 0.0000000000
117581  -9.341  -65.481  -12.557 0.0000000000
6014  -7.786  -65.479  -12.402 0.0000000000
5967  -6.704  -65.017  -11.140 0.0000000000
6746  -5.881  -64.742  -10.920 0.0000000000
4319  -2.576  -68.241  -21.996 0.0000000000
4846  -2.433  -67.692  -20.930 0.0000000000
5440  -3.089  -66.890  -18.636 0.0000000000
6134  -2.412  -66.240  -19.646 0.0000000000
5417  -1.488  -66.246  -18.261 0.0000000000
6085  -2.773  -66.065  -16.471 0.0000000000
115047  -3.082  -65.212  -14.059 0.0000000000
5987  -4.225  -64.753  -11.741 0.0000000000
6719  -4.406  -64.343  -10.484 0.0000000000
7442  -3.905  -63.840  -10.197 0.0000000000
8134  -2.843  -61.964  -9.675 0.0000000000
8793  -2.836  -60.806  -9.590 0.0000000000
117907  -3.362  -60.592  -10.760 0.0000000000
10288  -2.549  -59.122  -10.383 0.0000000000
4748  -13.394  -67.961  -11.129 0.0000000000
450  -19.872  -77.569  -22.826 0.0000000000
675  -19.951  -76.842  -23.137 0.0000000000
658  -20.202  -76.484  -22.116 0.0000000000
14726  -10.445  -53.249  0.603 0.0000000000
22681  -19.295  -43.702  -2.950 0.0000000000
9462  -10.432  -60.363  -3.225 0.0000000000
115715  -11.480  -60.992  -3.170 0.0000000000
7406  -5.693  -63.110  -8.865 0.0000000000
8120  -5.128  -62.298  -8.617 0.0000000000
1698  -12.793  -72.878  -18.787 0.0000000000
10853  -2.860  -58.094  6.360 0.0000000000
10878  -2.841  -57.182  4.905 0.0000000000
10879  -3.131  -57.844  4.704 0.0000000000
10128  -4.412  -58.576  4.638 0.0000000000
5861  -3.561  -65.011  -1.806 0.0000000000
106526  -3.354  -65.200  -2.670 0.0000000000
118449  -3.175  -65.025  -3.118 0.0000000000
3083  -4.255  -70.071  -12.449 0.0000000000
116085  -2.926  -70.041  -13.296 0.0000000000
3106  -2.908  -70.104  -15.239 0.0000000000
2564  -4.074  -70.412  -14.648 0.0000000000
20211  -13.461  -46.636  -3.437 0.0000000000
14056  -7.023  -54.976  -2.893 0.0000000000
14041  -6.411  -54.106  -2.558 0.0000000000
21836  -6.295  -44.350  -1.970 0.0000000000
3720  -5.263  -70.458  -23.586 0.0000000000
4321  -5.810  -68.706  -22.673 0.0000000000
3703  -4.953  -69.554  -23.208 0.0000000000
5917  -12.220  -65.509  -5.328 0.0000000000
6725  -10.983  -64.758  -10.641 0.0000000000
107335  -10.174  -64.590  -9.982 0.0000000000
1008  -16.404  -76.125  -22.053 0.0000000000
1769  -19.200  -75.108  -25.450 0.0000000000
1768  -19.133  -75.835  -25.771 0.0000000000
1372  -19.125  -76.122  -26.325 0.0000000000
1036  -18.806  -76.256  -26.662 0.0000000000
27237  -11.314  -38.495  -5.989 0.0000000000
17610  -11.981  -49.558  -0.886 0.0000000000
16914  -11.899  -50.027  -1.910 0.0000000000
14052  -2.812  -53.856  -3.695 0.0000000000
14779  -2.417  -53.260  -4.196 0.0000000000
107503  -17.428  -42.293  -4.773 0.0000000000
120813  -9.951  -58.281  -0.263 0.0000000000
110372  -9.655  -56.813  -4.895 0.0000000000
9500  -11.766  -60.229  -7.194 0.0000000000
114186  -7.669  -57.950  -8.004 0.0000000000
11775  -7.001  -57.331  -7.756 0.0000000000
12611  -7.423  -56.733  -7.193 0.0000000000
12610  -6.166  -56.699  -7.359 0.0000000000
11774  -5.625  -57.453  -7.892 0.0000000000
122437  -2.872  -58.222  -8.642 0.0000000000
11798  -2.561  -58.582  -9.592 0.0000000000
3646  -10.822  -69.600  -15.579 0.0000000000
116809  -10.577  -70.005  -16.309 0.0000000000
2650  -10.946  -71.020  -21.151 0.0000000000
109669  -10.131  -70.952  -21.645 0.0000000000
2186  -16.007  -72.032  -23.719 0.0000000000
2185  -14.966  -71.954  -23.423 0.0000000000
121494  -15.136  -71.916  -24.242 0.0000000000
117497  -9.940  -72.442  -28.065 0.0000000000
1789  -9.931  -72.960  -27.123 0.0000000000
2249  -9.275  -72.500  -27.986 0.0000000000
2248  -8.617  -72.556  -27.563 0.0000000000
2267  -8.722  -71.840  -28.790 0.0000000000
2266  -8.210  -71.695  -28.378 0.0000000000
17587  -12.811  -48.911  1.760 0.0000000000
17540  -7.642  -49.080  3.978 0.0000000000
16847  -8.038  -49.811  3.104 0.0000000000
16846  -7.553  -49.960  3.620 0.0000000000
13257  -6.716  -55.643  3.531 0.0000000000
116473  -6.628  -54.856  3.211 0.0000000000
13258  -7.681  -55.260  3.176 0.0000000000
12498  -8.116  -56.392  3.177 0.0000000000
10167  -5.568  -59.866  0.371 0.0000000000
10168  -6.669  -59.750  0.494 0.0000000000
10183  -5.989  -59.803  -0.504 0.0000000000
10201  -6.245  -59.827  -1.143 0.0000000000
7946  -3.973  -62.062  3.785 0.0000000000
7947  -4.656  -61.873  3.500 0.0000000000
6589  -8.519  -64.374  -1.097 0.0000000000
122280  -8.166  -64.814  -2.046 0.0000000000
126762  -8.950  -64.857  -2.269 0.0000000000
5285  -6.765  -66.905  -5.908 0.0000000000
109843  -7.413  -66.535  -5.538 0.0000000000
5286  -7.675  -66.885  -6.122 0.0000000000
4693  -8.030  -67.343  -6.723 0.0000000000
3020  -2.370  -71.675  -7.431 0.0000000000
103910  -2.258  -70.285  -5.273 0.0000000000
3549  -2.297  -69.701  -6.207 0.0000000000
126620  -2.436  -68.820  -6.075 0.0000000000
4135  -2.553  -69.779  -7.142 0.0000000000
4210  -6.342  -68.746  -12.199 0.0000000000
122770  -6.049  -68.663  -11.551 0.0000000000
4196  -6.878  -68.615  -11.559 0.0000000000
4197  -7.721  -68.566  -11.614 0.0000000000
4211  -7.273  -68.742  -12.219 0.0000000000
3607  -7.804  -69.191  -12.672 0.0000000000
2101  -6.300  -72.214  -16.965 0.0000000000
2102  -7.780  -72.582  -16.460 0.0000000000
641  -7.688  -75.784  -22.243 0.0000000000
973  -7.063  -75.075  -21.906 0.0000000000
649  -7.893  -75.736  -22.924 0.0000000000
999  -7.834  -75.374  -22.891 0.0000000000
663  -9.015  -75.924  -23.103 0.0000000000
1016  -9.753  -76.057  -23.266 0.0000000000
664  -9.612  -76.328  -23.080 0.0000000000
64  -13.442  -79.967  -19.613 0.0000000000
160  -13.769  -78.875  -21.009 0.0000000000
147  -14.607  -79.406  -20.454 0.0000000000
148  -15.606  -79.433  -20.836 0.0000000000
66  -15.339  -80.378  -19.787 0.0000000000
132  -19.920  -80.370  -18.385 0.0000000000
20214  -18.863  -46.757  -3.669 0.0000000000
113724  -14.555  -43.411  -5.073 0.0000000000
14751  -10.937  -53.917  -1.873 0.0000000000
14767  -10.339  -53.826  -2.571 0.0000000000
16926  -9.564  -50.734  -3.066 0.0000000000
16923  -5.767  -49.975  -1.616 0.0000000000
20988  -8.590  -45.632  -2.965 0.0000000000
20998  -9.877  -46.055  -4.248 0.0000000000
23552  -11.640  -42.968  -5.989 0.0000000000
23551  -10.814  -42.281  -5.926 0.0000000000
5425  -10.629  -66.506  -17.971 0.0000000000
5405  -10.922  -66.248  -17.198 0.0000000000
5424  -10.003  -66.163  -18.195 0.0000000000
5402  -6.162  -66.310  -16.519 0.0000000000
5388  -5.248  -66.211  -15.949 0.0000000000
6071  -5.401  -65.892  -15.133 0.0000000000
6795  -1.843  -64.750  -16.092 0.0000000000
7482  -2.179  -63.381  -14.509 0.0000000000
6776  -2.098  -63.922  -14.129 0.0000000000
7473  -2.095  -62.481  -13.992 0.0000000000
8166  -1.925  -61.519  -13.443 0.0000000000
8172  -1.810  -61.006  -14.210 0.0000000000
5310  -11.664  -66.513  -8.204 0.0000000000
5300  -13.092  -65.614  -8.141 0.0000000000
5311  -12.578  -66.228  -8.491 0.0000000000
123530  -13.700  -66.148  -10.921 0.0000000000
5972  -13.564  -65.483  -10.540 0.0000000000
5996  -13.467  -65.631  -11.258 0.0000000000
5995  -12.962  -65.282  -11.566 0.0000000000
657  -18.236  -76.804  -23.162 0.0000000000
106370  -18.598  -77.667  -23.842 0.0000000000
108221  -20.127  -76.064  -23.090 0.0000000000
681  -19.528  -76.138  -23.521 0.0000000000
1030  -20.047  -75.227  -23.546 0.0000000000
1364  -19.595  -74.932  -23.976 0.0000000000
1365  -20.197  -74.287  -23.838 0.0000000000
125396  -16.594  -39.308  -5.665 0.0000000000
27225  -16.038  -38.957  -5.915 0.0000000000
105510  -11.127  -51.254  0.242 0.0000000000
14102  -3.583  -53.997  -6.879 0.0000000000
14790  -3.471  -53.218  -5.632 0.0000000000
114083  -19.764  -42.360  -3.165 0.0000000000
10217  -8.376  -59.761  -2.955 0.0000000000
119728  -9.809  -59.207  -2.659 0.0000000000
10224  -9.773  -59.543  -3.114 0.0000000000
8104  -9.021  -62.587  -8.249 0.0000000000
8776  -9.356  -61.936  -8.274 0.0000000000
8788  -8.557  -62.124  -8.345 0.0000000000
117080  -6.909  -61.852  -8.379 0.0000000000
107955  -7.888  -61.438  -8.469 0.0000000000
9509  -7.054  -60.801  -8.429 0.0000000000
10276  -7.128  -59.833  -8.306 0.0000000000
9508  -6.218  -60.223  -8.434 0.0000000000
123023  -4.301  -61.712  -8.547 0.0000000000
9506  -4.065  -60.917  -8.580 0.0000000000
117446  -3.304  -60.094  -8.725 0.0000000000
9505  -3.078  -60.807  -8.662 0.0000000000
2624  -11.696  -71.169  -17.286 0.0000000000
125699  -13.268  -71.407  -18.891 0.0000000000
2636  -13.111  -70.957  -18.900 0.0000000000
2644  -13.087  -71.003  -19.488 0.0000000000
3168  -12.227  -70.602  -19.584 0.0000000000
119843  -15.040  -73.199  -27.558 0.0000000000
2234  -14.089  -72.703  -27.362 0.0000000000
2254  -14.627  -73.057  -27.792 0.0000000000
2271  -13.246  -72.152  -28.503 0.0000000000
2725  -10.923  -71.339  -29.407 0.0000000000
13209  -4.431  -55.745  5.318 0.0000000000
12482  -4.039  -56.698  4.677 0.0000000000
12483  -5.235  -56.628  4.192 0.0000000000
107740  -5.606  -55.687  3.948 0.0000000000
117187  -5.745  -57.556  3.781 0.0000000000
10901  -5.557  -58.990  3.303 0.0000000000
124945  -5.292  -59.657  1.658 0.0000000000
108618  -3.949  -63.605  1.808 0.0000000000
7280  -4.445  -64.087  1.194 0.0000000000
6603  -4.121  -64.894  -1.616 0.0000000000
6570  -5.093  -64.631  -0.269 0.0000000000
124221  -5.612  -64.855  -1.814 0.0000000000
117341  -6.488  -65.108  -2.774 0.0000000000
5885  -3.937  -65.622  -3.422 0.0000000000
5886  -5.181  -65.414  -3.471 0.0000000000
5899  -4.794  -65.894  -4.132 0.0000000000
5263  -5.913  -66.043  -4.655 0.0000000000
5262  -5.013  -66.359  -4.920 0.0000000000
3039  -3.324  -70.661  -9.645 0.0000000000
2525  -2.521  -70.929  -9.177 0.0000000000
2516  -2.645  -71.848  -8.605 0.0000000000
3571  -2.440  -70.563  -9.442 0.0000000000
119051  -2.168  -70.095  -9.849 0.0000000000
3059  -2.468  -69.475  -10.643 0.0000000000
4207  -2.839  -69.064  -13.359 0.0000000000
4193  -2.596  -68.984  -12.501 0.0000000000
4208  -3.180  -68.749  -12.796 0.0000000000
4209  -4.362  -68.782  -12.874 0.0000000000
3605  -4.533  -69.109  -13.897 0.0000000000
3632  -4.297  -69.553  -14.890 0.0000000000
3123  -4.924  -70.072  -15.881 0.0000000000
2591  -5.213  -70.645  -16.275 0.0000000000
426  -8.243  -76.545  -20.198 0.0000000000
279  -8.908  -78.089  -20.110 0.0000000000
18425  -17.766  -48.758  -2.817 0.0000000000
18432  -17.383  -48.261  -3.261 0.0000000000
20976  -14.463  -46.517  -2.645 0.0000000000
20990  -14.729  -46.088  -2.985 0.0000000000
21001  -14.809  -45.866  -3.379 0.0000000000
21848  -15.062  -45.517  -3.812 0.0000000000
15529  -7.728  -52.985  -2.781 0.0000000000
122111  -8.717  -53.135  -2.943 0.0000000000
19256  -4.665  -47.768  -0.726 0.0000000000
20178  -5.376  -46.782  -0.825 0.0000000000
20987  -7.656  -45.242  -2.075 0.0000000000
22692  -8.507  -43.740  -3.329 0.0000000000
22702  -9.215  -43.318  -4.941 0.0000000000
23534  -7.249  -41.556  -4.555 0.0000000000
119438  -8.510  -68.066  -20.839 0.0000000000
4850  -8.238  -67.328  -20.627 0.0000000000
115067  -5.939  -67.325  -21.416 0.0000000000
4848  -6.458  -67.033  -20.791 0.0000000000
5466  -5.277  -66.893  -19.823 0.0000000000
7343  -12.475  -63.715  -3.295 0.0000000000
8052  -12.820  -62.835  -3.403 0.0000000000
7353  -13.331  -63.496  -3.847 0.0000000000
7378  -13.916  -63.516  -6.276 0.0000000000
8065  -13.876  -62.382  -5.124 0.0000000000
8092  -14.037  -62.601  -6.102 0.0000000000
8091  -13.259  -62.166  -6.674 0.0000000000
8108  -12.753  -62.602  -7.273 0.0000000000
6688  -13.437  -64.698  -8.229 0.0000000000
6676  -13.531  -64.439  -7.414 0.0000000000
6687  -13.275  -64.414  -8.591 0.0000000000
117107  -11.453  -64.073  -9.090 0.0000000000
7413  -12.890  -63.682  -8.151 0.0000000000
7412  -11.540  -63.410  -8.411 0.0000000000
7390  -9.907  -62.813  -8.264 0.0000000000
7411  -10.243  -63.206  -8.353 0.0000000000
6701  -8.579  -64.286  -9.267 0.0000000000
6683  -8.912  -63.829  -8.665 0.0000000000
6700  -7.724  -64.277  -9.448 0.0000000000
6722  -7.463  -64.653  -10.267 0.0000000000
978  -14.171  -75.309  -20.631 0.0000000000
1332  -14.573  -74.373  -20.204 0.0000000000
1340  -15.070  -75.103  -20.860 0.0000000000
1342  -16.792  -73.973  -21.269 0.0000000000
1731  -16.838  -72.997  -21.268 0.0000000000
1732  -17.490  -72.556  -21.564 0.0000000000
2171  -17.396  -72.144  -22.491 0.0000000000
1350  -18.450  -75.207  -22.561 0.0000000000
1748  -18.609  -73.191  -24.125 0.0000000000
121362  -18.142  -72.835  -25.064 0.0000000000
2222  -17.253  -72.854  -25.627 0.0000000000
1766  -16.885  -73.496  -26.439 0.0000000000
1384  -17.797  -74.848  -27.383 0.0000000000
1383  -17.125  -74.632  -27.532 0.0000000000
2274  -16.150  -72.992  -28.487 0.0000000000
28174  -14.172  -37.445  -6.579 0.0000000000
19242  -13.667  -48.032  0.017 0.0000000000
20149  -13.292  -47.617  1.243 0.0000000000
20170  -13.472  -47.072  -0.855 0.0000000000
19250  -12.759  -46.921  -0.699 0.0000000000
14040  -5.144  -53.470  -2.178 0.0000000000
14776  -4.065  -53.592  -2.543 0.0000000000
14748  -3.054  -53.067  -0.907 0.0000000000
15516  -3.496  -52.540  -0.558 0.0000000000
16213  -3.921  -51.977  -0.596 0.0000000000
16222  -3.709  -51.892  -1.168 0.0000000000
16932  -5.488  -50.388  -2.462 0.0000000000
18416  -5.299  -48.888  -1.694 0.0000000000
644  -22.993  -76.654  -21.037 0.0000000000
994  -22.456  -75.792  -21.422 0.0000000000
995  -23.398  -76.137  -21.657 0.0000000000
25296  -19.392  -41.078  -3.990 0.0000000000
12524  -10.391  -55.763  0.861 0.0000000000
13289  -10.896  -55.901  0.045 0.0000000000
114931  -10.687  -56.427  -0.640 0.0000000000
12575  -9.515  -56.865  -2.865 0.0000000000
13310  -8.938  -56.461  -1.939 0.0000000000
13319  -8.445  -55.990  -2.510 0.0000000000
13337  -8.639  -55.653  -3.964 0.0000000000
13331  -7.598  -55.396  -3.337 0.0000000000
105480  -7.988  -55.346  -4.522 0.0000000000
8746  -13.146  -61.138  -4.076 0.0000000000
9485  -12.604  -60.154  -5.304 0.0000000000
10260  -11.754  -59.327  -6.710 0.0000000000
10250  -12.094  -59.153  -5.455 0.0000000000
10248  -10.774  -58.204  -5.610 0.0000000000
10989  -10.670  -58.321  -6.684 0.0000000000
109699  -9.133  -60.176  -8.181 0.0000000000
115237  -9.923  -60.062  -7.856 0.0000000000
10996  -9.536  -58.316  -7.575 0.0000000000
11778  -9.415  -57.660  -7.333 0.0000000000
11766  -9.618  -57.212  -6.676 0.0000000000
11765  -8.910  -56.634  -6.612 0.0000000000
12585  -8.113  -55.591  -5.433 0.0000000000
14063  -5.791  -54.486  -3.865 0.0000000000
106786  -6.305  -54.841  -5.401 0.0000000000
13356  -4.071  -55.804  -5.797 0.0000000000
13342  -4.918  -54.798  -5.541 0.0000000000
13341  -3.443  -55.353  -5.371 0.0000000000
13355  -3.113  -56.067  -5.700 0.0000000000
11004  -4.907  -58.568  -8.420 0.0000000000
11787  -4.809  -57.944  -8.172 0.0000000000
12607  -2.638  -57.092  -6.659 0.0000000000
114977  -2.757  -56.467  -6.422 0.0000000000
118454  -3.300  -55.713  -7.459 0.0000000000
14140  -3.648  -54.572  -9.040 0.0000000000
4225  -12.691  -68.804  -13.922 0.0000000000
4231  -11.828  -69.299  -14.491 0.0000000000
3653  -11.184  -69.140  -16.343 0.0000000000
113871  -11.846  -68.542  -16.263 0.0000000000
4251  -11.525  -68.338  -16.959 0.0000000000
4789  -11.115  -67.949  -17.662 0.0000000000
3662  -10.875  -69.341  -17.390 0.0000000000
3683  -10.017  -69.510  -19.694 0.0000000000
3677  -10.160  -69.140  -18.781 0.0000000000
3671  -9.829  -68.913  -19.298 0.0000000000
4280  -9.494  -68.381  -19.854 0.0000000000
3173  -8.950  -70.677  -21.686 0.0000000000
3691  -8.704  -69.853  -21.480 0.0000000000
3179  -8.354  -70.981  -22.421 0.0000000000
3178  -7.344  -70.733  -22.829 0.0000000000
2667  -7.632  -71.231  -23.032 0.0000000000
2153  -15.041  -72.215  -20.250 0.0000000000
2653  -15.277  -71.753  -20.892 0.0000000000
2167  -13.842  -71.826  -22.380 0.0000000000
2672  -13.959  -71.681  -21.674 0.0000000000
2157  -12.933  -71.750  -22.101 0.0000000000
119678  -12.147  -71.797  -22.832 0.0000000000
2219  -12.945  -71.704  -26.309 0.0000000000
114769  -12.058  -72.288  -25.513 0.0000000000
2197  -10.585  -72.956  -25.090 0.0000000000
2198  -11.408  -72.605  -24.794 0.0000000000
122217  -10.420  -72.882  -24.559 0.0000000000
123892  -10.992  -72.327  -23.562 0.0000000000
2182  -10.466  -72.499  -23.635 0.0000000000
2181  -9.588  -72.454  -23.679 0.0000000000
2196  -9.892  -72.909  -24.559 0.0000000000
105724  -7.746  -72.950  -25.508 0.0000000000
2195  -6.980  -72.813  -25.097 0.0000000000
2194  -6.086  -72.964  -25.076 0.0000000000
2688  -6.050  -72.462  -24.554 0.0000000000
2701  -6.079  -72.518  -25.215 0.0000000000
2700  -6.276  -71.037  -25.786 0.0000000000
2706  -6.810  -71.456  -26.547 0.0000000000
1353  -22.717  -74.741  -22.542 0.0000000000
1352  -21.812  -74.566  -22.662 0.0000000000
1359  -22.476  -74.339  -23.313 0.0000000000
17630  -16.459  -50.140  -2.047 0.0000000000
17600  -14.384  -49.333  0.388 0.0000000000
17611  -14.563  -49.499  -0.126 0.0000000000
18376  -14.109  -48.541  1.073 0.0000000000
18346  -12.886  -47.917  2.876 0.0000000000
19206  -11.473  -47.705  2.609 0.0000000000
17569  -10.386  -49.010  3.343 0.0000000000
17553  -9.949  -48.198  3.390 0.0000000000
18343  -9.311  -48.075  3.334 0.0000000000
17586  -9.430  -49.046  2.413 0.0000000000
16161  -8.906  -50.696  2.342 0.0000000000
15413  -6.675  -52.043  5.488 0.0000000000
16120  -6.681  -51.425  5.051 0.0000000000
16132  -7.244  -50.607  4.439 0.0000000000
14660  -4.440  -53.919  4.695 0.0000000000
14661  -4.847  -53.314  4.634 0.0000000000
14679  -4.533  -53.711  4.229 0.0000000000
14693  -6.806  -53.625  3.163 0.0000000000
15460  -6.470  -52.482  3.512 0.0000000000
15451  -6.586  -51.413  3.742 0.0000000000
13993  -8.620  -54.145  2.170 0.0000000000
13288  -9.907  -54.952  1.149 0.0000000000
12511  -9.584  -56.666  1.894 0.0000000000
10915  -9.202  -58.210  0.991 0.0000000000
10903  -7.351  -58.386  2.907 0.0000000000
10913  -7.646  -58.963  2.026 0.0000000000
10169  -7.938  -59.761  0.215 0.0000000000
10170  -8.850  -59.588  -0.057 0.0000000000
9436  -6.855  -60.109  -2.193 0.0000000000
10216  -7.379  -60.009  -2.761 0.0000000000
8720  -7.404  -60.216  -2.668 0.0000000000
8721  -8.381  -60.554  -2.774 0.0000000000
117755  -5.181  -59.137  3.831 0.0000000000
9356  -5.323  -60.109  3.803 0.0000000000
9385  -5.210  -60.288  1.781 0.0000000000
7281  -5.391  -63.910  1.235 0.0000000000
7266  -6.326  -63.423  1.277 0.0000000000
7283  -7.537  -62.935  0.567 0.0000000000
7991  -6.962  -62.579  1.019 0.0000000000
8010  -6.867  -61.554  -0.002 0.0000000000
8700  -6.960  -61.116  -1.136 0.0000000000
7316  -9.235  -63.692  -0.986 0.0000000000
8026  -8.827  -62.404  -0.951 0.0000000000
8027  -9.569  -62.891  -1.314 0.0000000000
8038  -10.119  -62.657  -1.720 0.0000000000
7331  -10.857  -63.536  -1.920 0.0000000000
6625  -11.037  -64.781  -2.971 0.0000000000
6640  -10.562  -65.425  -3.569 0.0000000000
5904  -11.037  -65.712  -4.282 0.0000000000
118235  -7.375  -65.348  -3.813 0.0000000000
5888  -8.305  -65.373  -3.542 0.0000000000
5901  -7.865  -65.689  -4.317 0.0000000000
5276  -8.989  -66.547  -5.755 0.0000000000
5277  -9.930  -66.389  -5.720 0.0000000000
116897  -10.359  -66.474  -6.317 0.0000000000
5289  -11.145  -66.373  -6.532 0.0000000000
4700  -9.192  -67.421  -7.689 0.0000000000
4701  -9.983  -67.115  -7.842 0.0000000000
111110  -10.749  -67.396  -9.101 0.0000000000
106761  -10.071  -67.658  -9.201 0.0000000000
104270  -2.435  -68.810  -4.135 0.0000000000
104195  -2.688  -67.563  -3.950 0.0000000000
4632  -2.514  -68.535  -2.572 0.0000000000
5253  -2.579  -66.230  -4.148 0.0000000000
5260  -2.643  -66.855  -4.538 0.0000000000
4688  -3.053  -67.913  -6.177 0.0000000000
4674  -3.598  -67.352  -5.575 0.0000000000
4689  -4.151  -67.980  -6.203 0.0000000000
4154  -3.254  -69.317  -9.265 0.0000000000
4143  -3.134  -69.411  -8.343 0.0000000000
4155  -4.290  -68.914  -9.294 0.0000000000
4157  -6.289  -68.690  -9.197 0.0000000000
4145  -5.772  -68.801  -8.339 0.0000000000
4138  -6.308  -68.442  -7.699 0.0000000000
4146  -6.658  -68.449  -8.471 0.0000000000
4147  -7.301  -68.164  -8.528 0.0000000000
124368  -8.715  -68.495  -11.062 0.0000000000
4181  -8.829  -68.300  -10.411 0.0000000000
4199  -9.265  -68.521  -11.173 0.0000000000
109121  -10.142  -68.598  -11.226 0.0000000000
4214  -10.689  -69.012  -11.852 0.0000000000
3622  -9.182  -70.233  -13.054 0.0000000000
106932  -10.045  -70.175  -13.092 0.0000000000
3109  -6.575  -70.494  -14.682 0.0000000000
3096  -7.370  -70.319  -13.750 0.0000000000
2592  -8.509  -71.982  -14.902 0.0000000000
2593  -9.274  -72.027  -15.298 0.0000000000
3124  -9.616  -71.259  -15.100 0.0000000000
2609  -9.794  -72.136  -15.971 0.0000000000
2610  -10.331  -71.653  -16.367 0.0000000000
1685  -9.930  -73.128  -17.733 0.0000000000
116995  -11.103  -73.445  -18.579 0.0000000000
1713  -10.368  -73.819  -18.939 0.0000000000
1672  -4.905  -73.353  -17.409 0.0000000000
2098  -4.387  -71.490  -18.305 0.0000000000
2608  -4.914  -71.580  -17.961 0.0000000000
2131  -4.116  -71.592  -18.837 0.0000000000
953  -5.191  -75.141  -18.893 0.0000000000
952  -4.662  -74.576  -18.556 0.0000000000
1325  -5.796  -74.076  -21.578 0.0000000000
1724  -5.189  -73.845  -20.835 0.0000000000
1725  -5.748  -73.848  -21.205 0.0000000000
1709  -5.317  -73.491  -19.960 0.0000000000
1710  -6.647  -73.966  -20.160 0.0000000000
1693  -7.468  -73.753  -18.822 0.0000000000
1309  -7.196  -74.362  -20.901 0.0000000000
111714  -9.657  -75.597  -21.666 0.0000000000
1328  -9.087  -74.843  -20.484 0.0000000000
974  -10.481  -75.562  -20.785 0.0000000000
1329  -11.085  -75.215  -20.034 0.0000000000
975  -11.446  -75.624  -20.798 0.0000000000
976  -12.395  -75.617  -20.706 0.0000000000
986  -11.906  -75.973  -21.634 0.0000000000
109370  -11.359  -76.649  -23.546 0.0000000000
651  -12.632  -76.564  -22.842 0.0000000000
652  -13.251  -76.739  -22.861 0.0000000000
653  -14.115  -76.734  -22.551 0.0000000000
668  -13.150  -77.207  -23.080 0.0000000000
167  -10.707  -77.986  -21.520 0.0000000000
293  -10.892  -77.763  -22.417 0.0000000000
122496  -11.434  -78.254  -21.929 0.0000000000
169  -13.795  -78.721  -22.407 0.0000000000
176  -13.512  -78.404  -22.763 0.0000000000
177  -14.239  -78.701  -23.046 0.0000000000
302  -14.587  -78.470  -23.210 0.0000000000
178  -15.027  -78.641  -23.214 0.0000000000
118610  -16.076  -78.291  -23.677 0.0000000000
118777  -15.776  -78.568  -23.419 0.0000000000
163  -16.801  -79.256  -21.814 0.0000000000
172  -17.157  -79.154  -22.782 0.0000000000
121809  -18.010  -78.809  -22.413 0.0000000000
174  -18.546  -78.754  -22.860 0.0000000000
289  -18.439  -78.644  -22.115 0.0000000000
107108  -16.004  -81.538  -17.905 0.0000000000
18  -16.261  -81.781  -18.634 0.0000000000
56  -16.776  -81.512  -19.263 0.0000000000
58  -18.270  -81.558  -19.170 0.0000000000
60  -20.256  -80.549  -19.212 0.0000000000
151  -19.253  -80.748  -19.593 0.0000000000
152  -19.813  -80.486  -19.721 0.0000000000
281  -20.028  -79.358  -20.367 0.0000000000
282  -20.939  -79.010  -20.143 0.0000000000
429  -21.195  -78.329  -20.456 0.0000000000
124192  -21.593  -78.969  -19.896 0.0000000000
283  -22.727  -78.794  -19.484 0.0000000000
19259  -14.511  -47.879  -2.165 0.0000000000
19290  -16.890  -47.530  -3.446 0.0000000000
21004  -19.160  -45.345  -4.149 0.0000000000
21851  -19.282  -44.643  -4.034 0.0000000000
21865  -18.790  -44.080  -4.170 0.0000000000
23540  -18.553  -42.872  -4.363 0.0000000000
23537  -15.565  -42.683  -5.180 0.0000000000
15506  -11.510  -52.412  -0.804 0.0000000000
15531  -10.480  -52.332  -2.893 0.0000000000
16229  -11.299  -50.906  -2.693 0.0000000000
17655  -11.388  -49.255  -3.235 0.0000000000
19276  -12.035  -48.269  -3.427 0.0000000000
17644  -7.786  -49.494  -2.430 0.0000000000
19274  -8.887  -47.313  -3.153 0.0000000000
18419  -7.832  -48.152  -2.020 0.0000000000
19287  -10.552  -47.692  -3.793 0.0000000000
124377  -11.932  -45.434  -5.415 0.0000000000
21855  -8.938  -44.403  -3.951 0.0000000000
21011  -9.556  -45.212  -4.645 0.0000000000
22719  -11.681  -43.898  -5.742 0.0000000000
21872  -12.555  -44.286  -5.430 0.0000000000
116442  -14.001  -41.909  -5.441 0.0000000000
25322  -9.389  -39.706  -6.466 0.0000000000
4776  -13.191  -67.093  -14.468 0.0000000000
4768  -13.551  -66.682  -13.816 0.0000000000
5376  -13.268  -66.188  -14.351 0.0000000000
6059  -12.009  -65.547  -14.691 0.0000000000
122159  -11.549  -65.480  -14.135 0.0000000000
113437  -11.596  -65.368  -13.448 0.0000000000
6034  -10.776  -65.460  -13.814 0.0000000000
5423  -8.499  -65.892  -18.069 0.0000000000
6101  -8.962  -65.875  -17.310 0.0000000000
5404  -7.980  -66.137  -17.189 0.0000000000
6055  -7.592  -65.724  -14.565 0.0000000000
112085  -8.385  -65.695  -15.040 0.0000000000
6056  -8.517  -65.657  -14.345 0.0000000000
114057  -8.775  -65.625  -13.452 0.0000000000
114058  -8.491  -65.577  -12.704 0.0000000000
6032  -8.087  -65.626  -13.117 0.0000000000
6013  -6.877  -65.346  -12.469 0.0000000000
6012  -5.937  -65.228  -12.460 0.0000000000
5988  -5.350  -65.037  -11.658 0.0000000000
4328  -4.174  -68.525  -23.040 0.0000000000
4327  -3.142  -68.192  -22.651 0.0000000000
106367  -1.816  -67.510  -20.973 0.0000000000
4858  -1.905  -67.895  -21.455 0.0000000000
4845  -1.943  -67.727  -20.474 0.0000000000
4828  -2.935  -67.253  -19.854 0.0000000000
4810  -1.896  -67.372  -19.514 0.0000000000
6068  -1.449  -65.412  -16.677 0.0000000000
5416  -1.276  -65.702  -17.852 0.0000000000
6084  -1.733  -65.766  -16.595 0.0000000000
5399  -2.182  -66.275  -17.077 0.0000000000
116976  -2.662  -65.731  -15.819 0.0000000000
114241  -2.769  -65.385  -14.948 0.0000000000
119220  -2.689  -64.651  -12.649 0.0000000000
6762  -3.186  -64.448  -11.930 0.0000000000
6744  -3.879  -64.376  -11.158 0.0000000000
6718  -3.763  -64.039  -10.783 0.0000000000
107712  -2.972  -61.580  -11.356 0.0000000000
7426  -3.209  -62.671  -10.237 0.0000000000
8133  -2.884  -61.275  -10.003 0.0000000000
8795  -3.155  -60.657  -10.592 0.0000000000
8161  -3.174  -61.054  -13.795 0.0000000000
9519  -3.215  -60.209  -10.489 0.0000000000
125333  -12.098  -66.879  -9.376 0.0000000000
5321  -12.774  -66.517  -9.242 0.0000000000
4736  -13.342  -67.220  -10.424 0.0000000000
4737  -13.857  -66.933  -10.984 0.0000000000
5345  -13.768  -66.315  -11.578 0.0000000000
119826  -19.245  -78.310  -23.703 0.0000000000
463  -19.164  -77.753  -23.949 0.0000000000
464  -19.550  -77.779  -23.547 0.0000000000
1021  -20.465  -75.031  -22.836 0.0000000000
16189  -10.052  -51.763  0.819 0.0000000000
8733  -8.554  -60.147  -3.096 0.0000000000
9471  -10.775  -59.445  -3.549 0.0000000000
7408  -7.786  -63.383  -8.578 0.0000000000
8122  -7.332  -62.720  -8.492 0.0000000000
117865  -5.920  -61.877  -8.521 0.0000000000
8119  -3.940  -62.229  -8.661 0.0000000000
2121  -12.352  -71.543  -17.877 0.0000000000
2135  -12.691  -72.094  -18.437 0.0000000000
2136  -13.352  -71.968  -18.850 0.0000000000
1795  -14.949  -73.165  -28.216 0.0000000000
2272  -14.262  -72.561  -28.400 0.0000000000
11650  -2.933  -56.880  5.838 0.0000000000
13208  -3.758  -56.273  5.385 0.0000000000
124327  -3.116  -57.007  4.735 0.0000000000
10900  -5.325  -58.948  3.423 0.0000000000
6551  -3.644  -64.745  0.363 0.0000000000
6569  -4.025  -64.641  -0.248 0.0000000000
5898  -3.459  -65.768  -4.071 0.0000000000
3060  -3.105  -69.929  -10.685 0.0000000000
3071  -2.630  -69.380  -11.503 0.0000000000
3082  -2.756  -69.610  -12.424 0.0000000000
3092  -2.692  -69.619  -13.355 0.0000000000
113260  -3.008  -69.606  -14.477 0.0000000000
3105  -3.262  -69.714  -15.241 0.0000000000
3121  -3.528  -69.834  -15.536 0.0000000000
17649  -16.806  -49.684  -2.575 0.0000000000
20973  -5.479  -45.944  -1.068 0.0000000000
20974  -6.145  -45.007  -1.380 0.0000000000
21845  -8.131  -43.849  -2.602 0.0000000000
22700  -6.986  -41.802  -3.656 0.0000000000
4322  -7.047  -69.014  -22.542 0.0000000000
4306  -6.931  -68.137  -22.095 0.0000000000
4305  -5.934  -67.755  -22.070 0.0000000000
4870  -4.815  -68.253  -22.340 0.0000000000
7363  -13.681  -64.012  -4.681 0.0000000000
6654  -13.837  -64.151  -5.683 0.0000000000
6705  -13.229  -64.578  -9.490 0.0000000000
6704  -12.356  -64.370  -9.708 0.0000000000
6703  -10.420  -64.077  -9.290 0.0000000000
6684  -9.754  -63.696  -8.709 0.0000000000
6724  -9.185  -64.703  -10.006 0.0000000000
5970  -8.845  -65.074  -10.766 0.0000000000
111930  -14.959  -75.999  -21.540 0.0000000000
990  -15.743  -75.572  -21.473 0.0000000000
991  -16.582  -75.028  -21.581 0.0000000000
992  -17.437  -74.488  -21.716 0.0000000000
1363  -19.269  -74.939  -23.811 0.0000000000
1749  -18.978  -74.648  -23.895 0.0000000000
115115  -18.455  -75.616  -25.962 0.0000000000
1780  -17.502  -74.952  -26.683 0.0000000000
1379  -18.010  -75.890  -26.735 0.0000000000
1382  -18.379  -75.722  -26.976 0.0000000000
19224  -12.724  -47.470  2.035 0.0000000000
20147  -12.441  -47.514  1.357 0.0000000000
19240  -12.359  -47.625  0.808 0.0000000000
14775  -3.123  -53.642  -2.548 0.0000000000
14761  -2.778  -52.986  -2.108 0.0000000000
15540  -4.987  -51.888  -4.389 0.0000000000
16237  -4.069  -51.259  -4.101 0.0000000000
117735  -5.418  -50.921  -3.944 0.0000000000
16933  -5.970  -49.878  -3.377 0.0000000000
18429  -5.670  -48.393  -2.362 0.0000000000
17654  -6.218  -49.039  -2.945 0.0000000000
24380  -19.931  -41.803  -3.673 0.0000000000
11694  -10.187  -57.089  0.565 0.0000000000
12539  -10.138  -57.229  -0.767 0.0000000000
11731  -9.771  -57.512  -2.435 0.0000000000
13333  -9.199  -56.140  -3.503 0.0000000000
8772  -12.946  -60.729  -6.024 0.0000000000
110030  -8.949  -58.680  -7.915 0.0000000000
12612  -8.316  -56.754  -7.104 0.0000000000
12594  -5.151  -55.979  -6.840 0.0000000000
10274  -3.810  -59.067  -8.766 0.0000000000
124519  -2.989  -58.236  -7.986 0.0000000000
104303  -2.632  -57.431  -7.451 0.0000000000
122257  -2.485  -57.084  -7.848 0.0000000000
12641  -3.234  -56.791  -9.144 0.0000000000
111203  -11.038  -69.753  -14.092 0.0000000000
3635  -11.107  -69.568  -14.912 0.0000000000
3159  -11.563  -69.962  -19.114 0.0000000000
3673  -11.177  -69.408  -18.345 0.0000000000
126489  -10.324  -70.090  -20.084 0.0000000000
3166  -9.697  -69.979  -20.560 0.0000000000
3174  -9.402  -70.613  -21.197 0.0000000000
2656  -8.893  -71.149  -22.235 0.0000000000
2664  -15.887  -71.777  -21.852 0.0000000000
2663  -15.363  -71.702  -21.454 0.0000000000
2674  -15.336  -71.715  -22.083 0.0000000000
2184  -13.814  -71.741  -23.257 0.0000000000
124153  -12.978  -71.626  -23.426 0.0000000000
2251  -11.513  -72.423  -27.465 0.0000000000
2233  -11.204  -72.672  -26.532 0.0000000000
2232  -10.455  -73.133  -26.249 0.0000000000
1765  -9.497  -73.631  -25.762 0.0000000000
2217  -9.253  -73.374  -25.374 0.0000000000
1764  -8.987  -73.374  -26.433 0.0000000000
2231  -8.331  -72.959  -26.643 0.0000000000
2230  -7.211  -72.224  -26.508 0.0000000000
2721  -7.864  -71.454  -28.229 0.0000000000
17599  -14.138  -49.342  0.779 0.0000000000
125892  -13.977  -48.368  2.046 0.0000000000
17571  -13.486  -48.053  2.468 0.0000000000
18345  -11.776  -48.083  2.880 0.0000000000
17552  -8.644  -48.544  3.853 0.0000000000
17567  -8.641  -48.429  3.604 0.0000000000
15431  -6.005  -52.081  5.344 0.0000000000
13962  -5.219  -53.813  3.711 0.0000000000
13976  -6.193  -54.182  3.245 0.0000000000
116633  -8.449  -54.963  2.438 0.0000000000
12499  -8.850  -56.599  2.517 0.0000000000
123242  -7.013  -59.707  1.599 0.0000000000
8708  -7.008  -60.678  -2.014 0.0000000000
114070  -4.782  -60.900  3.942 0.0000000000
6571  -6.217  -64.610  -0.419 0.0000000000
7299  -7.087  -64.103  0.257 0.0000000000
7300  -7.914  -63.463  -0.120 0.0000000000
8012  -8.365  -62.612  -0.375 0.0000000000
106734  -10.575  -64.489  -2.213 0.0000000000
6607  -9.726  -64.771  -2.123 0.0000000000
6623  -9.168  -65.166  -2.835 0.0000000000
5912  -7.616  -66.082  -4.985 0.0000000000
5275  -8.117  -66.427  -5.639 0.0000000000
124435  -8.957  -66.789  -6.336 0.0000000000
5287  -8.878  -67.116  -6.867 0.0000000000
103912  -2.348  -69.329  -4.774 0.0000000000
117502  -2.467  -68.181  -5.312 0.0000000000
4672  -2.685  -67.223  -5.111 0.0000000000
4687  -2.585  -68.069  -5.850 0.0000000000
4127  -2.670  -68.840  -6.498 0.0000000000
4128  -3.569  -68.709  -6.723 0.0000000000
113453  -4.616  -68.825  -10.162 0.0000000000
113878  -5.814  -68.793  -10.066 0.0000000000
116851  -6.828  -68.664  -9.992 0.0000000000
4159  -7.836  -68.395  -9.957 0.0000000000
4180  -7.324  -68.582  -10.822 0.0000000000
4198  -8.589  -68.602  -11.692 0.0000000000
4212  -8.679  -68.998  -12.319 0.0000000000
3608  -8.685  -69.560  -12.705 0.0000000000
2068  -7.563  -71.930  -15.129 0.0000000000
1684  -9.117  -72.991  -17.928 0.0000000000
1694  -8.667  -73.584  -18.535 0.0000000000
1679  -4.475  -73.546  -18.256 0.0000000000
115049  -5.820  -75.099  -20.790 0.0000000000
972  -6.106  -74.637  -21.527 0.0000000000
1326  -6.635  -74.581  -21.638 0.0000000000
1327  -7.838  -74.758  -21.500 0.0000000000
1339  -8.063  -74.914  -22.319 0.0000000000
983  -8.603  -75.499  -22.622 0.0000000000
1001  -9.724  -75.811  -22.685 0.0000000000
1002  -10.605  -75.917  -23.200 0.0000000000
1017  -10.533  -76.183  -23.568 0.0000000000
457  -11.134  -77.059  -23.790 0.0000000000
109792  -12.205  -78.423  -21.823 0.0000000000
159  -12.852  -78.689  -21.264 0.0000000000
171  -15.453  -78.896  -22.973 0.0000000000
162  -15.473  -78.906  -22.252 0.0000000000
149  -16.540  -79.692  -20.728 0.0000000000
109459  -17.169  -79.554  -20.834 0.0000000000
13  -18.692  -81.345  -18.898 0.0000000000
104451  -20.087  -80.616  -18.735 0.0000000000
20184  -18.927  -47.136  -2.205 0.0000000000
20993  -19.521  -45.857  -2.805 0.0000000000
20992  -15.582  -46.100  -3.280 0.0000000000
21860  -14.676  -45.049  -4.300 0.0000000000
117142  -11.200  -53.997  -0.902 0.0000000000
18421  -10.392  -48.823  -3.461 0.0000000000
16214  -4.666  -51.945  -0.994 0.0000000000
106491  -6.233  -50.533  -1.794 0.0000000000
17643  -6.554  -49.262  -1.517 0.0000000000
115685  -7.364  -46.496  -1.095 0.0000000000
20218  -10.964  -46.692  -4.715 0.0000000000
5407  -12.138  -66.804  -16.430 0.0000000000
5392  -12.335  -66.227  -15.754 0.0000000000
5391  -11.878  -66.206  -16.243 0.0000000000
6089  -11.261  -66.071  -16.380 0.0000000000
6076  -10.728  -65.771  -15.681 0.0000000000
5421  -6.775  -66.388  -17.911 0.0000000000
5403  -7.259  -65.891  -16.270 0.0000000000
5390  -7.108  -65.776  -15.354 0.0000000000
126979  -7.484  -65.703  -13.885 0.0000000000
6072  -6.429  -65.811  -14.704 0.0000000000
117114  -5.959  -65.534  -13.896 0.0000000000
116449  -4.690  -65.426  -13.800 0.0000000000
6152  -2.293  -67.450  -20.673 0.0000000000
6804  -1.423  -64.921  -17.236 0.0000000000
6051  -1.850  -64.752  -14.774 0.0000000000
118536  -1.873  -65.061  -14.452 0.0000000000
6028  -1.890  -64.845  -14.105 0.0000000000
6777  -2.393  -64.438  -13.372 0.0000000000
6761  -2.682  -63.824  -12.407 0.0000000000
103919  -2.248  -61.967  -12.785 0.0000000000
8150  -2.536  -60.953  -12.398 0.0000000000
5290  -12.025  -65.955  -6.838 0.0000000000
5942  -12.860  -65.423  -7.285 0.0000000000
5952  -13.438  -65.211  -8.577 0.0000000000
5322  -13.396  -65.978  -9.554 0.0000000000
5957  -13.540  -65.406  -9.832 0.0000000000
6728  -13.489  -64.915  -10.060 0.0000000000
6727  -13.005  -64.645  -10.308 0.0000000000
6748  -12.632  -64.808  -11.056 0.0000000000
6747  -11.710  -64.766  -11.272 0.0000000000
671  -16.520  -77.587  -23.690 0.0000000000
656  -17.171  -76.661  -22.840 0.0000000000
1020  -18.688  -76.052  -23.056 0.0000000000
1028  -19.161  -75.819  -23.465 0.0000000000
1758  -19.645  -74.477  -24.449 0.0000000000
2205  -19.547  -73.378  -24.918 0.0000000000
27240  -16.265  -38.009  -6.060 0.0000000000
18360  -10.285  -48.819  1.993 0.0000000000
14807  -3.211  -53.882  -5.476 0.0000000000
14789  -2.739  -53.177  -5.087 0.0000000000
15555  -3.348  -52.607  -5.376 0.0000000000
110348  -10.183  -58.852  -3.215 0.0000000000
10962  -10.373  -58.186  -4.085 0.0000000000
10974  -10.301  -57.887  -5.142 0.0000000000
8777  -10.274  -61.723  -7.993 0.0000000000
121528  -7.844  -59.394  -8.237 0.0000000000
11006  -7.158  -58.855  -8.181 0.0000000000
11005  -6.065  -58.756  -8.266 0.0000000000
9507  -5.211  -60.582  -8.540 0.0000000000
10273  -2.719  -59.516  -9.297 0.0000000000
3135  -10.416  -70.755  -16.094 0.0000000000
3144  -11.372  -70.264  -17.263 0.0000000000
123038  -12.611  -70.951  -18.034 0.0000000000
3153  -12.635  -70.532  -18.310 0.0000000000
106609  -12.127  -70.116  -18.620 0.0000000000
110892  -11.843  -70.977  -20.715 0.0000000000
2221  -15.251  -72.095  -26.081 0.0000000000
113123  -14.721  -71.766  -25.128 0.0000000000
126694  -13.473  -72.238  -26.905 0.0000000000
116990  -13.127  -72.253  -27.193 0.0000000000
2252  -12.634  -72.370  -27.593 0.0000000000
2724  -9.822  -71.289  -29.672 0.0000000000
2723  -8.930  -71.148  -29.802 0.0000000000
16832  -8.850  -49.211  4.124 0.0000000000
17541  -7.817  -49.213  4.218 0.0000000000
16813  -7.550  -49.688  4.116 0.0000000000
13240  -4.440  -54.192  4.400 0.0000000000
13225  -4.323  -55.845  5.140 0.0000000000
126087  -4.575  -54.816  4.745 0.0000000000
13241  -4.790  -54.739  4.201 0.0000000000
12497  -7.300  -56.603  3.492 0.0000000000
11672  -6.889  -57.557  3.540 0.0000000000
10892  -5.256  -58.234  3.670 0.0000000000
7962  -4.198  -62.510  3.166 0.0000000000
7251  -4.868  -63.061  2.532 0.0000000000
120132  -4.921  -63.713  1.863 0.0000000000
6587  -6.436  -64.721  -1.421 0.0000000000
6606  -7.028  -64.863  -2.167 0.0000000000
5887  -6.423  -65.284  -3.534 0.0000000000
123731  -5.885  -67.021  -6.066 0.0000000000
3562  -2.400  -70.569  -7.893 0.0000000000
3563  -2.668  -69.833  -8.174 0.0000000000
3566  -2.504  -70.378  -8.961 0.0000000000
3572  -2.308  -69.700  -10.101 0.0000000000
126398  -2.420  -69.299  -11.415 0.0000000000
4176  -2.564  -69.000  -11.924 0.0000000000
4177  -3.517  -68.833  -11.247 0.0000000000
4194  -4.063  -68.677  -12.049 0.0000000000
4195  -5.299  -68.664  -12.100 0.0000000000
3620  -7.065  -69.654  -13.346 0.0000000000
3619  -5.951  -69.440  -13.616 0.0000000000
3108  -5.605  -69.951  -15.313 0.0000000000
3107  -4.854  -69.744  -15.501 0.0000000000
2067  -6.246  -71.240  -15.851 0.0000000000
629  -6.716  -75.671  -19.829 0.0000000000
638  -8.346  -76.217  -21.228 0.0000000000
107516  -8.688  -76.744  -21.520 0.0000000000
448  -9.703  -76.859  -22.600 0.0000000000
287  -9.320  -77.321  -21.031 0.0000000000
288  -10.113  -77.612  -21.135 0.0000000000
156  -10.295  -78.303  -20.508 0.0000000000
137  -9.084  -78.863  -19.538 0.0000000000
115024  -10.607  -78.943  -19.799 0.0000000000
144  -11.441  -79.205  -20.108 0.0000000000
145  -12.268  -79.368  -20.320 0.0000000000
63  -12.594  -79.931  -19.696 0.0000000000
15  -13.007  -80.401  -18.971 0.0000000000
19260  -18.906  -47.653  -1.957 0.0000000000
19257  -5.679  -47.771  -0.658 0.0000000000
116536  -6.174  -45.712  -0.835 0.0000000000
23549  -8.039  -40.961  -5.267 0.0000000000
5470  -9.211  -66.594  -19.397 0.0000000000
5446  -9.634  -66.304  -18.742 0.0000000000
5469  -8.375  -66.333  -19.472 0.0000000000
5468  -7.463  -66.322  -19.479 0.0000000000
4849  -7.386  -67.102  -20.786 0.0000000000
5484  -6.974  -66.511  -20.235 0.0000000000
5443  -7.070  -66.308  -18.670 0.0000000000
106053  -6.042  -66.511  -18.377 0.0000000000
119303  -5.286  -66.646  -18.426 0.0000000000
5420  -5.197  -66.654  -17.855 0.0000000000
8050  -11.543  -62.024  -2.682 0.0000000000
8735  -12.515  -61.742  -3.326 0.0000000000
121800  -13.537  -61.597  -4.805 0.0000000000
7354  -13.892  -63.144  -4.523 0.0000000000
116843  -12.909  -61.442  -6.535 0.0000000000
5930  -13.395  -64.856  -6.907 0.0000000000
6664  -13.716  -64.215  -6.594 0.0000000000
7394  -13.698  -63.763  -7.072 0.0000000000
7393  -13.278  -63.330  -7.473 0.0000000000
8107  -11.694  -62.345  -7.649 0.0000000000
8106  -10.624  -62.329  -7.956 0.0000000000
8124  -9.116  -62.961  -8.211 0.0000000000
7409  -8.613  -63.381  -8.433 0.0000000000
7430  -7.243  -63.809  -9.094 0.0000000000
1314  -13.045  -74.357  -19.587 0.0000000000
1315  -13.975  -73.676  -19.612 0.0000000000
1728  -15.677  -72.910  -20.423 0.0000000000
1334  -16.223  -73.474  -20.810 0.0000000000
2154  -16.299  -72.517  -20.885 0.0000000000
2170  -16.630  -71.843  -22.006 0.0000000000
115632  -16.559  -72.052  -22.844 0.0000000000
122731  -17.893  -75.025  -22.135 0.0000000000
1349  -18.287  -74.101  -22.099 0.0000000000
1740  -18.495  -73.594  -23.023 0.0000000000
2188  -18.014  -72.600  -23.161 0.0000000000
2203  -16.834  -72.401  -24.623 0.0000000000
2235  -15.692  -73.220  -26.898 0.0000000000
1778  -15.769  -73.690  -27.454 0.0000000000
1378  -17.307  -74.925  -26.985 0.0000000000
1791  -16.249  -74.081  -27.497 0.0000000000
1796  -15.695  -73.499  -28.198 0.0000000000
2273  -15.314  -72.690  -28.481 0.0000000000
10118  -5.385  -59.748  5.591 0.0000000000
9346  -5.432  -60.301  5.353 0.0000000000
6540  -3.873  -64.288  1.115 0.0000000000
18400  -14.354  -48.657  -1.500 0.0000000000
14762  -3.596  -53.355  -1.247 0.0000000000
14749  -3.661  -52.951  -0.515 0.0000000000
16922  -5.633  -50.301  -1.777 0.0000000000
15536  -2.633  -52.688  -3.682 0.0000000000
16233  -3.490  -52.228  -2.855 0.0000000000
16913  -5.604  -49.528  -1.457 0.0000000000
18395  -4.981  -49.135  -1.044 0.0000000000
19255  -4.661  -48.335  -0.910 0.0000000000
19270  -4.612  -47.689  -0.921 0.0000000000
19271  -4.935  -47.209  -1.376 0.0000000000
3736  -4.933  -70.579  -24.210 0.0000000000
3719  -4.713  -70.075  -23.762 0.0000000000
123733  -4.673  -69.974  -24.209 0.0000000000
642  -20.786  -76.412  -21.469 0.0000000000
993  -21.428  -75.641  -21.517 0.0000000000
1012  -23.019  -75.342  -21.999 0.0000000000
12546  -9.375  -57.132  -1.586 0.0000000000
14064  -6.771  -54.871  -3.519 0.0000000000
10234  -11.546  -59.309  -4.329 0.0000000000
10233  -11.066  -58.780  -4.681 0.0000000000
9499  -10.685  -60.541  -7.606 0.0000000000
10268  -10.498  -59.477  -7.557 0.0000000000
10997  -10.308  -58.645  -7.369 0.0000000000
11761  -9.795  -57.221  -5.613 0.0000000000
12587  -9.425  -56.595  -5.386 0.0000000000
14062  -4.529  -54.309  -4.133 0.0000000000
14071  -3.141  -54.771  -4.958 0.0000000000
12608  -3.015  -57.259  -6.513 0.0000000000
14070  -3.084  -54.668  -5.103 0.0000000000
14086  -3.223  -54.745  -5.752 0.0000000000
14120  -3.786  -54.549  -7.894 0.0000000000
4215  -12.477  -68.734  -12.405 0.0000000000
4759  -13.455  -67.977  -12.253 0.0000000000
121751  -13.068  -68.070  -14.488 0.0000000000
106960  -12.795  -67.584  -15.085 0.0000000000
4244  -12.460  -68.176  -15.784 0.0000000000
4790  -11.691  -67.334  -17.039 0.0000000000
4799  -11.245  -66.918  -17.621 0.0000000000
3661  -10.784  -69.458  -16.927 0.0000000000
3672  -10.318  -68.879  -18.068 0.0000000000
4261  -10.457  -68.626  -18.068 0.0000000000
4813  -10.174  -68.036  -18.569 0.0000000000
4812  -9.849  -67.247  -19.084 0.0000000000
4831  -9.379  -67.549  -19.647 0.0000000000
4279  -8.918  -67.795  -20.273 0.0000000000
114727  -8.256  -68.943  -21.084 0.0000000000
3681  -9.133  -69.469  -20.836 0.0000000000
3690  -7.957  -69.415  -22.019 0.0000000000
3705  -7.157  -70.049  -22.636 0.0000000000
3177  -6.263  -70.616  -23.258 0.0000000000
3183  -5.560  -71.265  -23.741 0.0000000000
2148  -14.417  -72.499  -19.620 0.0000000000
2646  -14.315  -71.685  -19.865 0.0000000000
2652  -13.879  -71.359  -20.201 0.0000000000
2662  -14.582  -71.512  -21.043 0.0000000000
2660  -12.497  -71.591  -21.518 0.0000000000
2659  -11.617  -71.479  -21.657 0.0000000000
2692  -13.754  -71.602  -25.128 0.0000000000
2200  -13.143  -71.648  -24.181 0.0000000000
2199  -12.192  -72.124  -24.512 0.0000000000
119789  -12.251  -71.885  -23.550 0.0000000000
105206  -11.415  -72.082  -23.367 0.0000000000
2166  -11.065  -72.081  -23.241 0.0000000000
2670  -11.008  -71.726  -22.540 0.0000000000
2669  -10.058  -71.682  -22.328 0.0000000000
2164  -9.230  -72.039  -23.090 0.0000000000
2163  -8.708  -71.815  -22.958 0.0000000000
118429  -8.980  -72.742  -24.591 0.0000000000
122996  -8.026  -72.604  -24.666 0.0000000000
2681  -7.958  -71.766  -23.290 0.0000000000
2680  -6.910  -71.685  -23.783 0.0000000000
2679  -5.428  -71.913  -24.145 0.0000000000
3207  -5.611  -70.732  -24.925 0.0000000000
3218  -6.092  -69.738  -26.628 0.0000000000
2713  -6.881  -70.555  -27.610 0.0000000000
1010  -21.066  -75.013  -22.164 0.0000000000
1351  -21.075  -74.577  -22.890 0.0000000000
1750  -20.903  -73.732  -23.916 0.0000000000
115199  -20.961  -73.083  -24.387 0.0000000000
17628  -14.708  -49.390  -1.144 0.0000000000
19225  -13.587  -47.881  2.016 0.0000000000
19208  -13.173  -47.716  2.451 0.0000000000
118879  -10.508  -48.034  2.372 0.0000000000
18334  -10.999  -47.839  2.987 0.0000000000
18333  -10.116  -47.881  3.131 0.0000000000
19195  -10.796  -47.793  2.890 0.0000000000
14712  -9.698  -53.352  1.290 0.0000000000
16149  -7.058  -50.482  4.025 0.0000000000
15412  -5.406  -52.941  5.201 0.0000000000
15430  -5.513  -52.414  4.655 0.0000000000
15449  -5.641  -52.329  4.177 0.0000000000
16130  -5.822  -51.839  4.320 0.0000000000
118713  -6.346  -51.412  4.219 0.0000000000
15476  -8.503  -52.315  2.449 0.0000000000
14695  -7.995  -53.166  2.446 0.0000000000
12512  -10.103  -56.539  1.157 0.0000000000
105063  -9.833  -57.901  0.425 0.0000000000
10914  -8.456  -58.570  1.577 0.0000000000
9370  -5.066  -60.586  3.256 0.0000000000
10156  -5.046  -59.850  1.623 0.0000000000
9413  -5.055  -59.962  0.962 0.0000000000
9414  -5.528  -60.057  0.288 0.0000000000
7974  -5.889  -62.315  2.282 0.0000000000
8668  -6.244  -61.584  1.722 0.0000000000
108508  -6.042  -60.557  0.037 0.0000000000
8707  -6.624  -60.409  -1.696 0.0000000000
7332  -11.509  -63.125  -2.454 0.0000000000
7342  -11.890  -63.710  -2.842 0.0000000000
6626  -11.925  -64.475  -3.069 0.0000000000
5905  -12.088  -65.419  -4.439 0.0000000000
113997  -9.169  -66.157  -4.310 0.0000000000
5903  -10.013  -65.972  -4.255 0.0000000000
5915  -10.458  -66.179  -4.966 0.0000000000
5928  -11.783  -65.986  -5.902 0.0000000000
111101  -11.399  -66.475  -7.367 0.0000000000
5298  -10.790  -66.773  -7.991 0.0000000000
4712  -11.119  -66.934  -8.712 0.0000000000
4722  -11.488  -67.253  -9.387 0.0000000000
4735  -11.642  -67.776  -10.129 0.0000000000
4747  -11.991  -68.348  -10.957 0.0000000000
5243  -3.324  -65.932  -1.955 0.0000000000
4633  -2.986  -66.970  -2.300 0.0000000000
113827  -2.865  -65.344  -3.249 0.0000000000
5254  -2.801  -65.344  -3.967 0.0000000000
119836  -2.901  -65.491  -4.160 0.0000000000
5261  -3.332  -66.102  -4.487 0.0000000000
5271  -3.172  -66.782  -4.982 0.0000000000
5272  -4.095  -66.705  -5.081 0.0000000000
5273  -5.134  -66.924  -5.610 0.0000000000
4691  -6.302  -67.541  -6.500 0.0000000000
4137  -3.921  -69.037  -7.584 0.0000000000
121814  -4.929  -68.928  -8.615 0.0000000000
114276  -4.897  -68.846  -7.906 0.0000000000
4696  -5.873  -68.220  -6.990 0.0000000000
4697  -6.704  -67.876  -7.175 0.0000000000
4698  -7.523  -67.745  -7.306 0.0000000000
4708  -7.813  -67.965  -8.073 0.0000000000
4709  -8.684  -67.777  -8.434 0.0000000000
4719  -8.651  -67.986  -9.439 0.0000000000
4160  -9.449  -67.887  -9.780 0.0000000000
124262  -10.139  -67.857  -9.971 0.0000000000
4183  -10.729  -68.183  -10.535 0.0000000000
4201  -11.651  -68.765  -11.793 0.0000000000
4223  -11.465  -69.238  -12.618 0.0000000000
3623  -10.881  -69.819  -13.219 0.0000000000
3125  -10.007  -70.791  -15.448 0.0000000000
3097  -8.502  -70.631  -13.558 0.0000000000
2579  -8.130  -71.687  -14.418 0.0000000000
2567  -8.662  -71.159  -14.039 0.0000000000
111374  -10.853  -71.874  -17.147 0.0000000000
2133  -10.355  -72.727  -17.399 0.0000000000
126317  -10.956  -72.507  -17.735 0.0000000000
2134  -11.361  -72.822  -18.171 0.0000000000
1697  -11.863  -73.301  -18.636 0.0000000000
1715  -12.310  -73.935  -19.225 0.0000000000
2576  -4.447  -70.924  -15.657 0.0000000000
2081  -5.452  -71.488  -16.141 0.0000000000
1658  -5.366  -72.973  -16.561 0.0000000000
109619  -5.364  -71.677  -17.259 0.0000000000
2100  -5.515  -71.914  -17.770 0.0000000000
1681  -5.549  -71.942  -17.922 0.0000000000
124387  -6.216  -72.591  -18.042 0.0000000000
1690  -3.840  -72.505  -19.429 0.0000000000
1308  -4.740  -73.639  -20.392 0.0000000000
1307  -3.829  -73.157  -19.903 0.0000000000
2146  -3.551  -72.396  -19.178 0.0000000000
1691  -4.153  -72.339  -19.414 0.0000000000
1692  -5.716  -73.211  -18.954 0.0000000000
1682  -6.772  -73.273  -18.278 0.0000000000
1712  -9.285  -73.971  -19.084 0.0000000000
123270  -8.256  -74.623  -20.308 0.0000000000
1310  -8.943  -74.472  -19.716 0.0000000000
1311  -9.792  -74.530  -19.543 0.0000000000
1312  -10.747  -74.640  -19.445 0.0000000000
1313  -11.646  -74.653  -19.525 0.0000000000
121531  -12.363  -74.674  -19.653 0.0000000000
112442  -12.813  -75.141  -19.988 0.0000000000
977  -13.301  -75.599  -20.562 0.0000000000
988  -13.762  -75.970  -21.307 0.0000000000
1004  -12.370  -76.323  -22.412 0.0000000000
1006  -14.237  -76.301  -21.846 0.0000000000
116383  -14.761  -76.561  -22.198 0.0000000000
654  -15.027  -76.964  -23.011 0.0000000000
449  -10.534  -77.266  -22.913 0.0000000000
299  -11.264  -77.322  -23.296 0.0000000000
307  -11.514  -77.335  -23.152 0.0000000000
295  -12.026  -78.232  -22.614 0.0000000000
175  -12.666  -78.112  -22.771 0.0000000000
467  -12.837  -77.685  -22.951 0.0000000000
458  -13.892  -77.868  -23.141 0.0000000000
459  -14.962  -77.801  -23.499 0.0000000000
670  -15.704  -77.530  -23.460 0.0000000000
461  -16.864  -78.145  -24.054 0.0000000000
305  -17.720  -78.546  -23.492 0.0000000000
179  -16.423  -78.928  -23.228 0.0000000000
180  -17.476  -78.956  -23.188 0.0000000000
116364  -18.585  -78.505  -23.458 0.0000000000
306  -18.920  -78.578  -23.362 0.0000000000
296  -18.986  -78.607  -22.913 0.0000000000
438  -19.526  -78.022  -21.989 0.0000000000
7  -12.794  -80.538  -18.220 0.0000000000
53  -14.069  -80.593  -18.930 0.0000000000
3  -14.841  -80.874  -17.705 0.0000000000
16  -14.959  -81.044  -18.283 0.0000000000
54  -15.075  -80.951  -19.049 0.0000000000
55  -15.907  -81.551  -19.236 0.0000000000
113849  -17.189  -80.766  -19.902 0.0000000000
150  -17.765  -80.009  -20.397 0.0000000000
69  -18.868  -81.123  -19.381 0.0000000000
111075  -18.535  -80.459  -19.973 0.0000000000
291  -19.828  -78.451  -21.034 0.0000000000
439  -20.329  -77.974  -21.136 0.0000000000
440  -20.966  -77.329  -21.035 0.0000000000
639  -21.776  -77.671  -20.640 0.0000000000
430  -22.613  -77.490  -20.573 0.0000000000
155  -22.064  -79.459  -19.413 0.0000000000
107930  -23.178  -78.091  -20.141 0.0000000000
431  -23.930  -77.669  -20.283 0.0000000000
22671  -19.250  -43.862  -2.082 0.0000000000
22710  -18.946  -43.243  -4.053 0.0000000000
105759  -8.878  -49.770  -3.087 0.0000000000
108273  -7.524  -48.813  -1.981 0.0000000000
113354  -10.726  -48.266  -3.640 0.0000000000
25306  -13.134  -40.533  -6.062 0.0000000000
26264  -11.179  -39.817  -6.316 0.0000000000
4760  -13.912  -66.956  -12.550 0.0000000000
6060  -12.769  -65.758  -14.402 0.0000000000
6036  -12.860  -65.651  -13.734 0.0000000000
6017  -12.700  -65.397  -12.467 0.0000000000
6016  -11.839  -65.206  -12.664 0.0000000000
107917  -11.257  -65.116  -11.967 0.0000000000
6103  -9.953  -66.018  -17.411 0.0000000000
6075  -9.760  -65.779  -15.755 0.0000000000
6086  -8.403  -65.915  -16.426 0.0000000000
6074  -8.825  -65.772  -15.724 0.0000000000
115994  -10.040  -65.548  -14.986 0.0000000000
6033  -9.817  -65.584  -13.507 0.0000000000
112692  -10.160  -65.183  -11.864 0.0000000000
5992  -9.187  -65.317  -11.550 0.0000000000
111465  -8.495  -65.290  -11.341 0.0000000000
5969  -8.054  -64.996  -10.856 0.0000000000
6031  -7.397  -65.556  -13.274 0.0000000000
5990  -7.168  -65.284  -11.689 0.0000000000
5968  -7.312  -65.067  -10.983 0.0000000000
6721  -6.671  -64.707  -10.517 0.0000000000
117482  -5.997  -64.477  -10.209 0.0000000000
6698  -5.641  -64.225  -9.826 0.0000000000
3702  -4.645  -69.020  -23.181 0.0000000000
4320  -3.925  -68.421  -22.519 0.0000000000
4304  -3.694  -68.324  -21.941 0.0000000000
4859  -3.228  -67.850  -21.471 0.0000000000
113456  -3.988  -67.524  -20.984 0.0000000000
5465  -4.281  -67.176  -19.400 0.0000000000
5441  -4.433  -66.921  -18.566 0.0000000000
5419  -4.105  -66.674  -17.767 0.0000000000
109057  -2.812  -66.447  -20.272 0.0000000000
5464  -1.406  -66.789  -20.302 0.0000000000
6116  -1.300  -65.753  -18.627 0.0000000000
5438  -1.257  -65.992  -18.617 0.0000000000
5439  -1.532  -66.705  -19.140 0.0000000000
109564  -1.884  -66.886  -18.620 0.0000000000
5400  -3.552  -66.315  -17.022 0.0000000000
5387  -3.970  -66.122  -16.230 0.0000000000
6070  -4.152  -65.741  -15.467 0.0000000000
6052  -4.339  -65.513  -14.663 0.0000000000
125842  -2.013  -65.103  -13.904 0.0000000000
6030  -3.602  -65.247  -13.306 0.0000000000
6011  -4.836  -65.194  -12.405 0.0000000000
6745  -4.789  -64.718  -10.922 0.0000000000
6720  -5.195  -64.572  -10.249 0.0000000000
7428  -5.213  -63.625  -9.394 0.0000000000
6697  -4.748  -64.183  -9.879 0.0000000000
7427  -4.109  -63.529  -9.437 0.0000000000
8135  -3.502  -62.683  -9.149 0.0000000000
7441  -3.418  -63.262  -10.910 0.0000000000
8118  -3.074  -61.947  -8.879 0.0000000000
8785  -2.904  -61.256  -8.832 0.0000000000
9514  -2.728  -60.063  -9.394 0.0000000000
10279  -2.467  -59.326  -9.846 0.0000000000
8167  -2.004  -61.343  -14.151 0.0000000000
103920  -2.340  -61.831  -13.077 0.0000000000
8143  -3.169  -60.792  -11.709 0.0000000000
118894  -3.437  -60.850  -11.447 0.0000000000
8796  -3.334  -60.887  -11.306 0.0000000000
9518  -2.896  -59.877  -10.230 0.0000000000
11026  -2.378  -58.825  -10.104 0.0000000000
4  -15.546  -81.193  -17.691 0.0000000000
8  -13.750  -80.704  -18.266 0.0000000000
9  -15.270  -81.153  -17.823 0.0000000000
10  -15.708  -81.541  -18.103 0.0000000000
11  -16.722  -81.419  -18.530 0.0000000000
57  -17.282  -81.620  -18.991 0.0000000000
59  -19.043  -81.207  -19.112 0.0000000000
70  -19.462  -80.926  -19.336 0.0000000000
143  -9.792  -78.865  -19.572 0.0000000000
154  -21.554  -79.757  -19.334 0.0000000000
157  -11.114  -78.436  -20.756 0.0000000000
164  -17.555  -79.066  -21.806 0.0000000000
181  -18.467  -78.826  -23.056 0.0000000000
294  -11.433  -77.820  -22.751 0.0000000000
298  -11.016  -77.403  -23.109 0.0000000000
303  -15.428  -78.353  -23.485 0.0000000000
308  -12.334  -77.831  -22.930 0.0000000000
436  -8.941  -76.782  -22.173 0.0000000000
437  -9.661  -77.254  -21.839 0.0000000000
455  -10.257  -76.808  -23.164 0.0000000000
456  -10.830  -77.074  -23.703 0.0000000000
462  -17.945  -77.954  -23.846 0.0000000000
465  -11.533  -76.945  -23.462 0.0000000000
466  -12.028  -77.382  -23.087 0.0000000000
666  -11.016  -76.624  -23.956 0.0000000000
667  -12.222  -76.828  -23.084 0.0000000000
674  -19.475  -77.011  -23.699 0.0000000000
1000  -8.358  -75.743  -23.014 0.0000000000
1018  -11.128  -76.244  -23.636 0.0000000000
1019  -11.812  -76.561  -23.084 0.0000000000
1037  -18.641  -76.195  -26.771 0.0000000000
1298  -3.770  -73.226  -19.495 0.0000000000
1343  -17.568  -73.413  -21.597 0.0000000000
1380  -18.769  -76.024  -26.877 0.0000000000
1707  -3.537  -72.849  -19.597 0.0000000000
1716  -13.679  -72.734  -19.188 0.0000000000
1788  -9.323  -73.036  -27.020 0.0000000000
2130  -4.114  -71.867  -18.909 0.0000000000
2158  -16.034  -71.909  -21.305 0.0000000000
2160  -17.451  -72.065  -21.817 0.0000000000
2168  -14.757  -71.855  -22.609 0.0000000000
2183  -10.973  -72.573  -24.104 0.0000000000
2215  -7.045  -72.675  -25.493 0.0000000000
2250  -10.638  -72.578  -27.281 0.0000000000
2621  -4.486  -71.591  -18.399 0.0000000000
2622  -5.011  -71.614  -18.111 0.0000000000
2634  -4.801  -71.699  -18.414 0.0000000000
2687  -5.906  -72.413  -24.680 0.0000000000
3120  -3.353  -69.692  -15.443 0.0000000000
3193  -5.266  -71.302  -24.149 0.0000000000
3590  -2.416  -69.714  -10.051 0.0000000000
3598  -2.401  -69.317  -11.976 0.0000000000
3631  -3.448  -69.651  -15.171 0.0000000000
4222  -3.518  -68.899  -13.493 0.0000000000
4720  -9.300  -67.755  -9.049 0.0000000000
4723  -12.393  -67.082  -9.886 0.0000000000
4767  -13.526  -67.885  -13.857 0.0000000000
4811  -3.307  -67.175  -19.208 0.0000000000
4827  -1.728  -67.602  -20.117 0.0000000000
4829  -3.798  -67.376  -20.288 0.0000000000
4860  -4.783  -67.679  -21.601 0.0000000000
5336  -13.565  -66.261  -10.333 0.0000000000
5357  -13.673  -66.195  -13.064 0.0000000000
5375  -12.790  -66.426  -15.009 0.0000000000
5397  -1.309  -65.622  -17.312 0.0000000000
5398  -1.573  -66.102  -17.377 0.0000000000
5418  -2.809  -66.567  -17.793 0.0000000000
5444  -7.998  -66.017  -18.771 0.0000000000
5463  -1.452  -67.187  -19.852 0.0000000000
5884  -2.837  -65.183  -3.698 0.0000000000
5989  -6.348  -65.141  -11.706 0.0000000000
5991  -7.888  -65.315  -11.543 0.0000000000
6010  -3.448  -65.037  -12.515 0.0000000000
6015  -8.523  -65.444  -12.015 0.0000000000
6035  -12.239  -65.504  -13.955 0.0000000000
6054  -6.922  -65.704  -13.931 0.0000000000
6067  -1.314  -65.313  -17.289 0.0000000000
6077  -11.725  -65.784  -15.565 0.0000000000
6099  -1.288  -65.565  -18.054 0.0000000000
6100  -1.406  -65.374  -18.167 0.0000000000
6102  -9.329  -65.878  -18.100 0.0000000000
6818  -1.274  -65.524  -17.646 0.0000000000
8784  -2.816  -60.656  -8.884 0.0000000000
8818  -1.757  -60.421  -14.504 0.0000000000
8819  -1.821  -60.483  -14.441 0.0000000000
9473  -12.763  -60.476  -4.446 0.0000000000
9560  -2.032  -60.222  -14.613 0.0000000000
11659  -2.855  -56.887  5.419 0.0000000000
14808  -3.749  -53.453  -6.350 0.0000000000
103921  -1.940  -61.420  -13.607 0.0000000000
104677  -7.757  -72.884  -26.190 0.0000000000
106325  -6.967  -66.124  -17.205 0.0000000000
106884  -6.603  -75.310  -21.100 0.0000000000
107017  -9.208  -71.664  -22.529 0.0000000000
107299  -8.200  -73.094  -25.359 0.0000000000
108446  -8.213  -76.217  -22.370 0.0000000000
108514  -13.789  -66.367  -12.279 0.0000000000
109796  -2.794  -61.526  -9.322 0.0000000000
110406  -13.460  -65.401  -9.202 0.0000000000
112090  -13.181  -65.663  -13.157 0.0000000000
112131  -9.135  -65.689  -15.018 0.0000000000
112564  -1.871  -64.302  -14.509 0.0000000000
114066  -12.276  -80.312  -19.237 0.0000000000
114222  -1.439  -66.366  -19.285 0.0000000000
114232  -13.741  -67.360  -13.132 0.0000000000
115713  -13.817  -79.434  -20.139 0.0000000000
116023  -4.435  -65.339  -13.010 0.0000000000
117417  -1.869  -66.384  -17.805 0.0000000000
118637  -9.847  -72.176  -22.948 0.0000000000
118737  -5.709  -52.490  3.940 0.0000000000
119013  -1.810  -61.054  -14.047 0.0000000000
119040  -1.904  -60.420  -14.578 0.0000000000
119435  -6.133  -66.838  -20.174 0.0000000000
119658  -9.617  -47.904  3.132 0.0000000000
119917  -9.907  -75.979  -23.285 0.0000000000
120532  -7.655  -68.629  -21.849 0.0000000000
121456  -8.284  -48.971  4.176 0.0000000000
122150  -20.695  -75.756  -21.847 0.0000000000
122424  -5.819  -71.876  -23.856 0.0000000000
123015  -1.285  -65.637  -17.565 0.0000000000
123054  -17.587  -81.527  -19.371 0.0000000000
123598  -10.076  -68.820  -18.567 0.0000000000
123648  -10.212  -73.456  -25.647 0.0000000000
123852  -2.102  -60.373  -14.724 0.0000000000
123866  -9.649  -75.317  -20.847 0.0000000000
124138  -10.182  -65.575  -14.239 0.0000000000
125189  -12.202  -71.339  -21.121 0.0000000000
125520  -2.737  -58.764  -9.210 0.0000000000
126311  -16.160  -79.198  -21.708 0.0000000000
126468  -7.677  -75.409  -22.544 0.0000000000
126801  -13.368  -71.618  -25.782 0.0000000000
