#!ascii label  , from subject sub1 vox2ras=TkReg
778
81947  41.489  22.790  21.562 0.0000000000
130023  44.733  20.401  11.483 0.0000000000
84315  50.399  25.809  8.142 0.0000000000
76830  43.061  15.111  3.023 0.0000000000
78980  41.772  18.417  17.324 0.0000000000
111682  55.098  24.832  15.059 0.0000000000
79772  44.610  19.488  4.829 0.0000000000
82778  40.753  24.222  10.100 0.0000000000
83496  48.553  24.986  15.977 0.0000000000
81962  43.965  22.940  16.884 0.0000000000
77583  42.405  16.838  12.867 0.0000000000
84286  45.961  25.584  11.940 0.0000000000
82807  43.142  24.192  6.917 0.0000000000
82017  48.187  23.286  9.855 0.0000000000
82056  45.365  22.370  3.748 0.0000000000
84305  40.561  25.981  9.912 0.0000000000
83466  44.570  24.872  19.789 0.0000000000
82702  42.557  23.515  18.778 0.0000000000
78278  42.428  17.794  15.212 0.0000000000
84267  51.604  25.524  12.102 0.0000000000
85011  48.774  26.401  13.063 0.0000000000
108025  48.129  25.279  9.994 0.0000000000
128481  44.634  25.097  8.603 0.0000000000
84343  46.573  25.497  6.515 0.0000000000
81986  47.216  22.577  13.987 0.0000000000
117803  49.113  23.252  13.583 0.0000000000
82019  47.020  21.880  10.851 0.0000000000
113685  43.836  17.929  1.760 0.0000000000
126892  45.368  20.687  3.671 0.0000000000
79094  43.554  18.963  2.199 0.0000000000
79773  42.578  19.465  4.972 0.0000000000
76822  41.655  16.421  4.690 0.0000000000
74757  41.730  13.512  7.544 0.0000000000
80438  39.253  21.342  21.183 0.0000000000
81220  40.944  21.213  18.608 0.0000000000
84280  53.422  24.993  10.357 0.0000000000
79048  43.288  18.308  9.280 0.0000000000
80515  44.600  20.324  8.273 0.0000000000
78368  43.695  17.513  6.508 0.0000000000
76829  45.108  15.943  2.788 0.0000000000
123206  50.958  24.791  19.895 0.0000000000
83464  47.525  25.298  19.877 0.0000000000
83499  45.601  24.624  16.715 0.0000000000
80473  45.137  21.057  14.867 0.0000000000
80451  42.508  20.470  17.363 0.0000000000
121056  43.603  19.598  14.321 0.0000000000
79722  43.710  19.301  12.619 0.0000000000
77617  43.084  16.232  10.050 0.0000000000
80435  37.078  20.392  22.754 0.0000000000
113372  47.172  28.047  12.730 0.0000000000
85658  44.184  27.192  12.159 0.0000000000
84321  41.650  25.491  9.220 0.0000000000
82789  42.052  23.495  8.770 0.0000000000
80510  41.998  20.088  8.842 0.0000000000
83509  51.378  24.601  15.613 0.0000000000
110886  51.711  23.777  11.568 0.0000000000
127411  51.106  24.686  7.907 0.0000000000
81290  45.879  21.605  7.570 0.0000000000
129119  47.264  22.981  6.156 0.0000000000
125299  48.011  24.879  4.751 0.0000000000
82049  44.301  22.955  5.209 0.0000000000
112105  42.342  19.620  7.083 0.0000000000
85032  40.215  26.771  10.537 0.0000000000
85023  41.385  27.258  10.861 0.0000000000
82693  43.230  24.091  20.555 0.0000000000
82695  41.813  23.484  20.404 0.0000000000
84297  50.485  25.411  10.318 0.0000000000
124129  49.384  25.355  10.845 0.0000000000
84316  48.949  25.535  8.727 0.0000000000
108019  47.006  25.110  8.289 0.0000000000
84330  47.556  25.536  7.047 0.0000000000
81259  45.793  21.461  12.843 0.0000000000
82005  47.090  22.162  12.922 0.0000000000
81265  45.650  21.106  11.336 0.0000000000
77677  43.448  16.552  1.362 0.0000000000
79099  43.823  18.555  1.782 0.0000000000
77671  42.495  17.323  2.702 0.0000000000
78388  42.131  17.399  3.750 0.0000000000
75795  42.505  15.101  4.113 0.0000000000
75787  42.385  14.701  5.157 0.0000000000
74788  42.836  14.236  4.502 0.0000000000
79675  38.879  20.287  19.892 0.0000000000
85006  54.871  25.631  12.506 0.0000000000
83538  54.640  24.889  12.215 0.0000000000
77630  43.443  16.504  8.419 0.0000000000
79071  43.557  17.937  7.661 0.0000000000
77643  44.259  16.227  7.069 0.0000000000
76820  45.234  15.734  3.933 0.0000000000
76836  46.272  15.394  1.249 0.0000000000
77675  45.764  16.049  0.448 0.0000000000
83484  44.474  24.516  17.881 0.0000000000
84221  45.709  25.300  18.493 0.0000000000
82704  44.867  24.111  17.094 0.0000000000
81978  45.575  22.304  15.320 0.0000000000
81979  45.085  21.840  15.672 0.0000000000
79682  41.408  19.845  18.147 0.0000000000
81223  41.887  20.948  17.818 0.0000000000
79686  42.381  19.624  17.300 0.0000000000
122027  42.480  17.698  13.850 0.0000000000
78992  42.969  19.056  14.550 0.0000000000
79005  42.688  18.259  13.439 0.0000000000
79714  43.792  19.369  13.387 0.0000000000
79014  42.629  17.985  12.581 0.0000000000
79037  42.806  17.957  10.687 0.0000000000
77597  42.677  16.363  11.631 0.0000000000
76746  44.880  14.880  10.073 0.0000000000
120693  47.575  25.902  12.321 0.0000000000
124234  47.617  27.491  13.059 0.0000000000
85013  46.313  26.620  12.654 0.0000000000
86334  46.047  28.300  11.841 0.0000000000
84273  44.840  26.222  12.183 0.0000000000
108922  43.579  25.864  11.395 0.0000000000
110544  44.477  25.587  11.274 0.0000000000
83581  42.799  24.954  7.075 0.0000000000
84347  42.427  24.939  7.572 0.0000000000
82808  42.492  24.475  7.460 0.0000000000
81277  42.740  21.925  9.259 0.0000000000
81283  43.370  22.065  7.986 0.0000000000
84217  49.776  25.345  18.153 0.0000000000
124822  51.048  25.185  17.928 0.0000000000
83495  49.638  24.975  16.169 0.0000000000
82766  49.112  23.407  11.117 0.0000000000
82754  49.981  23.472  12.291 0.0000000000
82775  50.166  23.724  10.230 0.0000000000
82785  51.417  24.065  9.320 0.0000000000
82786  50.218  24.060  9.222 0.0000000000
122911  44.392  19.993  6.925 0.0000000000
80520  45.309  20.934  7.942 0.0000000000
80529  44.951  20.371  5.995 0.0000000000
80542  45.125  21.320  2.136 0.0000000000
81295  46.184  22.143  5.388 0.0000000000
81301  46.173  22.665  4.389 0.0000000000
82813  48.113  24.180  5.208 0.0000000000
82829  46.263  23.511  4.116 0.0000000000
83598  45.853  24.464  4.637 0.0000000000
82048  45.006  22.775  4.138 0.0000000000
110866  41.571  17.969  5.847 0.0000000000
79768  42.403  19.495  6.094 0.0000000000
79072  41.435  18.339  7.134 0.0000000000
108466  41.678  19.067  7.557 0.0000000000
110540  54.471  24.892  17.367 0.0000000000
83556  39.997  25.154  10.070 0.0000000000
84323  40.485  25.367  9.562 0.0000000000
83454  45.973  24.622  20.819 0.0000000000
83441  44.556  24.324  21.145 0.0000000000
126554  43.785  24.647  19.548 0.0000000000
82701  43.182  23.678  18.287 0.0000000000
78984  42.122  18.051  16.617 0.0000000000
84268  50.325  25.611  12.363 0.0000000000
84284  47.924  25.578  11.722 0.0000000000
84300  46.427  25.326  11.140 0.0000000000
108022  44.838  25.248  10.278 0.0000000000
108511  46.459  24.998  9.288 0.0000000000
84331  45.102  25.202  7.916 0.0000000000
83580  43.772  25.108  6.744 0.0000000000
82720  47.579  23.821  14.891 0.0000000000
83524  49.046  23.804  14.490 0.0000000000
82745  47.977  22.860  13.964 0.0000000000
121686  47.841  22.506  11.688 0.0000000000
82018  47.605  22.596  10.416 0.0000000000
79087  44.633  18.857  3.368 0.0000000000
116065  45.252  20.123  3.407 0.0000000000
120265  44.711  19.713  1.948 0.0000000000
113884  44.998  20.516  1.669 0.0000000000
79777  44.775  20.988  1.772 0.0000000000
80544  44.201  21.090  2.907 0.0000000000
116381  42.905  19.550  3.702 0.0000000000
78382  41.698  17.323  4.476 0.0000000000
117684  41.475  16.627  5.826 0.0000000000
74766  42.432  13.417  6.901 0.0000000000
81210  40.157  21.925  20.953 0.0000000000
81956  40.793  22.390  19.778 0.0000000000
81216  40.146  21.352  19.800 0.0000000000
79679  40.372  20.088  18.806 0.0000000000
78975  40.564  18.285  18.158 0.0000000000
85007  53.422  25.841  12.495 0.0000000000
84281  52.526  25.321  10.730 0.0000000000
84314  51.966  25.560  8.549 0.0000000000
127437  44.005  19.777  10.424 0.0000000000
80502  44.448  20.254  10.387 0.0000000000
79752  43.613  18.918  8.663 0.0000000000
79759  43.666  18.667  7.772 0.0000000000
109728  43.710  18.261  5.942 0.0000000000
76809  44.878  15.628  4.975 0.0000000000
78374  44.292  16.875  4.567 0.0000000000
78380  44.268  17.852  4.185 0.0000000000
78393  44.448  17.286  1.126 0.0000000000
76842  44.873  16.129  0.688 0.0000000000
75814  44.013  14.907  1.798 0.0000000000
74795  43.874  13.987  3.400 0.0000000000
107438  48.958  25.175  19.727 0.0000000000
84218  48.232  25.531  18.451 0.0000000000
126423  46.654  24.873  20.132 0.0000000000
84228  46.953  25.486  17.920 0.0000000000
83497  47.481  25.057  16.168 0.0000000000
82734  46.866  23.291  14.927 0.0000000000
81988  45.979  22.126  14.605 0.0000000000
80488  45.133  21.049  13.219 0.0000000000
81960  41.576  22.321  18.526 0.0000000000
81964  42.719  22.208  17.608 0.0000000000
81221  43.282  21.730  17.050 0.0000000000
78983  42.604  18.673  16.244 0.0000000000
79691  43.505  19.759  15.995 0.0000000000
110814  44.281  20.937  15.853 0.0000000000
80474  44.458  20.627  15.149 0.0000000000
79721  44.260  19.744  13.072 0.0000000000
79729  44.078  19.849  12.106 0.0000000000
79036  43.206  18.679  10.261 0.0000000000
78326  42.984  17.713  9.841 0.0000000000
125845  43.770  15.568  9.032 0.0000000000
76748  43.386  15.593  10.573 0.0000000000
76761  44.251  15.208  9.481 0.0000000000
81206  39.369  21.553  22.470 0.0000000000
80439  38.490  20.856  21.663 0.0000000000
128969  36.269  19.642  22.158 0.0000000000
86323  49.023  29.154  12.257 0.0000000000
86333  47.086  29.433  11.027 0.0000000000
85022  42.027  26.803  11.069 0.0000000000
84304  41.335  25.964  10.011 0.0000000000
83563  40.745  25.084  8.940 0.0000000000
84320  42.819  25.161  9.394 0.0000000000
83572  41.855  24.965  8.065 0.0000000000
82790  41.476  23.735  9.243 0.0000000000
83508  53.145  24.484  14.905 0.0000000000
129198  50.287  23.769  14.154 0.0000000000
83522  51.767  24.273  14.121 0.0000000000
83531  53.278  24.405  12.722 0.0000000000
82762  53.148  24.414  11.401 0.0000000000
83561  52.956  24.975  8.979 0.0000000000
83577  50.901  25.464  7.421 0.0000000000
81276  45.791  21.224  9.474 0.0000000000
81275  46.421  21.670  9.084 0.0000000000
82030  47.022  22.193  8.653 0.0000000000
109548  45.334  20.958  4.791 0.0000000000
81289  46.338  22.136  6.726 0.0000000000
82799  48.169  23.274  7.918 0.0000000000
120122  48.825  23.959  6.873 0.0000000000
83579  49.578  24.839  6.368 0.0000000000
84341  49.153  25.397  6.338 0.0000000000
84353  47.075  25.396  5.585 0.0000000000
83590  45.435  24.855  5.493 0.0000000000
82815  43.739  23.618  6.231 0.0000000000
80538  43.643  21.027  4.541 0.0000000000
81297  43.490  21.670  6.429 0.0000000000
81291  43.373  21.414  7.371 0.0000000000
79760  42.100  19.868  7.955 0.0000000000
75761  41.114  13.986  8.036 0.0000000000
85670  41.072  28.363  10.568 0.0000000000
122357  41.942  29.098  10.197 0.0000000000
81946  42.356  23.045  21.763 0.0000000000
82688  42.099  23.419  21.094 0.0000000000
120574  41.470  23.155  20.758 0.0000000000
108027  51.066  25.610  8.939 0.0000000000
108026  49.523  25.434  9.726 0.0000000000
108020  48.313  25.508  7.899 0.0000000000
108021  49.761  25.774  7.439 0.0000000000
80495  45.361  20.903  12.276 0.0000000000
121791  45.936  21.394  12.101 0.0000000000
122779  42.924  15.918  2.123 0.0000000000
77678  42.800  16.927  1.756 0.0000000000
109459  42.513  16.567  2.716 0.0000000000
76831  42.463  15.913  3.306 0.0000000000
75794  43.133  14.323  3.648 0.0000000000
83507  55.322  24.805  16.000 0.0000000000
83518  55.327  25.246  14.330 0.0000000000
83529  55.094  24.799  12.870 0.0000000000
83519  54.982  24.627  13.861 0.0000000000
111965  43.760  16.338  7.778 0.0000000000
76828  47.088  15.544  2.271 0.0000000000
75810  46.785  15.078  1.734 0.0000000000
82777  41.247  23.462  10.175 0.0000000000
82705  44.178  23.707  17.362 0.0000000000
82711  44.621  23.235  16.705 0.0000000000
127018  44.910  22.897  16.348 0.0000000000
81967  44.614  22.422  16.322 0.0000000000
78974  41.222  18.998  17.868 0.0000000000
79687  41.809  19.555  17.804 0.0000000000
120439  41.947  19.057  17.488 0.0000000000
78296  42.496  17.536  13.288 0.0000000000
78306  42.512  17.141  12.003 0.0000000000
121616  46.326  25.888  12.374 0.0000000000
84271  46.979  26.197  12.552 0.0000000000
84272  45.576  26.198  12.368 0.0000000000
84287  45.098  25.810  11.848 0.0000000000
84288  44.245  25.976  11.992 0.0000000000
82037  43.017  23.310  7.516 0.0000000000
84238  49.037  25.500  16.919 0.0000000000
84237  49.904  25.327  17.021 0.0000000000
82776  49.083  23.522  10.087 0.0000000000
82787  49.128  23.604  9.055 0.0000000000
116132  44.378  19.673  5.945 0.0000000000
81306  45.176  21.854  3.120 0.0000000000
82055  45.773  22.698  4.072 0.0000000000
82054  46.449  23.303  4.234 0.0000000000
125849  45.604  23.078  4.158 0.0000000000
81307  45.027  22.158  3.286 0.0000000000
115634  41.457  17.091  6.334 0.0000000000
116537  41.583  18.286  6.410 0.0000000000
78369  41.433  17.716  6.557 0.0000000000
78360  41.258  17.775  7.498 0.0000000000
84306  40.129  25.803  10.184 0.0000000000
82686  44.559  24.039  21.782 0.0000000000
82697  42.747  24.021  19.689 0.0000000000
83457  43.337  24.368  19.830 0.0000000000
83467  43.256  24.306  18.980 0.0000000000
85008  52.095  26.025  12.713 0.0000000000
85009  50.814  26.038  12.933 0.0000000000
84298  48.506  25.281  10.877 0.0000000000
120259  48.831  25.551  11.624 0.0000000000
84299  47.452  25.288  11.045 0.0000000000
108023  45.900  25.189  10.237 0.0000000000
108024  46.970  25.147  10.186 0.0000000000
110882  46.250  25.297  7.551 0.0000000000
123396  46.020  25.058  8.494 0.0000000000
84344  45.419  25.412  6.813 0.0000000000
84345  44.249  25.394  6.979 0.0000000000
84355  44.839  25.216  6.358 0.0000000000
82733  47.419  23.070  14.398 0.0000000000
82732  48.198  23.468  14.396 0.0000000000
81257  47.170  22.123  11.909 0.0000000000
82004  47.785  22.462  12.466 0.0000000000
82012  47.558  22.443  11.183 0.0000000000
121944  47.141  22.078  10.034 0.0000000000
78386  44.135  18.077  2.082 0.0000000000
79093  44.561  19.126  2.277 0.0000000000
79098  44.318  18.951  1.862 0.0000000000
79788  44.509  19.465  1.975 0.0000000000
79782  44.383  20.089  1.992 0.0000000000
129573  43.440  19.548  2.759 0.0000000000
79778  43.804  20.369  2.650 0.0000000000
110976  42.736  18.767  3.339 0.0000000000
77667  41.632  16.962  4.211 0.0000000000
78381  42.168  17.857  3.958 0.0000000000
77660  41.521  16.829  4.935 0.0000000000
76811  41.520  16.044  5.347 0.0000000000
75788  41.808  15.174  5.710 0.0000000000
127027  42.659  13.690  6.214 0.0000000000
75779  42.279  14.243  6.145 0.0000000000
127963  39.720  21.642  21.064 0.0000000000
81213  39.715  21.412  20.520 0.0000000000
79680  39.549  19.997  19.325 0.0000000000
79684  40.016  19.335  18.708 0.0000000000
111068  40.474  18.950  18.322 0.0000000000
124542  39.887  18.554  18.592 0.0000000000
84265  54.476  25.094  12.008 0.0000000000
117320  53.950  25.193  11.665 0.0000000000
84295  52.994  25.262  9.492 0.0000000000
79745  43.538  19.156  9.576 0.0000000000
78359  43.587  17.554  7.236 0.0000000000
79077  43.589  18.348  6.862 0.0000000000
76801  44.620  15.785  6.080 0.0000000000
76800  45.336  15.572  5.578 0.0000000000
77665  44.669  16.187  4.018 0.0000000000
78379  44.246  17.204  3.414 0.0000000000
77670  44.467  16.677  2.376 0.0000000000
75820  46.271  15.311  0.615 0.0000000000
76841  45.842  15.972  0.429 0.0000000000
75821  45.495  15.476  0.893 0.0000000000
127489  44.621  15.427  1.213 0.0000000000
75813  44.927  14.774  1.504 0.0000000000
75803  44.322  14.343  2.409 0.0000000000
113443  47.964  25.159  20.387 0.0000000000
83452  48.579  24.949  20.486 0.0000000000
83463  48.204  25.426  19.786 0.0000000000
84210  48.562  25.388  19.014 0.0000000000
84211  47.832  25.496  19.107 0.0000000000
83455  45.014  24.609  20.634 0.0000000000
83465  45.597  24.943  20.009 0.0000000000
84229  46.150  25.392  17.965 0.0000000000
83482  46.215  25.330  17.235 0.0000000000
84240  47.174  25.458  17.093 0.0000000000
83498  46.496  24.902  16.405 0.0000000000
83513  46.891  24.248  15.500 0.0000000000
82709  45.971  24.035  15.943 0.0000000000
81235  45.427  21.554  15.065 0.0000000000
81243  45.573  21.539  14.463 0.0000000000
81251  45.693  21.501  13.717 0.0000000000
80482  45.054  21.123  14.075 0.0000000000
126841  40.529  21.776  19.590 0.0000000000
81955  41.353  22.749  19.268 0.0000000000
81214  40.904  21.933  18.951 0.0000000000
81218  42.028  21.816  17.952 0.0000000000
81222  42.596  21.332  17.462 0.0000000000
80450  43.165  20.913  16.892 0.0000000000
117885  42.403  18.118  15.881 0.0000000000
79701  43.286  19.395  15.238 0.0000000000
80465  43.804  20.052  15.141 0.0000000000
128617  43.913  20.435  15.675 0.0000000000
79707  44.141  20.210  14.519 0.0000000000
79713  44.206  19.960  13.824 0.0000000000
79730  43.512  19.316  11.677 0.0000000000
122080  43.501  19.163  10.909 0.0000000000
79024  43.133  18.718  11.168 0.0000000000
114551  42.775  17.040  10.347 0.0000000000
118831  42.960  16.873  9.644 0.0000000000
111553  43.264  16.166  9.133 0.0000000000
76733  43.870  15.092  11.112 0.0000000000
76760  45.146  15.023  9.248 0.0000000000
80434  38.044  20.896  22.766 0.0000000000
80440  37.566  20.386  21.914 0.0000000000
79667  36.785  20.014  22.035 0.0000000000
85656  48.054  28.403  12.815 0.0000000000
116250  48.207  29.667  11.695 0.0000000000
86324  47.441  29.128  11.609 0.0000000000
86332  47.438  29.916  11.004 0.0000000000
86325  46.862  28.646  11.649 0.0000000000
119619  44.964  27.916  11.981 0.0000000000
85664  43.492  27.586  11.523 0.0000000000
107522  42.688  27.182  11.481 0.0000000000
84303  42.564  25.697  10.528 0.0000000000
119106  41.987  26.197  10.915 0.0000000000
84322  40.893  25.482  9.225 0.0000000000
84319  44.043  25.023  9.223 0.0000000000
82800  41.945  24.491  8.100 0.0000000000
82801  41.316  24.863  8.601 0.0000000000
129001  41.497  24.231  8.717 0.0000000000
82025  41.927  22.907  9.709 0.0000000000
80509  42.513  21.012  9.364 0.0000000000
108216  51.482  24.805  19.168 0.0000000000
83481  50.945  25.173  17.225 0.0000000000
83480  51.804  25.000  17.447 0.0000000000
83493  51.615  24.855  16.573 0.0000000000
109282  52.743  24.620  16.787 0.0000000000
110952  52.375  24.552  15.754 0.0000000000
117079  48.737  23.241  14.001 0.0000000000
83523  49.926  24.085  14.577 0.0000000000
82731  49.672  23.553  13.993 0.0000000000
82753  50.990  23.657  12.508 0.0000000000
83533  51.402  24.047  13.704 0.0000000000
82741  51.628  23.902  12.962 0.0000000000
83532  52.215  24.203  13.320 0.0000000000
82740  52.648  24.221  12.395 0.0000000000
82763  52.600  24.230  10.867 0.0000000000
82796  51.245  24.440  8.482 0.0000000000
82784  52.401  24.425  9.426 0.0000000000
83562  52.161  24.727  8.726 0.0000000000
83569  52.215  25.273  8.680 0.0000000000
83570  51.595  25.073  7.936 0.0000000000
80508  44.508  20.310  9.386 0.0000000000
80507  45.154  20.702  9.860 0.0000000000
80514  45.201  20.789  8.928 0.0000000000
81282  45.800  21.345  8.568 0.0000000000
126466  46.358  21.767  8.327 0.0000000000
80537  45.012  20.212  4.792 0.0000000000
82040  46.872  22.619  5.907 0.0000000000
82035  47.177  22.676  6.924 0.0000000000
82029  47.408  22.691  7.882 0.0000000000
121664  47.761  23.288  7.242 0.0000000000
82806  47.860  23.549  6.267 0.0000000000
82820  48.486  24.845  4.969 0.0000000000
82812  48.657  24.551  5.826 0.0000000000
83589  48.987  25.116  5.700 0.0000000000
83588  49.650  25.319  6.512 0.0000000000
110209  48.678  25.278  5.764 0.0000000000
84342  48.390  25.442  6.214 0.0000000000
84359  47.752  25.183  4.874 0.0000000000
82824  45.001  23.536  4.604 0.0000000000
83599  45.098  24.270  5.029 0.0000000000
82814  44.389  23.913  5.667 0.0000000000
80545  43.276  20.298  4.055 0.0000000000
80531  42.889  20.238  6.479 0.0000000000
80530  43.349  20.969  5.843 0.0000000000
80522  43.367  20.856  6.782 0.0000000000
80523  42.881  20.525  7.488 0.0000000000
78348  41.067  17.810  8.201 0.0000000000
79062  41.191  18.394  8.049 0.0000000000
75773  41.607  14.559  7.409 0.0000000000
74746  41.244  13.019  8.148 0.0000000000
85033  39.745  27.493  10.751 0.0000000000
85024  40.758  27.355  10.710 0.0000000000
82687  43.905  23.716  22.023 0.0000000000
121661  43.088  23.498  21.452 0.0000000000
82694  42.504  23.734  20.481 0.0000000000
82698  41.960  23.487  19.619 0.0000000000
84282  51.105  25.376  11.198 0.0000000000
84283  49.836  25.424  11.508 0.0000000000
84317  47.607  25.159  9.113 0.0000000000
81250  46.376  21.850  13.316 0.0000000000
81995  46.846  22.274  13.636 0.0000000000
81258  46.491  21.746  12.459 0.0000000000
81264  46.425  21.629  11.587 0.0000000000
126018  46.217  21.518  10.831 0.0000000000
78397  44.134  17.355  0.976 0.0000000000
79100  43.480  17.852  1.476 0.0000000000
78394  42.852  17.742  1.604 0.0000000000
78387  42.603  18.078  2.627 0.0000000000
77666  42.207  16.822  3.598 0.0000000000
76821  42.077  16.234  4.179 0.0000000000
76810  41.947  15.620  4.891 0.0000000000
74777  42.851  13.869  5.476 0.0000000000
80442  38.813  20.731  20.579 0.0000000000
79676  38.372  19.798  20.375 0.0000000000
85005  55.235  25.753  13.039 0.0000000000
83546  53.921  24.983  11.322 0.0000000000
78336  43.157  17.247  8.923 0.0000000000
79061  43.489  18.028  8.391 0.0000000000
78347  43.451  17.168  7.921 0.0000000000
109127  43.711  16.863  7.136 0.0000000000
76808  45.786  15.604  4.388 0.0000000000
125282  47.030  15.904  3.070 0.0000000000
76819  45.903  15.517  2.765 0.0000000000
76837  45.723  15.864  1.720 0.0000000000
75819  46.332  15.162  0.840 0.0000000000
83453  47.405  24.743  20.675 0.0000000000
83476  44.139  24.833  18.806 0.0000000000
83475  45.142  25.170  19.147 0.0000000000
123611  44.909  25.041  18.369 0.0000000000
82722  45.711  23.073  15.659 0.0000000000
82710  45.244  23.480  16.361 0.0000000000
81966  45.176  22.625  15.943 0.0000000000
126762  40.935  20.176  18.423 0.0000000000
80447  41.347  20.619  18.265 0.0000000000
80452  41.922  20.159  17.880 0.0000000000
78287  42.459  17.343  14.477 0.0000000000
78993  42.692  18.678  15.321 0.0000000000
78999  42.595  18.319  14.343 0.0000000000
78998  43.061  18.969  13.787 0.0000000000
79004  43.167  18.837  12.955 0.0000000000
79013  42.961  18.857  12.080 0.0000000000
79025  42.646  18.059  11.579 0.0000000000
77608  42.628  17.154  11.158 0.0000000000
77607  42.836  16.273  10.850 0.0000000000
75737  44.664  14.893  10.899 0.0000000000
76745  45.919  14.838  9.880 0.0000000000
85012  47.777  26.585  12.849 0.0000000000
84998  48.373  27.291  13.250 0.0000000000
110490  46.954  27.081  13.034 0.0000000000
85657  46.468  27.598  12.570 0.0000000000
121628  45.682  27.216  12.466 0.0000000000
85014  44.895  26.843  12.387 0.0000000000
84274  44.354  26.494  12.216 0.0000000000
85021  43.604  26.591  11.917 0.0000000000
84302  43.741  25.365  10.422 0.0000000000
84346  43.231  25.162  7.205 0.0000000000
84333  42.993  25.111  8.169 0.0000000000
83582  42.345  24.839  7.597 0.0000000000
119458  42.333  23.755  7.952 0.0000000000
82024  42.453  22.512  9.293 0.0000000000
82031  42.779  22.631  8.509 0.0000000000
81284  42.967  21.634  8.680 0.0000000000
83474  49.799  25.280  18.739 0.0000000000
116677  50.588  25.113  19.042 0.0000000000
126139  50.398  25.250  18.320 0.0000000000
130024  50.429  25.263  17.128 0.0000000000
83494  50.608  24.978  16.463 0.0000000000
82755  49.124  23.234  12.095 0.0000000000
82743  49.896  23.458  13.191 0.0000000000
82765  50.049  23.529  11.302 0.0000000000
82764  50.962  23.644  11.501 0.0000000000
121522  51.874  23.829  10.839 0.0000000000
82774  51.428  23.796  10.344 0.0000000000
82797  50.287  24.299  8.140 0.0000000000
128473  44.477  20.150  7.578 0.0000000000
80521  44.870  20.605  7.125 0.0000000000
110370  45.373  21.190  7.088 0.0000000000
80536  45.383  21.331  3.120 0.0000000000
81302  45.761  21.960  4.107 0.0000000000
82047  46.689  22.912  4.841 0.0000000000
82046  47.370  23.406  5.320 0.0000000000
111671  47.037  23.580  4.391 0.0000000000
82821  47.614  24.307  4.657 0.0000000000
83597  47.305  24.579  4.500 0.0000000000
83603  46.511  24.205  4.198 0.0000000000
82823  45.752  23.887  4.231 0.0000000000
79078  41.979  18.641  5.694 0.0000000000
80539  42.992  20.217  5.391 0.0000000000
79761  41.845  18.904  6.686 0.0000000000
110651  54.671  24.647  15.855 0.0000000000
85025  39.765  26.396  10.737 0.0000000000
82779  40.199  24.486  10.468 0.0000000000
83564  40.450  24.900  9.552 0.0000000000
83440  45.369  24.364  21.499 0.0000000000
82692  43.890  24.038  21.251 0.0000000000
83456  44.011  24.469  20.419 0.0000000000
82700  43.729  24.129  18.136 0.0000000000
82706  43.519  23.371  17.596 0.0000000000
78267  41.899  17.298  16.586 0.0000000000
115757  42.214  17.453  15.971 0.0000000000
77553  42.384  16.806  15.306 0.0000000000
77572  42.419  16.884  13.727 0.0000000000
127650  42.485  16.347  13.323 0.0000000000
119202  42.554  16.378  12.298 0.0000000000
84996  50.267  26.803  13.326 0.0000000000
85010  49.731  26.199  13.083 0.0000000000
84269  49.242  25.787  12.440 0.0000000000
84270  48.320  25.930  12.395 0.0000000000
84285  46.926  25.566  11.973 0.0000000000
84301  45.445  25.435  11.146 0.0000000000
84318  45.300  25.094  9.191 0.0000000000
83592  43.685  24.498  6.525 0.0000000000
83512  48.411  24.182  15.031 0.0000000000
82744  48.451  22.980  13.492 0.0000000000
81994  47.690  22.563  13.376 0.0000000000
81993  48.412  22.837  12.752 0.0000000000
82003  48.432  22.805  11.864 0.0000000000
82011  48.234  22.973  10.923 0.0000000000
79081  44.835  19.416  3.694 0.0000000000
79776  45.118  19.886  2.278 0.0000000000
80543  45.336  20.834  2.178 0.0000000000
80551  45.073  21.131  1.732 0.0000000000
81314  44.982  21.503  2.292 0.0000000000
79088  42.304  18.663  4.505 0.0000000000
79083  41.785  17.937  4.998 0.0000000000
78376  41.529  17.335  5.536 0.0000000000
76802  41.551  15.767  6.207 0.0000000000
74767  42.065  14.114  7.005 0.0000000000
73812  42.019  12.685  7.659 0.0000000000
81948  40.548  22.289  21.651 0.0000000000
81952  40.804  22.545  20.709 0.0000000000
81212  40.336  21.904  20.221 0.0000000000
81215  40.565  21.287  19.170 0.0000000000
80445  39.504  20.845  19.878 0.0000000000
80444  40.194  20.703  19.340 0.0000000000
80448  40.710  20.715  18.710 0.0000000000
79683  40.720  19.556  18.344 0.0000000000
78981  41.157  18.004  17.660 0.0000000000
121970  54.350  25.452  12.296 0.0000000000
84266  53.060  25.494  11.650 0.0000000000
84296  52.109  25.474  9.518 0.0000000000
125568  51.296  25.844  7.966 0.0000000000
79744  44.033  19.742  9.864 0.0000000000
79751  44.018  19.694  8.961 0.0000000000
79758  44.133  19.556  7.904 0.0000000000
79766  43.787  19.310  6.894 0.0000000000
79767  43.798  19.011  5.899 0.0000000000
79082  44.290  18.596  4.828 0.0000000000
77652  44.050  16.588  6.287 0.0000000000
77659  44.352  16.154  5.285 0.0000000000
78375  44.025  17.388  5.429 0.0000000000
117076  44.353  18.271  3.068 0.0000000000
77676  45.173  16.589  1.079 0.0000000000
77681  44.949  16.614  0.760 0.0000000000
77682  44.200  16.785  0.798 0.0000000000
124458  43.891  15.815  1.315 0.0000000000
126698  43.456  15.176  2.154 0.0000000000
75804  43.608  14.596  2.731 0.0000000000
74786  44.376  13.468  4.073 0.0000000000
107879  49.891  25.096  19.670 0.0000000000
83462  49.224  25.252  19.058 0.0000000000
119194  49.076  25.383  18.395 0.0000000000
84226  48.626  25.536  17.755 0.0000000000
83439  46.365  24.432  21.584 0.0000000000
111351  46.776  24.563  20.974 0.0000000000
84213  46.153  25.251  19.300 0.0000000000
84220  46.622  25.424  18.603 0.0000000000
84219  47.463  25.530  18.548 0.0000000000
84227  47.798  25.595  17.851 0.0000000000
84239  48.125  25.530  16.963 0.0000000000
109971  47.760  24.508  15.457 0.0000000000
81987  46.695  22.643  14.497 0.0000000000
81977  46.211  22.721  15.101 0.0000000000
125516  46.579  22.297  14.132 0.0000000000
81242  46.216  21.871  14.016 0.0000000000
81951  41.267  23.105  20.069 0.0000000000
81954  41.886  23.018  18.821 0.0000000000
81219  41.397  21.452  18.307 0.0000000000
81959  42.244  22.677  18.216 0.0000000000
81958  42.900  23.041  17.906 0.0000000000
81963  43.362  22.588  17.242 0.0000000000
81968  43.900  22.112  16.618 0.0000000000
78979  42.311  18.834  16.966 0.0000000000
79692  42.847  19.333  16.540 0.0000000000
79702  43.051  19.134  15.926 0.0000000000
80457  43.030  20.086  16.721 0.0000000000
80456  43.659  20.529  16.256 0.0000000000
80455  43.813  21.301  16.434 0.0000000000
81227  44.506  21.579  16.069 0.0000000000
81236  44.923  21.206  15.438 0.0000000000
111097  44.590  20.602  14.344 0.0000000000
80483  44.628  20.523  13.544 0.0000000000
80489  44.665  20.431  12.619 0.0000000000
79735  43.946  19.764  11.064 0.0000000000
79736  43.679  19.372  10.365 0.0000000000
76777  43.752  15.874  8.421 0.0000000000
76747  44.010  15.087  10.290 0.0000000000
76762  43.556  15.564  9.742 0.0000000000
76776  44.472  15.424  8.582 0.0000000000
81941  41.015  22.456  22.653 0.0000000000
109453  39.748  21.762  21.642 0.0000000000
81207  38.755  21.240  22.379 0.0000000000
130059  39.102  21.401  21.866 0.0000000000
79671  38.009  20.161  21.102 0.0000000000
79668  36.346  20.021  22.744 0.0000000000
79673  36.606  19.352  21.555 0.0000000000
86999  46.885  29.906  10.801 0.0000000000
122941  45.598  29.076  11.102 0.0000000000
86345  45.096  29.818  10.528 0.0000000000
85665  41.963  27.816  10.607 0.0000000000
85031  41.158  26.647  10.650 0.0000000000
84289  42.779  26.344  11.339 0.0000000000
82791  40.894  24.445  9.124 0.0000000000
84334  41.991  25.154  8.333 0.0000000000
84335  41.314  25.156  8.662 0.0000000000
82020  41.787  22.385  10.708 0.0000000000
124960  53.500  24.739  17.337 0.0000000000
83492  53.945  24.768  16.627 0.0000000000
114019  54.219  24.677  14.920 0.0000000000
83511  49.332  24.452  15.247 0.0000000000
83510  50.412  24.579  15.298 0.0000000000
116639  51.288  24.398  14.810 0.0000000000
82742  50.667  23.697  13.605 0.0000000000
82730  50.844  24.124  14.337 0.0000000000
115127  52.123  24.369  14.799 0.0000000000
83521  52.956  24.255  13.838 0.0000000000
83520  53.914  24.561  14.110 0.0000000000
83530  54.311  24.546  12.984 0.0000000000
111875  53.783  24.807  11.301 0.0000000000
83547  53.444  24.819  10.577 0.0000000000
82773  52.471  24.252  10.131 0.0000000000
83555  53.079  24.761  9.520 0.0000000000
83554  53.123  25.014  9.387 0.0000000000
84313  52.706  25.263  9.042 0.0000000000
84327  51.419  25.692  8.029 0.0000000000
84328  50.715  25.810  7.455 0.0000000000
80501  45.196  20.651  10.684 0.0000000000
81270  45.714  21.181  10.354 0.0000000000
81269  46.436  21.663  10.014 0.0000000000
82023  46.963  21.969  9.443 0.0000000000
117269  47.527  22.638  9.441 0.0000000000
115863  47.646  22.848  8.597 0.0000000000
80528  45.386  20.890  6.175 0.0000000000
81296  45.791  21.552  6.447 0.0000000000
111442  45.675  21.471  5.399 0.0000000000
81281  46.646  22.175  7.715 0.0000000000
82788  48.227  23.311  8.892 0.0000000000
82798  49.089  23.855  8.001 0.0000000000
82805  50.034  24.465  7.132 0.0000000000
83578  50.372  25.143  6.901 0.0000000000
84340  50.363  25.592  7.085 0.0000000000
108018  49.924  25.663  6.912 0.0000000000
84329  48.980  25.688  6.855 0.0000000000
111755  47.527  25.479  6.159 0.0000000000
84360  46.577  24.952  4.890 0.0000000000
84354  45.923  25.395  5.907 0.0000000000
83591  44.510  24.654  6.042 0.0000000000
119162  43.399  23.268  6.792 0.0000000000
81308  44.445  21.733  3.666 0.0000000000
81303  44.546  22.344  4.255 0.0000000000
121684  43.819  21.950  5.139 0.0000000000
82041  43.623  22.664  6.157 0.0000000000
82036  43.464  22.384  7.112 0.0000000000
81292  43.107  21.238  8.038 0.0000000000
80516  42.655  20.699  8.439 0.0000000000
79753  41.525  19.271  8.421 0.0000000000
74787  43.478  13.739  4.515 0.0000000000
74776  43.497  13.429  5.536 0.0000000000
76735  42.809  15.868  12.132 0.0000000000
76840  46.180  15.604  0.414 0.0000000000
78398  43.537  17.296  1.240 0.0000000000
82721  46.352  23.447  15.408 0.0000000000
82752  52.141  23.887  11.980 0.0000000000
82822  46.933  23.906  4.098 0.0000000000
83472  51.914  24.851  18.384 0.0000000000
83473  51.076  25.095  18.555 0.0000000000
83478  53.723  24.890  18.066 0.0000000000
83483  45.342  25.039  17.623 0.0000000000
83528  55.242  25.075  13.506 0.0000000000
83539  54.173  24.890  11.734 0.0000000000
83540  53.657  24.564  11.809 0.0000000000
83548  53.082  24.591  10.063 0.0000000000
83571  50.873  24.878  7.429 0.0000000000
84212  47.056  25.377  19.253 0.0000000000
84224  50.262  25.303  17.662 0.0000000000
84225  49.447  25.436  17.680 0.0000000000
84257  55.282  25.449  13.056 0.0000000000
84264  55.016  25.266  12.460 0.0000000000
84332  44.003  25.156  7.936 0.0000000000
84351  48.944  25.216  5.922 0.0000000000
84352  48.126  25.361  5.450 0.0000000000
84358  48.545  25.190  5.179 0.0000000000
87000  46.007  29.809  10.944 0.0000000000
107429  49.112  23.155  12.963 0.0000000000
109035  53.476  24.607  15.815 0.0000000000
111993  43.165  18.210  1.680 0.0000000000
113271  53.242  24.845  9.804 0.0000000000
115263  46.529  29.265  11.145 0.0000000000
116591  54.138  24.688  12.146 0.0000000000
127033  55.399  25.983  13.328 0.0000000000
