#!ascii label  , from subject sub1 vox2ras=TkReg
2294
33753  10.262  -28.210  58.781 0.1111110002
34726  9.949  -27.744  58.938 0.1111110002
35736  9.593  -27.304  58.840 0.2222220004
35729  9.144  -27.058  59.177 0.4444440007
31885  13.164  -30.467  56.547 0.1111110002
32824  11.849  -30.320  57.756 0.1111110002
33752  10.596  -28.884  57.906 0.1111110002
116903  12.138  -30.232  56.905 0.1111110002
32825  11.348  -29.687  57.362 0.1111110002
128878  14.053  -28.675  55.188 0.2222220004
32838  13.856  -29.185  55.533 0.2222220004
32831  12.469  -29.944  55.991 0.1111110002
35744  9.854  -27.245  58.268 0.3333329856
35737  9.245  -26.787  58.550 0.4444440007
36746  8.838  -26.184  58.930 0.4444440007
35730  7.965  -26.534  59.184 0.4444440007
35731  7.012  -26.476  59.171 0.2222220004
34732  10.088  -27.639  57.646 0.1111110002
33767  13.325  -28.843  55.028 0.2222220004
32839  12.980  -29.400  55.411 0.2222220004
33758  11.021  -29.101  56.705 0.1111110002
116164  10.222  -27.900  58.193 0.2222220004
33773  13.792  -28.382  54.344 0.2222220004
33768  12.494  -28.906  54.962 0.2222220004
118255  11.681  -29.757  56.587 0.2222220004
35786  13.912  -26.956  52.910 0.2222220004
36747  8.235  -26.029  58.735 0.4444440007
36748  7.395  -25.862  58.683 0.3333329856
35732  6.339  -26.436  58.746 0.2222220004
35733  5.792  -26.023  58.358 0.3333329856
36763  5.446  -25.835  57.367 0.2222220004
34731  10.409  -28.237  57.265 0.1111110002
33775  12.081  -28.639  54.193 0.2222220004
33769  11.661  -28.802  54.936 0.2222220004
34738  10.551  -28.434  56.197 0.2222220004
35754  9.592  -27.230  57.263 0.4444440007
35795  14.391  -26.466  52.388 0.2222220004
34759  13.513  -27.693  53.452 0.2222220004
34753  11.405  -28.208  54.354 0.3333329856
34746  10.113  -27.621  55.671 0.3333329856
35745  9.237  -26.675  57.735 0.5555559993
36753  8.687  -26.113  58.034 0.5555559993
36837  14.672  -25.840  50.991 0.2222220004
35796  13.402  -26.672  52.172 0.2222220004
34760  12.617  -27.741  53.263 0.2222220004
35787  12.156  -27.286  53.011 0.3333329856
36761  8.614  -26.050  57.000 0.5555559993
36754  8.158  -25.574  58.203 0.4444440007
36838  13.882  -25.611  50.790 0.4444440007
37851  14.909  -24.872  49.874 0.2222220004
36755  5.559  -25.541  58.038 0.4444440007
36769  5.356  -26.146  56.128 0.1111110002
34739  10.035  -27.799  56.787 0.4444440007
127803  9.557  -27.278  56.453 0.5555559993
129044  11.196  -27.563  53.926 0.3333329856
34754  10.687  -27.576  54.626 0.3333329856
35765  9.502  -26.685  55.749 0.5555559993
35755  9.186  -26.626  56.716 0.5555559993
35797  12.400  -26.575  52.422 0.2222220004
111857  11.352  -27.175  53.352 0.3333329856
35777  10.547  -26.880  53.866 0.5555559993
122837  10.058  -26.160  54.287 0.5555559993
36762  8.081  -25.299  57.290 0.5555559993
36824  12.829  -26.263  51.497 0.3333329856
35798  11.326  -26.067  52.488 0.5555559993
36807  10.664  -25.457  52.815 0.6666669846
37785  7.850  -24.204  56.734 0.6666669846
37777  7.507  -25.221  58.288 0.6666669846
112599  6.816  -24.885  58.461 0.5555559993
37865  15.375  -24.509  49.223 0.3333329856
36858  13.751  -25.051  50.372 0.4444440007
37776  7.503  -24.496  57.616 0.7777780294
115637  5.177  -25.362  56.251 0.1111110002
121869  15.804  -24.239  48.653 0.6666669846
37866  14.373  -24.339  49.133 0.3333329856
37786  5.493  -24.924  57.769 0.2222220004
36774  9.502  -25.954  54.939 0.5555559993
36768  8.874  -25.804  55.910 0.5555559993
36792  9.671  -25.282  54.179 0.5555559993
36775  9.011  -25.012  54.994 0.5555559993
37790  8.475  -24.787  55.634 0.5555559993
36839  12.415  -25.400  51.235 0.5555559993
114382  11.997  -25.698  51.997 0.6666669846
36825  11.137  -25.311  52.156 0.6666669846
36808  10.270  -25.107  53.564 0.5555559993
37805  9.323  -24.343  54.479 0.7777780294
37784  8.240  -25.091  56.362 0.7777780294
115618  7.100  -24.184  58.440 0.5555559993
37836  13.080  -24.914  50.742 0.5555559993
37837  12.143  -24.325  51.066 0.7777780294
37838  11.453  -23.842  51.512 0.8888890147
127565  7.566  -23.932  57.220 0.6666669846
37779  5.703  -24.696  58.347 0.4444440007
38824  15.887  -23.650  48.016 0.6666669846
38811  14.020  -23.547  48.847 0.7777780294
38790  13.232  -23.721  49.989 0.7777780294
37815  10.887  -24.436  52.256 0.8888890147
37816  10.349  -24.490  53.135 0.7777780294
119773  10.096  -23.733  53.389 0.8888890147
38791  12.787  -22.844  50.272 0.8888890147
39685  10.872  -22.533  52.754 0.8888890147
120535  14.994  -23.771  48.580 0.6666669846
39747  13.919  -22.607  49.103 0.7777780294
38772  11.696  -22.822  51.602 0.8888890147
38755  11.153  -23.288  52.213 0.8888890147
39786  16.995  -22.543  47.007 0.6666669846
38825  15.169  -23.127  48.150 0.6666669846
39716  12.951  -21.771  50.671 0.8888890147
39717  12.133  -22.194  50.984 0.8888890147
38771  11.918  -23.240  50.816 0.8888890147
39701  11.560  -22.266  52.334 0.7777780294
40751  14.204  -21.932  48.534 0.7777780294
39729  13.422  -22.219  49.836 0.8888890147
39785  17.905  -22.513  47.008 0.7777780294
39787  16.265  -22.329  47.286 0.7777780294
39768  14.876  -22.521  48.097 0.7777780294
39784  19.310  -22.694  47.076 0.7777780294
39803  18.549  -22.416  46.769 0.7777780294
40764  17.266  -21.915  46.626 0.7777780294
39700  12.028  -21.958  51.836 0.6666669846
40738  13.905  -21.697  49.540 0.8888890147
40730  13.708  -21.421  50.354 0.8888890147
40718  13.656  -21.161  51.312 0.7777780294
40719  12.904  -21.497  51.839 0.6666669846
39788  15.719  -21.726  47.359 0.7777780294
41685  14.524  -21.085  48.311 0.8888890147
39782  21.507  -22.813  47.115 0.5555559993
39802  19.844  -22.342  46.456 0.7777780294
125322  19.074  -22.313  46.352 0.7777780294
40779  18.556  -21.835  46.041 0.7777780294
40777  20.242  -21.985  45.552 0.7777780294
40778  19.348  -21.817  45.718 0.7777780294
40793  18.970  -20.914  45.649 0.7777780294
40737  27.037  -22.077  48.978 0.3333329856
40747  27.220  -21.171  48.816 0.4444440007
112992  14.863  -20.307  48.683 0.8888890147
41676  14.254  -20.909  49.291 0.8888890147
41666  14.416  -20.487  50.399 0.8888890147
39780  23.199  -22.891  47.186 0.4444440007
39761  22.676  -23.224  47.871 0.3333329856
41706  16.530  -20.693  46.685 0.7777780294
41684  15.258  -20.833  47.732 0.8888890147
41675  14.817  -19.993  49.799 0.8888890147
39781  22.280  -22.836  47.156 0.4444440007
41705  17.327  -20.210  46.522 0.8888890147
39799  22.757  -22.639  46.436 0.6666669846
39800  21.807  -22.705  46.360 0.6666669846
40776  21.262  -22.235  45.566 0.7777780294
39739  26.396  -22.680  49.394 0.2222220004
121900  25.538  -22.771  49.132 0.3333329856
39757  26.185  -22.311  48.645 0.3333329856
41692  27.125  -19.932  47.888 0.4444440007
41682  26.835  -20.763  48.119 0.4444440007
39759  24.428  -22.674  48.197 0.3333329856
39778  25.124  -22.415  47.531 0.4444440007
42582  15.279  -19.263  50.323 0.7777780294
41665  14.805  -19.873  50.868 0.7777780294
116138  14.475  -20.350  51.172 0.6666669846
42610  26.961  -19.658  47.132 0.5555559993
39779  24.166  -22.709  47.320 0.3333329856
41695  16.069  -20.259  47.414 0.8888890147
41683  15.621  -19.800  48.245 0.8888890147
42593  15.265  -19.333  49.180 0.7777780294
42614  26.905  -19.495  46.336 0.5555559993
40762  23.719  -22.556  46.496 0.6666669846
41704  17.922  -19.848  46.200 0.8888890147
42619  16.727  -19.712  47.030 0.8888890147
40791  20.770  -21.589  44.758 0.7777780294
41714  19.291  -20.330  45.126 0.8888890147
40775  22.261  -22.397  45.620 0.7777780294
40789  22.722  -22.075  44.903 0.7777780294
40790  21.780  -21.870  44.821 0.7777780294
40802  20.604  -20.806  44.370 0.7777780294
40749  26.062  -22.138  47.798 0.3333329856
39758  25.315  -22.500  48.386 0.4444440007
41693  26.602  -20.475  47.381 0.4444440007
40759  26.448  -21.421  47.516 0.5555559993
40760  25.854  -21.966  47.025 0.5555559993
42602  15.920  -18.798  48.642 0.7777780294
41702  26.547  -20.326  46.579 0.5555559993
41694  26.283  -21.205  46.778 0.5555559993
40761  24.897  -22.289  46.560 0.5555559993
43582  16.903  -18.760  47.432 0.8888890147
126924  16.497  -18.550  48.188 0.7777780294
42624  26.666  -19.187  45.556 0.5555559993
42615  26.490  -20.199  45.689 0.5555559993
41703  26.137  -21.098  45.975 0.5555559993
40773  25.292  -21.822  45.644 0.5555559993
42617  18.208  -19.297  46.139 0.8888890147
42618  17.522  -19.192  46.659 0.8888890147
43622  27.013  -18.560  45.341 0.5555559993
41716  25.580  -20.243  44.280 0.6666669846
41712  25.866  -21.003  44.850 0.7777780294
40787  24.441  -21.666  44.766 0.7777780294
40788  23.533  -22.030  45.089 0.7777780294
42628  19.365  -19.571  45.208 0.8888890147
42629  18.574  -19.908  45.607 0.8888890147
43637  27.367  -18.419  44.221 0.6666669846
44643  26.513  -18.216  43.460 0.6666669846
43623  26.312  -18.757  44.597 0.6666669846
42634  25.657  -19.427  44.019 0.6666669846
41717  24.934  -20.836  44.108 0.7777780294
40799  23.290  -21.754  44.186 0.7777780294
40800  22.346  -21.604  44.055 0.7777780294
41720  21.337  -20.437  43.935 0.7777780294
108262  30.867  -18.430  42.759 0.5555559993
43649  30.008  -18.574  43.081 0.5555559993
43662  29.507  -18.421  42.407 0.7777780294
114395  29.104  -18.371  43.370 0.6666669846
44652  27.800  -18.275  43.130 0.6666669846
44641  27.292  -17.798  43.388 0.6666669846
44642  26.988  -17.892  43.552 0.6666669846
127998  25.927  -18.073  42.766 0.7777780294
44663  28.094  -17.991  42.533 0.7777780294
44664  27.449  -17.082  42.989 0.6666669846
44665  26.760  -16.792  42.797 0.7777780294
45592  26.292  -16.765  42.756 0.7777780294
43581  17.285  -18.070  48.187 0.8888890147
43610  18.270  -18.559  46.501 0.8888890147
120475  17.603  -18.141  47.084 0.8888890147
42635  25.030  -20.108  43.659 0.7777780294
42616  18.821  -19.017  45.820 0.8888890147
107667  32.292  -18.413  42.797 0.5555559993
43660  31.540  -18.281  42.388 0.5555559993
43652  25.863  -18.701  43.283 0.6666669846
42642  24.978  -19.270  43.228 0.7777780294
41724  24.233  -19.857  43.285 0.7777780294
41726  22.721  -20.302  43.448 0.7777780294
41719  22.145  -20.827  43.748 0.7777780294
42637  21.391  -19.578  43.985 0.8888890147
42638  20.686  -19.887  44.304 0.8888890147
109681  30.917  -18.219  42.149 0.5555559993
43668  29.774  -18.310  41.624 0.8888890147
43669  29.149  -18.235  41.805 0.8888890147
44674  28.522  -17.885  41.722 0.8888890147
44653  26.900  -17.058  43.231 0.6666669846
45593  25.669  -16.815  42.598 0.7777780294
45594  25.049  -17.365  42.675 0.8888890147
43653  24.957  -18.336  42.901 0.8888890147
42643  23.338  -19.630  43.224 0.8888890147
42644  22.552  -19.473  43.404 0.8888890147
42636  21.952  -19.267  43.841 0.8888890147
121396  28.136  -17.456  40.753 0.8888890147
111446  27.713  -17.442  41.859 0.8888890147
45609  26.976  -16.832  42.223 0.8888890147
45612  24.645  -16.494  42.435 0.8888890147
44675  27.039  -17.357  40.977 0.8888890147
45625  26.350  -16.859  41.100 0.8888890147
45610  26.127  -16.465  42.231 0.8888890147
43580  18.077  -17.805  47.804 0.8888890147
43593  19.233  -18.304  46.529 0.8888890147
43594  18.513  -17.888  47.123 0.8888890147
43626  20.790  -18.634  45.618 0.8888890147
43627  19.710  -18.734  45.645 0.8888890147
44662  32.294  -18.108  41.793 0.6666669846
43666  31.314  -18.135  41.579 0.6666669846
43654  23.853  -17.994  42.651 0.8888890147
112878  24.074  -19.042  42.751 0.8888890147
43640  21.688  -18.852  44.589 0.8888890147
43625  21.457  -18.493  45.339 0.8888890147
43667  30.543  -18.260  41.532 0.8888890147
44673  29.126  -17.958  40.924 0.8888890147
44666  24.099  -17.093  42.579 0.8888890147
44654  23.204  -17.133  42.891 0.8888890147
44655  22.635  -17.583  43.403 0.7777780294
43639  22.360  -18.502  43.657 0.8888890147
129937  21.931  -18.812  44.402 0.7777780294
43677  30.888  -18.085  40.728 0.8888890147
43678  30.028  -18.181  40.756 0.8888890147
44702  28.168  -17.179  39.651 0.8888890147
46631  25.532  -15.407  40.395 0.7777780294
45646  25.701  -16.365  40.995 0.7777780294
46600  24.216  -15.016  41.517 0.8888890147
111599  24.405  -15.844  42.072 0.8888890147
44676  26.789  -16.904  40.639 0.8888890147
44619  19.416  -17.817  47.363 0.7777780294
114938  19.055  -17.340  48.674 0.4444440007
44627  20.819  -17.566  46.789 0.7777780294
129482  19.785  -17.984  46.996 0.8888890147
45608  35.236  -17.408  42.580 0.4444440007
118088  34.774  -17.780  42.705 0.5555559993
44651  34.114  -18.055  42.600 0.5555559993
44660  34.496  -17.651  42.176 0.5555559993
44634  21.822  -17.226  45.006 0.7777780294
44685  33.311  -17.484  40.870 0.7777780294
44671  32.562  -17.821  40.872 0.8888890147
44672  31.719  -17.886  40.842 0.8888890147
129490  23.745  -15.865  42.458 0.8888890147
45595  23.010  -16.042  43.067 0.8888890147
45596  22.514  -16.806  43.519 0.7777780294
44644  22.220  -17.539  44.113 0.7777780294
43624  21.926  -18.349  44.858 0.7777780294
108404  32.007  -17.591  40.152 0.8888890147
44687  31.265  -17.795  39.971 0.8888890147
44700  29.882  -17.316  39.227 0.8888890147
45662  28.535  -16.494  39.184 0.7777780294
45644  27.141  -16.258  40.181 0.7777780294
46630  26.597  -15.384  39.870 0.7777780294
47699  25.165  -14.431  40.284 0.7777780294
46613  24.687  -14.742  40.751 0.7777780294
47671  23.851  -14.344  41.713 0.7777780294
46601  23.774  -15.138  42.231 0.7777780294
46585  23.128  -15.145  42.730 0.8888890147
45645  26.252  -16.318  40.446 0.7777780294
44617  20.542  -17.637  47.217 0.5555559993
44605  20.638  -17.696  48.047 0.4444440007
46584  36.127  -16.204  43.519 0.2222220004
45591  35.711  -16.802  43.040 0.3333329856
44618  20.087  -17.779  47.439 0.6666669846
45607  35.702  -16.967  42.050 0.2222220004
128041  35.055  -17.314  42.117 0.5555559993
44626  21.431  -17.266  46.587 0.4444440007
43608  21.118  -18.083  46.193 0.6666669846
44670  33.925  -17.602  41.525 0.6666669846
44625  21.954  -16.937  45.964 0.7777780294
44635  21.638  -17.786  45.750 0.7777780294
44686  32.690  -17.234  40.212 0.8888890147
46586  22.367  -15.156  43.246 0.7777780294
112446  22.366  -15.925  43.773 0.7777780294
127507  22.170  -15.805  44.497 0.6666669846
45567  22.148  -16.242  45.305 0.6666669846
44708  32.065  -17.130  39.050 0.8888890147
44698  31.648  -17.419  39.382 0.8888890147
45660  30.332  -16.773  38.656 0.8888890147
46650  28.967  -15.522  39.030 0.7777780294
46651  28.230  -15.869  39.429 0.7777780294
47697  26.892  -14.552  39.859 0.7777780294
48794  26.448  -13.875  40.375 0.7777780294
48795  25.390  -13.774  40.348 0.7777780294
48789  24.305  -13.731  41.267 0.7777780294
48776  23.720  -13.552  42.111 0.7777780294
47660  22.650  -14.308  42.890 0.6666669846
49699  25.233  -11.035  48.288 0.3333329856
49700  24.199  -11.277  48.771 0.2222220004
48687  23.149  -12.385  48.804 0.1111110002
119123  22.531  -13.454  49.006 0.1111110002
46527  22.433  -15.174  48.544 0.1111110002
45551  22.293  -16.458  47.878 0.2222220004
50743  27.430  -10.619  48.386 0.1111110002
50759  25.993  -11.205  47.547 0.3333329856
114006  24.235  -11.343  47.941 0.3333329856
109621  23.688  -11.550  47.201 0.2222220004
113746  23.255  -12.455  47.336 0.2222220004
48705  22.451  -13.962  47.006 0.2222220004
47612  22.567  -14.738  47.302 0.1111110002
45558  22.422  -16.270  47.134 0.2222220004
44616  21.199  -17.415  47.525 0.3333329856
46596  36.830  -15.508  42.655 0.2222220004
46597  36.193  -16.107  42.657 0.2222220004
50769  27.415  -11.125  46.740 0.1111110002
50770  26.631  -11.126  46.742 0.2222220004
48704  22.767  -13.299  47.186 0.2222220004
46548  22.667  -15.544  46.803 0.2222220004
44615  21.835  -16.875  47.326 0.3333329856
47667  37.519  -15.100  42.580 0.3333329856
46610  36.149  -16.137  41.723 0.4444440007
48728  29.109  -12.316  45.372 0.1111110002
50783  27.564  -11.583  45.370 0.2222220004
50784  26.829  -11.310  45.404 0.2222220004
50785  25.878  -11.260  45.575 0.3333329856
49728  24.173  -11.832  46.188 0.2222220004
49746  23.172  -12.279  45.874 0.2222220004
48718  22.320  -13.488  46.348 0.2222220004
47627  22.473  -14.637  46.307 0.2222220004
120304  22.614  -15.611  46.020 0.3333329856
122108  22.007  -16.701  46.681 0.4444440007
46609  36.539  -15.500  41.407 0.4444440007
45641  34.513  -16.641  40.459 0.6666669846
47669  30.077  -13.902  42.035 0.5555559993
48771  29.133  -13.402  42.807 0.4444440007
48755  28.843  -12.523  43.485 0.4444440007
49770  28.081  -12.187  43.893 0.4444440007
124796  26.766  -11.621  44.327 0.4444440007
110227  24.953  -11.540  43.815 0.5555559993
49760  23.428  -12.175  44.355 0.4444440007
48742  22.726  -13.015  44.344 0.4444440007
48743  22.397  -13.667  44.760 0.3333329856
46562  22.206  -15.092  45.101 0.5555559993
114338  22.502  -16.221  46.347 0.6666669846
46626  35.215  -16.000  40.149 0.6666669846
45642  33.488  -16.806  40.195 0.7777780294
46612  30.145  -14.667  41.191 0.7777780294
47670  29.538  -14.014  42.054 0.6666669846
48785  28.270  -13.412  41.179 0.6666669846
48756  27.938  -12.621  43.097 0.5555559993
49785  26.178  -12.099  42.350 0.6666669846
49773  25.431  -11.823  43.045 0.6666669846
119710  23.944  -12.049  43.483 0.5555559993
48758  22.507  -13.413  43.214 0.5555559993
47661  22.266  -14.367  43.585 0.4444440007
47649  22.160  -14.360  44.478 0.4444440007
45658  34.375  -16.080  39.548 0.7777780294
45659  33.608  -16.493  39.296 0.8888890147
44710  31.045  -17.030  38.291 0.8888890147
111145  29.953  -15.796  38.767 0.7777780294
47695  28.992  -14.743  39.410 0.7777780294
47696  28.455  -14.063  40.567 0.7777780294
48773  27.807  -12.968  42.107 0.6666669846
49794  25.796  -12.610  41.544 0.6666669846
49786  25.223  -12.558  42.057 0.7777780294
48757  23.145  -12.832  42.724 0.5555559993
113800  33.174  -16.519  38.470 0.8888890147
45672  32.263  -16.770  38.571 0.8888890147
109847  37.862  -14.587  43.237 0.1111110002
47666  38.181  -14.669  42.325 0.3333329856
47668  37.010  -15.154  41.837 0.4444440007
46624  36.511  -15.387  40.505 0.5555559993
46625  35.833  -15.823  40.536 0.4444440007
46647  36.029  -15.553  39.769 0.5555559993
46611  30.365  -14.412  41.118 0.7777780294
45670  34.507  -15.636  38.832 0.7777780294
45671  33.923  -16.101  38.541 0.8888890147
47718  30.376  -14.796  38.901 0.7777780294
46666  32.580  -16.153  38.033 0.8888890147
46667  31.716  -15.778  38.140 0.8888890147
46649  31.130  -15.021  38.406 0.7777780294
47678  38.116  -14.357  41.680 0.4444440007
118324  37.747  -14.911  41.873 0.4444440007
121207  30.858  -13.362  42.587 0.3333329856
47679  37.318  -14.478  41.225 0.4444440007
47681  30.666  -13.660  41.720 0.5555559993
47694  37.020  -14.602  40.548 0.5555559993
119641  30.734  -13.843  40.858 0.6666669846
109940  31.101  -13.757  40.419 0.5555559993
46646  36.636  -14.843  39.642 0.6666669846
47715  35.889  -15.104  39.020 0.6666669846
47717  31.133  -14.311  39.311 0.6666669846
48809  31.401  -13.843  39.372 0.6666669846
47716  34.954  -15.121  38.548 0.6666669846
46678  33.751  -15.207  37.438 0.8888890147
118802  32.274  -15.292  37.764 0.8888890147
47734  31.922  -14.535  37.821 0.7777780294
48819  31.608  -13.839  38.360 1.0000000000
46677  34.538  -14.710  37.720 0.8888890147
47750  33.805  -14.473  37.093 1.0000000000
47751  33.134  -14.610  36.885 1.0000000000
47752  32.530  -14.657  37.192 1.0000000000
48738  32.498  -12.115  44.558 0.2222220004
48780  39.245  -13.198  41.706 0.2222220004
48768  32.106  -12.288  43.304 0.3333329856
48766  38.687  -13.892  42.204 0.2222220004
48752  32.274  -12.207  43.934 0.3333329856
48782  37.696  -13.616  41.036 0.3333329856
47657  31.607  -12.698  43.424 0.3333329856
48769  31.372  -12.903  42.620 0.3333329856
48784  31.258  -13.189  41.666 0.4444440007
47714  37.201  -14.047  39.878 0.5555559993
111528  31.144  -13.299  40.118 0.6666669846
49819  31.308  -13.157  39.240 0.8888890147
49832  31.412  -13.166  37.895 1.0000000000
120435  36.746  -13.859  39.370 0.7777780294
48808  36.166  -14.107  38.946 0.7777780294
48818  31.994  -13.894  37.320 1.0000000000
49849  31.030  -12.372  37.646 1.0000000000
48817  35.096  -13.753  37.798 1.0000000000
48826  34.331  -13.836  37.147 1.0000000000
48827  33.456  -13.762  36.613 1.0000000000
48828  32.629  -13.924  36.586 1.0000000000
49724  33.788  -11.331  46.032 0.1111110002
49742  33.120  -11.778  45.429 0.2222220004
49754  33.065  -12.015  45.025 0.2222220004
48724  32.942  -12.072  45.003 0.2222220004
48751  32.817  -11.781  44.173 0.2222220004
48737  32.986  -11.872  44.584 0.2222220004
48767  32.609  -11.907  43.807 0.3333329856
50812  32.508  -11.656  43.127 0.4444440007
48783  31.838  -12.308  42.698 0.4444440007
118850  31.445  -12.418  41.997 0.6666669846
49793  31.384  -11.877  41.602 0.6666669846
49801  31.043  -12.595  40.439 0.6666669846
48791  38.196  -12.917  40.605 0.3333329856
49791  38.785  -12.507  41.075 0.3333329856
109973  31.235  -12.899  41.054 0.6666669846
109687  30.699  -12.410  39.715 0.6666669846
48781  38.414  -13.398  41.388 0.2222220004
107716  30.789  -12.549  38.686 0.8888890147
48792  37.616  -13.349  40.216 0.6666669846
50871  30.158  -11.997  38.406 1.0000000000
48806  37.314  -13.087  39.402 0.8888890147
48807  36.646  -13.218  38.645 1.0000000000
49848  31.884  -12.973  36.732 1.0000000000
48816  36.026  -13.555  38.043 1.0000000000
48825  34.895  -13.053  37.362 1.0000000000
48835  34.173  -13.053  36.739 1.0000000000
48836  32.805  -13.010  36.378 1.0000000000
49867  32.404  -12.164  36.429 1.0000000000
49741  33.317  -11.339  45.315 0.1111110002
49753  33.072  -11.708  44.654 0.2222220004
50793  33.187  -11.133  44.819 0.1111110002
49768  32.949  -11.608  44.191 0.2222220004
49782  32.992  -11.508  43.903 0.3333329856
49783  32.840  -11.681  43.623 0.3333329856
49792  31.770  -11.828  42.505 0.6666669846
50834  30.817  -11.598  40.623 0.6666669846
49790  39.585  -12.272  41.414 0.2222220004
50853  30.398  -11.773  39.454 0.6666669846
50818  39.239  -11.601  40.726 0.2222220004
49799  38.661  -12.138  40.101 0.3333329856
49816  38.437  -11.751  39.315 0.7777780294
49800  38.050  -12.586  39.739 0.7777780294
49817  37.702  -12.169  39.258 0.8888890147
50852  37.633  -11.403  38.924 1.0000000000
50889  30.486  -11.815  37.506 1.0000000000
49818  36.965  -12.052  38.755 1.0000000000
49831  36.335  -12.541  37.846 1.0000000000
49846  35.554  -12.333  37.435 1.0000000000
49866  33.296  -12.094  36.282 1.0000000000
109919  32.603  -11.883  36.156 1.0000000000
50888  31.589  -11.877  36.784 1.0000000000
50781  34.512  -10.349  45.572 0.1111110002
50792  33.673  -10.377  45.350 0.2222220004
51835  32.772  -10.572  43.990 0.2222220004
52840  32.301  -9.704  43.331 0.1111110002
50810  33.043  -11.057  43.837 0.3333329856
52857  32.151  -9.425  42.765 0.2222220004
50811  32.877  -11.308  43.578 0.3333329856
50819  32.416  -10.852  43.243 0.4444440007
51850  32.173  -10.269  43.132 0.2222220004
51851  31.674  -10.075  42.494 0.4444440007
50820  31.823  -11.051  42.682 0.6666669846
115188  31.343  -10.846  41.691 0.6666669846
123062  30.844  -10.639  41.039 0.5555559993
110030  30.520  -10.818  40.166 0.6666669846
50833  39.000  -11.103  39.901 0.3333329856
51902  30.309  -10.935  39.113 0.7777780294
50851  38.796  -11.181  39.224 0.5555559993
50872  29.828  -11.212  38.174 1.0000000000
50869  37.036  -11.014  38.467 0.6666669846
50870  36.592  -11.452  38.107 0.7777780294
50885  36.630  -10.846  37.793 0.8888890147
50906  35.427  -11.099  36.748 1.0000000000
109322  34.651  -11.544  36.611 1.0000000000
51915  29.368  -10.477  37.793 1.0000000000
49847  34.734  -12.287  37.083 1.0000000000
123833  33.950  -11.618  36.436 1.0000000000
50908  33.534  -11.604  36.065 1.0000000000
50909  31.946  -11.656  36.293 1.0000000000
50910  30.920  -11.654  36.777 1.0000000000
109533  29.550  -10.651  36.840 1.0000000000
51931  31.045  -11.575  35.781 1.0000000000
51932  29.920  -11.356  36.171 1.0000000000
51852  31.316  -9.974  41.570 0.4444440007
51888  30.141  -10.061  39.958 0.7777780294
51886  38.805  -11.236  38.890 0.5555559993
51889  29.546  -10.104  38.968 1.0000000000
51872  39.140  -10.933  39.437 0.4444440007
51903  29.071  -9.564  38.295 0.8888890147
51887  38.310  -11.121  38.886 0.5555559993
128367  38.244  -10.878  38.554 0.5555559993
51901  37.236  -10.653  38.045 0.6666669846
50907  34.173  -11.198  36.149 1.0000000000
50928  33.716  -11.190  35.737 1.0000000000
51930  32.187  -11.469  35.648 1.0000000000
51948  30.117  -10.976  35.180 1.0000000000
51949  29.416  -10.371  35.919 1.0000000000
52858  31.729  -9.241  42.130 0.4444440007
52859  31.081  -9.105  41.370 0.4444440007
51873  30.679  -9.956  40.818 0.4444440007
52871  30.439  -9.058  40.497 0.4444440007
52878  29.605  -9.274  39.838 0.6666669846
52879  29.239  -8.960  39.121 0.8888890147
51899  38.463  -11.005  38.313 0.5555559993
51909  39.681  -11.784  38.167 0.2222220004
51910  38.942  -11.438  37.897 0.3333329856
51900  37.891  -10.637  38.159 0.5555559993
51912  37.525  -10.778  37.597 0.6666669846
51924  38.839  -11.176  37.068 0.3333329856
51925  38.027  -11.289  36.954 0.3333329856
51911  38.265  -10.894  37.707 0.4444440007
51926  37.081  -11.112  36.769 0.6666669846
51927  36.313  -10.738  36.689 0.7777780294
51928  35.727  -10.791  36.381 0.7777780294
51929  34.859  -10.883  36.134 1.0000000000
52889  29.200  -9.668  37.205 1.0000000000
50924  39.561  -11.732  35.842 0.3333329856
50904  39.321  -11.499  36.592 0.3333329856
51943  36.042  -10.752  35.952 0.7777780294
51944  35.332  -10.849  35.627 1.0000000000
50927  34.214  -10.909  35.796 1.0000000000
51947  32.937  -11.220  35.268 1.0000000000
129527  29.291  -9.358  36.432 0.8888890147
50905  38.767  -11.418  36.193 0.3333329856
51942  37.816  -11.527  36.242 0.4444440007
119783  36.481  -11.129  35.562 0.8888890147
51962  34.117  -10.674  34.676 1.0000000000
51963  33.401  -10.743  34.529 1.0000000000
111634  32.825  -10.908  34.589 1.0000000000
51965  30.425  -10.425  34.183 1.0000000000
52903  29.473  -9.983  34.750 1.0000000000
53936  29.485  -8.916  35.783 0.8888890147
109094  39.021  -11.619  35.183 0.3333329856
50925  38.121  -11.684  35.438 0.5555559993
51959  36.825  -11.159  34.882 0.5555559993
51960  35.965  -11.136  34.987 1.0000000000
51961  35.028  -11.024  34.616 1.0000000000
51964  31.724  -10.679  33.872 1.0000000000
52915  29.787  -9.442  33.846 1.0000000000
53942  29.520  -9.007  34.620 0.8888890147
50943  38.440  -11.691  34.488 0.7777780294
51976  36.513  -10.955  34.085 1.0000000000
112204  35.782  -10.990  34.083 0.8888890147
51978  34.370  -10.898  33.830 1.0000000000
115425  33.579  -10.726  33.867 1.0000000000
52913  31.808  -10.146  33.312 1.0000000000
52926  31.341  -9.433  32.828 1.0000000000
53949  30.511  -8.685  33.221 1.0000000000
107546  37.887  -11.433  33.731 0.8888890147
50956  37.054  -11.188  33.282 0.8888890147
50957  36.096  -10.852  33.248 1.0000000000
114883  33.738  -10.723  33.122 1.0000000000
51979  33.055  -10.399  33.154 1.0000000000
52925  32.213  -10.002  32.898 1.0000000000
111957  29.802  -8.355  39.925 0.5555559993
53922  29.403  -8.015  38.982 0.7777780294
109536  29.001  -8.717  38.149 0.8888890147
49864  42.023  -12.627  35.996 0.2222220004
50902  41.127  -12.469  36.135 0.2222220004
50883  40.277  -12.132  37.620 0.2222220004
50884  39.508  -11.628  37.309 0.2222220004
53931  29.261  -8.428  37.033 0.8888890147
50903  40.136  -12.002  36.635 0.2222220004
49879  41.848  -12.550  35.260 0.2222220004
50922  41.111  -12.132  35.040 0.3333329856
50923  40.350  -12.068  35.583 0.3333329856
107573  40.909  -12.193  34.109 0.3333329856
121460  40.494  -12.079  34.818 0.3333329856
110442  39.809  -11.968  34.978 0.3333329856
54943  30.583  -7.373  33.704 1.0000000000
53950  30.035  -8.264  34.194 0.8888890147
54937  29.791  -7.911  35.208 0.8888890147
50941  40.146  -12.111  34.297 0.4444440007
50942  39.358  -11.887  34.176 0.4444440007
50954  39.267  -11.758  33.199 0.6666669846
122295  38.686  -11.694  33.705 0.7777780294
50958  35.294  -11.212  32.720 1.0000000000
116223  34.635  -11.298  32.053 1.0000000000
51995  33.151  -10.339  32.489 1.0000000000
52939  32.607  -10.062  32.613 1.0000000000
53960  31.260  -8.440  32.651 1.0000000000
122706  31.013  -7.671  33.087 1.0000000000
108064  37.760  -11.397  32.838 1.0000000000
50971  37.193  -11.394  32.315 1.0000000000
50988  35.430  -11.433  31.899 1.0000000000
51994  33.837  -10.786  32.257 1.0000000000
52951  32.535  -9.832  31.916 1.0000000000
53975  31.703  -8.397  32.115 1.0000000000
54912  30.559  -6.694  38.961 0.5555559993
54913  29.931  -7.197  38.539 0.7777780294
114347  29.606  -8.003  37.993 0.7777780294
49878  42.624  -12.748  35.471 0.1111110002
49886  42.570  -12.463  34.610 0.2222220004
54922  30.528  -6.561  36.840 0.7777780294
121810  29.867  -7.340  37.435 0.8888890147
54929  29.579  -7.527  36.283 0.8888890147
50940  41.769  -12.197  34.305 0.3333329856
54936  30.225  -7.097  34.662 0.8888890147
54928  30.079  -6.830  35.677 0.8888890147
50953  40.203  -11.924  33.422 0.6666669846
55896  30.728  -6.190  34.101 0.8888890147
50952  41.212  -11.935  33.189 0.4444440007
50955  38.466  -11.569  32.945 0.8888890147
54966  31.772  -7.402  31.960 1.0000000000
53976  31.415  -7.478  32.543 1.0000000000
55917  31.237  -6.623  33.180 1.0000000000
124004  39.826  -11.677  32.667 0.6666669846
125865  39.082  -11.590  32.232 0.6666669846
50970  38.068  -11.506  32.019 0.8888890147
50987  36.366  -11.455  31.799 1.0000000000
110595  32.666  -9.509  31.008 1.0000000000
52952  32.180  -8.961  31.575 1.0000000000
50986  37.254  -11.380  31.443 1.0000000000
51004  36.578  -11.300  30.798 1.0000000000
52022  35.032  -10.895  30.510 1.0000000000
52005  34.168  -10.728  31.137 1.0000000000
52966  33.448  -9.861  30.458 1.0000000000
55862  31.344  -6.144  38.800 0.5555559993
49877  43.360  -12.811  35.767 0.1111110002
113214  30.588  -6.593  38.064 0.6666669846
128149  43.930  -12.521  35.343 0.1111110002
49885  43.355  -12.556  34.953 0.2222220004
50939  42.511  -12.004  33.931 0.2222220004
55895  31.419  -5.492  34.715 0.7777780294
55884  30.676  -6.088  35.167 0.8888890147
128713  30.808  -6.104  36.044 0.7777780294
55939  31.858  -6.745  32.353 0.7777780294
112395  31.635  -5.757  33.798 0.6666669846
53990  32.614  -8.445  30.771 1.0000000000
50969  40.626  -11.661  32.429 0.4444440007
109161  39.906  -11.433  31.988 0.5555559993
123009  33.025  -9.104  30.432 1.0000000000
123516  37.942  -11.288  31.151 0.8888890147
51003  37.401  -11.239  30.543 0.8888890147
52021  35.945  -10.911  30.198 1.0000000000
52041  34.370  -10.264  30.045 1.0000000000
55871  31.329  -5.903  37.707 0.5555559993
55876  32.100  -5.338  37.362 0.3333329856
123784  44.611  -12.389  35.268 0.1111110002
55883  32.197  -5.203  36.298 0.3333329856
55877  31.366  -5.661  36.662 0.6666669846
49884  44.140  -12.162  34.674 0.1111110002
56943  32.380  -5.251  35.311 0.3333329856
123958  31.451  -5.523  35.702 0.4444440007
50938  43.403  -12.009  34.024 0.2222220004
56961  32.535  -5.487  33.683 0.4444440007
119550  32.471  -5.355  34.466 0.3333329856
110852  41.993  -11.906  33.409 0.3333329856
55958  32.955  -6.479  31.286 0.7777780294
55938  32.611  -6.284  32.099 0.5555559993
50968  41.511  -11.650  32.413 0.3333329856
50983  40.501  -11.353  31.710 0.3333329856
126764  33.110  -7.697  30.471 0.8888890147
50984  39.381  -11.404  31.506 0.8888890147
51002  38.312  -11.090  30.370 0.8888890147
52020  36.783  -11.070  29.846 1.0000000000
54003  33.361  -8.362  30.185 1.0000000000
50937  44.965  -11.909  34.517 0.1111110002
58005  34.712  -4.417  36.397 0.2222220004
56942  34.158  -4.597  35.438 0.3333329856
113105  33.099  -4.963  35.912 0.3333329856
50950  44.419  -11.580  33.920 0.1111110002
56959  34.233  -4.642  34.301 0.3333329856
56960  33.349  -5.226  34.926 0.3333329856
50951  42.834  -11.608  33.283 0.3333329856
50967  42.244  -11.510  32.608 0.3333329856
123362  33.048  -5.679  32.509 0.5555559993
56996  33.874  -5.245  32.492 0.4444440007
107479  40.776  -11.090  31.092 0.5555559993
112113  33.443  -5.796  31.839 0.6666669846
51001  39.277  -11.210  30.737 0.7777780294
52040  35.258  -10.390  29.698 1.0000000000
54018  33.870  -8.750  29.651 0.8888890147
54994  33.679  -7.476  30.287 0.7777780294
52038  38.189  -10.951  29.174 0.8888890147
52055  37.106  -10.817  28.940 0.8888890147
52981  35.508  -9.824  29.012 1.0000000000
123593  34.349  -9.081  29.264 1.0000000000
54993  34.089  -7.768  29.949 0.8888890147
58026  34.883  -4.537  34.668 0.2222220004
56980  34.287  -4.738  33.311 0.4444440007
55957  33.891  -6.105  31.128 0.7777780294
116817  8.810  -26.564  59.246 0.4444440007
36749  6.485  -25.663  58.609 0.4444440007
33774  12.868  -28.626  54.463 0.2222220004
33763  11.232  -29.022  55.700 0.2222220004
32840  12.091  -29.248  55.501 0.2222220004
34758  14.513  -27.244  53.560 0.2222220004
125191  6.023  -25.871  58.643 0.2222220004
36750  5.871  -25.386  58.492 0.4444440007
108799  5.353  -25.198  56.975 0.2222220004
35739  5.578  -26.273  57.714 0.2222220004
115964  5.468  -26.082  56.690 0.1111110002
35746  5.585  -26.500  56.997 0.2222220004
33782  12.716  -28.278  53.796 0.2222220004
34745  10.895  -28.348  55.200 0.2222220004
36823  13.905  -26.137  51.514 0.2222220004
34761  11.856  -28.054  53.530 0.3333329856
35778  10.055  -26.827  54.822 0.5555559993
34769  12.991  -27.314  52.693 0.2222220004
109471  11.617  -26.693  52.884 0.3333329856
36857  14.429  -25.369  50.347 0.4444440007
36856  15.274  -25.604  50.394 0.2222220004
35788  10.850  -26.432  53.097 0.4444440007
35789  10.373  -25.918  53.645 0.5555559993
129513  13.152  -25.910  50.918 0.4444440007
37772  6.115  -24.701  58.682 0.5555559993
37852  14.011  -24.747  49.822 0.4444440007
37853  13.407  -24.404  50.167 0.5555559993
37796  4.899  -25.207  55.539 0.1111110002
37825  11.540  -24.839  51.616 0.7777780294
37804  9.895  -24.339  53.812 0.7777780294
37791  8.350  -24.121  56.029 0.7777780294
37854  12.739  -23.878  50.514 0.7777780294
39766  16.539  -23.057  47.578 0.6666669846
38823  16.877  -23.647  48.081 0.4444440007
39767  15.608  -22.662  47.699 0.6666669846
37867  13.646  -24.106  49.404 0.6666669846
38812  13.510  -23.239  49.537 0.7777780294
38737  10.482  -23.555  52.774 0.8888890147
38726  9.781  -23.306  53.997 0.7777780294
38826  14.439  -22.958  48.410 0.7777780294
40763  17.895  -21.790  46.440 0.7777780294
41696  15.885  -21.040  46.994 0.7777780294
40765  16.502  -21.616  46.794 0.7777780294
40750  14.977  -21.800  47.905 0.7777780294
122447  14.119  -21.122  50.134 0.8888890147
40729  14.124  -20.882  50.882 0.8888890147
41652  13.735  -20.707  52.217 0.6666669846
40717  14.219  -20.556  51.689 0.7777780294
39801  20.808  -22.615  46.524 0.6666669846
111042  18.039  -20.758  46.117 0.8888890147
40780  17.181  -21.138  46.450 0.7777780294
40748  26.711  -21.664  48.266 0.3333329856
40792  19.763  -21.156  44.869 0.7777780294
115429  16.267  -19.257  47.813 0.8888890147
42613  27.461  -18.884  46.804 0.5555559993
112198  24.153  -22.177  45.730 0.7777780294
40774  23.197  -22.364  45.737 0.6666669846
41713  19.913  -20.215  44.660 0.7777780294
40801  21.469  -21.250  44.198 0.7777780294
42592  15.924  -18.647  49.717 0.5555559993
127799  16.548  -18.294  49.772 0.5555559993
43565  16.474  -18.121  48.981 0.6666669846
108624  25.843  -21.868  46.301 0.5555559993
43638  26.912  -18.322  44.470 0.5555559993
42625  25.991  -19.612  44.992 0.6666669846
40798  23.922  -21.085  43.919 0.7777780294
42627  20.211  -19.343  44.910 0.8888890147
126919  24.380  -20.519  43.620 0.7777780294
41718  22.954  -21.098  43.600 0.7777780294
43661  30.300  -18.365  42.268 0.7777780294
43663  28.775  -18.354  42.443 0.8888890147
43650  28.272  -18.459  43.063 0.7777780294
43651  27.823  -18.508  43.692 0.6666669846
127756  26.326  -17.291  43.002 0.6666669846
44608  18.202  -17.634  48.724 0.7777780294
114494  17.347  -17.819  49.105 0.5555559993
41725  23.566  -20.450  43.408 0.7777780294
41727  21.999  -20.031  43.649 0.7777780294
42626  20.991  -19.030  44.594 0.8888890147
45611  25.461  -16.393  42.327 0.8888890147
43655  23.158  -18.775  43.010 0.8888890147
46599  25.044  -15.748  41.559 0.8888890147
44607  18.847  -17.568  47.962 0.7777780294
43609  20.249  -18.080  46.572 0.8888890147
43659  33.226  -18.308  42.488 0.7777780294
109672  33.196  -17.972  41.565 0.7777780294
123573  28.717  -17.621  39.973 0.8888890147
129100  23.753  -16.450  42.601 0.8888890147
119642  22.988  -17.995  43.030 0.7777780294
44688  30.412  -17.835  39.919 0.8888890147
44689  29.498  -17.784  39.959 0.8888890147
45663  27.841  -16.493  39.668 0.8888890147
44690  27.470  -17.013  40.267 0.7777780294
47698  25.899  -14.560  39.972 0.7777780294
47684  24.274  -14.299  41.060 0.7777780294
44606  19.848  -17.591  48.259 0.6666669846
44661  33.791  -17.934  42.067 0.6666669846
45580  22.178  -16.597  44.345 0.7777780294
44697  32.212  -17.255  39.626 0.7777780294
44699  30.868  -17.396  39.027 0.8888890147
44701  28.946  -17.241  39.334 0.8888890147
45661  29.363  -16.507  38.848 0.8888890147
46652  27.579  -15.679  39.768 0.7777780294
47720  27.356  -15.060  39.685 0.7777780294
48796  24.673  -13.928  40.589 0.7777780294
47672  23.342  -14.351  42.391 0.6666669846
45623  34.771  -17.157  41.481 0.6666669846
45622  35.516  -16.430  41.083 0.6666669846
45624  34.022  -17.191  40.898 0.6666669846
45643  32.740  -16.833  39.359 0.8888890147
46575  22.066  -15.127  44.027 0.6666669846
44709  31.547  -17.120  38.635 0.8888890147
47719  28.229  -15.140  39.668 0.7777780294
48793  27.560  -13.875  40.496 0.7777780294
48774  26.697  -12.639  41.760 0.7777780294
48786  27.164  -13.285  41.167 0.7777780294
48787  26.020  -13.134  40.944 0.7777780294
48788  24.983  -13.108  40.986 0.7777780294
48775  24.505  -13.134  41.820 0.7777780294
48777  22.989  -13.649  42.608 0.5555559993
50745  25.767  -10.694  48.995 0.2222220004
49686  24.756  -10.836  49.187 0.2222220004
49715  23.450  -11.905  48.034 0.2222220004
49701  23.593  -11.629  48.607 0.1111110002
124307  23.225  -13.069  48.108 0.1111110002
47599  22.425  -14.748  48.074 0.1111110002
47598  22.461  -14.396  48.635 0.1111110002
125671  22.658  -16.023  48.318 0.1111110002
46535  22.550  -15.550  47.723 0.1111110002
50757  27.650  -10.887  47.512 0.1111110002
50758  26.817  -10.802  47.661 0.1111110002
50744  26.610  -10.537  48.727 0.2222220004
108886  26.059  -10.712  48.242 0.3333329856
50771  25.778  -11.220  46.605 0.3333329856
124532  25.281  -11.288  47.518 0.3333329856
49729  23.376  -12.151  46.661 0.2222220004
48717  22.712  -12.687  46.507 0.2222220004
47611  22.607  -13.985  47.916 0.1111110002
108975  36.611  -15.711  42.062 0.3333329856
116885  27.160  -11.212  45.952 0.2222220004
49744  27.899  -11.574  45.980 0.1111110002
116373  26.450  -10.929  45.999 0.3333329856
50772  24.672  -11.388  46.950 0.2222220004
111108  25.088  -11.459  46.141 0.3333329856
49755  28.675  -12.274  44.363 0.3333329856
49756  27.936  -11.985  44.801 0.3333329856
48741  29.287  -12.558  44.785 0.3333329856
49743  28.272  -11.954  45.404 0.2222220004
50794  27.198  -11.563  44.841 0.2222220004
50796  25.418  -11.546  44.732 0.3333329856
50795  26.400  -11.514  44.864 0.5555559993
49759  24.406  -11.691  44.497 0.3333329856
50786  24.826  -11.630  45.406 0.3333329856
49745  23.875  -12.007  45.233 0.4444440007
125272  23.148  -12.497  45.050 0.2222220004
48729  22.546  -13.054  45.488 0.3333329856
47639  22.147  -13.986  45.435 0.3333329856
48770  29.935  -13.376  42.903 0.4444440007
47682  29.849  -14.709  41.336 0.5555559993
48772  28.706  -13.678  42.159 0.6666669846
126084  28.467  -13.151  42.749 0.5555559993
49771  27.451  -12.154  43.485 0.5555559993
49757  27.392  -11.786  44.171 0.2222220004
49784  27.112  -12.429  42.730 0.5555559993
49772  26.647  -11.839  43.461 0.5555559993
49758  25.955  -11.588  44.066 0.5555559993
128769  24.663  -11.872  43.208 0.5555559993
49775  22.920  -12.546  43.472 0.5555559993
48759  22.348  -13.768  44.044 0.4444440007
112582  29.666  -14.983  39.069 0.7777780294
46628  30.124  -14.706  40.443 0.7777780294
46629  29.902  -14.884  40.473 0.6666669846
47683  29.061  -14.223  41.379 0.7777780294
113906  29.112  -14.404  40.323 0.7777780294
49774  24.375  -12.540  42.592 0.6666669846
46648  35.072  -15.499  39.381 0.7777780294
127611  33.983  -16.472  39.908 0.8888890147
45673  31.669  -16.627  38.331 0.8888890147
45674  30.899  -16.058  38.360 0.8888890147
118195  27.826  -14.569  40.075 0.7777780294
125801  28.546  -14.511  39.985 0.7777780294
46665  33.554  -15.947  37.913 0.8888890147
47680  36.868  -14.938  41.163 0.5555559993
46598  30.280  -14.064  41.530 0.4444440007
46627  30.603  -14.325  40.329 0.6666669846
46664  34.321  -15.648  37.981 0.8888890147
124902  31.656  -15.019  38.049 0.7777780294
47693  37.327  -13.962  40.610 0.5555559993
47735  31.448  -14.400  38.509 0.6666669846
47733  35.435  -14.396  38.359 0.8888890147
46679  33.005  -15.337  37.512 0.8888890147
123805  32.572  -11.949  43.246 0.4444440007
50782  34.428  -10.875  45.746 0.1111110002
49769  32.964  -11.623  43.947 0.2222220004
128917  35.713  -13.090  37.636 1.0000000000
129736  33.560  -12.823  36.479 1.0000000000
50804  33.102  -11.093  44.085 0.2222220004
50886  35.947  -11.263  37.527 0.8888890147
50911  29.912  -11.277  37.200 1.0000000000
49865  34.036  -12.181  36.686 1.0000000000
51827  32.928  -10.710  44.368 0.2222220004
52839  32.484  -9.939  43.863 0.1111110002
51836  32.647  -10.615  43.564 0.3333329856
50868  37.703  -10.814  38.502 0.6666669846
51914  36.090  -10.696  37.168 0.7777780294
50887  35.268  -11.702  37.070 1.0000000000
50929  32.889  -11.692  35.752 1.0000000000
51913  36.780  -10.790  37.392 0.6666669846
112193  31.634  -11.251  34.800 1.0000000000
124557  36.551  -11.014  36.179 0.5555559993
51945  34.520  -10.797  35.432 1.0000000000
51946  33.744  -10.778  35.265 1.0000000000
50926  37.187  -11.418  35.713 0.6666669846
51980  32.697  -10.651  33.738 1.0000000000
50944  37.596  -11.401  34.711 0.6666669846
52914  30.760  -9.883  33.312 1.0000000000
51977  35.179  -11.142  33.602 1.0000000000
51993  34.484  -11.100  32.995 1.0000000000
53959  31.730  -9.159  32.523 1.0000000000
123385  35.980  -11.168  32.487 1.0000000000
52940  32.088  -9.449  32.325 1.0000000000
127546  34.948  -11.280  31.340 1.0000000000
52006  33.169  -10.272  31.486 1.0000000000
53991  32.104  -7.895  31.436 1.0000000000
54980  32.209  -6.942  31.588 1.0000000000
51005  35.721  -11.310  31.057 1.0000000000
55916  32.259  -5.991  32.964 0.5555559993
54979  32.627  -7.326  30.912 1.0000000000
52004  39.999  -11.175  31.254 0.6666669846
52982  33.964  -9.511  29.690 1.0000000000
121112  37.557  -11.074  29.754 1.0000000000
51974  43.767  -11.043  33.244 0.3333329856
116346  33.317  -5.104  33.999 0.4444440007
56981  33.191  -5.246  33.126 0.4444440007
55977  33.391  -6.872  30.659 0.8888890147
52039  36.161  -10.555  29.361 1.0000000000
113539  34.698  -9.685  29.354 1.0000000000
56928  33.712  -4.589  36.646 0.2222220004
58018  35.270  -4.421  35.375 0.2222220004
52019  39.137  -10.911  29.772 0.8888890147
55976  34.288  -6.638  30.386 0.7777780294
52037  39.025  -10.872  28.920 0.8888890147
107675  35.036  -4.571  33.932 0.4444440007
37778  5.818  -23.985  58.694 0.4444440007
37771  6.435  -24.009  58.737 0.4444440007
38707  7.405  -23.703  57.816 0.3333329856
38699  6.861  -23.321  58.400 0.2222220004
39644  6.405  -22.770  58.342 0.2222220004
38700  6.182  -23.469  58.608 0.2222220004
38713  8.242  -23.540  56.438 0.6666669846
38706  7.809  -23.387  57.044 0.3333329856
37795  8.690  -23.994  55.211 0.6666669846
38727  9.247  -23.545  54.630 0.6666669846
39651  7.556  -22.908  57.878 0.2222220004
38712  8.675  -23.291  55.981 0.6666669846
38719  9.132  -22.987  55.459 0.6666669846
39650  8.270  -22.506  57.401 0.3333329856
39657  8.647  -22.848  56.690 0.3333329856
39656  9.194  -22.379  56.178 0.6666669846
39673  9.459  -22.581  54.749 0.6666669846
39666  9.453  -22.212  55.489 0.6666669846
39672  9.780  -21.964  53.939 0.6666669846
40669  9.784  -21.625  55.758 0.6666669846
39665  9.876  -21.616  54.941 0.5555559993
39686  10.568  -21.766  53.357 0.6666669846
40705  11.372  -21.591  52.902 0.4444440007
40691  11.241  -21.282  53.576 0.5555559993
40680  10.667  -21.363  54.305 0.3333329856
40704  12.250  -21.406  52.619 0.4444440007
40678  12.108  -20.979  54.777 0.3333329856
109170  11.752  -21.166  54.231 0.2222220004
40689  12.892  -21.108  53.465 0.3333329856
40690  12.038  -21.181  53.456 0.3333329856
41640  13.633  -20.507  53.506 0.2222220004
41629  12.461  -20.970  54.129 0.1111110002
111465  13.942  -20.277  52.957 0.2222220004
40703  13.271  -21.070  52.840 0.3333329856
41659  15.057  -20.303  51.868 0.4444440007
119505  14.761  -20.079  53.230 0.1111110002
42567  15.668  -19.654  52.303 0.1111110002
41650  15.177  -20.012  52.797 0.1111110002
41651  14.534  -20.332  52.460 0.2222220004
42574  15.434  -19.494  51.404 0.4444440007
109059  30.787  -18.991  43.772 0.2222220004
109931  29.801  -18.834  44.067 0.5555559993
42581  15.915  -18.813  50.872 0.2222220004
43616  32.289  -19.080  45.306 0.3333329856
114687  31.430  -19.170  44.629 0.2222220004
127252  31.629  -18.918  43.840 0.4444440007
43564  17.043  -17.944  49.920 0.4444440007
51757  27.057  -10.009  50.890 0.1111110002
51773  26.605  -10.735  50.488 0.1111110002
51772  27.305  -10.551  50.158 0.1111110002
50728  26.479  -10.808  49.669 0.1111110002
123376  27.267  -10.577  49.349 0.1111110002
43550  16.929  -17.690  50.998 0.2222220004
44585  17.456  -17.371  50.582 0.3333329856
43648  31.554  -18.540  43.165 0.4444440007
44574  18.562  -17.058  51.628 0.2222220004
44575  17.585  -17.297  51.326 0.2222220004
44584  18.254  -16.971  50.628 0.3333329856
44596  17.813  -17.442  49.757 0.3333329856
49710  32.636  -11.800  47.264 0.1111110002
48700  32.062  -12.116  46.382 0.2222220004
48701  31.288  -12.272  46.254 0.1111110002
48715  30.809  -12.440  45.640 0.2222220004
47626  31.418  -12.383  45.577 0.2222220004
48714  32.227  -12.317  45.757 0.2222220004
47637  31.215  -12.428  44.927 0.2222220004
47638  30.705  -12.602  45.156 0.2222220004
48725  32.405  -12.243  45.126 0.2222220004
47625  31.829  -12.363  45.199 0.2222220004
47647  31.220  -12.616  44.402 0.2222220004
108463  30.573  -13.191  43.136 0.2222220004
47636  31.851  -12.348  44.721 0.2222220004
47658  31.194  -12.841  43.644 0.2222220004
47646  31.822  -12.527  44.142 0.2222220004
109604  30.308  -12.670  45.451 0.2222220004
48740  29.968  -13.143  44.596 0.3333329856
48726  30.183  -13.007  44.941 0.3333329856
48739  30.186  -13.028  44.581 0.2222220004
48754  29.635  -12.951  43.567 0.3333329856
47659  30.653  -12.875  44.078 0.2222220004
54017  35.009  -8.950  28.780 0.8888890147
54029  36.471  -9.168  28.141 0.7777780294
54030  35.915  -8.349  28.388 0.7777780294
54041  36.831  -8.358  27.881 0.7777780294
53912  31.613  -8.401  41.724 0.3333329856
53916  30.876  -8.120  40.991 0.3333329856
55988  36.486  -6.326  29.676 0.7777780294
55003  35.922  -7.098  28.850 0.6666669846
55004  35.310  -7.779  29.135 0.6666669846
57039  37.354  -5.295  28.333 0.6666669846
116911  36.949  -5.924  28.417 0.6666669846
55996  36.468  -6.477  28.602 0.7777780294
58104  37.841  -4.434  27.276 0.7777780294
55016  36.853  -6.598  27.775 0.7777780294
55017  36.495  -7.415  28.109 0.7777780294
59021  38.223  -3.736  27.148 0.7777780294
53915  31.526  -7.533  41.324 0.3333329856
54905  30.987  -7.067  40.673 0.3333329856
54909  30.938  -6.737  39.703 0.4444440007
57028  38.790  -4.892  30.391 0.3333329856
57029  38.167  -5.169  30.036 0.4444440007
55973  37.485  -6.000  30.441 0.4444440007
54992  34.855  -7.071  29.732 0.5555559993
118904  38.346  -3.076  29.420 0.4444440007
58081  38.205  -4.385  29.377 0.5555559993
57030  37.427  -5.444  29.299 0.5555559993
58999  38.050  -3.744  28.803 0.5555559993
58092  37.609  -4.440  28.252 0.6666669846
59958  38.225  -2.232  27.098 0.7777780294
115862  38.111  -2.971  27.478 0.7777780294
59989  39.532  -1.683  25.539 0.7777780294
60967  38.498  -1.576  26.657 0.7777780294
55855  31.561  -6.133  39.504 0.4444440007
123764  40.721  -5.071  31.519 0.1111110002
55956  34.811  -5.824  30.979 0.4444440007
57018  39.850  -4.968  31.260 0.2222220004
57020  38.683  -5.350  30.582 0.3333329856
112365  38.313  -6.216  31.100 0.2222220004
128377  36.891  -6.297  30.673 0.3333329856
118990  35.761  -6.247  31.238 0.3333329856
60905  42.280  -0.841  32.220 0.1111110002
60914  40.937  -0.913  31.671 0.1111110002
115192  41.019  -1.780  31.571 0.3333329856
59923  39.491  -2.298  30.744 0.5555559993
58079  39.054  -3.992  30.589 0.3333329856
55986  37.638  -5.524  30.049 0.4444440007
55989  35.646  -6.718  29.638 0.5555559993
55975  35.228  -6.284  30.295 0.5555559993
61837  42.064  0.324  30.927 0.1111110002
60915  40.514  -0.844  31.120 0.2222220004
60927  39.173  -1.382  30.226 0.4444440007
59933  38.546  -2.255  30.045 0.5555559993
58998  38.605  -3.879  29.743 0.4444440007
62744  39.701  -0.026  29.143 0.3333329856
60928  38.589  -1.396  29.358 0.6666669846
61872  39.071  -0.122  27.517 0.7777780294
61860  38.382  -0.590  27.982 0.7777780294
59947  38.051  -2.136  27.964 0.7777780294
60966  38.861  -0.946  25.990 0.7777780294
56911  32.938  -5.536  38.786 0.2222220004
55870  32.139  -5.581  38.324 0.2222220004
55936  35.423  -5.845  31.941 0.3333329856
55953  39.551  -5.920  31.503 0.2222220004
55971  38.851  -5.859  31.015 0.2222220004
55954  37.562  -6.377  31.368 0.2222220004
55955  36.635  -6.358  31.337 0.3333329856
56919  32.779  -5.129  37.998 0.2222220004
108633  39.519  -6.349  31.976 0.1111110002
124439  36.265  -6.307  32.107 0.2222220004
109796  38.320  -6.411  31.730 0.2222220004
55934  37.786  -6.442  32.375 0.2222220004
55935  36.857  -6.218  32.720 0.2222220004
55933  38.866  -6.276  32.277 0.1111110002
56995  34.952  -5.277  32.611 0.3333329856
56979  35.404  -5.003  33.334 0.3333329856
55915  36.004  -5.687  32.853 0.2222220004
56958  35.805  -5.054  33.943 0.3333329856
56978  36.279  -5.356  33.587 0.2222220004
55913  37.421  -6.112  33.274 0.2222220004
55914  36.684  -5.782  33.315 0.2222220004
58025  35.666  -4.631  34.534 0.2222220004
38738  10.176  -22.738  53.302 0.7777780294
43647  32.140  -18.670  43.487 0.4444440007
48753  30.183  -13.116  43.826 0.2222220004
123977  30.492  -8.312  40.426 0.4444440007
53921  30.197  -7.403  39.442 0.5555559993
55937  34.388  -5.539  31.764 0.4444440007
55005  34.572  -8.288  29.415 0.6666669846
129071  9.597  -23.897  54.225 0.6666669846
43551  16.509  -18.344  50.443 0.2222220004
47648  30.634  -12.761  44.704 0.2222220004
52994  35.759  -9.227  28.501 0.7777780294
120144  30.591  -7.663  40.196 0.4444440007
55987  37.145  -6.015  29.384 0.6666669846
57038  37.719  -4.832  29.281 0.5555559993
59010  37.772  -3.656  27.807 0.7777780294
58114  38.796  -3.940  26.704 0.7777780294
54908  31.476  -6.392  40.233 0.3333329856
113499  38.438  -4.758  29.877 0.4444440007
58080  38.763  -4.491  30.138 0.4444440007
58071  39.106  -4.587  30.827 0.3333329856
55974  36.121  -6.394  30.478 0.5555559993
117432  38.901  -3.202  30.303 0.4444440007
114646  37.956  -2.946  28.369 0.7777780294
59035  38.609  -3.047  26.782 0.7777780294
59975  38.593  -2.290  26.538 0.7777780294
60947  38.193  -1.359  27.524 0.7777780294
59974  38.920  -1.909  26.063 0.7777780294
58063  40.381  -4.215  31.369 0.2222220004
57019  39.069  -5.204  31.029 0.1111110002
58070  39.617  -4.047  31.271 0.2222220004
55972  38.253  -5.716  30.535 0.3333329856
112174  38.910  -6.216  31.618 0.1111110002
61828  41.846  -0.418  31.446 0.1111110002
61838  41.254  -0.169  30.902 0.1111110002
59922  40.459  -1.825  31.281 0.5555559993
128165  40.066  -2.670  31.276 0.5555559993
58992  39.561  -3.273  30.928 0.5555559993
60916  39.812  -1.130  30.815 0.4444440007
61839  40.206  -0.371  30.595 0.2222220004
61840  39.589  -0.635  30.316 0.5555559993
61850  39.693  0.081  30.085 0.2222220004
61851  39.222  -0.620  29.494 0.5555559993
60938  38.136  -1.275  28.443 0.6666669846
61852  38.565  -0.759  28.726 0.6666669846
59934  38.248  -2.190  28.935 0.6666669846
61873  38.628  -0.728  27.022 0.7777780294
61888  39.108  -0.155  26.533 0.7777780294
61859  39.072  -0.263  28.495 0.7777780294
122788  37.045  -6.356  31.992 0.3333329856
61897  39.446  -0.245  25.753 0.7777780294
34734  5.786  -26.944  57.422 0.1111110002
35756  5.524  -26.723  56.512 0.1111110002
35726  7.529  -27.137  59.529 0.3333329856
37797  4.853  -24.475  55.772 0.1111110002
123969  5.381  -24.139  57.340 0.2222220004
37792  5.203  -24.580  56.528 0.1111110002
38708  5.479  -24.017  58.276 0.3333329856
32829  14.428  -29.566  56.151 0.1111110002
33762  14.928  -28.983  56.623 0.1111110002
34743  15.770  -26.741  55.562 0.1111110002
33761  15.185  -28.080  56.711 0.1111110002
34744  15.304  -27.823  55.723 0.1111110002
111562  15.340  -27.624  54.876 0.1111110002
127149  14.631  -27.877  54.502 0.1111110002
33766  14.709  -28.272  55.033 0.1111110002
111384  14.719  -28.742  55.801 0.1111110002
35776  15.299  -26.898  53.924 0.1111110002
40657  9.685  -21.444  56.403 0.4444440007
34752  15.036  -27.383  54.236 0.1111110002
34751  15.618  -26.769  54.726 0.1111110002
35775  15.938  -26.483  54.486 0.1111110002
40656  10.388  -20.974  56.588 0.2222220004
35785  14.862  -26.797  53.141 0.1111110002
125909  10.174  -21.427  55.501 0.4444440007
36806  17.240  -25.916  53.350 0.1111110002
35783  16.650  -26.324  53.955 0.1111110002
35793  16.355  -26.382  52.918 0.1111110002
35784  15.725  -26.618  53.498 0.1111110002
41608  11.269  -20.738  56.752 0.1111110002
117879  16.803  -25.642  52.390 0.1111110002
35794  15.378  -26.418  52.634 0.1111110002
116650  15.913  -25.893  52.091 0.1111110002
37835  18.654  -24.528  51.418 0.1111110002
117553  18.423  -24.869  52.266 0.1111110002
36834  17.355  -25.167  51.887 0.1111110002
37849  18.471  -24.469  50.628 0.1111110002
36835  16.473  -25.525  51.596 0.1111110002
108652  17.672  -24.845  50.275 0.1111110002
36854  17.113  -25.321  50.849 0.1111110002
36836  15.563  -25.782  51.242 0.1111110002
111871  16.808  -25.245  49.943 0.1111110002
37850  15.843  -25.257  49.786 0.1111110002
37864  17.256  -24.534  49.404 0.1111110002
121742  16.315  -24.667  49.258 0.2222220004
38810  16.634  -24.191  48.595 0.1111110002
108983  19.188  -24.435  51.929 0.1111110002
39740  24.967  -23.128  49.660 0.2222220004
37848  19.235  -24.206  51.055 0.1111110002
38788  19.813  -23.865  50.596 0.1111110002
43591  28.985  -18.774  47.418 0.2222220004
125340  19.531  -23.670  49.659 0.1111110002
38789  18.955  -23.940  50.186 0.1111110002
37863  18.162  -24.287  49.723 0.1111110002
42609  27.610  -19.209  47.548 0.4444440007
38809  17.670  -23.816  48.772 0.2222220004
38808  18.681  -23.728  49.250 0.2222220004
38822  18.434  -23.424  48.413 0.3333329856
39765  17.616  -23.233  47.697 0.4444440007
38802  24.371  -23.332  50.336 0.2222220004
38803  23.466  -23.319  50.240 0.1111110002
38785  22.789  -23.437  51.002 0.1111110002
39741  24.087  -23.044  49.585 0.2222220004
123398  21.912  -23.353  50.872 0.1111110002
122356  24.679  -22.810  48.964 0.2222220004
38805  21.738  -23.401  49.943 0.1111110002
38787  20.628  -23.460  50.962 0.1111110002
43577  30.539  -18.901  48.467 0.1111110002
43590  29.904  -18.768  47.866 0.2222220004
125040  23.856  -22.998  48.818 0.2222220004
39742  23.243  -23.199  49.449 0.2222220004
39743  22.373  -23.235  49.272 0.1111110002
39760  23.569  -23.108  47.978 0.2222220004
123044  23.005  -23.215  48.638 0.2222220004
125730  20.215  -23.613  50.060 0.1111110002
38807  20.134  -23.381  49.261 0.1111110002
43605  28.559  -18.614  46.646 0.3333329856
43592  28.066  -18.444  47.167 0.3333329856
43607  27.310  -18.838  46.046 0.4444440007
43576  31.106  -19.113  48.350 0.1111110002
108072  31.661  -19.203  48.970 0.1111110002
43589  30.831  -19.142  47.804 0.1111110002
109932  30.441  -19.175  47.396 0.1111110002
129580  22.242  -23.167  48.550 0.1111110002
39744  21.493  -23.163  48.970 0.1111110002
39746  20.032  -23.188  48.569 0.2222220004
38821  19.353  -23.345  48.676 0.2222220004
126921  30.473  -18.949  47.865 0.2222220004
43604  29.594  -19.066  46.810 0.3333329856
122370  21.003  -23.121  48.297 0.3333329856
39762  20.364  -23.111  48.094 0.4444440007
116540  20.915  -22.968  47.539 0.4444440007
39783  20.137  -22.912  47.240 0.5555559993
43606  27.891  -18.418  46.455 0.4444440007
43621  27.660  -18.532  45.747 0.4444440007
123719  31.280  -19.215  47.685 0.1111110002
126981  29.934  -19.225  46.347 0.2222220004
119573  28.955  -18.676  46.117 0.4444440007
43619  28.920  -18.443  45.344 0.4444440007
43620  28.190  -18.468  45.804 0.4444440007
111945  27.531  -18.437  45.117 0.4444440007
43575  32.511  -19.115  48.659 0.1111110002
123032  33.402  -18.998  49.119 0.1111110002
43588  31.744  -19.275  48.087 0.1111110002
109060  31.159  -19.276  47.250 0.1111110002
115214  29.513  -18.898  45.930 0.4444440007
43636  28.146  -18.486  44.609 0.4444440007
112405  35.023  -19.123  49.901 0.1111110002
43574  33.550  -18.934  48.340 0.1111110002
109042  31.846  -18.934  47.357 0.1111110002
43618  30.107  -19.277  45.854 0.1111110002
43635  29.002  -18.104  44.398 0.4444440007
43530  36.381  -18.591  50.592 0.1111110002
116403  36.392  -18.670  49.578 0.1111110002
127323  35.973  -19.197  49.978 0.1111110002
44595  18.739  -17.302  49.521 0.2222220004
43558  34.472  -18.920  48.989 0.1111110002
43601  32.738  -18.933  46.944 0.1111110002
43602  31.800  -18.950  46.548 0.1111110002
44603  21.904  -17.130  48.161 0.1111110002
43617  31.089  -19.205  45.691 0.1111110002
115219  29.556  -18.856  45.069 0.3333329856
114680  30.425  -19.259  44.847 0.2222220004
46517  37.994  -16.237  49.258 0.1111110002
107818  37.596  -16.601  49.789 0.1111110002
45530  37.432  -17.077  50.263 0.1111110002
111870  37.593  -16.831  51.271 0.1111110002
44583  20.048  -16.930  51.006 0.2222220004
122660  19.166  -16.842  51.183 0.2222220004
46524  37.719  -15.659  48.337 0.1111110002
45537  37.280  -16.791  49.001 0.1111110002
110832  37.148  -17.277  49.456 0.1111110002
44578  36.899  -17.922  49.939 0.1111110002
120626  19.418  -17.212  50.235 0.2222220004
46534  37.293  -16.110  47.788 0.1111110002
46525  37.423  -16.341  48.523 0.1111110002
110185  36.819  -17.276  48.838 0.1111110002
109561  36.702  -17.979  49.120 0.1111110002
43571  36.210  -18.502  48.742 0.1111110002
114330  20.683  -17.552  49.072 0.1111110002
44593  20.377  -17.351  49.999 0.2222220004
113338  37.459  -15.580  46.066 0.1111110002
45556  36.537  -16.489  46.352 0.1111110002
45550  36.246  -17.202  46.799 0.1111110002
44601  36.553  -17.788  48.386 0.1111110002
43572  35.339  -18.566  48.415 0.1111110002
109025  21.961  -17.184  48.933 0.1111110002
44592  21.533  -17.365  49.484 0.1111110002
46560  37.212  -15.363  45.347 0.1111110002
46547  37.250  -15.970  46.772 0.1111110002
45549  36.924  -16.790  47.237 0.1111110002
44612  36.474  -17.486  47.615 0.1111110002
44613  35.773  -17.748  47.217 0.1111110002
44614  35.164  -18.190  47.646 0.1111110002
43586  33.714  -18.927  47.371 0.1111110002
44604  21.342  -17.494  48.549 0.1111110002
46573  37.142  -15.216  44.459 0.1111110002
45566  36.262  -16.324  45.628 0.1111110002
45579  35.860  -16.708  44.913 0.1111110002
43599  34.341  -18.738  46.597 0.1111110002
43600  33.516  -18.920  46.585 0.1111110002
114201  32.902  -19.015  46.100 0.1111110002
117301  36.650  -15.789  43.961 0.1111110002
46574  36.517  -15.869  44.941 0.1111110002
43633  33.051  -18.916  44.462 0.1111110002
122328  37.212  -15.264  43.451 0.1111110002
122430  36.545  -15.739  43.252 0.1111110002
45578  36.164  -16.251  44.255 0.1111110002
112216  35.691  -16.722  43.905 0.1111110002
45557  35.919  -17.088  45.953 0.1111110002
117226  35.730  -17.594  46.555 0.1111110002
44639  35.452  -17.532  44.303 0.1111110002
44632  35.462  -17.626  45.290 0.1111110002
44633  34.905  -18.431  45.743 0.1111110002
44640  34.990  -18.205  44.705 0.1111110002
43632  34.417  -18.600  44.041 0.1111110002
43615  33.363  -18.863  45.236 0.1111110002
44649  35.341  -17.578  43.342 0.1111110002
110273  35.122  -18.192  43.864 0.2222220004
127451  33.632  -18.819  43.916 0.1111110002
51898  39.162  -11.446  38.618 0.1111110002
50882  41.186  -12.102  37.834 0.1111110002
50901  41.856  -12.319  36.952 0.1111110002
52036  39.900  -10.642  29.183 0.6666669846
52989  40.446  -9.891  27.984 0.6666669846
52052  39.344  -10.401  28.487 0.7777780294
52054  37.772  -10.534  28.574 0.7777780294
54027  40.902  -9.248  27.585 0.6666669846
52990  39.601  -9.848  27.985 0.6666669846
52991  38.789  -9.785  28.090 0.6666669846
52992  37.978  -9.783  28.171 0.6666669846
54037  40.423  -8.642  27.085 0.6666669846
54038  39.030  -8.666  26.999 0.6666669846
54040  37.525  -8.463  27.493 0.6666669846
54028  37.323  -9.144  27.847 0.6666669846
54039  38.049  -8.134  27.027 0.6666669846
55040  40.272  -7.222  26.474 0.6666669846
55029  38.701  -7.659  26.713 0.6666669846
56010  37.417  -6.535  27.072 0.6666669846
55030  37.283  -7.529  27.431 0.6666669846
57037  44.877  -4.931  27.943 0.5555559993
119589  44.760  -5.727  28.114 0.5555559993
56007  43.254  -6.830  27.506 0.6666669846
117367  37.561  -5.175  27.428 0.6666669846
58091  45.360  -4.337  28.000 0.5555559993
58100  44.634  -4.336  27.632 0.5555559993
57050  42.801  -5.485  26.807 0.6666669846
56008  42.571  -6.500  27.126 0.6666669846
55039  41.164  -7.247  26.794 0.6666669846
56019  39.790  -6.382  26.357 0.6666669846
56021  37.947  -6.188  26.535 0.6666669846
58102  43.355  -4.704  26.662 0.5555559993
57061  41.222  -5.768  26.678 0.6666669846
57062  40.255  -5.531  26.455 0.6666669846
59018  45.628  -2.890  27.746 0.5555559993
59009  45.127  -3.607  27.664 0.5555559993
58101  43.975  -4.477  27.271 0.5555559993
124968  42.951  -4.098  26.549 0.5555559993
57063  39.272  -5.603  26.403 0.6666669846
57052  37.979  -5.201  26.734 0.6666669846
119571  40.932  -4.234  26.537 0.6666669846
117721  39.593  -4.965  26.446 0.6666669846
58113  39.533  -4.246  26.543 0.6666669846
59033  40.383  -3.678  26.437 0.6666669846
58112  40.265  -4.598  26.506 0.6666669846
58984  40.177  -3.345  31.345 0.1111110002
59956  46.274  -2.523  27.525 0.4444440007
107537  46.048  -2.357  26.758 0.4444440007
59957  45.466  -2.595  27.079 0.5555559993
119916  44.897  -2.994  27.287 0.5555559993
59030  44.625  -2.815  26.514 0.5555559993
59031  43.839  -3.236  26.539 0.6666669846
59034  39.420  -3.441  26.456 0.6666669846
116483  42.964  -3.518  26.382 0.6666669846
116154  42.238  -3.845  26.479 0.6666669846
59972  40.982  -2.918  26.239 0.6666669846
59973  39.969  -3.008  26.016 0.6666669846
59032  41.392  -3.662  26.421 0.6666669846
59914  40.987  -2.624  31.403 0.3333329856
59968  46.734  -2.265  26.777 0.3333329856
129570  39.564  -2.376  25.808 0.6666669846
59969  45.453  -2.463  26.006 0.4444440007
121592  43.035  -2.572  25.584 0.6666669846
59971  42.059  -3.186  26.032 0.6666669846
60962  48.829  -2.288  26.419 0.3333329856
60975  48.826  -2.342  25.504 0.3333329856
60963  48.041  -2.293  26.155 0.3333329856
60964  47.163  -1.970  26.047 0.3333329856
115446  47.792  -2.158  25.195 0.3333329856
60976  46.843  -1.978  25.120 0.3333329856
60977  45.983  -2.124  25.130 0.4444440007
59993  44.205  -2.262  24.550 0.6666669846
59986  42.311  -2.540  25.508 0.6666669846
121041  40.945  -1.877  25.109 0.6666669846
59988  40.349  -2.318  25.529 0.6666669846
60994  43.260  -2.025  24.205 0.6666669846
60979  42.671  -2.218  24.859 0.6666669846
60980  41.705  -1.888  24.771 0.6666669846
126171  39.604  0.002  28.091 0.5555559993
62777  39.580  0.420  26.994 0.6666669846
62783  41.075  0.840  25.162 0.5555559993
62785  39.625  0.291  26.255 0.6666669846
61915  43.408  -0.520  22.944 0.6666669846
61011  41.943  -0.621  23.740 0.6666669846
61905  40.674  -0.023  24.613 0.5555559993
61910  49.891  -0.925  23.419 0.2222220004
61004  48.514  -1.738  23.616 0.4444440007
61006  46.810  -1.455  23.247 0.5555559993
61008  44.555  -1.354  23.300 0.6666669846
61009  43.029  -1.407  23.375 0.6666669846
61904  41.273  -0.446  24.143 0.6666669846
60981  40.299  -1.419  25.024 0.6666669846
60988  49.595  -1.972  24.826 0.2222220004
60989  48.668  -2.099  24.501 0.3333329856
127412  47.315  -2.010  24.681 0.3333329856
60993  44.818  -1.938  23.972 0.6666669846
107645  43.952  -1.699  23.747 0.6666669846
60995  42.292  -1.792  23.863 0.6666669846
60997  40.748  -0.877  24.420 0.6666669846
119319  40.957  -1.433  24.525 0.6666669846
63707  41.466  1.791  25.527 0.5555559993
63716  41.719  1.442  24.779 0.4444440007
63706  42.195  2.236  25.181 0.4444440007
63721  52.003  1.204  23.788 0.2222220004
61908  51.431  -0.339  23.819 0.2222220004
61909  50.528  -0.587  23.707 0.2222220004
62798  42.313  0.273  23.750 0.5555559993
63724  42.536  1.355  23.779 0.5555559993
63711  52.403  1.699  24.136 0.1111110002
121801  50.900  0.066  23.234 0.2222220004
109556  49.134  -1.197  23.106 0.4444440007
61913  46.668  -1.013  22.617 0.5555559993
61016  45.104  -0.887  22.784 0.6666669846
61927  43.880  -0.086  22.591 0.6666669846
62812  43.503  0.314  22.736 0.6666669846
63735  49.903  0.610  22.172 0.2222220004
118204  49.882  0.152  22.621 0.3333329856
61923  48.858  -0.627  22.451 0.4444440007
113203  47.069  -0.614  22.117 0.5555559993
61939  45.338  -0.345  22.099 0.5555559993
63715  42.339  1.937  24.406 0.5555559993
64610  53.105  2.600  23.128 0.1111110002
64611  52.786  2.334  23.828 0.1111110002
63714  43.039  2.127  24.149 0.5555559993
64620  54.135  2.366  22.150 0.1111110002
64622  52.500  2.240  22.590 0.1111110002
63733  51.408  1.177  22.150 0.1111110002
62806  51.163  0.642  22.730 0.2222220004
62811  44.025  0.622  22.267 0.5555559993
63737  43.430  1.127  22.763 0.5555559993
124431  54.449  2.461  20.493 0.2222220004
64631  53.431  2.180  21.388 0.1111110002
64633  52.057  1.643  21.851 0.1111110002
63734  50.503  0.876  22.162 0.2222220004
62821  49.363  0.417  21.460 0.4444440007
62809  48.584  -0.010  21.664 0.5555559993
61938  46.565  -0.155  21.567 0.5555559993
62824  45.341  0.343  21.625 0.5555559993
62825  44.628  1.138  21.693 0.5555559993
65599  55.631  3.114  20.550 0.2222220004
64638  54.884  2.879  20.105 0.2222220004
64640  52.786  1.938  20.454 0.1111110002
63745  52.047  1.610  20.931 0.2222220004
63747  50.705  1.170  21.582 0.2222220004
63749  49.285  0.818  20.831 0.4444440007
62830  47.834  1.002  20.444 0.5555559993
62832  46.767  0.530  21.122 0.5555559993
115935  45.442  0.972  21.325 0.5555559993
63760  46.944  1.123  20.603 0.5555559993
63713  43.667  2.226  23.916 0.4444440007
63736  43.892  1.611  22.285 0.5555559993
65619  56.210  3.647  19.310 0.1111110002
64650  53.258  2.424  19.731 0.2222220004
63755  51.843  1.742  20.075 0.2222220004
64642  49.975  2.031  20.051 0.3333329856
63759  48.786  1.066  20.184 0.5555559993
63750  46.080  1.241  20.927 0.5555559993
64635  44.395  2.242  21.832 0.4444440007
66616  58.081  4.235  17.792 0.1111110002
111988  55.969  3.855  18.565 0.1111110002
65607  54.558  3.238  19.228 0.1111110002
65609  52.757  3.054  19.125 0.2222220004
64652  51.391  2.365  19.473 0.3333329856
63766  48.110  1.692  19.639 0.5555559993
64643  47.128  1.737  19.909 0.5555559993
64645  45.701  2.293  20.722 0.4444440007
63751  45.140  1.808  21.257 0.4444440007
107993  56.262  4.041  17.888 0.1111110002
122050  53.928  3.581  18.704 0.2222220004
65612  49.990  3.010  18.814 0.3333329856
109192  56.248  4.286  16.963 0.1111110002
65587  44.646  3.979  23.126 0.3333329856
65588  43.959  3.243  23.092 0.3333329856
64623  44.411  3.367  22.196 0.4444440007
64612  43.828  2.478  23.657 0.4444440007
65601  45.588  4.175  20.708 0.4444440007
65594  45.221  3.781  21.452 0.4444440007
64624  43.892  2.486  22.610 0.4444440007
64644  46.268  2.755  19.977 0.5555559993
112686  45.571  3.383  20.655 0.4444440007
64634  44.967  2.865  21.317 0.4444440007
65613  49.081  3.201  18.863 0.5555559993
129953  48.531  2.536  19.213 0.5555559993
64655  47.345  2.769  19.341 0.5555559993
67582  58.091  5.176  15.655 0.1111110002
66634  56.955  4.565  16.505 0.1111110002
66635  55.602  4.547  16.398 0.1111110002
129507  54.723  4.368  17.552 0.2222220004
65622  53.230  3.521  18.531 0.2222220004
65624  51.435  3.482  18.272 0.3333329856
65626  49.616  3.718  18.327 0.5555559993
66633  57.917  4.598  16.940 0.1111110002
65578  44.286  3.309  23.958 0.3333329856
66570  45.412  4.446  22.648 0.3333329856
66591  47.251  4.499  19.047 0.4444440007
66592  46.375  4.282  19.522 0.5555559993
65600  45.831  3.996  19.956 0.5555559993
65628  47.970  4.426  18.589 0.5555559993
65614  47.925  3.593  18.809 0.5555559993
123999  46.465  3.616  19.490 0.5555559993
66647  56.344  4.750  15.978 0.1111110002
66636  54.595  4.601  16.795 0.2222220004
66620  53.348  4.400  17.388 0.2222220004
66601  52.004  3.940  17.519 0.2222220004
65625  50.492  3.536  18.242 0.4444440007
66604  49.214  4.590  17.929 0.5555559993
67595  57.847  5.361  14.275 0.1111110002
67583  56.525  5.035  15.242 0.1111110002
109626  53.682  4.725  16.830 0.2222220004
66638  52.169  4.658  16.971 0.3333329856
66602  50.987  4.049  17.643 0.4444440007
66603  50.048  4.155  17.666 0.5555559993
125066  57.840  5.405  13.528 0.2222220004
114150  57.038  5.541  13.744 0.2222220004
67597  55.875  5.031  14.647 0.2222220004
66648  55.665  4.844  15.508 0.2222220004
66649  54.804  4.896  15.889 0.2222220004
127991  53.207  4.825  16.169 0.2222220004
66637  52.813  4.698  16.779 0.2222220004
67622  56.349  5.553  12.408 0.4444440007
67609  56.501  5.456  13.195 0.3333329856
109654  56.178  5.272  13.866 0.4444440007
66606  47.771  5.144  18.756 0.4444440007
67558  49.233  5.446  17.433 0.4444440007
67544  48.649  5.367  17.864 0.4444440007
66622  51.368  4.606  17.011 0.4444440007
67557  49.965  5.551  16.871 0.4444440007
66624  49.758  4.814  17.317 0.4444440007
67584  54.888  5.032  14.876 0.3333329856
116552  54.166  5.073  15.414 0.3333329856
67585  53.319  5.224  15.422 0.3333329856
114786  51.729  5.220  16.510 0.3333329856
67556  50.782  5.297  16.587 0.4444440007
67610  55.769  5.405  13.206 0.4444440007
67611  54.962  5.637  13.378 0.4444440007
108873  53.975  5.392  14.762 0.3333329856
67586  52.456  5.727  15.142 0.4444440007
67571  52.489  5.188  16.053 0.4444440007
67623  55.387  5.798  12.486 0.4444440007
69417  50.327  7.453  16.815 0.4444440007
121258  49.454  7.231  17.549 0.4444440007
68511  51.201  6.647  15.847 0.4444440007
117991  51.041  5.867  16.183 0.4444440007
68498  50.490  5.918  16.490 0.4444440007
68524  54.094  6.004  13.510 0.4444440007
67599  53.205  5.735  14.583 0.4444440007
67587  51.741  5.816  15.761 0.4444440007
68540  54.485  6.260  12.752 0.4444440007
69456  54.815  7.696  11.953 0.4444440007
68539  54.868  6.601  12.083 0.4444440007
71064  51.422  9.869  19.439 0.1111110002
71074  51.292  9.778  17.650 0.2222220004
71075  50.746  9.593  18.245 0.3333329856
70251  51.157  8.713  16.222 0.2222220004
70252  50.381  8.515  16.825 0.4444440007
70245  49.505  8.793  17.971 0.4444440007
69405  49.708  8.058  17.319 0.4444440007
68510  51.813  6.642  15.078 0.4444440007
69428  51.401  7.629  15.610 0.4444440007
68497  50.656  6.654  16.443 0.4444440007
68525  53.273  6.408  13.833 0.4444440007
112586  53.813  5.776  14.161 0.4444440007
68526  52.589  6.430  14.509 0.4444440007
70294  54.933  8.756  11.865 0.3333329856
69449  53.644  7.565  12.822 0.4444440007
129212  51.899  10.333  19.412 0.1111110002
71928  52.872  10.498  16.872 0.1111110002
71073  52.120  10.153  17.211 0.2222220004
71936  53.035  10.360  15.943 0.2222220004
71089  52.541  9.547  15.499 0.2222220004
70264  51.774  8.461  15.609 0.3333329856
71099  53.241  9.865  14.135 0.2222220004
70263  52.332  8.671  15.268 0.2222220004
69427  51.977  7.756  15.076 0.4444440007
123916  53.001  9.021  13.719 0.3333329856
70271  52.780  8.199  13.858 0.3333329856
70272  52.421  8.002  14.563 0.4444440007
71119  55.226  9.615  11.642 0.3333329856
71120  54.716  9.595  12.233 0.1111110002
71108  54.229  9.763  12.838 0.2222220004
71109  53.628  9.303  13.286 0.2222220004
70284  53.385  8.354  13.243 0.4444440007
69439  52.680  7.247  14.070 0.4444440007
71916  52.468  10.590  19.096 0.1111110002
71920  52.579  10.697  18.398 0.1111110002
71924  52.713  10.710  17.731 0.1111110002
71068  51.938  10.296  18.106 0.1111110002
71088  52.914  9.904  15.035 0.2222220004
71945  53.996  10.606  14.329 0.2222220004
71098  53.908  10.145  13.494 0.2222220004
71915  53.309  10.668  19.404 0.1111110002
71919  53.245  10.883  18.661 0.1111110002
72771  53.940  11.334  17.786 0.1111110002
71923  53.293  11.114  18.015 0.1111110002
72774  54.406  11.619  16.944 0.1111110002
71926  53.848  11.335  16.725 0.1111110002
114260  53.328  10.950  16.581 0.1111110002
72781  55.074  11.934  15.782 0.1111110002
72782  54.355  11.541  16.095 0.1111110002
71935  53.581  11.125  15.949 0.1111110002
111662  55.310  11.897  14.813 0.1111110002
71944  54.715  11.327  14.359 0.1111110002
112120  54.095  11.159  15.193 0.1111110002
71946  53.437  10.532  15.098 0.2222220004
71953  55.038  11.179  13.506 0.1111110002
71954  54.511  10.674  13.609 0.2222220004
71961  54.891  10.577  12.761 0.2222220004
128697  54.372  10.290  13.137 0.2222220004
67580  59.599  5.914  14.920 0.1111110002
68509  60.280  6.554  15.268 0.1111110002
125169  60.340  6.087  13.534 0.1111110002
108637  57.299  5.526  12.889 0.3333329856
67594  58.869  5.462  14.368 0.1111110002
33772  14.268  -27.686  54.013 0.1111110002
112555  14.952  -26.061  51.845 0.1111110002
39763  19.643  -22.969  47.957 0.5555559993
124306  21.728  -23.075  47.921 0.2222220004
110555  28.699  -18.162  43.923 0.4444440007
114417  32.940  -18.723  43.474 0.2222220004
44594  19.709  -17.366  49.260 0.2222220004
44650  34.647  -18.145  43.222 0.2222220004
43646  33.831  -18.505  43.256 0.2222220004
110041  40.843  -12.406  37.081 0.1111110002
112151  37.149  -9.919  28.356 0.6666669846
52993  36.346  -9.928  28.705 0.7777780294
52053  38.530  -10.493  28.501 0.7777780294
40668  10.315  -21.320  55.936 0.4444440007
43634  32.270  -18.944  44.187 0.2222220004
109350  37.207  -5.882  27.571 0.5555559993
58103  38.257  -4.428  26.802 0.6666669846
119340  39.137  -2.702  26.249 0.6666669846
62766  39.719  0.413  27.881 0.6666669846
56977  37.040  -5.516  33.813 0.1111110002
38701  5.828  -23.376  58.403 0.2222220004
111783  38.774  -4.846  26.567 0.6666669846
116534  39.600  -0.923  25.438 0.6666669846
61896  40.172  -0.512  25.127 0.6666669846
40645  9.571  -20.978  57.096 0.2222220004
107711  17.956  -24.853  51.227 0.1111110002
36855  16.202  -25.571  50.603 0.1111110002
39764  18.729  -22.902  47.719 0.5555559993
38804  22.581  -23.388  50.111 0.1111110002
122528  21.243  -23.349  50.674 0.1111110002
38806  20.861  -23.390  49.825 0.1111110002
39745  20.629  -23.178  48.858 0.2222220004
43603  30.615  -19.285  46.614 0.1111110002
43587  32.658  -18.990  47.788 0.1111110002
107700  36.978  -17.661  50.905 0.1111110002
43557  35.634  -18.898  49.252 0.1111110002
43573  34.463  -18.729  48.028 0.1111110002
45544  37.104  -17.057  48.157 0.1111110002
114678  21.103  -17.493  49.939 0.1111110002
46561  36.771  -15.854  45.868 0.1111110002
44602  35.997  -18.116  47.963 0.1111110002
121723  34.601  -18.692  47.277 0.1111110002
44624  35.153  -18.164  46.750 0.1111110002
110693  33.890  -18.730  45.887 0.1111110002
44623  35.505  -17.842  46.052 0.1111110002
43614  34.274  -18.642  45.039 0.1111110002
128886  33.769  -18.806  44.554 0.1111110002
52051  40.029  -10.289  28.427 0.6666669846
52998  39.897  -9.227  27.422 0.6666669846
52999  39.079  -9.385  27.494 0.6666669846
53000  38.224  -9.075  27.521 0.6666669846
127801  39.774  -8.634  27.078 0.6666669846
55027  40.800  -7.991  26.702 0.6666669846
54036  41.350  -8.567  27.153 0.6666669846
109656  37.850  -7.142  26.683 0.6666669846
55041  39.309  -7.080  26.499 0.6666669846
55028  39.761  -8.008  26.747 0.6666669846
55042  38.448  -6.862  26.515 0.6666669846
57053  37.591  -5.796  26.914 0.6666669846
120683  45.485  -5.168  28.293 0.5555559993
129180  44.119  -5.869  27.521 0.6666669846
57048  44.269  -5.035  27.731 0.5555559993
112911  43.362  -6.077  27.275 0.6666669846
55995  43.929  -7.159  27.717 0.6666669846
59019  44.336  -3.625  27.205 0.5555559993
57049  43.702  -5.287  27.139 0.5555559993
56009  41.646  -6.583  26.768 0.6666669846
57051  42.065  -5.937  26.657 0.6666669846
56018  40.720  -6.456  26.581 0.6666669846
56020  38.854  -6.282  26.433 0.6666669846
57064  38.480  -5.597  26.500 0.6666669846
58110  42.488  -4.609  26.552 0.6666669846
57060  41.868  -5.180  26.611 0.6666669846
118458  41.007  -4.930  26.656 0.6666669846
59020  43.579  -3.921  26.772 0.5555559993
58111  41.641  -4.391  26.574 0.6666669846
108936  43.743  -2.734  25.976 0.6666669846
59970  42.996  -2.905  26.060 0.6666669846
60965  46.381  -2.180  25.995 0.3333329856
60978  45.110  -2.305  24.865 0.5555559993
59984  44.465  -2.586  25.531 0.5555559993
59987  41.436  -2.442  25.620 0.6666669846
60990  47.813  -1.998  24.242 0.3333329856
123370  46.343  -1.883  24.503 0.4444440007
60992  45.652  -1.912  24.267 0.4444440007
59985  43.567  -2.485  25.112 0.6666669846
60996  41.500  -1.260  23.982 0.6666669846
62752  40.053  1.196  28.518 0.4444440007
62776  40.279  0.874  26.588 0.6666669846
62784  40.225  0.410  25.561 0.5555559993
61914  44.197  -0.720  22.809 0.6666669846
124713  43.820  -1.173  23.175 0.6666669846
61916  42.657  -0.544  23.386 0.6666669846
61010  42.233  -1.223  23.591 0.6666669846
62799  41.834  0.075  24.118 0.5555559993
62792  41.415  0.458  24.486 0.5555559993
61903  50.150  -1.248  24.226 0.2222220004
61003  49.405  -1.649  23.870 0.3333329856
61911  48.251  -1.173  22.901 0.4444440007
61005  47.625  -1.634  23.439 0.5555559993
60991  46.963  -1.834  24.148 0.4444440007
61015  45.988  -1.259  22.847 0.6666669846
113646  46.193  -1.603  23.781 0.5555559993
61007  45.388  -1.534  23.462 0.5555559993
62791  41.987  0.955  24.202 0.5555559993
62795  51.610  0.476  23.379 0.2222220004
114836  51.723  1.208  23.004 0.2222220004
63712  52.236  1.083  24.403 0.2222220004
62790  52.052  0.248  24.021 0.2222220004
62796  50.140  -0.116  23.111 0.2222220004
62797  42.992  0.505  23.275 0.6666669846
63720  52.215  1.915  23.366 0.1111110002
62807  50.283  0.404  22.689 0.2222220004
61912  47.410  -1.097  22.751 0.4444440007
61925  46.158  -0.677  22.143 0.5555559993
128006  45.650  -0.800  22.481 0.6666669846
61926  44.517  -0.202  22.356 0.5555559993
62808  49.401  -0.089  22.132 0.3333329856
61937  47.476  0.048  21.492 0.5555559993
61922  49.581  -0.526  22.766 0.3333329856
61924  47.952  -0.552  22.261 0.5555559993
122446  45.901  -0.164  21.682 0.6666669846
62810  44.739  0.308  21.956 0.5555559993
65575  53.774  3.069  23.418 0.1111110002
65586  53.684  2.694  22.802 0.1111110002
118252  53.375  2.792  23.808 0.1111110002
127435  52.580  2.309  23.268 0.1111110002
63723  43.041  1.637  23.343 0.5555559993
64621  53.141  2.469  22.297 0.1111110002
63732  51.991  1.671  22.620 0.1111110002
64639  53.757  2.224  20.458 0.2222220004
64632  52.656  2.069  21.641 0.1111110002
63748  49.924  1.033  21.465 0.4444440007
62822  48.626  0.606  20.936 0.5555559993
119776  47.976  0.544  21.160 0.5555559993
62823  46.040  0.415  21.340 0.5555559993
64649  54.123  2.578  19.796 0.2222220004
63756  51.347  1.569  20.623 0.2222220004
63746  51.376  1.366  21.310 0.2222220004
63757  50.519  1.420  20.784 0.3333329856
63758  49.636  1.353  20.501 0.4444440007
62831  47.417  0.690  20.995 0.5555559993
63722  43.438  1.962  22.949 0.4444440007
65620  55.329  3.599  18.822 0.1111110002
65610  51.866  2.999  18.983 0.2222220004
64651  52.331  2.350  19.606 0.2222220004
64641  50.889  1.930  20.066 0.3333329856
64653  50.420  2.457  19.412 0.3333329856
63765  49.096  1.717  19.656 0.5555559993
124332  46.449  1.795  20.432 0.5555559993
110739  57.253  4.117  18.124 0.1111110002
66617  57.095  4.285  17.368 0.1111110002
66598  55.219  4.133  18.104 0.1111110002
65621  54.549  3.829  18.467 0.1111110002
65623  52.361  3.471  18.372 0.2222220004
65608  53.612  3.135  19.221 0.2222220004
65611  50.926  2.930  18.813 0.3333329856
64654  49.503  2.471  19.302 0.5555559993
66618  55.410  4.289  17.288 0.1111110002
66599  53.792  4.070  18.081 0.2222220004
127844  56.272  4.515  16.456 0.1111110002
120212  45.008  4.108  22.203 0.4444440007
65627  48.803  4.115  18.621 0.5555559993
65615  46.947  3.784  19.057 0.5555559993
67581  59.158  5.614  15.673 0.1111110002
110304  57.435  5.246  15.062 0.1111110002
66646  57.155  4.928  15.752 0.1111110002
125736  57.750  4.831  16.194 0.1111110002
66619  54.096  4.450  17.455 0.2222220004
125294  54.465  4.265  17.959 0.1111110002
66600  52.917  3.922  17.837 0.2222220004
66585  45.927  4.675  20.358 0.3333329856
66605  48.393  4.835  18.296 0.4444440007
66621  52.673  4.353  17.316 0.2222220004
113427  58.674  5.451  13.721 0.1111110002
67596  56.780  5.313  14.486 0.1111110002
66650  53.969  4.895  16.100 0.2222220004
127953  52.287  4.943  16.621 0.3333329856
66623  50.454  4.679  17.074 0.4444440007
67608  58.442  5.416  12.989 0.1111110002
110046  55.368  5.230  14.012 0.3333329856
67545  48.178  5.683  18.353 0.4444440007
68484  48.594  6.090  17.714 0.4444440007
68483  49.353  6.394  17.326 0.4444440007
67598  54.526  5.497  14.133 0.4444440007
68482  50.084  6.726  17.041 0.4444440007
69457  54.223  7.223  12.423 0.4444440007
71069  51.357  9.911  18.610 0.1111110002
70243  50.758  9.328  17.044 0.3333329856
71078  51.499  9.573  16.669 0.2222220004
118277  50.734  9.476  17.629 0.2222220004
70244  50.187  9.107  17.629 0.4444440007
69406  49.172  8.051  18.001 0.4444440007
69416  50.780  7.591  16.242 0.4444440007
69450  53.191  7.411  13.442 0.4444440007
118700  53.662  6.748  12.972 0.4444440007
69440  52.262  7.170  14.614 0.4444440007
70283  54.161  8.542  12.510 0.4444440007
71063  51.865  10.330  18.860 0.1111110002
71077  52.339  9.914  16.309 0.2222220004
71090  51.873  9.260  15.883 0.2222220004
71100  52.679  9.056  14.557 0.3333329856
71927  53.431  11.111  17.304 0.1111110002
72766  53.872  11.158  18.296 0.1111110002
72775  54.027  11.426  17.289 0.1111110002
126096  54.663  11.648  15.233 0.1111110002
67593  59.607  5.871  14.024 0.1111110002
119865  58.516  5.359  14.991 0.1111110002
39649  8.901  -21.845  56.928 0.2222220004
121192  9.054  -21.277  57.632 0.1111110002
110953  21.465  -17.419  52.101 0.1111110002
124839  20.394  -16.723  52.369 0.1111110002
44573  19.603  -16.408  52.022 0.1111110002
44572  20.768  -17.009  51.571 0.1111110002
44582  20.983  -17.355  50.707 0.1111110002
41681  27.375  -20.233  48.633 0.3333329856
44537  20.995  -17.504  54.295 0.1111110002
44560  20.677  -17.475  52.905 0.1111110002
44551  19.830  -17.537  53.453 0.1111110002
44561  19.753  -17.212  52.776 0.1111110002
44562  18.898  -17.440  52.459 0.1111110002
43538  18.014  -17.723  52.058 0.1111110002
43539  17.088  -17.916  51.840 0.1111110002
44538  19.959  -17.561  54.220 0.1111110002
43508  19.159  -17.926  54.025 0.1111110002
43523  19.102  -18.026  53.145 0.1111110002
43524  18.368  -18.351  52.824 0.1111110002
43525  17.651  -18.624  52.506 0.1111110002
43526  16.899  -18.842  52.163 0.1111110002
42573  16.108  -19.074  51.805 0.1111110002
43540  16.532  -18.407  51.354 0.1111110002
51989  44.433  -10.406  32.715 0.3333329856
52001  44.200  -10.043  32.007 0.3333329856
52950  43.017  -10.023  31.135 0.3333329856
52016  42.131  -10.096  30.841 0.4444440007
52017  41.504  -10.338  30.318 0.5555559993
52018  40.127  -10.845  30.341 0.5555559993
52948  44.652  -9.493  31.568 0.3333329856
52949  43.871  -9.682  31.307 0.3333329856
52962  44.300  -9.045  30.950 0.2222220004
52977  42.834  -8.912  30.072 0.4444440007
52979  41.491  -9.814  29.475 0.5555559993
52035  40.809  -10.486  29.752 0.5555559993
52987  42.026  -9.184  28.836 0.5555559993
52988  41.289  -9.675  28.347 0.5555559993
54001  44.751  -8.514  30.554 0.2222220004
55000  45.878  -6.886  29.776 0.2222220004
55001  45.374  -7.398  29.613 0.3333329856
54014  44.434  -8.238  29.876 0.3333329856
54016  42.731  -8.749  29.264 0.4444440007
55985  45.514  -6.799  29.097 0.2222220004
55012  44.903  -7.324  28.977 0.4444440007
54024  43.215  -8.093  28.852 0.5555559993
54025  42.577  -8.603  28.256 0.5555559993
54026  41.836  -9.043  27.814 0.5555559993
55984  46.260  -6.292  29.234 0.2222220004
57027  46.728  -5.591  29.215 0.3333329856
57036  45.531  -6.034  28.642 0.4444440007
55994  44.948  -6.647  28.491 0.4444440007
55025  42.791  -7.385  27.449 0.5555559993
121992  41.598  -7.953  26.851 0.5555559993
58089  46.810  -4.744  28.848 0.2222220004
58090  46.031  -4.460  28.451 0.2222220004
117501  46.468  -3.959  28.460 0.4444440007
59007  46.675  -3.390  28.288 0.4444440007
59008  45.893  -3.533  28.206 0.4444440007
59946  47.032  -2.883  27.930 0.3333329856
59954  48.117  -2.462  27.068 0.1111110002
59955  47.231  -2.495  27.379 0.2222220004
60973  50.318  -1.547  26.034 0.1111110002
61895  50.891  -1.490  25.454 0.1111110002
60987  50.290  -1.545  25.164 0.1111110002
62789  52.548  0.309  24.701 0.1111110002
62765  40.118  1.091  27.598 0.4444440007
63699  40.737  1.531  27.156 0.4444440007
118312  40.738  1.466  26.507 0.4444440007
62775  40.755  1.338  25.901 0.4444440007
63698  41.226  1.949  26.443 0.3333329856
64606  43.583  2.487  24.750 0.2222220004
63705  43.084  2.224  25.061 0.2222220004
35725  8.404  -27.107  59.614 0.2222220004
121230  6.766  -27.157  59.288 0.1111110002
35738  5.985  -26.713  58.202 0.1111110002
121714  6.362  -27.140  58.771 0.1111110002
108110  10.606  -21.294  55.308 0.3333329856
120206  40.999  -10.782  30.495 0.5555559993
52980  40.695  -10.220  28.805 0.5555559993
56006  44.383  -6.561  27.908 0.4444440007
55024  43.395  -7.461  27.731 0.5555559993
59967  47.470  -2.313  26.695 0.2222220004
60974  49.617  -1.792  25.927 0.1111110002
61901  52.054  -0.860  24.442 0.1111110002
64605  43.968  2.776  24.426 0.2222220004
55014  43.733  -7.659  28.220 0.5555559993
55013  44.389  -7.247  28.329 0.5555559993
55026  42.069  -7.381  26.953 0.5555559993
41592  9.551  -20.584  57.890 0.1111110002
52965  41.960  -9.752  30.227 0.4444440007
52964  42.566  -9.473  30.488 0.3333329856
52003  42.340  -10.548  31.524 0.3333329856
113399  41.614  -10.848  31.107 0.4444440007
52963  43.408  -9.109  30.634 0.3333329856
54002  44.078  -8.671  30.382 0.3333329856
52978  42.254  -9.285  29.777 0.5555559993
54013  45.136  -7.963  30.109 0.2222220004
54991  45.878  -7.486  30.367 0.2222220004
55970  46.695  -6.843  30.044 0.2222220004
54990  46.728  -7.445  30.791 0.1111110002
110161  44.821  -7.778  29.509 0.3333329856
55002  44.118  -7.806  29.094 0.5555559993
54015  43.569  -8.535  29.734 0.3333329856
55015  43.096  -8.019  27.875 0.5555559993
54035  42.300  -8.249  27.335 0.5555559993
55983  46.957  -6.121  29.631 0.2222220004
57026  47.475  -5.460  29.475 0.1111110002
58078  47.740  -4.507  29.051 0.1111110002
58088  47.203  -3.974  28.525 0.3333329856
59945  48.321  -2.271  27.934 0.1111110002
126584  49.859  -1.535  26.423 0.1111110002
109474  51.853  -1.637  25.224 0.1111110002
36849  23.654  -25.537  50.775 0.1111110002
43562  29.741  -18.873  49.478 0.1111110002
42589  29.195  -18.994  49.920 0.1111110002
41663  28.459  -20.198  50.639 0.1111110002
37800  25.329  -25.072  55.328 0.1111110002
43578  29.842  -18.744  48.807 0.1111110002
43563  29.119  -18.799  49.199 0.1111110002
41673  28.088  -19.869  49.944 0.2222220004
40727  28.312  -21.099  50.827 0.2222220004
39714  27.718  -22.785  51.303 0.1111110002
117225  27.748  -23.224  52.185 0.1111110002
38748  26.256  -23.964  53.168 0.1111110002
38733  25.740  -24.180  54.273 0.1111110002
43579  29.100  -18.642  48.355 0.2222220004
42600  28.452  -19.136  48.748 0.2222220004
42591  27.890  -19.686  49.153 0.2222220004
40736  27.474  -21.482  49.717 0.2222220004
39726  27.455  -22.332  50.453 0.1111110002
38764  27.031  -23.421  51.674 0.1111110002
40679  11.490  -21.179  55.068 0.1111110002
36817  22.993  -25.576  54.463 0.1111110002
36816  23.849  -25.785  54.343 0.1111110002
36799  24.042  -25.861  55.307 0.1111110002
37801  24.274  -25.209  55.976 0.1111110002
120001  26.188  -23.949  52.080 0.1111110002
38749  25.497  -24.019  53.286 0.1111110002
39738  27.021  -22.356  49.735 0.1111110002
38781  26.421  -23.469  51.075 0.1111110002
38765  25.649  -23.611  51.199 0.1111110002
39728  25.843  -23.236  49.801 0.1111110002
36785  22.282  -25.550  56.148 0.1111110002
36801  22.649  -25.671  56.136 0.1111110002
36784  22.917  -25.658  56.154 0.1111110002
36800  23.325  -26.030  55.897 0.1111110002
38725  23.820  -25.256  56.335 0.1111110002
38734  24.117  -24.429  54.903 0.1111110002
38750  24.570  -23.958  53.485 0.1111110002
38766  25.103  -23.720  52.226 0.1111110002
37811  22.521  -24.711  55.760 0.1111110002
38735  23.304  -24.680  55.472 0.1111110002
128698  23.233  -24.246  52.828 0.1111110002
38751  23.702  -24.123  53.835 0.1111110002
38767  24.033  -23.921  52.238 0.1111110002
38783  24.712  -23.574  51.203 0.1111110002
48727  29.858  -12.892  45.195 0.2222220004
49725  33.212  -11.669  46.305 0.1111110002
48713  32.740  -11.998  45.619 0.1111110002
51990  43.662  -10.503  32.412 0.2222220004
50966  43.004  -11.022  32.594 0.2222220004
107369  43.023  -10.553  31.885 0.2222220004
51992  41.910  -11.077  31.943 0.3333329856
54000  45.471  -8.259  30.785 0.1111110002
53989  45.061  -8.866  31.203 0.1111110002
53911  32.182  -8.638  42.375 0.2222220004
110465  47.750  -2.628  27.768 0.1111110002
62731  40.575  0.433  30.226 0.1111110002
50982  41.188  -11.351  31.761 0.2222220004
117708  29.343  -12.506  44.070 0.2222220004
51991  42.465  -10.892  32.131 0.2222220004
49709  33.316  -11.801  47.286 0.1111110002
49726  32.696  -11.854  46.653 0.1111110002
62743  40.095  0.772  29.403 0.3333329856
42608  28.344  -18.922  47.917 0.2222220004
38801  25.293  -23.412  50.398 0.1111110002
41674  27.626  -20.448  49.446 0.2222220004
42601  27.762  -19.499  48.326 0.2222220004
108080  23.994  -25.604  51.736 0.1111110002
42590  28.531  -19.272  49.573 0.1111110002
42580  28.707  -19.436  50.342 0.1111110002
41658  28.805  -20.667  51.479 0.1111110002
36782  24.454  -25.537  55.423 0.1111110002
36781  25.757  -25.566  54.543 0.1111110002
38724  25.027  -24.518  55.433 0.1111110002
41664  27.951  -20.716  50.167 0.2222220004
40728  27.867  -21.501  50.418 0.1111110002
40716  28.156  -22.040  50.976 0.1111110002
39713  28.345  -22.412  51.854 0.1111110002
126167  26.944  -23.696  52.647 0.1111110002
121599  24.912  -23.968  54.746 0.1111110002
37810  25.934  -24.634  54.808 0.1111110002
39715  27.043  -22.996  50.944 0.1111110002
108081  23.437  -25.582  52.872 0.1111110002
36815  24.615  -25.739  53.635 0.1111110002
108082  24.206  -25.503  52.788 0.1111110002
36798  25.047  -25.774  54.486 0.1111110002
128479  24.511  -24.836  55.585 0.1111110002
39727  26.593  -22.984  50.246 0.1111110002
38782  25.995  -23.449  50.470 0.1111110002
36783  23.518  -25.594  56.196 0.1111110002
37802  23.029  -25.395  56.316 0.1111110002
124919  22.875  -24.355  54.218 0.1111110002
38784  23.741  -23.647  51.079 0.1111110002
50817  39.889  -11.331  41.159 0.1111110002
50832  39.653  -10.888  40.491 0.1111110002
51871  39.592  -10.702  39.864 0.1111110002
51885  39.505  -10.950  39.280 0.2222220004
59913  41.485  -2.050  32.129 0.1111110002
60906  41.455  -1.215  32.105 0.1111110002
63697  41.976  2.343  26.034 0.2222220004
65569  44.554  3.568  24.808 0.1111110002
66578  45.549  4.530  21.532 0.2222220004
66584  46.731  4.946  19.856 0.3333329856
66577  46.252  5.135  21.394 0.2222220004
67525  46.629  5.795  21.364 0.2222220004
67538  47.227  5.402  19.499 0.3333329856
68462  46.879  6.607  20.802 0.2222220004
68469  47.018  6.434  19.834 0.2222220004
67537  47.645  6.042  19.054 0.2222220004
68461  47.315  7.228  20.304 0.1111110002
69394  48.162  7.886  19.935 0.1111110002
68468  47.650  6.971  19.404 0.2222220004
69401  48.388  7.499  18.961 0.2222220004
67621  58.060  5.644  12.220 0.2222220004
70229  49.631  8.921  21.898 0.1111110002
70233  48.729  8.652  20.097 0.1111110002
69400  48.777  8.041  18.579 0.2222220004
67633  57.678  5.783  11.453 0.2222220004
67644  57.225  6.146  10.884 0.3333329856
68551  56.298  6.388  11.166 0.3333329856
70236  49.205  9.169  19.809 0.1111110002
70240  49.215  8.895  18.764 0.2222220004
108921  56.711  5.747  11.592 0.2222220004
129859  57.124  5.527  12.035 0.3333329856
67634  55.874  5.897  11.771 0.3333329856
68552  55.436  6.862  11.547 0.3333329856
68563  57.746  6.637  10.232 0.2222220004
70239  50.112  9.254  18.546 0.3333329856
68564  56.778  6.867  10.507 0.3333329856
109222  55.252  8.011  11.336 0.3333329856
69462  55.879  7.344  10.828 0.3333329856
69470  55.690  8.385  10.604 0.2222220004
70304  55.356  9.016  11.154 0.2222220004
71135  55.678  9.783  11.102 0.1111110002
71134  56.028  10.094  10.620 0.1111110002
71990  56.358  10.472  10.247 0.1111110002
71989  56.715  11.023  9.947 0.1111110002
72004  56.770  10.205  9.557 0.1111110002
71149  55.753  9.289  10.497 0.1111110002
124717  56.191  11.036  11.617 0.1111110002
71971  56.006  10.454  11.160 0.1111110002
125431  55.215  10.241  12.037 0.1111110002
72809  56.469  11.455  11.126 0.1111110002
72820  56.474  11.029  10.591 0.1111110002
111111  56.252  10.736  10.940 0.1111110002
128866  55.359  6.217  11.937 0.3333329856
66576  46.549  5.210  20.647 0.2222220004
68476  48.931  7.087  18.113 0.2222220004
66569  46.130  4.886  22.397 0.2222220004
67532  46.732  5.695  20.306 0.3333329856
67526  46.518  5.456  22.263 0.2222220004
68455  47.003  6.764  21.850 0.2222220004
68477  48.173  6.552  18.521 0.2222220004
69387  49.300  8.939  20.809 0.1111110002
69393  48.714  8.438  19.368 0.1111110002
67643  58.412  6.187  10.650 0.2222220004
69469  56.418  7.789  10.204 0.2222220004
71972  55.671  10.353  11.586 0.1111110002
32803  10.116  -29.412  60.932 0.1111110002
32800  9.356  -29.454  60.800 0.1111110002
33737  10.099  -28.809  60.316 0.1111110002
33734  9.821  -29.158  60.809 0.1111110002
34714  9.751  -28.033  59.612 0.1111110002
33735  9.426  -29.117  60.784 0.1111110002
33739  8.925  -28.611  60.578 0.1111110002
32804  8.714  -29.112  60.574 0.1111110002
34715  9.264  -27.875  60.128 0.1111110002
34716  8.627  -27.730  60.163 0.1111110002
34721  7.307  -27.784  59.562 0.1111110002
34720  9.411  -27.506  59.535 0.1111110002
34717  7.968  -27.581  59.929 0.1111110002
52820  33.258  -9.830  45.147 0.1111110002
57972  34.549  -4.834  38.984 0.1111110002
57953  35.804  -4.689  39.794 0.1111110002
56910  33.454  -5.105  38.522 0.1111110002
56918  33.487  -4.808  37.697 0.1111110002
56941  37.151  -4.868  34.907 0.1111110002
63664  41.545  1.527  29.022 0.1111110002
63671  41.713  1.891  28.269 0.1111110002
126334  40.723  1.634  28.211 0.2222220004
126305  41.894  2.168  26.825 0.1111110002
64591  42.520  2.511  26.800 0.1111110002
67630  60.867  6.383  11.790 0.1111110002
67620  59.231  5.546  12.309 0.1111110002
68549  61.156  6.347  10.833 0.1111110002
67642  59.748  6.374  10.814 0.1111110002
67632  58.849  5.721  11.456 0.1111110002
35728  9.602  -27.550  59.220 0.1111110002
35724  9.004  -27.248  59.620 0.1111110002
51813  34.377  -10.009  45.453 0.1111110002
113982  32.665  -10.061  44.575 0.1111110002
113252  32.837  -4.895  36.977 0.1111110002
63686  41.413  1.938  27.431 0.1111110002
31859  10.020  -29.940  61.197 0.1111110002
32801  8.988  -29.182  60.740 0.1111110002
33738  9.545  -28.593  60.420 0.1111110002
33740  8.270  -28.260  60.140 0.1111110002
56909  34.052  -4.800  38.346 0.1111110002
57971  35.347  -4.637  39.026 0.1111110002
56900  35.028  -4.948  39.684 0.1111110002
114472  34.282  -4.537  37.460 0.1111110002
67631  60.033  6.028  11.640 0.1111110002
68550  60.777  6.511  10.865 0.1111110002
68559  61.414  6.547  9.898 0.1111110002
39652  5.582  -23.245  57.858 0.1111110002
40639  7.267  -21.634  58.868 0.1111110002
115824  6.734  -21.927  58.339 0.1111110002
39643  7.082  -22.392  58.231 0.1111110002
117378  32.421  -8.065  42.561 0.1111110002
54901  32.565  -7.283  41.987 0.1111110002
114438  32.274  -7.875  41.897 0.1111110002
51973  44.815  -10.855  33.332 0.1111110002
55852  32.132  -6.153  40.680 0.1111110002
54902  32.252  -7.053  41.389 0.1111110002
51972  45.672  -10.677  33.471 0.1111110002
52938  44.968  -9.925  32.188 0.1111110002
52924  46.294  -10.332  32.884 0.1111110002
51988  45.244  -10.258  32.875 0.1111110002
123678  31.643  -6.804  40.878 0.1111110002
52947  45.388  -9.245  31.826 0.1111110002
39642  7.766  -21.945  58.014 0.1111110002
58997  47.926  -3.720  28.699 0.1111110002
59006  47.377  -3.390  28.335 0.1111110002
67673  54.525  5.702  7.420 0.1111110002
68598  54.968  6.444  6.956 0.1111110002
69478  60.388  7.376  8.350 0.1111110002
69479  59.159  7.542  8.648 0.1111110002
68594  59.805  7.327  6.904 0.1111110002
116786  59.853  7.754  7.750 0.1111110002
69480  57.892  7.804  8.899 0.1111110002
69497  60.012  8.036  6.120 0.1111110002
68606  58.945  7.556  6.453 0.1111110002
68596  57.030  6.658  7.346 0.1111110002
67671  56.371  6.200  7.892 0.1111110002
67674  53.567  5.516  7.062 0.1111110002
67675  52.575  5.410  6.793 0.1111110002
68595  58.469  6.701  7.228 0.1111110002
68608  56.564  7.199  6.567 0.1111110002
68609  55.463  7.058  6.359 0.1111110002
68562  59.483  6.660  9.996 0.1111110002
68574  59.374  7.046  9.307 0.1111110002
110291  58.596  6.652  9.959 0.1111110002
68575  58.307  7.082  9.504 0.1111110002
69496  60.142  7.981  6.539 0.1111110002
70325  59.887  8.224  7.033 0.1111110002
69489  59.027  8.148  8.005 0.1111110002
69468  57.271  7.338  9.794 0.1111110002
66733  51.649  5.311  6.636 0.1111110002
70324  60.093  8.143  6.462 0.1111110002
69506  58.298  7.757  5.826 0.1111110002
69507  57.276  7.686  5.855 0.1111110002
69508  56.066  7.646  5.865 0.1111110002
69505  59.198  8.190  6.057 0.1111110002
69514  57.949  8.149  5.495 0.1111110002
70235  50.045  9.388  19.421 0.1111110002
69481  56.826  8.167  9.477 0.1111110002
69504  59.995  8.245  6.123 0.1111110002
70332  59.521  8.374  6.337 0.1111110002
70326  58.628  8.476  7.335 0.1111110002
70340  59.286  8.360  6.218 0.1111110002
68607  57.769  7.235  6.502 0.1111110002
68585  57.380  5.961  8.280 0.1111110002
67684  53.044  6.015  6.197 0.1111110002
69488  60.238  7.658  7.245 0.1111110002
69490  58.012  8.387  8.249 0.1111110002
70319  56.575  8.926  9.464 0.1111110002
70312  56.201  8.718  9.997 0.1111110002
70333  58.096  8.975  6.888 0.1111110002
32799  10.024  -29.508  61.029 0.1111110002
32832  11.648  -29.484  56.043 0.2222220004
50803  33.105  -10.666  44.935 0.2222220004
50972  36.562  -11.220  32.618 1.0000000000
50985  38.689  -11.428  31.332 0.8888890147
51975  37.210  -11.077  34.137 0.6666669846
52002  43.564  -10.185  31.721 0.3333329856
52983  33.441  -9.152  29.994 1.0000000000
57035  46.181  -5.429  28.712 0.3333329856
59017  46.228  -2.921  28.039 0.4444440007
62753  39.794  0.228  28.527 0.5555559993
68560  61.284  6.788  9.887 0.1111110002
111086  36.046  -15.775  41.082 0.4444440007
117028  33.689  -10.666  45.421 0.1111110002
119587  41.469  -12.048  33.792 0.3333329856
122048  38.314  -14.133  42.962 0.2222220004
124965  32.916  -10.323  45.033 0.2222220004
126323  28.538  -12.340  45.046 0.1111110002
126934  44.422  -3.124  26.937 0.5555559993
129008  41.762  -11.825  32.869 0.3333329856
129442  43.845  -6.526  27.489 0.6666669846
