#!ascii label  , from subject sub1 vox2ras=TkReg
951
37788  27.398  -24.456  56.594 0.0000000000
49811  50.197  -12.474  39.257 0.0000000000
112943  56.335  -8.408  35.999 0.0000000000
50713  47.385  -10.905  47.970 0.0000000000
44533  32.895  -18.622  54.005 0.0000000000
41584  31.175  -20.315  57.045 0.0000000000
51908  54.779  -10.537  37.250 0.0000000000
49796  55.264  -12.219  40.252 0.0000000000
53785  42.822  -9.520  51.022 0.0000000000
46470  37.042  -15.545  54.974 0.0000000000
65492  59.469  2.629  29.929 0.0000000000
59849  56.308  -2.432  37.515 0.0000000000
51810  44.495  -10.111  44.974 0.0000000000
53887  50.500  -9.858  43.799 0.0000000000
42528  30.141  -20.215  56.037 0.0000000000
38695  30.427  -22.915  58.295 0.0000000000
50878  52.726  -11.994  37.594 0.0000000000
50840  55.098  -11.684  39.562 0.0000000000
51859  53.082  -11.336  40.791 0.0000000000
48647  43.808  -13.796  52.569 0.0000000000
44500  34.826  -18.041  56.773 0.0000000000
45510  35.604  -16.468  55.001 0.0000000000
43473  37.522  -18.232  56.420 0.0000000000
64530  57.276  2.075  31.987 0.0000000000
62705  59.740  0.091  30.875 0.0000000000
63609  57.847  0.045  33.961 0.0000000000
55867  54.880  -6.717  37.266 0.0000000000
58009  54.038  -4.413  35.978 0.0000000000
56914  56.342  -5.502  37.130 0.0000000000
58020  56.567  -4.171  35.028 0.0000000000
55903  55.580  -6.157  34.291 0.0000000000
127958  45.892  -8.166  50.479 0.0000000000
53843  43.423  -9.184  47.993 0.0000000000
54845  47.429  -8.886  47.386 0.0000000000
53873  47.040  -9.061  44.588 0.0000000000
52793  48.952  -9.857  46.593 0.0000000000
50775  51.452  -11.889  43.772 0.0000000000
48691  49.778  -13.695  47.077 0.0000000000
109598  32.420  -18.496  56.346 0.0000000000
53934  52.151  -8.175  36.706 0.0000000000
53927  55.510  -8.847  36.651 0.0000000000
50874  55.778  -10.965  36.946 0.0000000000
48822  54.750  -12.724  37.857 0.0000000000
50661  39.645  -12.949  53.576 0.0000000000
128430  42.167  -11.920  52.600 0.0000000000
50682  43.762  -11.147  51.143 0.0000000000
50716  46.048  -11.069  48.747 0.0000000000
47606  47.230  -13.493  46.634 0.0000000000
48649  37.157  -13.989  53.190 0.0000000000
47532  39.431  -14.483  54.778 0.0000000000
64574  62.083  2.416  27.757 0.0000000000
61802  55.832  -0.446  34.878 0.0000000000
60859  58.730  -1.172  35.809 0.0000000000
59903  55.515  -2.621  32.114 0.0000000000
52870  49.938  -9.374  40.954 0.0000000000
52814  53.101  -11.401  42.296 0.0000000000
47665  53.223  -13.943  41.623 0.0000000000
36758  28.510  -25.139  56.377 0.0000000000
38697  28.926  -23.136  58.006 0.0000000000
124233  30.676  -23.515  57.069 0.0000000000
49809  51.684  -12.462  38.498 0.0000000000
50842  53.197  -11.859  39.178 0.0000000000
129978  51.989  -11.392  40.062 0.0000000000
44499  36.041  -18.095  57.288 0.0000000000
108731  56.493  1.609  32.416 0.0000000000
64520  57.515  1.573  32.533 0.0000000000
63622  56.990  1.034  33.487 0.0000000000
54917  55.560  -7.190  36.592 0.0000000000
55858  55.900  -5.917  37.451 0.0000000000
54925  55.734  -6.702  36.461 0.0000000000
56930  56.138  -6.163  35.412 0.0000000000
123975  47.046  -9.562  49.026 0.0000000000
54829  46.396  -8.502  49.051 0.0000000000
53829  47.532  -9.106  47.898 0.0000000000
53848  48.691  -8.615  47.081 0.0000000000
52788  47.689  -10.464  46.888 0.0000000000
50763  48.629  -11.492  46.352 0.0000000000
49690  47.981  -11.840  47.330 0.0000000000
43477  30.967  -19.132  56.289 0.0000000000
42513  31.993  -18.880  56.834 0.0000000000
41583  33.722  -19.153  56.616 0.0000000000
51921  52.884  -10.751  36.435 0.0000000000
52895  51.462  -9.534  35.970 0.0000000000
52893  53.297  -9.813  36.533 0.0000000000
53928  54.514  -8.711  36.756 0.0000000000
52887  55.335  -9.806  36.829 0.0000000000
52885  55.890  -9.781  36.693 0.0000000000
51907  55.494  -10.835  37.402 0.0000000000
50839  55.207  -11.921  39.895 0.0000000000
49821  55.208  -12.471  38.865 0.0000000000
48813  55.113  -13.200  39.193 0.0000000000
48815  54.128  -13.221  38.470 0.0000000000
47707  54.319  -13.575  40.211 0.0000000000
48621  40.761  -13.076  54.064 0.0000000000
50675  40.508  -11.822  53.057 0.0000000000
125938  42.026  -12.790  53.220 0.0000000000
49654  44.071  -12.117  52.214 0.0000000000
50693  44.826  -10.746  49.781 0.0000000000
46456  36.559  -16.206  55.393 0.0000000000
46492  36.467  -15.272  54.144 0.0000000000
48626  37.005  -13.979  54.273 0.0000000000
116242  38.203  -13.106  55.104 0.0000000000
46469  38.462  -15.407  54.587 0.0000000000
66462  58.836  3.877  30.239 0.0000000000
63656  61.433  1.859  28.908 0.0000000000
114289  58.708  -0.640  31.124 0.0000000000
58921  54.841  -3.497  36.779 0.0000000000
58934  54.208  -3.630  35.640 0.0000000000
59869  54.820  -2.443  35.685 0.0000000000
117949  54.911  -1.507  34.791 0.0000000000
61780  56.155  -0.938  36.521 0.0000000000
62660  57.586  -0.050  36.108 0.0000000000
60827  58.171  -1.616  37.264 0.0000000000
58033  55.498  -4.637  33.325 0.0000000000
116077  56.124  -2.894  33.765 0.0000000000
52768  41.559  -10.407  51.439 0.0000000000
52776  41.196  -10.049  48.865 0.0000000000
52794  43.897  -9.654  46.489 0.0000000000
51802  42.897  -10.647  46.579 0.0000000000
109951  48.450  -9.431  44.267 0.0000000000
53905  47.023  -9.619  43.308 0.0000000000
53903  48.658  -9.334  42.364 0.0000000000
52852  49.454  -9.141  41.140 0.0000000000
52832  50.032  -9.590  41.908 0.0000000000
52830  51.786  -10.247  42.648 0.0000000000
52816  51.686  -9.988  43.023 0.0000000000
120014  51.257  -13.535  44.566 0.0000000000
48732  52.508  -12.775  43.552 0.0000000000
46579  51.690  -14.363  42.806 0.0000000000
46603  52.238  -14.348  41.382 0.0000000000
41585  30.492  -20.902  56.992 0.0000000000
112494  31.159  -21.162  58.364 0.0000000000
108118  30.761  -21.670  55.998 0.0000000000
39653  30.817  -22.587  56.606 0.0000000000
129617  53.375  -11.629  37.574 0.0000000000
50876  54.810  -11.202  37.947 0.0000000000
128119  53.879  -11.616  38.893 0.0000000000
50824  54.744  -11.498  40.310 0.0000000000
51857  54.818  -11.546  40.897 0.0000000000
44520  33.075  -16.949  56.499 0.0000000000
44531  34.635  -17.153  55.179 0.0000000000
45496  35.324  -17.059  56.205 0.0000000000
122692  36.126  -17.022  56.277 0.0000000000
45494  37.325  -16.634  55.848 0.0000000000
45503  38.431  -16.437  55.108 0.0000000000
44518  38.464  -17.948  55.429 0.0000000000
65483  58.665  2.819  30.723 0.0000000000
63638  59.753  0.807  30.042 0.0000000000
63629  58.573  1.227  31.667 0.0000000000
63618  58.716  0.461  32.008 0.0000000000
61808  58.265  -0.346  33.294 0.0000000000
55874  53.291  -6.987  36.484 0.0000000000
56916  54.135  -5.719  37.238 0.0000000000
57958  54.948  -4.577  37.519 0.0000000000
58889  56.808  -3.844  38.272 0.0000000000
58904  57.088  -2.892  37.026 0.0000000000
57991  56.599  -4.580  36.452 0.0000000000
56969  55.928  -5.319  34.476 0.0000000000
54793  44.029  -8.526  51.338 0.0000000000
53817  42.983  -8.815  49.483 0.0000000000
110732  43.952  -8.409  49.012 0.0000000000
117248  44.855  -8.648  47.219 0.0000000000
129382  45.350  -8.910  46.016 0.0000000000
53875  45.850  -9.167  45.002 0.0000000000
54872  47.297  -9.101  45.958 0.0000000000
54858  48.192  -9.430  45.915 0.0000000000
53855  49.056  -10.129  44.987 0.0000000000
51818  51.273  -10.668  43.703 0.0000000000
50777  50.230  -11.523  44.722 0.0000000000
49719  50.460  -12.588  44.911 0.0000000000
46536  50.663  -15.015  45.522 0.0000000000
42543  30.454  -19.209  54.922 0.0000000000
121690  31.688  -18.559  55.172 0.0000000000
43485  32.687  -18.271  55.533 0.0000000000
44502  32.840  -17.119  57.283 0.0000000000
42511  34.636  -19.214  56.918 0.0000000000
54920  53.471  -7.543  36.708 0.0000000000
119018  55.112  -8.021  36.869 0.0000000000
125333  55.940  -8.305  36.434 0.0000000000
52892  56.032  -9.555  36.550 0.0000000000
51919  55.592  -10.790  36.602 0.0000000000
50893  54.757  -11.743  36.423 0.0000000000
50858  55.359  -11.844  37.953 0.0000000000
49852  55.219  -12.220  37.173 0.0000000000
49665  39.093  -13.239  51.957 0.0000000000
50683  40.178  -11.713  52.523 0.0000000000
116382  40.678  -10.738  52.362 0.0000000000
52719  41.938  -10.395  52.080 0.0000000000
49641  43.095  -12.348  52.273 0.0000000000
50672  43.788  -10.693  53.294 0.0000000000
115406  43.210  -9.879  51.354 0.0000000000
128026  44.472  -9.586  50.459 0.0000000000
51746  45.842  -9.625  49.521 0.0000000000
50715  46.884  -10.978  48.461 0.0000000000
49691  47.712  -12.194  47.638 0.0000000000
48681  46.774  -12.301  48.076 0.0000000000
49656  38.163  -13.546  52.970 0.0000000000
48623  39.289  -13.325  54.708 0.0000000000
108410  40.662  -14.745  53.875 0.0000000000
45509  39.513  -15.975  54.014 0.0000000000
45508  40.303  -15.728  53.548 0.0000000000
65544  61.454  4.077  27.601 0.0000000000
62698  56.136  0.220  33.442 0.0000000000
63602  57.330  0.443  35.027 0.0000000000
129038  59.096  0.125  35.243 0.0000000000
60881  57.984  -1.134  33.626 0.0000000000
107687  57.817  -2.865  35.727 0.0000000000
59892  56.711  -2.157  33.919 0.0000000000
60892  56.757  -1.439  32.139 0.0000000000
51794  41.978  -10.538  47.960 0.0000000000
111029  48.955  -11.499  41.073 0.0000000000
50825  50.678  -11.069  40.656 0.0000000000
52868  51.965  -10.844  41.446 0.0000000000
52828  53.142  -11.321  41.663 0.0000000000
50806  55.827  -11.514  42.223 0.0000000000
118111  52.461  -11.691  43.276 0.0000000000
49764  53.573  -12.254  42.622 0.0000000000
48779  54.088  -13.737  41.147 0.0000000000
47690  53.573  -13.794  40.546 0.0000000000
48693  48.301  -13.530  47.382 0.0000000000
46530  48.998  -14.957  46.364 0.0000000000
36752  27.898  -24.425  56.911 0.0000000000
35740  27.943  -25.428  56.370 0.0000000000
36760  27.060  -25.052  56.542 0.0000000000
38698  28.398  -23.688  57.253 0.0000000000
37775  28.572  -23.939  57.232 0.0000000000
49823  50.753  -12.577  38.408 0.0000000000
50843  52.128  -12.114  39.291 0.0000000000
49810  51.136  -12.339  39.321 0.0000000000
63630  56.878  1.580  32.769 0.0000000000
63623  56.489  0.990  32.946 0.0000000000
124757  55.840  -7.820  36.354 0.0000000000
54916  55.750  -6.762  36.818 0.0000000000
54932  55.809  -6.805  35.848 0.0000000000
54933  55.965  -7.625  35.854 0.0000000000
52775  47.226  -9.982  48.660 0.0000000000
53814  47.211  -9.418  48.599 0.0000000000
51775  47.350  -10.413  48.186 0.0000000000
52774  47.467  -9.719  47.764 0.0000000000
51787  47.477  -10.834  47.599 0.0000000000
51792  47.780  -11.170  46.891 0.0000000000
50733  47.610  -11.317  47.397 0.0000000000
41567  31.109  -20.479  58.217 0.0000000000
42501  31.139  -19.634  57.708 0.0000000000
42514  31.845  -19.668  56.238 0.0000000000
41600  32.062  -19.829  55.815 0.0000000000
51920  53.811  -10.656  36.878 0.0000000000
52888  54.256  -9.753  36.870 0.0000000000
49808  55.179  -12.724  39.544 0.0000000000
48803  55.003  -13.213  39.680 0.0000000000
48804  54.958  -13.437  39.558 0.0000000000
47688  54.769  -13.452  39.998 0.0000000000
118644  41.374  -14.443  53.674 0.0000000000
48620  41.521  -13.545  53.646 0.0000000000
46471  36.500  -15.635  54.671 0.0000000000
47547  36.665  -14.563  54.093 0.0000000000
47535  37.024  -14.723  54.417 0.0000000000
47533  38.250  -14.695  54.584 0.0000000000
119565  37.820  -15.562  54.894 0.0000000000
65494  59.078  3.145  30.395 0.0000000000
66461  59.123  3.797  30.116 0.0000000000
65503  59.614  3.257  29.582 0.0000000000
64556  59.981  2.934  28.926 0.0000000000
64546  59.757  2.267  29.410 0.0000000000
59850  55.571  -2.974  37.090 0.0000000000
59859  55.225  -2.763  36.339 0.0000000000
60831  55.727  -2.126  36.855 0.0000000000
125989  55.307  -1.875  36.196 0.0000000000
60830  56.199  -1.526  37.095 0.0000000000
61759  56.696  -1.171  37.064 0.0000000000
60829  56.829  -1.699  37.494 0.0000000000
58044  55.096  -4.727  32.561 0.0000000000
58955  55.408  -3.941  32.718 0.0000000000
52753  42.026  -9.882  51.445 0.0000000000
52777  41.409  -10.526  49.585 0.0000000000
121457  41.971  -10.117  49.461 0.0000000000
52800  44.139  -9.778  45.742 0.0000000000
112890  49.426  -9.607  44.042 0.0000000000
120967  48.959  -9.375  43.358 0.0000000000
123622  49.825  -9.617  43.401 0.0000000000
53902  49.555  -9.430  42.510 0.0000000000
53901  50.655  -9.676  42.963 0.0000000000
53900  51.647  -9.859  43.064 0.0000000000
53868  51.429  -10.122  43.403 0.0000000000
46565  50.684  -14.556  44.131 0.0000000000
47643  51.306  -14.265  43.885 0.0000000000
46580  51.087  -14.860  43.271 0.0000000000
46591  51.160  -14.733  42.558 0.0000000000
40643  29.212  -22.567  58.264 0.0000000000
40653  29.601  -21.725  57.058 0.0000000000
40635  30.647  -21.633  58.295 0.0000000000
123307  31.107  -20.905  58.410 0.0000000000
39638  31.157  -22.603  58.148 0.0000000000
39646  31.307  -22.457  57.843 0.0000000000
38702  31.058  -23.154  57.531 0.0000000000
50879  51.947  -12.107  37.334 0.0000000000
50896  51.352  -11.950  36.861 0.0000000000
50894  53.311  -11.491  36.949 0.0000000000
111397  53.457  -11.760  38.305 0.0000000000
51877  53.661  -11.360  40.065 0.0000000000
51858  53.897  -11.299  40.749 0.0000000000
44509  33.212  -16.912  57.066 0.0000000000
45497  34.200  -17.372  56.367 0.0000000000
45482  34.388  -17.456  56.534 0.0000000000
116667  36.741  -17.715  56.555 0.0000000000
129518  36.200  -17.417  56.619 0.0000000000
109229  36.733  -17.029  56.298 0.0000000000
45495  36.741  -16.673  55.985 0.0000000000
44507  37.363  -17.301  56.150 0.0000000000
127955  38.192  -17.374  55.538 0.0000000000
113258  56.589  2.237  31.646 0.0000000000
65497  57.111  2.511  31.426 0.0000000000
65485  57.720  2.618  31.325 0.0000000000
65484  58.213  2.637  31.164 0.0000000000
64528  58.491  2.070  31.274 0.0000000000
64529  57.874  2.182  31.775 0.0000000000
63620  57.752  0.882  33.175 0.0000000000
63619  58.325  0.791  32.734 0.0000000000
62696  58.363  0.068  33.105 0.0000000000
116679  57.951  -0.451  34.217 0.0000000000
124151  54.017  -6.435  37.128 0.0000000000
56917  53.846  -6.348  36.938 0.0000000000
55860  54.406  -6.120  37.295 0.0000000000
56906  56.306  -5.357  37.246 0.0000000000
121229  55.479  -5.277  37.504 0.0000000000
56907  55.992  -4.872  37.758 0.0000000000
58890  55.832  -3.964  37.624 0.0000000000
56905  56.418  -4.758  37.609 0.0000000000
57975  57.206  -4.219  37.807 0.0000000000
109381  56.601  -4.756  36.975 0.0000000000
55902  55.965  -6.126  34.894 0.0000000000
56946  56.346  -5.256  35.006 0.0000000000
56970  55.506  -5.349  33.763 0.0000000000
55924  54.865  -6.258  33.368 0.0000000000
129587  45.062  -8.275  51.224 0.0000000000
110808  44.308  -8.473  50.040 0.0000000000
109509  45.448  -8.039  50.461 0.0000000000
107777  47.053  -8.832  48.272 0.0000000000
54830  45.428  -8.470  48.567 0.0000000000
54847  45.475  -8.631  47.572 0.0000000000
54875  45.141  -8.897  46.396 0.0000000000
54861  46.129  -8.677  46.353 0.0000000000
54873  46.424  -8.726  45.840 0.0000000000
114923  46.908  -9.084  46.576 0.0000000000
107731  48.945  -9.258  46.831 0.0000000000
127704  48.461  -9.329  46.809 0.0000000000
53847  48.583  -9.692  46.011 0.0000000000
53856  48.504  -9.632  45.368 0.0000000000
52792  48.764  -10.349  46.074 0.0000000000
51809  49.868  -10.864  44.632 0.0000000000
114257  49.182  -10.390  45.569 0.0000000000
50748  49.134  -12.056  46.455 0.0000000000
49720  49.928  -12.157  45.281 0.0000000000
112354  49.780  -12.696  46.305 0.0000000000
48709  50.492  -13.574  45.895 0.0000000000
47602  50.219  -14.647  46.828 0.0000000000
42536  29.910  -19.848  55.219 0.0000000000
42544  30.195  -19.635  54.472 0.0000000000
42535  30.494  -19.480  55.794 0.0000000000
43465  31.610  -18.969  56.595 0.0000000000
43476  31.542  -18.612  55.935 0.0000000000
43475  32.540  -18.301  55.925 0.0000000000
44503  32.531  -17.000  56.818 0.0000000000
43464  32.820  -18.109  57.054 0.0000000000
109493  51.861  -8.692  36.445 0.0000000000
54926  52.234  -7.967  36.699 0.0000000000
53930  52.610  -7.974  36.774 0.0000000000
112244  55.576  -8.069  36.630 0.0000000000
53926  56.125  -9.026  36.585 0.0000000000
53932  56.321  -8.856  36.249 0.0000000000
128280  55.787  -10.777  37.104 0.0000000000
51918  55.810  -10.313  36.895 0.0000000000
50913  55.092  -11.210  35.979 0.0000000000
50892  55.358  -11.642  36.766 0.0000000000
50859  55.197  -11.523  38.233 0.0000000000
49834  55.152  -12.467  37.875 0.0000000000
49835  55.058  -12.261  37.132 0.0000000000
49853  54.890  -12.226  36.821 0.0000000000
48831  54.698  -12.380  36.894 0.0000000000
49655  39.000  -13.150  52.613 0.0000000000
50696  39.700  -12.495  52.308 0.0000000000
50684  39.811  -12.640  52.919 0.0000000000
50674  41.262  -11.573  52.785 0.0000000000
51723  40.675  -11.092  52.467 0.0000000000
51722  41.164  -10.843  52.306 0.0000000000
52736  41.273  -10.578  52.100 0.0000000000
51721  42.105  -11.277  52.401 0.0000000000
48637  43.126  -13.375  52.712 0.0000000000
49639  44.398  -11.200  52.766 0.0000000000
49640  44.154  -11.419  52.784 0.0000000000
51719  44.030  -10.410  52.851 0.0000000000
52717  43.128  -10.128  51.740 0.0000000000
51718  43.294  -10.695  52.139 0.0000000000
53769  43.756  -9.254  50.990 0.0000000000
121371  43.627  -10.486  51.062 0.0000000000
50702  45.463  -10.775  49.279 0.0000000000
50701  46.384  -10.411  48.844 0.0000000000
49680  46.551  -11.745  48.297 0.0000000000
118741  45.628  -11.484  48.615 0.0000000000
44545  34.767  -17.869  54.065 0.0000000000
44530  35.366  -17.097  54.513 0.0000000000
47567  37.163  -14.595  53.008 0.0000000000
48658  37.276  -13.975  52.346 0.0000000000
48648  37.508  -13.742  52.578 0.0000000000
49666  38.023  -13.378  52.116 0.0000000000
48638  37.355  -13.761  53.430 0.0000000000
48609  39.033  -13.531  55.197 0.0000000000
48624  38.555  -13.024  55.059 0.0000000000
47546  39.693  -13.952  54.879 0.0000000000
122914  40.251  -14.255  54.361 0.0000000000
47531  39.915  -14.691  54.474 0.0000000000
45502  38.857  -16.530  54.418 0.0000000000
46491  41.221  -15.599  52.768 0.0000000000
65516  61.760  3.181  28.551 0.0000000000
124207  62.022  2.907  27.872 0.0000000000
64575  60.715  2.305  27.857 0.0000000000
62715  59.647  0.521  30.702 0.0000000000
57992  53.815  -5.269  36.216 0.0000000000
56947  53.024  -5.496  34.643 0.0000000000
58010  53.735  -5.087  35.177 0.0000000000
61803  55.264  -0.869  34.499 0.0000000000
60871  54.917  -1.412  34.092 0.0000000000
61810  55.126  -0.881  33.613 0.0000000000
62699  55.424  -0.202  33.070 0.0000000000
61809  55.702  -0.386  33.994 0.0000000000
62689  56.361  0.072  34.384 0.0000000000
62676  56.540  -0.029  35.177 0.0000000000
124032  58.207  -0.440  36.782 0.0000000000
61777  58.150  0.189  36.375 0.0000000000
61793  59.055  -0.488  34.919 0.0000000000
60870  58.137  -0.928  34.459 0.0000000000
59876  57.920  -1.241  34.793 0.0000000000
58933  56.864  -3.616  36.140 0.0000000000
58932  57.710  -3.087  36.371 0.0000000000
58939  56.971  -3.231  35.287 0.0000000000
58967  55.627  -2.907  32.947 0.0000000000
59902  56.094  -2.077  32.587 0.0000000000
59901  56.795  -1.605  33.129 0.0000000000
111346  55.810  -1.719  31.780 0.0000000000
53832  43.227  -9.144  48.753 0.0000000000
52782  42.628  -9.715  48.266 0.0000000000
52789  42.861  -9.671  47.540 0.0000000000
53874  46.515  -9.070  44.789 0.0000000000
52835  47.278  -9.852  42.448 0.0000000000
51841  48.694  -10.358  41.422 0.0000000000
51861  49.607  -10.221  41.126 0.0000000000
50826  49.973  -11.120  40.672 0.0000000000
110893  50.160  -10.261  40.853 0.0000000000
109979  51.495  -11.120  40.778 0.0000000000
52869  50.727  -10.485  41.208 0.0000000000
121517  52.465  -10.987  42.163 0.0000000000
52829  52.204  -10.784  42.063 0.0000000000
126576  53.714  -11.568  41.947 0.0000000000
51839  54.628  -11.668  41.425 0.0000000000
51829  54.979  -11.984  41.672 0.0000000000
51807  51.410  -11.323  43.727 0.0000000000
51817  51.770  -10.998  43.407 0.0000000000
47653  52.691  -13.677  42.662 0.0000000000
49748  53.063  -12.540  43.272 0.0000000000
47652  53.280  -13.531  42.222 0.0000000000
48763  53.862  -13.074  41.790 0.0000000000
47664  53.506  -14.058  41.293 0.0000000000
115078  54.062  -14.329  40.991 0.0000000000
47676  53.677  -14.348  41.313 0.0000000000
47692  51.556  -14.451  40.167 0.0000000000
48680  47.331  -12.758  48.063 0.0000000000
48679  47.798  -12.991  47.571 0.0000000000
48694  47.683  -13.200  47.428 0.0000000000
40636  28.956  -22.755  58.083 0.0000000000
38696  29.476  -22.775  58.338 0.0000000000
38703  31.081  -23.351  57.892 0.0000000000
37774  29.266  -23.435  57.577 0.0000000000
36756  29.908  -24.473  56.124 0.0000000000
49836  51.298  -12.456  37.603 0.0000000000
49822  52.097  -12.425  37.922 0.0000000000
50861  52.525  -12.263  38.449 0.0000000000
51878  52.713  -11.536  39.959 0.0000000000
43461  35.217  -18.845  56.972 0.0000000000
43460  36.132  -19.186  57.084 0.0000000000
43474  36.817  -18.696  56.709 0.0000000000
64531  56.801  1.929  32.136 0.0000000000
64521  57.017  1.645  32.776 0.0000000000
63621  57.184  1.016  33.411 0.0000000000
63611  57.093  0.571  34.345 0.0000000000
55866  55.403  -6.596  37.353 0.0000000000
55859  55.015  -5.845  37.437 0.0000000000
111482  55.506  -6.382  37.264 0.0000000000
55865  55.923  -6.003  37.326 0.0000000000
55873  56.176  -6.020  37.010 0.0000000000
56921  56.407  -5.369  36.802 0.0000000000
55879  56.191  -6.171  36.282 0.0000000000
55886  55.755  -6.872  35.341 0.0000000000
53798  46.707  -9.124  49.478 0.0000000000
54813  46.296  -8.345  49.690 0.0000000000
53816  46.658  -8.773  49.502 0.0000000000
53830  47.107  -8.930  48.377 0.0000000000
53841  47.569  -8.913  47.692 0.0000000000
54844  48.167  -8.569  47.225 0.0000000000
122986  48.145  -8.732  47.378 0.0000000000
124484  47.736  -9.718  47.007 0.0000000000
51800  48.435  -10.784  46.248 0.0000000000
50749  48.216  -11.699  47.001 0.0000000000
49704  48.594  -12.183  47.099 0.0000000000
42527  30.611  -19.712  56.741 0.0000000000
43466  30.921  -19.215  57.051 0.0000000000
127318  31.603  -18.921  57.283 0.0000000000
42499  32.160  -18.507  57.492 0.0000000000
43463  32.975  -18.215  57.128 0.0000000000
42512  33.069  -18.806  56.849 0.0000000000
51922  51.962  -10.652  36.014 0.0000000000
52894  52.389  -9.702  36.207 0.0000000000
53933  52.692  -8.683  36.611 0.0000000000
53929  53.457  -8.207  36.761 0.0000000000
118440  53.590  -9.013  36.821 0.0000000000
52886  55.794  -9.645  36.752 0.0000000000
51906  55.816  -10.338  36.989 0.0000000000
116607  55.205  -11.932  38.943 0.0000000000
48821  54.992  -12.895  38.558 0.0000000000
48814  54.948  -13.396  38.879 0.0000000000
48805  54.438  -13.361  39.388 0.0000000000
128640  53.728  -13.542  39.812 0.0000000000
49626  39.904  -12.981  54.044 0.0000000000
50676  40.202  -12.160  52.881 0.0000000000
49642  40.574  -12.439  53.703 0.0000000000
49625  41.031  -12.069  53.396 0.0000000000
50660  41.876  -12.132  53.024 0.0000000000
48646  44.206  -13.185  52.080 0.0000000000
49653  44.205  -11.928  51.503 0.0000000000
51748  44.171  -10.837  50.213 0.0000000000
49662  44.040  -12.151  50.455 0.0000000000
50703  44.373  -11.369  49.635 0.0000000000
46472  35.986  -16.210  55.023 0.0000000000
46483  36.327  -16.021  54.723 0.0000000000
117698  36.669  -16.065  53.512 0.0000000000
109267  36.677  -15.022  53.514 0.0000000000
47557  36.760  -14.439  53.738 0.0000000000
48639  36.873  -13.879  53.917 0.0000000000
48625  37.780  -13.792  54.293 0.0000000000
48611  37.852  -13.911  54.466 0.0000000000
48610  38.482  -13.408  55.153 0.0000000000
122772  38.946  -15.137  54.132 0.0000000000
66474  59.778  3.920  29.080 0.0000000000
64555  60.788  2.570  28.581 0.0000000000
64563  62.083  2.474  28.748 0.0000000000
61822  59.344  -0.357  30.992 0.0000000000
58922  54.267  -3.861  36.581 0.0000000000
59860  54.554  -3.218  36.017 0.0000000000
59870  54.339  -2.892  35.322 0.0000000000
59878  54.257  -2.739  34.486 0.0000000000
60861  54.516  -2.159  35.065 0.0000000000
60860  55.041  -1.664  35.527 0.0000000000
61796  55.940  -0.616  35.632 0.0000000000
61795  56.785  -0.525  35.723 0.0000000000
61779  57.144  -0.813  36.524 0.0000000000
61778  57.948  -0.417  37.005 0.0000000000
111913  58.452  -1.772  36.391 0.0000000000
58940  56.307  -3.905  34.286 0.0000000000
58954  55.807  -3.807  33.515 0.0000000000
58968  55.331  -3.422  32.267 0.0000000000
51764  40.933  -11.373  50.882 0.0000000000
53851  43.699  -9.445  47.270 0.0000000000
52795  43.108  -9.819  46.794 0.0000000000
51801  43.549  -10.243  46.117 0.0000000000
51812  43.187  -11.010  45.696 0.0000000000
53872  47.657  -9.215  44.426 0.0000000000
53889  47.327  -9.309  43.948 0.0000000000
53888  48.079  -9.384  43.583 0.0000000000
53904  47.728  -9.577  42.981 0.0000000000
52834  48.121  -9.526  42.106 0.0000000000
52853  48.453  -9.653  41.711 0.0000000000
126224  48.926  -9.395  41.656 0.0000000000
52851  50.137  -9.787  41.277 0.0000000000
52850  51.325  -10.381  41.835 0.0000000000
52831  50.941  -9.994  42.304 0.0000000000
108810  51.950  -10.422  42.724 0.0000000000
52815  52.303  -10.899  42.712 0.0000000000
48720  51.645  -12.773  44.183 0.0000000000
128416  51.602  -12.256  43.869 0.0000000000
48733  52.012  -13.080  43.784 0.0000000000
47654  52.042  -13.974  43.090 0.0000000000
46578  52.429  -14.071  42.341 0.0000000000
46589  53.117  -14.009  41.723 0.0000000000
46590  51.973  -14.365  42.133 0.0000000000
41613  29.400  -20.493  55.576 0.0000000000
41601  29.465  -20.864  56.271 0.0000000000
42516  30.430  -20.266  56.888 0.0000000000
41568  30.846  -20.724  58.032 0.0000000000
112343  31.044  -20.659  55.918 0.0000000000
40652  30.374  -21.693  57.030 0.0000000000
37780  30.885  -23.644  56.963 0.0000000000
50895  52.270  -11.553  36.696 0.0000000000
50877  54.115  -11.146  37.708 0.0000000000
50860  54.594  -11.467  38.628 0.0000000000
50841  54.329  -11.517  39.444 0.0000000000
50823  55.769  -11.674  40.878 0.0000000000
50822  56.195  -11.179  40.940 0.0000000000
47556  42.656  -14.988  53.526 0.0000000000
44521  33.234  -17.833  55.826 0.0000000000
44532  33.744  -17.920  54.800 0.0000000000
44519  33.800  -17.481  55.742 0.0000000000
45505  34.064  -17.304  56.129 0.0000000000
45504  35.249  -16.746  55.614 0.0000000000
44508  35.593  -17.493  56.560 0.0000000000
113792  36.026  -16.670  55.807 0.0000000000
46455  37.239  -16.151  55.510 0.0000000000
46454  38.027  -16.126  55.289 0.0000000000
45493  37.932  -16.860  55.625 0.0000000000
117324  38.527  -17.072  55.218 0.0000000000
44517  39.168  -17.474  54.989 0.0000000000
64539  59.157  2.368  30.520 0.0000000000
64538  59.544  1.738  29.949 0.0000000000
63639  59.394  1.273  30.544 0.0000000000
64527  58.852  1.532  31.002 0.0000000000
63628  59.069  0.806  31.147 0.0000000000
64519  58.149  1.578  32.238 0.0000000000
121581  59.283  0.200  31.406 0.0000000000
62695  58.712  -0.044  32.254 0.0000000000
60888  58.482  -0.414  32.448 0.0000000000
60889  58.226  -0.932  32.593 0.0000000000
56923  53.629  -6.173  36.332 0.0000000000
57977  54.066  -4.594  37.047 0.0000000000
56908  54.503  -5.189  37.452 0.0000000000
117219  54.149  -5.015  37.363 0.0000000000
57976  54.367  -4.554  37.396 0.0000000000
129767  54.692  -4.196  37.404 0.0000000000
58906  55.918  -3.251  37.504 0.0000000000
59833  56.588  -3.207  38.074 0.0000000000
59847  57.284  -2.766  37.744 0.0000000000
58905  57.404  -3.678  37.931 0.0000000000
58920  56.922  -3.559  36.980 0.0000000000
56929  56.462  -5.386  35.869 0.0000000000
58021  56.201  -4.651  34.534 0.0000000000
58032  55.843  -4.531  34.122 0.0000000000
56987  55.212  -5.381  33.010 0.0000000000
53801  43.808  -8.825  50.908 0.0000000000
53802  43.025  -8.991  50.344 0.0000000000
54806  43.368  -8.610  50.122 0.0000000000
115681  43.411  -8.479  49.101 0.0000000000
54832  43.727  -8.346  48.480 0.0000000000
54814  46.028  -7.828  49.822 0.0000000000
54831  44.225  -8.216  48.328 0.0000000000
54849  44.104  -8.217  47.843 0.0000000000
54863  44.627  -8.852  47.074 0.0000000000
53849  44.844  -9.126  46.419 0.0000000000
53861  45.151  -9.199  45.965 0.0000000000
53876  45.270  -9.238  45.248 0.0000000000
53860  45.523  -8.942  45.629 0.0000000000
53859  46.117  -8.853  45.405 0.0000000000
53858  46.776  -8.898  45.171 0.0000000000
54859  48.200  -8.915  46.595 0.0000000000
124098  47.793  -9.264  45.728 0.0000000000
53857  47.399  -9.044  45.093 0.0000000000
54883  48.022  -9.275  45.008 0.0000000000
53871  48.829  -9.752  44.745 0.0000000000
53870  49.874  -9.972  44.308 0.0000000000
52805  51.112  -10.251  43.731 0.0000000000
52798  50.631  -10.451  44.171 0.0000000000
51808  50.848  -10.970  44.169 0.0000000000
50776  50.966  -11.646  44.023 0.0000000000
51799  49.168  -11.151  45.403 0.0000000000
49736  50.644  -12.054  44.523 0.0000000000
48721  51.031  -12.986  44.732 0.0000000000
47615  50.800  -13.973  45.092 0.0000000000
43486  30.936  -18.848  55.475 0.0000000000
43494  31.375  -18.571  54.201 0.0000000000
43493  32.209  -18.504  54.585 0.0000000000
124929  32.896  -18.146  54.892 0.0000000000
44511  32.459  -16.970  56.512 0.0000000000
44510  32.768  -16.888  56.899 0.0000000000
44501  33.572  -17.531  57.071 0.0000000000
43462  34.172  -18.409  57.239 0.0000000000
55869  53.689  -7.044  36.754 0.0000000000
55868  54.071  -6.868  37.092 0.0000000000
54919  54.392  -7.543  36.901 0.0000000000
54918  55.295  -7.169  37.032 0.0000000000
120941  55.362  -6.838  37.120 0.0000000000
52898  56.139  -9.506  35.928 0.0000000000
51934  55.797  -10.030  36.488 0.0000000000
51894  55.561  -11.055  37.387 0.0000000000
50875  55.567  -11.441  37.053 0.0000000000
49673  39.293  -13.398  51.218 0.0000000000
50695  39.971  -11.774  51.971 0.0000000000
51750  40.379  -11.043  52.409 0.0000000000
111254  40.562  -11.430  51.701 0.0000000000
51749  40.849  -10.681  51.897 0.0000000000
52754  41.292  -10.563  52.058 0.0000000000
52752  42.786  -9.453  51.857 0.0000000000
129977  42.240  -13.553  53.345 0.0000000000
48619  42.690  -13.117  52.885 0.0000000000
49623  42.620  -12.228  52.651 0.0000000000
48636  43.698  -12.758  52.316 0.0000000000
49622  43.493  -11.554  53.262 0.0000000000
50673  43.186  -11.830  52.029 0.0000000000
125512  42.947  -11.384  51.921 0.0000000000
52718  42.790  -10.322  51.608 0.0000000000
53770  43.565  -8.778  51.640 0.0000000000
120696  43.647  -8.811  51.506 0.0000000000
52751  44.677  -8.982  51.029 0.0000000000
52750  44.885  -9.262  49.866 0.0000000000
52749  46.052  -9.142  49.795 0.0000000000
52766  46.624  -9.491  49.273 0.0000000000
123870  47.120  -9.991  48.869 0.0000000000
50714  47.258  -10.912  48.194 0.0000000000
50734  47.522  -11.411  47.676 0.0000000000
49679  47.272  -11.774  48.148 0.0000000000
122726  47.022  -12.323  48.271 0.0000000000
48695  47.075  -12.883  47.736 0.0000000000
117481  45.978  -11.768  48.282 0.0000000000
49705  45.916  -12.107  47.570 0.0000000000
43504  33.942  -18.446  53.816 0.0000000000
44544  35.725  -17.573  53.736 0.0000000000
48656  38.331  -13.557  51.650 0.0000000000
49644  39.058  -13.246  53.493 0.0000000000
49629  38.235  -12.867  54.958 0.0000000000
49628  38.836  -13.330  54.379 0.0000000000
49627  39.252  -13.215  54.150 0.0000000000
48622  40.116  -13.590  54.350 0.0000000000
107530  40.797  -14.004  53.971 0.0000000000
46468  38.706  -15.898  54.517 0.0000000000
46467  39.370  -15.401  54.033 0.0000000000
46482  39.961  -15.199  53.910 0.0000000000
46481  40.736  -15.187  53.501 0.0000000000
38711  26.866  -24.571  56.299 0.0000000000
119190  60.384  3.239  27.302 0.0000000000
62697  56.803  0.530  33.895 0.0000000000
63612  57.121  0.662  34.439 0.0000000000
62687  57.512  0.437  35.073 0.0000000000
62675  57.280  0.244  35.333 0.0000000000
62674  57.837  0.503  35.561 0.0000000000
62686  58.071  0.293  35.023 0.0000000000
117450  58.069  -0.600  34.313 0.0000000000
60880  58.145  -0.741  33.459 0.0000000000
60890  58.009  -1.403  32.731 0.0000000000
124724  57.646  -2.380  37.378 0.0000000000
119933  58.193  -2.502  36.090 0.0000000000
59868  58.137  -1.830  35.530 0.0000000000
58953  56.648  -2.926  34.494 0.0000000000
59877  57.347  -2.224  34.822 0.0000000000
59891  57.561  -1.518  33.761 0.0000000000
127120  57.731  -1.615  32.978 0.0000000000
60901  56.487  -1.203  31.188 0.0000000000
107827  49.305  -12.752  39.257 0.0000000000
53833  42.413  -9.723  49.047 0.0000000000
52783  41.888  -10.124  48.543 0.0000000000
51842  47.746  -10.374  41.512 0.0000000000
49812  48.673  -12.296  40.037 0.0000000000
50845  49.623  -12.159  40.207 0.0000000000
50844  50.545  -11.974  40.159 0.0000000000
51879  51.360  -11.601  40.012 0.0000000000
51860  52.371  -11.236  40.819 0.0000000000
52849  52.212  -10.793  41.858 0.0000000000
52848  52.923  -11.021  41.600 0.0000000000
52866  53.045  -10.771  41.156 0.0000000000
51856  55.950  -10.798  41.449 0.0000000000
109358  55.890  -11.584  41.351 0.0000000000
52804  51.666  -10.353  43.289 0.0000000000
52803  52.122  -10.791  43.056 0.0000000000
51815  52.972  -11.819  42.975 0.0000000000
49749  52.352  -12.255  43.505 0.0000000000
50788  52.900  -12.005  43.142 0.0000000000
50799  53.559  -11.961  42.608 0.0000000000
49763  54.242  -12.062  42.196 0.0000000000
48762  54.477  -12.708  41.209 0.0000000000
109131  54.971  -12.295  40.871 0.0000000000
47689  54.157  -13.719  40.547 0.0000000000
47708  52.911  -13.797  39.694 0.0000000000
47677  53.199  -14.000  41.137 0.0000000000
47691  52.394  -14.225  40.461 0.0000000000
48678  48.316  -12.726  47.409 0.0000000000
48692  48.977  -13.776  47.536 0.0000000000
47605  48.074  -13.842  46.767 0.0000000000
47604  48.899  -14.546  47.305 0.0000000000
47603  49.505  -14.463  47.279 0.0000000000
46538  49.765  -15.539  46.201 0.0000000000
36751  28.854  -24.339  56.919 0.0000000000
36757  29.271  -24.587  56.276 0.0000000000
36759  27.624  -25.059  56.647 0.0000000000
37773  30.280  -23.206  57.834 0.0000000000
37781  31.036  -24.398  56.513 0.0000000000
37782  29.875  -23.786  56.712 0.0000000000
37783  27.360  -24.773  56.620 0.0000000000
37789  26.878  -24.913  56.483 0.0000000000
38704  28.673  -23.199  57.603 0.0000000000
38705  27.896  -24.089  57.080 0.0000000000
39639  30.477  -22.352  58.313 0.0000000000
39640  29.820  -22.474  58.281 0.0000000000
39641  29.053  -22.815  58.626 0.0000000000
40634  31.145  -21.592  58.312 0.0000000000
40642  31.256  -21.924  58.185 0.0000000000
41566  31.432  -20.185  57.040 0.0000000000
41569  30.175  -21.896  58.012 0.0000000000
42500  31.761  -19.058  57.863 0.0000000000
42502  31.151  -19.547  57.915 0.0000000000
43452  31.569  -19.064  57.875 0.0000000000
45498  33.264  -16.939  56.740 0.0000000000
46457  36.080  -16.333  55.287 0.0000000000
46529  49.713  -15.252  47.065 0.0000000000
46537  50.318  -15.266  46.356 0.0000000000
46564  51.524  -14.331  43.420 0.0000000000
47534  37.616  -14.940  54.596 0.0000000000
47543  42.682  -13.994  53.250 0.0000000000
47544  42.079  -14.339  53.550 0.0000000000
47616  50.680  -14.620  46.127 0.0000000000
47631  51.556  -13.665  44.152 0.0000000000
47632  50.849  -14.284  44.514 0.0000000000
47641  52.386  -13.402  43.335 0.0000000000
47642  51.831  -13.846  43.618 0.0000000000
47674  54.468  -13.406  40.599 0.0000000000
47675  54.009  -14.272  41.009 0.0000000000
47723  53.445  -13.472  39.075 0.0000000000
48746  53.483  -12.767  42.622 0.0000000000
48747  53.160  -13.176  43.292 0.0000000000
48790  54.865  -13.077  40.076 0.0000000000
49624  41.261  -12.588  53.641 0.0000000000
49643  39.965  -12.570  53.498 0.0000000000
49645  38.320  -13.735  53.987 0.0000000000
49733  51.800  -12.043  43.673 0.0000000000
49734  51.956  -12.442  43.731 0.0000000000
49735  51.197  -12.255  44.195 0.0000000000
49778  54.434  -12.139  41.935 0.0000000000
49788  56.060  -11.859  41.994 0.0000000000
50659  43.218  -11.802  53.013 0.0000000000
50670  44.299  -10.540  52.808 0.0000000000
50671  44.154  -10.677  53.196 0.0000000000
50694  43.932  -11.451  50.201 0.0000000000
50762  49.423  -11.738  45.633 0.0000000000
50789  52.168  -12.002  43.515 0.0000000000
50790  51.898  -11.658  43.533 0.0000000000
50814  56.183  -11.273  41.701 0.0000000000
51720  43.714  -10.544  52.601 0.0000000000
51733  44.370  -10.247  50.413 0.0000000000
51734  43.716  -10.947  50.826 0.0000000000
51735  40.747  -10.838  52.118 0.0000000000
51736  40.444  -11.278  52.392 0.0000000000
51747  45.009  -10.096  49.806 0.0000000000
51761  46.553  -10.037  48.929 0.0000000000
51762  45.720  -10.198  49.353 0.0000000000
51776  47.163  -10.462  48.487 0.0000000000
51777  47.135  -10.345  48.671 0.0000000000
51816  52.317  -11.326  43.179 0.0000000000
51822  54.411  -11.994  42.078 0.0000000000
51823  53.623  -11.720  42.264 0.0000000000
51824  52.758  -11.280  42.659 0.0000000000
51830  54.440  -11.734  41.653 0.0000000000
51838  56.071  -11.441  41.633 0.0000000000
51840  53.713  -11.294  41.182 0.0000000000
52731  44.001  -10.036  50.695 0.0000000000
52732  43.317  -10.269  51.429 0.0000000000
52733  43.260  -9.477  51.243 0.0000000000
52734  42.642  -9.647  51.572 0.0000000000
52735  41.909  -10.147  51.780 0.0000000000
52767  41.963  -10.125  50.439 0.0000000000
52790  42.353  -10.004  47.955 0.0000000000
52799  49.544  -10.309  44.721 0.0000000000
52806  50.277  -10.251  44.261 0.0000000000
52833  49.375  -9.133  41.268 0.0000000000
52867  52.834  -11.067  41.691 0.0000000000
53781  45.353  -8.646  50.331 0.0000000000
53782  44.256  -8.481  51.250 0.0000000000
53783  43.769  -8.601  51.705 0.0000000000
53784  43.128  -9.173  50.953 0.0000000000
53799  46.301  -8.494  50.087 0.0000000000
53800  45.439  -7.999  50.731 0.0000000000
53803  42.475  -9.579  50.584 0.0000000000
53815  46.958  -8.974  49.046 0.0000000000
53818  42.558  -9.351  49.844 0.0000000000
53828  48.333  -8.971  47.414 0.0000000000
53831  43.757  -8.336  48.291 0.0000000000
53842  44.058  -8.585  47.676 0.0000000000
53850  44.417  -9.334  46.958 0.0000000000
53862  44.563  -9.364  46.163 0.0000000000
53869  50.902  -10.037  43.827 0.0000000000
53886  51.328  -9.964  43.357 0.0000000000
54803  46.007  -7.939  50.295 0.0000000000
54804  44.702  -8.144  51.144 0.0000000000
54805  43.965  -8.566  50.638 0.0000000000
54815  44.844  -8.433  49.354 0.0000000000
54816  43.486  -8.528  49.775 0.0000000000
54817  43.204  -8.552  49.549 0.0000000000
54828  46.800  -8.713  49.052 0.0000000000
54833  43.500  -8.497  48.995 0.0000000000
54846  46.383  -8.926  47.195 0.0000000000
54848  44.650  -8.458  47.867 0.0000000000
54860  47.655  -8.868  46.842 0.0000000000
54862  45.510  -8.756  46.673 0.0000000000
54874  45.653  -8.686  45.979 0.0000000000
56915  56.350  -5.523  37.373 0.0000000000
56922  53.912  -5.486  37.006 0.0000000000
57955  57.114  -4.212  38.203 0.0000000000
57956  56.565  -4.250  38.016 0.0000000000
57957  55.837  -4.660  37.595 0.0000000000
58008  56.577  -4.602  35.674 0.0000000000
58888  57.054  -3.409  38.253 0.0000000000
58907  55.141  -3.697  37.295 0.0000000000
58908  54.427  -4.101  37.301 0.0000000000
59848  56.925  -2.483  38.033 0.0000000000
59858  58.108  -2.469  36.824 0.0000000000
59867  58.642  -1.202  35.045 0.0000000000
59893  56.233  -2.288  33.286 0.0000000000
60828  57.418  -1.784  37.486 0.0000000000
60846  58.437  -0.982  36.789 0.0000000000
60847  58.065  -0.944  37.347 0.0000000000
60872  54.546  -2.005  34.253 0.0000000000
60882  54.553  -1.627  33.363 0.0000000000
60897  58.610  -0.516  31.735 0.0000000000
61758  57.443  -1.073  37.309 0.0000000000
61781  55.543  -1.148  36.044 0.0000000000
61794  58.690  -0.276  35.992 0.0000000000
61797  55.338  -0.945  35.295 0.0000000000
61816  59.238  -0.114  31.480 0.0000000000
61821  59.907  -0.036  30.667 0.0000000000
62672  58.777  0.062  34.798 0.0000000000
62673  58.480  0.272  35.528 0.0000000000
62688  56.972  0.433  34.886 0.0000000000
62714  60.153  0.228  30.382 0.0000000000
63610  57.432  0.382  34.136 0.0000000000
64545  60.395  1.991  29.143 0.0000000000
64573  62.288  2.375  28.114 0.0000000000
65493  59.324  3.283  30.102 0.0000000000
65495  58.300  3.210  30.770 0.0000000000
65535  61.440  3.288  27.643 0.0000000000
65545  61.106  4.058  27.080 0.0000000000
66463  58.200  3.948  30.437 0.0000000000
107663  33.733  -18.721  57.056 0.0000000000
109072  46.313  -8.674  48.102 0.0000000000
109373  56.328  -4.780  37.688 0.0000000000
111441  38.868  -14.375  54.927 0.0000000000
117616  42.992  -8.608  49.836 0.0000000000
117633  29.675  -22.789  58.395 0.0000000000
118752  49.660  -9.004  41.110 0.0000000000
119139  58.832  3.369  30.450 0.0000000000
120882  31.897  -18.601  57.659 0.0000000000
121076  56.784  -3.851  36.849 0.0000000000
121458  41.392  -10.742  50.717 0.0000000000
123294  28.157  -24.662  56.833 0.0000000000
123780  51.973  -10.317  43.023 0.0000000000
123996  44.775  -9.456  45.497 0.0000000000
124139  55.747  -1.440  36.599 0.0000000000
125132  43.831  -14.518  52.553 0.0000000000
125305  33.299  -17.957  57.186 0.0000000000
125878  49.137  -12.851  47.259 0.0000000000
127155  31.870  -18.753  57.880 0.0000000000
127538  31.119  -21.046  58.461 0.0000000000
127902  46.819  -9.711  49.023 0.0000000000
128594  47.458  -10.294  47.636 0.0000000000
128620  49.153  -12.407  46.888 0.0000000000
128652  56.630  -3.644  34.766 0.0000000000
129217  46.880  -8.875  47.756 0.0000000000
129619  51.079  -14.516  43.666 0.0000000000
129751  30.707  -20.294  57.511 0.0000000000
129835  58.669  -0.322  34.787 0.0000000000
