#!ascii label  , from subject sub1 vox2ras=TkReg
964
45673  31.669  -16.627  38.331 0.0000000000
61927  43.880  -0.086  22.591 0.0000000000
121112  37.557  -11.074  29.754 0.0000000000
41684  15.258  -20.833  47.732 0.0000000000
49786  25.223  -12.558  42.057 0.0000000000
56010  37.417  -6.535  27.072 0.0000000000
43640  21.688  -18.852  44.589 0.0000000000
40778  19.348  -21.817  45.718 0.0000000000
44666  24.099  -17.093  42.579 0.0000000000
62809  48.584  -0.010  21.664 0.0000000000
107716  30.789  -12.549  38.686 0.0000000000
50928  33.716  -11.190  35.737 0.0000000000
47715  35.889  -15.104  39.020 0.0000000000
65601  45.588  4.175  20.708 0.0000000000
65626  49.616  3.718  18.327 0.0000000000
62784  40.225  0.410  25.561 0.0000000000
59030  44.625  -2.815  26.514 0.0000000000
58112  40.265  -4.598  26.506 0.0000000000
52987  42.026  -9.184  28.836 0.0000000000
109681  30.917  -18.219  42.149 0.0000000000
36858  13.751  -25.051  50.372 0.0000000000
37816  10.349  -24.490  53.135 0.0000000000
39656  9.194  -22.379  56.178 0.0000000000
47719  28.229  -15.140  39.668 0.0000000000
44664  27.449  -17.082  42.989 0.0000000000
53975  31.703  -8.397  32.115 0.0000000000
50925  38.121  -11.684  35.438 0.0000000000
70252  50.381  8.515  16.825 0.0000000000
61938  46.565  -0.155  21.567 0.0000000000
60991  46.963  -1.834  24.148 0.0000000000
47734  31.922  -14.535  37.821 0.0000000000
48828  32.629  -13.924  36.586 0.0000000000
45671  33.923  -16.101  38.541 0.0000000000
63713  43.667  2.226  23.916 0.0000000000
65587  44.646  3.979  23.126 0.0000000000
64635  44.395  2.242  21.832 0.0000000000
64643  47.128  1.737  19.909 0.0000000000
35745  9.237  -26.675  57.735 0.0000000000
129570  39.564  -2.376  25.808 0.0000000000
59035  38.609  -3.047  26.782 0.0000000000
54028  37.323  -9.144  27.847 0.0000000000
54038  39.030  -8.666  26.999 0.0000000000
52036  39.900  -10.642  29.183 0.0000000000
50983  40.501  -11.353  31.710 0.0000000000
40780  17.181  -21.138  46.450 0.0000000000
39764  18.729  -22.902  47.719 0.0000000000
39766  16.539  -23.057  47.578 0.0000000000
37865  15.375  -24.509  49.223 0.0000000000
38826  14.439  -22.958  48.410 0.0000000000
39700  12.028  -21.958  51.836 0.0000000000
129071  9.597  -23.897  54.225 0.0000000000
48786  27.164  -13.285  41.167 0.0000000000
45644  27.141  -16.258  40.181 0.0000000000
46613  24.687  -14.742  40.751 0.0000000000
126919  24.380  -20.519  43.620 0.0000000000
43652  25.863  -18.701  43.283 0.0000000000
50885  36.630  -10.846  37.793 0.0000000000
51944  35.332  -10.849  35.627 0.0000000000
58999  38.050  -3.744  28.803 0.0000000000
55988  36.486  -6.326  29.676 0.0000000000
54017  35.009  -8.950  28.780 0.0000000000
41719  22.145  -20.827  43.748 0.0000000000
40776  21.262  -22.235  45.566 0.0000000000
40802  20.604  -20.806  44.370 0.0000000000
42629  18.574  -19.908  45.607 0.0000000000
43582  16.903  -18.760  47.432 0.0000000000
46601  23.774  -15.138  42.231 0.0000000000
46586  22.367  -15.156  43.246 0.0000000000
44655  22.635  -17.583  43.403 0.0000000000
51889  29.546  -10.104  38.968 0.0000000000
51949  29.416  -10.371  35.919 0.0000000000
50888  31.589  -11.877  36.784 0.0000000000
48825  34.895  -13.053  37.362 0.0000000000
68477  48.173  6.552  18.521 0.0000000000
66591  47.251  4.499  19.047 0.0000000000
63765  49.096  1.717  19.656 0.0000000000
61011  41.943  -0.621  23.740 0.0000000000
59993  44.205  -2.262  24.550 0.0000000000
60980  41.705  -1.888  24.771 0.0000000000
116154  42.238  -3.845  26.479 0.0000000000
112911  43.362  -6.077  27.275 0.0000000000
57064  38.480  -5.597  26.500 0.0000000000
121992  41.598  -7.953  26.851 0.0000000000
44687  31.265  -17.795  39.971 0.0000000000
44685  33.311  -17.484  40.870 0.0000000000
63706  42.195  2.236  25.181 0.0000000000
41676  14.254  -20.909  49.291 0.0000000000
38791  12.787  -22.844  50.272 0.0000000000
37837  12.143  -24.325  51.066 0.0000000000
109471  11.617  -26.693  52.884 0.0000000000
122837  10.058  -26.160  54.287 0.0000000000
36775  9.011  -25.012  54.994 0.0000000000
37785  7.850  -24.204  56.734 0.0000000000
38699  6.861  -23.321  58.400 0.0000000000
111145  29.953  -15.796  38.767 0.0000000000
123573  28.717  -17.621  39.973 0.0000000000
43663  28.775  -18.354  42.443 0.0000000000
45593  25.669  -16.815  42.598 0.0000000000
52041  34.370  -10.264  30.045 0.0000000000
51980  32.697  -10.651  33.738 0.0000000000
51993  34.484  -11.100  32.995 0.0000000000
50970  38.068  -11.506  32.019 0.0000000000
46610  36.149  -16.137  41.723 0.0000000000
69440  52.262  7.170  14.614 0.0000000000
67557  49.965  5.551  16.871 0.0000000000
114786  51.729  5.220  16.510 0.0000000000
61939  45.338  -0.345  22.099 0.0000000000
61913  46.668  -1.013  22.617 0.0000000000
61016  45.104  -0.887  22.784 0.0000000000
46667  31.716  -15.778  38.140 0.0000000000
118802  32.274  -15.292  37.764 0.0000000000
46666  32.580  -16.153  38.033 0.0000000000
63737  43.430  1.127  22.763 0.0000000000
64624  43.892  2.486  22.610 0.0000000000
62825  44.628  1.138  21.693 0.0000000000
115935  45.442  0.972  21.325 0.0000000000
36753  8.687  -26.113  58.034 0.0000000000
60947  38.193  -1.359  27.524 0.0000000000
59947  38.051  -2.136  27.964 0.0000000000
112151  37.149  -9.919  28.356 0.0000000000
52991  38.789  -9.785  28.090 0.0000000000
52037  39.025  -10.872  28.920 0.0000000000
52018  40.127  -10.845  30.341 0.0000000000
51001  39.277  -11.210  30.737 0.0000000000
41706  16.530  -20.693  46.685 0.0000000000
40765  16.502  -21.616  46.794 0.0000000000
39788  15.719  -21.726  47.359 0.0000000000
38825  15.169  -23.127  48.150 0.0000000000
40750  14.977  -21.800  47.905 0.0000000000
49794  25.796  -12.610  41.544 0.0000000000
48795  25.390  -13.774  40.348 0.0000000000
48788  24.983  -13.108  40.986 0.0000000000
40787  24.441  -21.666  44.766 0.0000000000
54929  29.579  -7.527  36.283 0.0000000000
51901  37.236  -10.653  38.045 0.0000000000
55003  35.922  -7.098  28.850 0.0000000000
54992  34.855  -7.071  29.732 0.0000000000
41727  21.999  -20.031  43.649 0.0000000000
41720  21.337  -20.437  43.935 0.0000000000
42637  21.391  -19.578  43.985 0.0000000000
43627  19.710  -18.734  45.645 0.0000000000
43610  18.270  -18.559  46.501 0.0000000000
42618  17.522  -19.192  46.659 0.0000000000
48758  22.507  -13.413  43.214 0.0000000000
44634  21.822  -17.226  45.006 0.0000000000
45580  22.178  -16.597  44.345 0.0000000000
43639  22.360  -18.502  43.657 0.0000000000
42644  22.552  -19.473  43.404 0.0000000000
50872  29.828  -11.212  38.174 0.0000000000
49849  31.030  -12.372  37.646 0.0000000000
46677  34.538  -14.710  37.720 0.0000000000
48827  33.456  -13.762  36.613 0.0000000000
48817  35.096  -13.753  37.798 0.0000000000
48807  36.646  -13.218  38.645 0.0000000000
120435  36.746  -13.859  39.370 0.0000000000
120212  45.008  4.108  22.203 0.0000000000
67538  47.227  5.402  19.499 0.0000000000
66592  46.375  4.282  19.522 0.0000000000
62830  47.834  1.002  20.444 0.0000000000
63766  48.110  1.692  19.639 0.0000000000
63749  49.285  0.818  20.831 0.0000000000
62792  41.415  0.458  24.486 0.0000000000
60996  41.500  -1.260  23.982 0.0000000000
60997  40.748  -0.877  24.420 0.0000000000
59033  40.383  -3.678  26.437 0.0000000000
59972  40.982  -2.918  26.239 0.0000000000
58111  41.641  -4.391  26.574 0.0000000000
58102  43.355  -4.704  26.662 0.0000000000
57051  42.065  -5.937  26.657 0.0000000000
117367  37.561  -5.175  27.428 0.0000000000
58104  37.841  -4.434  27.276 0.0000000000
56021  37.947  -6.188  26.535 0.0000000000
54027  40.902  -9.248  27.585 0.0000000000
55027  40.800  -7.991  26.702 0.0000000000
54026  41.836  -9.043  27.814 0.0000000000
55015  43.096  -8.019  27.875 0.0000000000
43666  31.314  -18.135  41.579 0.0000000000
44662  32.294  -18.108  41.793 0.0000000000
118312  40.738  1.466  26.507 0.0000000000
63707  41.466  1.791  25.527 0.0000000000
62791  41.987  0.955  24.202 0.0000000000
40777  20.242  -21.985  45.552 0.0000000000
39802  19.844  -22.342  46.456 0.0000000000
37851  14.909  -24.872  49.874 0.0000000000
36856  15.274  -25.604  50.394 0.0000000000
36837  14.672  -25.840  50.991 0.0000000000
36838  13.882  -25.611  50.790 0.0000000000
40729  14.124  -20.882  50.882 0.0000000000
40738  13.905  -21.697  49.540 0.0000000000
39716  12.951  -21.771  50.671 0.0000000000
38755  11.153  -23.288  52.213 0.0000000000
37838  11.453  -23.842  51.512 0.0000000000
36825  11.137  -25.311  52.156 0.0000000000
114382  11.997  -25.698  51.997 0.0000000000
36807  10.664  -25.457  52.815 0.0000000000
35788  10.850  -26.432  53.097 0.0000000000
36808  10.270  -25.107  53.564 0.0000000000
38719  9.132  -22.987  55.459 0.0000000000
37805  9.323  -24.343  54.479 0.0000000000
37795  8.690  -23.994  55.211 0.0000000000
37784  8.240  -25.091  56.362 0.0000000000
38713  8.242  -23.540  56.438 0.0000000000
113906  29.112  -14.404  40.323 0.0000000000
112582  29.666  -14.983  39.069 0.0000000000
46650  28.967  -15.522  39.030 0.0000000000
45661  29.363  -16.507  38.848 0.0000000000
45662  28.535  -16.494  39.184 0.0000000000
45625  26.350  -16.859  41.100 0.0000000000
44674  28.522  -17.885  41.722 0.0000000000
44663  28.094  -17.991  42.533 0.0000000000
129490  23.745  -15.865  42.458 0.0000000000
111599  24.405  -15.844  42.072 0.0000000000
45594  25.049  -17.365  42.675 0.0000000000
43623  26.312  -18.757  44.597 0.0000000000
59984  44.465  -2.586  25.531 0.0000000000
60977  45.983  -2.124  25.130 0.0000000000
107537  46.048  -2.357  26.758 0.0000000000
53991  32.104  -7.895  31.436 0.0000000000
123009  33.025  -9.104  30.432 0.0000000000
110595  32.666  -9.509  31.008 0.0000000000
51930  32.187  -11.469  35.648 0.0000000000
51965  30.425  -10.425  34.183 0.0000000000
111634  32.825  -10.908  34.589 0.0000000000
50926  37.187  -11.418  35.713 0.0000000000
51961  35.028  -11.024  34.616 0.0000000000
51976  36.513  -10.955  34.085 0.0000000000
123385  35.980  -11.168  32.487 0.0000000000
107546  37.887  -11.433  33.731 0.0000000000
50954  39.267  -11.758  33.199 0.0000000000
45641  34.513  -16.641  40.459 0.0000000000
69428  51.401  7.629  15.610 0.0000000000
67544  48.649  5.367  17.864 0.0000000000
68484  48.594  6.090  17.714 0.0000000000
66624  49.758  4.814  17.317 0.0000000000
66638  52.169  4.658  16.971 0.0000000000
66637  52.813  4.698  16.779 0.0000000000
44635  21.638  -17.786  45.750 0.0000000000
43625  21.457  -18.493  45.339 0.0000000000
61937  47.476  0.048  21.492 0.0000000000
61922  49.581  -0.526  22.766 0.0000000000
61911  48.251  -1.173  22.901 0.0000000000
49819  31.308  -13.157  39.240 0.0000000000
49832  31.412  -13.166  37.895 0.0000000000
47752  32.530  -14.657  37.192 0.0000000000
46678  33.751  -15.207  37.438 0.0000000000
45670  34.507  -15.636  38.832 0.0000000000
65577  44.843  4.043  24.201 0.0000000000
65588  43.959  3.243  23.092 0.0000000000
64623  44.411  3.367  22.196 0.0000000000
65594  45.221  3.781  21.452 0.0000000000
64644  46.268  2.755  19.977 0.0000000000
64645  45.701  2.293  20.722 0.0000000000
62832  46.767  0.530  21.122 0.0000000000
35754  9.592  -27.230  57.263 0.0000000000
62785  39.625  0.291  26.255 0.0000000000
116534  39.600  -0.923  25.438 0.0000000000
60966  38.861  -0.946  25.990 0.0000000000
119340  39.137  -2.702  26.249 0.0000000000
58113  39.533  -4.246  26.543 0.0000000000
55030  37.283  -7.529  27.431 0.0000000000
109656  37.850  -7.142  26.683 0.0000000000
53000  38.224  -9.075  27.521 0.0000000000
52990  39.601  -9.848  27.985 0.0000000000
52980  40.695  -10.220  28.805 0.0000000000
52017  41.504  -10.338  30.318 0.0000000000
51992  41.910  -11.077  31.943 0.0000000000
109059  30.787  -18.991  43.772 0.0000000000
40779  18.556  -21.835  46.041 0.0000000000
125322  19.074  -22.313  46.352 0.0000000000
40763  17.895  -21.790  46.440 0.0000000000
39765  17.616  -23.233  47.697 0.0000000000
38823  16.877  -23.647  48.081 0.0000000000
120535  14.994  -23.771  48.580 0.0000000000
38811  14.020  -23.547  48.847 0.0000000000
40719  12.904  -21.497  51.839 0.0000000000
40705  11.372  -21.591  52.902 0.0000000000
39685  10.872  -22.533  52.754 0.0000000000
119773  10.096  -23.733  53.389 0.0000000000
39672  9.780  -21.964  53.939 0.0000000000
39665  9.876  -21.616  54.941 0.0000000000
40669  9.784  -21.625  55.758 0.0000000000
48793  27.560  -13.875  40.496 0.0000000000
46652  27.579  -15.679  39.768 0.0000000000
46630  26.597  -15.384  39.870 0.0000000000
45645  26.252  -16.318  40.446 0.0000000000
45610  26.127  -16.465  42.231 0.0000000000
112878  24.074  -19.042  42.751 0.0000000000
43653  24.957  -18.336  42.901 0.0000000000
41716  25.580  -20.243  44.280 0.0000000000
59009  45.127  -3.607  27.664 0.0000000000
122706  31.013  -7.671  33.087 0.0000000000
50906  35.427  -11.099  36.748 0.0000000000
50927  34.214  -10.909  35.796 0.0000000000
51928  35.727  -10.791  36.381 0.0000000000
51926  37.081  -11.112  36.769 0.0000000000
70244  50.187  9.107  17.629 0.0000000000
112599  6.816  -24.885  58.461 0.0000000000
58081  38.205  -4.385  29.377 0.0000000000
57039  37.354  -5.295  28.333 0.0000000000
55016  36.853  -6.598  27.775 0.0000000000
55017  36.495  -7.415  28.109 0.0000000000
54029  36.471  -9.168  28.141 0.0000000000
52981  35.508  -9.824  29.012 0.0000000000
40788  23.533  -22.030  45.089 0.0000000000
40774  23.197  -22.364  45.737 0.0000000000
40790  21.780  -21.870  44.821 0.0000000000
40791  20.770  -21.589  44.758 0.0000000000
40792  19.763  -21.156  44.869 0.0000000000
42627  20.211  -19.343  44.910 0.0000000000
42628  19.365  -19.571  45.208 0.0000000000
40793  18.970  -20.914  45.649 0.0000000000
41704  17.922  -19.848  46.200 0.0000000000
42619  16.727  -19.712  47.030 0.0000000000
115429  16.267  -19.257  47.813 0.0000000000
48775  24.505  -13.134  41.820 0.0000000000
48757  23.145  -12.832  42.724 0.0000000000
47660  22.650  -14.308  42.890 0.0000000000
45595  23.010  -16.042  43.067 0.0000000000
46575  22.066  -15.127  44.027 0.0000000000
45596  22.514  -16.806  43.519 0.0000000000
44654  23.204  -17.133  42.891 0.0000000000
42643  23.338  -19.630  43.224 0.0000000000
40798  23.922  -21.085  43.919 0.0000000000
53922  29.403  -8.015  38.982 0.0000000000
53931  29.261  -8.428  37.033 0.0000000000
109533  29.550  -10.651  36.840 0.0000000000
50910  30.920  -11.654  36.777 0.0000000000
50909  31.946  -11.656  36.293 0.0000000000
48836  32.805  -13.010  36.378 0.0000000000
49866  33.296  -12.094  36.282 0.0000000000
123833  33.950  -11.618  36.436 0.0000000000
49846  35.554  -12.333  37.435 0.0000000000
49818  36.965  -12.052  38.755 0.0000000000
68468  47.650  6.971  19.404 0.0000000000
66606  47.771  5.144  18.756 0.0000000000
65628  47.970  4.426  18.589 0.0000000000
64655  47.345  2.769  19.341 0.0000000000
129953  48.531  2.536  19.213 0.0000000000
61915  43.408  -0.520  22.944 0.0000000000
124713  43.820  -1.173  23.175 0.0000000000
61009  43.029  -1.407  23.375 0.0000000000
60994  43.260  -2.025  24.205 0.0000000000
121592  43.035  -2.572  25.584 0.0000000000
121041  40.945  -1.877  25.109 0.0000000000
59971  42.059  -3.186  26.032 0.0000000000
59031  43.839  -3.236  26.539 0.0000000000
58101  43.975  -4.477  27.271 0.0000000000
57048  44.269  -5.035  27.731 0.0000000000
115862  38.111  -2.971  27.478 0.0000000000
58114  38.796  -3.940  26.704 0.0000000000
117721  39.593  -4.965  26.446 0.0000000000
55041  39.309  -7.080  26.499 0.0000000000
56019  39.790  -6.382  26.357 0.0000000000
56018  40.720  -6.456  26.581 0.0000000000
56008  42.571  -6.500  27.126 0.0000000000
44698  31.648  -17.419  39.382 0.0000000000
44708  32.065  -17.130  39.050 0.0000000000
108404  32.007  -17.591  40.152 0.0000000000
44661  33.791  -17.934  42.067 0.0000000000
63714  43.039  2.127  24.149 0.0000000000
63724  42.536  1.355  23.779 0.0000000000
41683  15.621  -19.800  48.245 0.0000000000
41675  14.817  -19.993  49.799 0.0000000000
112992  14.863  -20.307  48.683 0.0000000000
40751  14.204  -21.932  48.534 0.0000000000
39747  13.919  -22.607  49.103 0.0000000000
38790  13.232  -23.721  49.989 0.0000000000
39717  12.133  -22.194  50.984 0.0000000000
37854  12.739  -23.878  50.514 0.0000000000
37836  13.080  -24.914  50.742 0.0000000000
36824  12.829  -26.263  51.497 0.0000000000
35797  12.400  -26.575  52.422 0.0000000000
35778  10.055  -26.827  54.822 0.0000000000
36792  9.671  -25.282  54.179 0.0000000000
36774  9.502  -25.954  54.939 0.0000000000
35765  9.502  -26.685  55.749 0.0000000000
35755  9.186  -26.626  56.716 0.0000000000
36761  8.614  -26.050  57.000 0.0000000000
37776  7.503  -24.496  57.616 0.0000000000
38706  7.809  -23.387  57.044 0.0000000000
127565  7.566  -23.932  57.220 0.0000000000
115618  7.100  -24.184  58.440 0.0000000000
46649  31.130  -15.021  38.406 0.0000000000
47718  30.376  -14.796  38.901 0.0000000000
44710  31.045  -17.030  38.291 0.0000000000
44699  30.868  -17.396  39.027 0.0000000000
44688  30.412  -17.835  39.919 0.0000000000
43678  30.028  -18.181  40.756 0.0000000000
44702  28.168  -17.179  39.651 0.0000000000
44673  29.126  -17.958  40.924 0.0000000000
43661  30.300  -18.365  42.268 0.0000000000
47684  24.274  -14.299  41.060 0.0000000000
46599  25.044  -15.748  41.559 0.0000000000
45592  26.292  -16.765  42.756 0.0000000000
127998  25.927  -18.073  42.766 0.0000000000
44642  26.988  -17.892  43.552 0.0000000000
44641  27.292  -17.798  43.388 0.0000000000
60992  45.652  -1.912  24.267 0.0000000000
54993  34.089  -7.768  29.949 0.0000000000
113539  34.698  -9.685  29.354 0.0000000000
52021  35.945  -10.911  30.198 0.0000000000
53942  29.520  -9.007  34.620 0.0000000000
52914  30.760  -9.883  33.312 0.0000000000
52925  32.213  -10.002  32.898 0.0000000000
51962  34.117  -10.674  34.676 0.0000000000
115425  33.579  -10.726  33.867 0.0000000000
51995  33.151  -10.339  32.489 0.0000000000
116223  34.635  -11.298  32.053 0.0000000000
51005  35.721  -11.310  31.057 0.0000000000
51003  37.401  -11.239  30.543 0.0000000000
125865  39.082  -11.590  32.232 0.0000000000
45659  33.608  -16.493  39.296 0.0000000000
45658  34.375  -16.080  39.548 0.0000000000
46647  36.029  -15.553  39.769 0.0000000000
47668  37.010  -15.154  41.837 0.0000000000
47694  37.020  -14.602  40.548 0.0000000000
70271  52.780  8.199  13.858 0.0000000000
121258  49.454  7.231  17.549 0.0000000000
69417  50.327  7.453  16.815 0.0000000000
66623  50.454  4.679  17.074 0.0000000000
68498  50.490  5.918  16.490 0.0000000000
68511  51.201  6.647  15.847 0.0000000000
68510  51.813  6.642  15.078 0.0000000000
67599  53.205  5.735  14.583 0.0000000000
61926  44.517  -0.202  22.356 0.0000000000
128006  45.650  -0.800  22.481 0.0000000000
45672  32.263  -16.770  38.571 0.0000000000
62812  43.503  0.314  22.736 0.0000000000
62811  44.025  0.622  22.267 0.0000000000
62810  44.739  0.308  21.956 0.0000000000
36754  8.158  -25.574  58.203 0.0000000000
52055  37.106  -10.817  28.940 0.0000000000
52054  37.772  -10.534  28.574 0.0000000000
52038  38.189  -10.951  29.174 0.0000000000
52019  39.137  -10.911  29.772 0.0000000000
51002  38.312  -11.090  30.370 0.0000000000
41696  15.885  -21.040  46.994 0.0000000000
112198  24.153  -22.177  45.730 0.0000000000
40773  25.292  -21.822  45.644 0.0000000000
121810  29.867  -7.340  37.435 0.0000000000
42636  21.952  -19.267  43.841 0.0000000000
43624  21.926  -18.349  44.858 0.0000000000
129937  21.931  -18.812  44.402 0.0000000000
50871  30.158  -11.997  38.406 0.0000000000
47733  35.435  -14.396  38.359 0.0000000000
48808  36.166  -14.107  38.946 0.0000000000
66578  45.549  4.530  21.532 0.0000000000
66577  46.252  5.135  21.394 0.0000000000
66585  45.927  4.675  20.358 0.0000000000
66576  46.549  5.210  20.647 0.0000000000
119776  47.976  0.544  21.160 0.0000000000
62822  48.626  0.606  20.936 0.0000000000
34738  10.551  -28.434  56.197 0.0000000000
61905  40.674  -0.023  24.613 0.0000000000
61896  40.172  -0.512  25.127 0.0000000000
119571  40.932  -4.234  26.537 0.0000000000
57060  41.868  -5.180  26.611 0.0000000000
118458  41.007  -4.930  26.656 0.0000000000
109350  37.207  -5.882  27.571 0.0000000000
57053  37.591  -5.796  26.914 0.0000000000
52988  41.289  -9.675  28.347 0.0000000000
43660  31.540  -18.281  42.388 0.0000000000
62775  40.755  1.338  25.901 0.0000000000
62783  41.075  0.840  25.162 0.0000000000
37852  14.011  -24.747  49.822 0.0000000000
36857  14.429  -25.369  50.347 0.0000000000
37815  10.887  -24.436  52.256 0.0000000000
38712  8.675  -23.291  55.981 0.0000000000
125801  28.546  -14.511  39.985 0.0000000000
47695  28.992  -14.743  39.410 0.0000000000
46651  28.230  -15.869  39.429 0.0000000000
45609  26.976  -16.832  42.223 0.0000000000
111446  27.713  -17.442  41.859 0.0000000000
44652  27.800  -18.275  43.130 0.0000000000
129100  23.753  -16.450  42.601 0.0000000000
45612  24.645  -16.494  42.435 0.0000000000
59969  45.453  -2.463  26.006 0.0000000000
59957  45.466  -2.595  27.079 0.0000000000
53976  31.415  -7.478  32.543 0.0000000000
54966  31.772  -7.402  31.960 0.0000000000
52952  32.180  -8.961  31.575 0.0000000000
51947  32.937  -11.220  35.268 0.0000000000
51959  36.825  -11.159  34.882 0.0000000000
50944  37.596  -11.401  34.711 0.0000000000
50956  37.054  -11.188  33.282 0.0000000000
50943  38.440  -11.691  34.488 0.0000000000
70251  51.157  8.713  16.222 0.0000000000
70264  51.774  8.461  15.609 0.0000000000
66604  49.214  4.590  17.929 0.0000000000
44625  21.954  -16.937  45.964 0.0000000000
44626  21.431  -17.266  46.587 0.0000000000
61924  47.952  -0.552  22.261 0.0000000000
113203  47.069  -0.614  22.117 0.0000000000
61006  46.810  -1.455  23.247 0.0000000000
61005  47.625  -1.634  23.439 0.0000000000
48819  31.608  -13.839  38.360 0.0000000000
48818  31.994  -13.894  37.320 0.0000000000
46665  33.554  -15.947  37.913 0.0000000000
46679  33.005  -15.337  37.512 0.0000000000
46664  34.321  -15.648  37.981 0.0000000000
64605  43.968  2.776  24.426 0.0000000000
64612  43.828  2.478  23.657 0.0000000000
64634  44.967  2.865  21.317 0.0000000000
63751  45.140  1.808  21.257 0.0000000000
62823  46.040  0.415  21.340 0.0000000000
61888  39.108  -0.155  26.533 0.0000000000
61873  38.628  -0.728  27.022 0.0000000000
59958  38.225  -2.232  27.098 0.0000000000
60967  38.498  -1.576  26.657 0.0000000000
59975  38.593  -2.290  26.538 0.0000000000
59034  39.420  -3.441  26.456 0.0000000000
54040  37.525  -8.463  27.493 0.0000000000
52052  39.344  -10.401  28.487 0.0000000000
52051  40.029  -10.289  28.427 0.0000000000
52989  40.446  -9.891  27.984 0.0000000000
52035  40.809  -10.486  29.752 0.0000000000
107479  40.776  -11.090  31.092 0.0000000000
50982  41.188  -11.351  31.761 0.0000000000
50968  41.511  -11.650  32.413 0.0000000000
62777  39.580  0.420  26.994 0.0000000000
39787  16.265  -22.329  47.286 0.0000000000
39786  16.995  -22.543  47.007 0.0000000000
38824  15.887  -23.650  48.016 0.0000000000
37866  14.373  -24.339  49.133 0.0000000000
39686  10.568  -21.766  53.357 0.0000000000
38738  10.176  -22.738  53.302 0.0000000000
48773  27.807  -12.968  42.107 0.0000000000
48785  28.270  -13.412  41.179 0.0000000000
47697  26.892  -14.552  39.859 0.0000000000
48794  26.448  -13.875  40.375 0.0000000000
47699  25.165  -14.431  40.284 0.0000000000
47698  25.899  -14.560  39.972 0.0000000000
46631  25.532  -15.407  40.395 0.0000000000
45646  25.701  -16.365  40.995 0.0000000000
41724  24.233  -19.857  43.285 0.0000000000
42642  24.978  -19.270  43.228 0.0000000000
42635  25.030  -20.108  43.659 0.0000000000
54943  30.583  -7.373  33.704 0.0000000000
51914  36.090  -10.696  37.168 0.0000000000
51900  37.891  -10.637  38.159 0.0000000000
51912  37.525  -10.778  37.597 0.0000000000
51911  38.265  -10.894  37.707 0.0000000000
57038  37.719  -4.832  29.281 0.0000000000
55996  36.468  -6.477  28.602 0.0000000000
55004  35.310  -7.779  29.135 0.0000000000
54030  35.915  -8.349  28.388 0.0000000000
52994  35.759  -9.227  28.501 0.0000000000
40799  23.290  -21.754  44.186 0.0000000000
40789  22.722  -22.075  44.903 0.0000000000
40800  22.346  -21.604  44.055 0.0000000000
40801  21.469  -21.250  44.198 0.0000000000
41713  19.913  -20.215  44.660 0.0000000000
43626  20.790  -18.634  45.618 0.0000000000
42616  18.821  -19.017  45.820 0.0000000000
41714  19.291  -20.330  45.126 0.0000000000
49774  24.375  -12.540  42.592 0.0000000000
119710  23.944  -12.049  43.483 0.0000000000
46585  23.128  -15.145  42.730 0.0000000000
119642  22.988  -17.995  43.030 0.0000000000
43655  23.158  -18.775  43.010 0.0000000000
41726  22.721  -20.302  43.448 0.0000000000
41718  22.954  -21.098  43.600 0.0000000000
52879  29.239  -8.960  39.121 0.0000000000
51903  29.071  -9.564  38.295 0.0000000000
50889  30.486  -11.815  37.506 0.0000000000
50911  29.912  -11.277  37.200 0.0000000000
109919  32.603  -11.883  36.156 0.0000000000
49848  31.884  -12.973  36.732 0.0000000000
48835  34.173  -13.053  36.739 0.0000000000
129736  33.560  -12.823  36.479 0.0000000000
49865  34.036  -12.181  36.686 0.0000000000
49847  34.734  -12.287  37.083 0.0000000000
49831  36.335  -12.541  37.846 0.0000000000
66564  45.480  4.230  23.545 0.0000000000
68461  47.315  7.228  20.304 0.0000000000
68469  47.018  6.434  19.834 0.0000000000
123999  46.465  3.616  19.490 0.0000000000
61916  42.657  -0.544  23.386 0.0000000000
60995  42.292  -1.792  23.863 0.0000000000
60979  42.671  -2.218  24.859 0.0000000000
59989  39.532  -1.683  25.539 0.0000000000
60981  40.299  -1.419  25.024 0.0000000000
59988  40.349  -2.318  25.529 0.0000000000
59970  42.996  -2.905  26.060 0.0000000000
116483  42.964  -3.518  26.382 0.0000000000
59020  43.579  -3.921  26.772 0.0000000000
124968  42.951  -4.098  26.549 0.0000000000
57050  42.801  -5.485  26.807 0.0000000000
57049  43.702  -5.287  27.139 0.0000000000
129180  44.119  -5.869  27.521 0.0000000000
114646  37.956  -2.946  28.369 0.0000000000
59010  37.772  -3.656  27.807 0.0000000000
57052  37.979  -5.201  26.734 0.0000000000
58103  38.257  -4.428  26.802 0.0000000000
111783  38.774  -4.846  26.567 0.0000000000
57063  39.272  -5.603  26.403 0.0000000000
55029  38.701  -7.659  26.713 0.0000000000
55040  40.272  -7.222  26.474 0.0000000000
55039  41.164  -7.247  26.794 0.0000000000
56009  41.646  -6.583  26.768 0.0000000000
55026  42.069  -7.381  26.953 0.0000000000
43659  33.226  -18.308  42.488 0.0000000000
109672  33.196  -17.972  41.565 0.0000000000
64606  43.583  2.487  24.750 0.0000000000
63705  43.084  2.224  25.061 0.0000000000
62798  42.313  0.273  23.750 0.0000000000
62797  42.992  0.505  23.275 0.0000000000
40775  22.261  -22.397  45.620 0.0000000000
39799  22.757  -22.639  46.436 0.0000000000
39800  21.807  -22.705  46.360 0.0000000000
39803  18.549  -22.416  46.769 0.0000000000
121742  16.315  -24.667  49.258 0.0000000000
42602  15.920  -18.798  48.642 0.0000000000
41666  14.416  -20.487  50.399 0.0000000000
41685  14.524  -21.085  48.311 0.0000000000
39729  13.422  -22.219  49.836 0.0000000000
38812  13.510  -23.239  49.537 0.0000000000
38771  11.918  -23.240  50.816 0.0000000000
36839  12.415  -25.400  51.235 0.0000000000
35798  11.326  -26.067  52.488 0.0000000000
35787  12.156  -27.286  53.011 0.0000000000
35777  10.547  -26.880  53.866 0.0000000000
34754  10.687  -27.576  54.626 0.0000000000
38726  9.781  -23.306  53.997 0.0000000000
37804  9.895  -24.339  53.812 0.0000000000
36768  8.874  -25.804  55.910 0.0000000000
36762  8.081  -25.299  57.290 0.0000000000
39657  8.647  -22.848  56.690 0.0000000000
39650  8.270  -22.506  57.401 0.0000000000
39651  7.556  -22.908  57.878 0.0000000000
38707  7.405  -23.703  57.816 0.0000000000
46628  30.124  -14.706  40.443 0.0000000000
45674  30.899  -16.058  38.360 0.0000000000
45660  30.332  -16.773  38.656 0.0000000000
44701  28.946  -17.241  39.334 0.0000000000
44700  29.882  -17.316  39.227 0.0000000000
44689  29.498  -17.784  39.959 0.0000000000
45663  27.841  -16.493  39.668 0.0000000000
44690  27.470  -17.013  40.267 0.0000000000
121396  28.136  -17.456  40.753 0.0000000000
43669  29.149  -18.235  41.805 0.0000000000
43662  29.507  -18.421  42.407 0.0000000000
43649  30.008  -18.574  43.081 0.0000000000
114395  29.104  -18.371  43.370 0.0000000000
48776  23.720  -13.552  42.111 0.0000000000
48789  24.305  -13.731  41.267 0.0000000000
47671  23.851  -14.344  41.713 0.0000000000
45611  25.461  -16.393  42.327 0.0000000000
43638  26.912  -18.322  44.470 0.0000000000
44643  26.513  -18.216  43.460 0.0000000000
107645  43.952  -1.699  23.747 0.0000000000
61008  44.555  -1.354  23.300 0.0000000000
60993  44.818  -1.938  23.972 0.0000000000
55976  34.288  -6.638  30.386 0.0000000000
54994  33.679  -7.476  30.287 0.0000000000
52966  33.448  -9.861  30.458 0.0000000000
52982  33.964  -9.511  29.690 0.0000000000
52040  35.258  -10.390  29.698 0.0000000000
52022  35.032  -10.895  30.510 0.0000000000
129527  29.291  -9.358  36.432 0.0000000000
53936  29.485  -8.916  35.783 0.0000000000
52903  29.473  -9.983  34.750 0.0000000000
51964  31.724  -10.679  33.872 0.0000000000
52926  31.341  -9.433  32.828 0.0000000000
52913  31.808  -10.146  33.312 0.0000000000
51945  34.520  -10.797  35.432 0.0000000000
51977  35.179  -11.142  33.602 0.0000000000
51978  34.370  -10.898  33.830 0.0000000000
114883  33.738  -10.723  33.122 0.0000000000
51979  33.055  -10.399  33.154 0.0000000000
51994  33.837  -10.786  32.257 0.0000000000
50971  37.193  -11.394  32.315 0.0000000000
50987  36.366  -11.455  31.799 0.0000000000
51004  36.578  -11.300  30.798 0.0000000000
50986  37.254  -11.380  31.443 0.0000000000
123516  37.942  -11.288  31.151 0.0000000000
50953  40.203  -11.924  33.422 0.0000000000
44686  32.690  -17.234  40.212 0.0000000000
45643  32.740  -16.833  39.359 0.0000000000
45642  33.488  -16.806  40.195 0.0000000000
45622  35.516  -16.430  41.083 0.0000000000
46626  35.215  -16.000  40.149 0.0000000000
46625  35.833  -15.823  40.536 0.0000000000
47680  36.868  -14.938  41.163 0.0000000000
47693  37.327  -13.962  40.610 0.0000000000
70263  52.332  8.671  15.268 0.0000000000
70272  52.421  8.002  14.563 0.0000000000
69439  52.680  7.247  14.070 0.0000000000
69401  48.388  7.499  18.961 0.0000000000
68483  49.353  6.394  17.326 0.0000000000
69405  49.708  8.058  17.319 0.0000000000
68482  50.084  6.726  17.041 0.0000000000
67556  50.782  5.297  16.587 0.0000000000
117991  51.041  5.867  16.183 0.0000000000
67587  51.741  5.816  15.761 0.0000000000
122446  45.901  -0.164  21.682 0.0000000000
61925  46.158  -0.677  22.143 0.0000000000
61015  45.988  -1.259  22.847 0.0000000000
113646  46.193  -1.603  23.781 0.0000000000
124902  31.656  -15.019  38.049 0.0000000000
113800  33.174  -16.519  38.470 0.0000000000
63722  43.438  1.962  22.949 0.0000000000
63736  43.892  1.611  22.285 0.0000000000
62824  45.341  0.343  21.625 0.0000000000
61860  38.382  -0.590  27.982 0.0000000000
52992  37.978  -9.783  28.171 0.0000000000
52053  38.530  -10.493  28.501 0.0000000000
52004  39.999  -11.175  31.254 0.0000000000
40764  17.266  -21.915  46.626 0.0000000000
39767  15.608  -22.662  47.699 0.0000000000
39768  14.876  -22.521  48.097 0.0000000000
40680  10.667  -21.363  54.305 0.0000000000
48774  26.697  -12.639  41.760 0.0000000000
48787  26.020  -13.134  40.944 0.0000000000
48796  24.673  -13.928  40.589 0.0000000000
41717  24.934  -20.836  44.108 0.0000000000
54937  29.791  -7.911  35.208 0.0000000000
50869  37.036  -11.014  38.467 0.0000000000
50868  37.703  -10.814  38.502 0.0000000000
55989  35.646  -6.718  29.638 0.0000000000
42638  20.686  -19.887  44.304 0.0000000000
42617  18.208  -19.297  46.139 0.0000000000
47661  22.266  -14.367  43.585 0.0000000000
45567  22.148  -16.242  45.305 0.0000000000
44644  22.220  -17.539  44.113 0.0000000000
47750  33.805  -14.473  37.093 0.0000000000
48826  34.331  -13.836  37.147 0.0000000000
128917  35.713  -13.090  37.636 0.0000000000
48816  36.026  -13.555  38.043 0.0000000000
66570  45.412  4.446  22.648 0.0000000000
66569  46.130  4.886  22.397 0.0000000000
67532  46.732  5.695  20.306 0.0000000000
66584  46.731  4.946  19.856 0.0000000000
63760  46.944  1.123  20.603 0.0000000000
63759  48.786  1.066  20.184 0.0000000000
63758  49.636  1.353  20.501 0.0000000000
62799  41.834  0.075  24.118 0.0000000000
61904  41.273  -0.446  24.143 0.0000000000
119319  40.957  -1.433  24.525 0.0000000000
59973  39.969  -3.008  26.016 0.0000000000
59032  41.392  -3.662  26.421 0.0000000000
58110  42.488  -4.609  26.552 0.0000000000
58092  37.609  -4.440  28.252 0.0000000000
52998  39.897  -9.227  27.422 0.0000000000
127801  39.774  -8.634  27.078 0.0000000000
54037  40.423  -8.642  27.085 0.0000000000
54036  41.350  -8.567  27.153 0.0000000000
54035  42.300  -8.249  27.335 0.0000000000
54025  42.577  -8.603  28.256 0.0000000000
43677  30.888  -18.085  40.728 0.0000000000
44672  31.719  -17.886  40.842 0.0000000000
63699  40.737  1.531  27.156 0.0000000000
63698  41.226  1.949  26.443 0.0000000000
63715  42.339  1.937  24.406 0.0000000000
63716  41.719  1.442  24.779 0.0000000000
39801  20.808  -22.615  46.524 0.0000000000
37850  15.843  -25.257  49.786 0.0000000000
36823  13.905  -26.137  51.514 0.0000000000
116138  14.475  -20.350  51.172 0.0000000000
122447  14.119  -21.122  50.134 0.0000000000
40730  13.708  -21.421  50.354 0.0000000000
38772  11.696  -22.822  51.602 0.0000000000
37825  11.540  -24.839  51.616 0.0000000000
111857  11.352  -27.175  53.352 0.0000000000
35789  10.373  -25.918  53.645 0.0000000000
38727  9.247  -23.545  54.630 0.0000000000
37790  8.475  -24.787  55.634 0.0000000000
37791  8.350  -24.121  56.029 0.0000000000
44676  26.789  -16.904  40.639 0.0000000000
44675  27.039  -17.357  40.977 0.0000000000
43650  28.272  -18.459  43.063 0.0000000000
42624  26.666  -19.187  45.556 0.0000000000
60978  45.110  -2.305  24.865 0.0000000000
54980  32.209  -6.942  31.588 0.0000000000
54979  32.627  -7.326  30.912 0.0000000000
126764  33.110  -7.697  30.471 0.0000000000
53990  32.614  -8.445  30.771 0.0000000000
51948  30.117  -10.976  35.180 0.0000000000
112193  31.634  -11.251  34.800 0.0000000000
119783  36.481  -11.129  35.562 0.0000000000
51960  35.965  -11.136  34.987 0.0000000000
112204  35.782  -10.990  34.083 0.0000000000
50957  36.096  -10.852  33.248 0.0000000000
50958  35.294  -11.212  32.720 0.0000000000
108064  37.760  -11.397  32.838 0.0000000000
50955  38.466  -11.569  32.945 0.0000000000
122295  38.686  -11.694  33.705 0.0000000000
44670  33.925  -17.602  41.525 0.0000000000
45624  34.022  -17.191  40.898 0.0000000000
45623  34.771  -17.157  41.481 0.0000000000
45607  35.702  -16.967  42.050 0.0000000000
69427  51.977  7.756  15.076 0.0000000000
67545  48.178  5.683  18.353 0.0000000000
67558  49.233  5.446  17.433 0.0000000000
127953  52.287  4.943  16.621 0.0000000000
67571  52.489  5.188  16.053 0.0000000000
127991  53.207  4.825  16.169 0.0000000000
43608  21.118  -18.083  46.193 0.0000000000
62808  49.401  -0.089  22.132 0.0000000000
61923  48.858  -0.627  22.451 0.0000000000
61912  47.410  -1.097  22.751 0.0000000000
47751  33.134  -14.610  36.885 0.0000000000
47716  34.954  -15.121  38.548 0.0000000000
65578  44.286  3.309  23.958 0.0000000000
65600  45.831  3.996  19.956 0.0000000000
112686  45.571  3.383  20.655 0.0000000000
124332  46.449  1.795  20.432 0.0000000000
63750  46.080  1.241  20.927 0.0000000000
62831  47.417  0.690  20.995 0.0000000000
127803  9.557  -27.278  56.453 0.0000000000
61897  39.446  -0.245  25.753 0.0000000000
59974  38.920  -1.909  26.063 0.0000000000
54039  38.049  -8.134  27.027 0.0000000000
52999  39.079  -9.385  27.494 0.0000000000
52979  41.491  -9.814  29.475 0.0000000000
52016  42.131  -10.096  30.841 0.0000000000
52003  42.340  -10.548  31.524 0.0000000000
120206  40.999  -10.782  30.495 0.0000000000
113399  41.614  -10.848  31.107 0.0000000000
51991  42.465  -10.892  32.131 0.0000000000
108262  30.867  -18.430  42.759 0.0000000000
43648  31.554  -18.540  43.165 0.0000000000
127252  31.629  -18.918  43.840 0.0000000000
62776  40.279  0.874  26.588 0.0000000000
39785  17.905  -22.513  47.008 0.0000000000
121869  15.804  -24.239  48.653 0.0000000000
39701  11.560  -22.266  52.334 0.0000000000
38737  10.482  -23.555  52.774 0.0000000000
39673  9.459  -22.581  54.749 0.0000000000
39666  9.453  -22.212  55.489 0.0000000000
47696  28.455  -14.063  40.567 0.0000000000
118195  27.826  -14.569  40.075 0.0000000000
47720  27.356  -15.060  39.685 0.0000000000
43654  23.853  -17.994  42.651 0.0000000000
42634  25.657  -19.427  44.019 0.0000000000
42625  25.991  -19.612  44.992 0.0000000000
119916  44.897  -2.994  27.287 0.0000000000
53960  31.260  -8.440  32.651 0.0000000000
50907  34.173  -11.198  36.149 0.0000000000
51929  34.859  -10.883  36.134 0.0000000000
51913  36.780  -10.790  37.392 0.0000000000
51927  36.313  -10.738  36.689 0.0000000000
51943  36.042  -10.752  35.952 0.0000000000
124557  36.551  -11.014  36.179 0.0000000000
51942  37.816  -11.527  36.242 0.0000000000
65625  50.492  3.536  18.242 0.0000000000
37777  7.507  -25.221  58.288 0.0000000000
116911  36.949  -5.924  28.417 0.0000000000
54041  36.831  -8.358  27.881 0.0000000000
52993  36.346  -9.928  28.705 0.0000000000
42626  20.991  -19.030  44.594 0.0000000000
111042  18.039  -20.758  46.117 0.0000000000
41705  17.327  -20.210  46.522 0.0000000000
41695  16.069  -20.259  47.414 0.0000000000
48777  22.989  -13.649  42.608 0.0000000000
47672  23.342  -14.351  42.391 0.0000000000
127507  22.170  -15.805  44.497 0.0000000000
112446  22.366  -15.925  43.773 0.0000000000
41725  23.566  -20.450  43.408 0.0000000000
114347  29.606  -8.003  37.993 0.0000000000
109536  29.001  -8.717  38.149 0.0000000000
52889  29.200  -9.668  37.205 0.0000000000
51915  29.368  -10.477  37.793 0.0000000000
51932  29.920  -11.356  36.171 0.0000000000
51931  31.045  -11.575  35.781 0.0000000000
50929  32.889  -11.692  35.752 0.0000000000
49867  32.404  -12.164  36.429 0.0000000000
50908  33.534  -11.604  36.065 0.0000000000
109322  34.651  -11.544  36.611 0.0000000000
50887  35.268  -11.702  37.070 0.0000000000
50886  35.947  -11.263  37.527 0.0000000000
50870  36.592  -11.452  38.107 0.0000000000
67537  47.645  6.042  19.054 0.0000000000
66605  48.393  4.835  18.296 0.0000000000
65627  48.803  4.115  18.621 0.0000000000
65615  46.947  3.784  19.057 0.0000000000
65614  47.925  3.593  18.809 0.0000000000
65613  49.081  3.201  18.863 0.0000000000
61914  44.197  -0.720  22.809 0.0000000000
61010  42.233  -1.223  23.591 0.0000000000
59985  43.567  -2.485  25.112 0.0000000000
108936  43.743  -2.734  25.976 0.0000000000
59987  41.436  -2.442  25.620 0.0000000000
59986  42.311  -2.540  25.508 0.0000000000
59019  44.336  -3.625  27.205 0.0000000000
58100  44.634  -4.336  27.632 0.0000000000
59021  38.223  -3.736  27.148 0.0000000000
55042  38.448  -6.862  26.515 0.0000000000
56020  38.854  -6.282  26.433 0.0000000000
55028  39.761  -8.008  26.747 0.0000000000
57062  40.255  -5.531  26.455 0.0000000000
57061  41.222  -5.768  26.678 0.0000000000
56007  43.254  -6.830  27.506 0.0000000000
55025  42.791  -7.385  27.449 0.0000000000
55024  43.395  -7.461  27.731 0.0000000000
55995  43.929  -7.159  27.717 0.0000000000
44709  31.547  -17.120  38.635 0.0000000000
44697  32.212  -17.255  39.626 0.0000000000
44671  32.562  -17.821  40.872 0.0000000000
63723  43.041  1.637  23.343 0.0000000000
42593  15.265  -19.333  49.180 0.0000000000
37867  13.646  -24.106  49.404 0.0000000000
37853  13.407  -24.404  50.167 0.0000000000
129513  13.152  -25.910  50.918 0.0000000000
35796  13.402  -26.672  52.172 0.0000000000
129044  11.196  -27.563  53.926 0.0000000000
34746  10.113  -27.621  55.671 0.0000000000
39649  8.901  -21.845  56.928 0.0000000000
52878  29.605  -9.274  39.838 0.0000000000
43667  30.543  -18.260  41.532 0.0000000000
43668  29.774  -18.310  41.624 0.0000000000
46600  24.216  -15.016  41.517 0.0000000000
44665  26.760  -16.792  42.797 0.0000000000
127756  26.326  -17.291  43.002 0.0000000000
44653  26.900  -17.058  43.231 0.0000000000
61007  45.388  -1.534  23.462 0.0000000000
123370  46.343  -1.883  24.503 0.0000000000
55975  35.228  -6.284  30.295 0.0000000000
55005  34.572  -8.288  29.415 0.0000000000
54003  33.361  -8.362  30.185 0.0000000000
54018  33.870  -8.750  29.651 0.0000000000
123593  34.349  -9.081  29.264 0.0000000000
52039  36.161  -10.555  29.361 0.0000000000
52020  36.783  -11.070  29.846 0.0000000000
52915  29.787  -9.442  33.846 0.0000000000
53950  30.035  -8.264  34.194 0.0000000000
53949  30.511  -8.685  33.221 0.0000000000
53959  31.730  -9.159  32.523 0.0000000000
51946  33.744  -10.778  35.265 0.0000000000
51963  33.401  -10.743  34.529 0.0000000000
52939  32.607  -10.062  32.613 0.0000000000
52940  32.088  -9.449  32.325 0.0000000000
52951  32.535  -9.832  31.916 0.0000000000
52006  33.169  -10.272  31.486 0.0000000000
52005  34.168  -10.728  31.137 0.0000000000
50988  35.430  -11.433  31.899 0.0000000000
127546  34.948  -11.280  31.340 0.0000000000
50984  39.381  -11.404  31.506 0.0000000000
109161  39.906  -11.433  31.988 0.0000000000
124004  39.826  -11.677  32.667 0.0000000000
50969  40.626  -11.661  32.429 0.0000000000
127611  33.983  -16.472  39.908 0.0000000000
46648  35.072  -15.499  39.381 0.0000000000
46609  36.539  -15.500  41.407 0.0000000000
46624  36.511  -15.387  40.505 0.0000000000
46646  36.636  -14.843  39.642 0.0000000000
47714  37.201  -14.047  39.878 0.0000000000
68476  48.931  7.087  18.113 0.0000000000
69406  49.172  8.051  18.001 0.0000000000
66603  50.048  4.155  17.666 0.0000000000
66622  51.368  4.606  17.011 0.0000000000
68497  50.656  6.654  16.443 0.0000000000
69416  50.780  7.591  16.242 0.0000000000
67586  52.456  5.727  15.142 0.0000000000
68526  52.589  6.430  14.509 0.0000000000
50972  36.562  -11.220  32.618 0.0000000000
50985  38.689  -11.428  31.332 0.0000000000
51975  37.210  -11.077  34.137 0.0000000000
52978  42.254  -9.285  29.777 0.0000000000
52983  33.441  -9.152  29.994 0.0000000000
111086  36.046  -15.775  41.082 0.0000000000
126934  44.422  -3.124  26.937 0.0000000000
129008  41.762  -11.825  32.869 0.0000000000
129442  43.845  -6.526  27.489 0.0000000000
