#!ascii label  , from subject sub1 vox2ras=TkReg
952
91461  45.256  36.532  15.508 0.0000000000
94922  48.784  43.652  18.041 0.0000000000
88134  52.315  31.504  17.513 0.0000000000
89356  41.727  33.068  14.989 0.0000000000
87563  44.974  30.702  15.168 0.0000000000
92820  48.041  38.666  11.476 0.0000000000
93865  43.682  40.326  16.097 0.0000000000
94439  45.433  41.223  11.101 0.0000000000
84949  51.563  26.681  20.264 0.0000000000
85647  52.472  27.831  13.591 0.0000000000
93317  49.858  39.555  16.531 0.0000000000
89954  50.202  35.003  17.286 0.0000000000
91401  51.154  36.370  21.032 0.0000000000
127612  46.957  31.355  19.875 0.0000000000
96718  47.688  46.121  7.822 0.0000000000
94964  49.888  42.602  11.792 0.0000000000
87592  49.135  30.547  11.479 0.0000000000
89980  43.604  34.386  14.977 0.0000000000
114085  43.050  31.992  15.489 0.0000000000
117086  45.175  33.941  15.787 0.0000000000
92793  45.919  38.344  13.984 0.0000000000
91470  43.741  36.282  13.615 0.0000000000
110536  41.722  41.445  14.148 0.0000000000
84939  53.609  26.502  22.183 0.0000000000
84959  55.059  26.347  18.837 0.0000000000
83459  54.101  25.068  19.834 0.0000000000
93940  47.568  40.959  4.972 0.0000000000
121170  50.309  41.795  17.531 0.0000000000
92736  51.010  38.456  19.204 0.0000000000
93837  50.179  40.585  20.481 0.0000000000
90635  44.257  36.176  21.715 0.0000000000
89302  45.715  34.038  19.995 0.0000000000
88679  45.031  32.124  22.197 0.0000000000
114228  47.128  29.884  22.587 0.0000000000
95529  47.073  43.950  14.801 0.0000000000
95544  48.291  43.333  11.774 0.0000000000
95528  49.463  43.519  14.520 0.0000000000
93898  50.358  40.700  14.230 0.0000000000
89329  52.819  33.108  17.168 0.0000000000
88743  49.741  32.710  15.245 0.0000000000
114849  52.192  32.128  14.075 0.0000000000
86960  42.412  29.394  13.808 0.0000000000
127363  44.176  30.160  12.088 0.0000000000
125170  49.022  37.004  9.115 0.0000000000
109723  44.987  37.380  8.618 0.0000000000
94374  45.956  41.441  16.905 0.0000000000
93287  47.474  40.166  19.956 0.0000000000
95561  39.874  43.161  10.007 0.0000000000
95572  42.738  43.096  9.433 0.0000000000
94393  43.829  41.903  14.394 0.0000000000
86273  50.347  28.742  18.460 0.0000000000
86944  51.809  30.099  14.679 0.0000000000
85614  52.818  27.282  16.775 0.0000000000
84987  54.758  26.620  14.131 0.0000000000
92775  46.849  38.216  16.162 0.0000000000
90683  47.382  35.326  17.054 0.0000000000
91445  49.458  37.078  18.207 0.0000000000
90666  51.484  35.461  19.117 0.0000000000
88683  52.876  33.149  20.215 0.0000000000
110098  47.956  36.924  20.355 0.0000000000
89292  49.207  33.678  20.241 0.0000000000
88110  49.570  31.171  19.517 0.0000000000
86268  48.831  28.582  20.062 0.0000000000
85574  50.175  27.691  23.397 0.0000000000
95583  45.867  43.821  7.074 0.0000000000
94993  48.529  43.287  6.906 0.0000000000
95566  48.746  43.506  9.406 0.0000000000
93909  48.914  40.613  9.806 0.0000000000
92817  50.327  39.006  11.397 0.0000000000
93349  48.925  39.494  13.473 0.0000000000
88745  47.450  32.535  15.719 0.0000000000
87574  47.298  30.454  13.984 0.0000000000
87599  46.411  30.111  10.959 0.0000000000
86321  50.793  29.588  12.394 0.0000000000
90694  44.438  35.302  15.279 0.0000000000
121102  44.289  33.924  15.410 0.0000000000
89978  45.397  34.811  16.005 0.0000000000
92162  45.382  37.667  14.409 0.0000000000
92163  44.725  37.305  13.990 0.0000000000
91469  44.410  36.566  14.247 0.0000000000
90703  43.408  35.543  14.059 0.0000000000
84190  53.805  25.898  23.004 0.0000000000
84196  54.768  26.044  21.354 0.0000000000
122510  53.536  25.187  21.654 0.0000000000
86338  41.603  30.001  10.352 0.0000000000
95498  50.040  42.989  18.217 0.0000000000
94355  50.324  41.801  19.231 0.0000000000
118299  49.431  41.815  20.037 0.0000000000
89901  44.281  34.841  22.485 0.0000000000
89284  44.443  33.418  21.483 0.0000000000
95515  47.706  44.182  16.423 0.0000000000
96141  48.429  44.358  14.790 0.0000000000
95513  49.172  44.033  16.806 0.0000000000
94933  50.066  42.582  16.124 0.0000000000
88719  53.230  32.444  17.934 0.0000000000
88740  52.682  32.629  15.549 0.0000000000
88155  52.363  31.654  15.211 0.0000000000
88752  40.653  32.087  15.423 0.0000000000
123949  41.110  31.463  15.395 0.0000000000
88160  44.442  31.398  15.515 0.0000000000
87565  43.253  30.602  15.186 0.0000000000
87578  43.755  30.109  14.600 0.0000000000
118392  43.068  29.491  12.860 0.0000000000
86957  45.061  29.896  13.707 0.0000000000
92190  48.402  37.757  9.899 0.0000000000
112961  47.452  37.459  8.933 0.0000000000
92191  47.156  37.868  9.794 0.0000000000
89369  41.971  33.894  14.652 0.0000000000
89371  40.232  33.506  14.838 0.0000000000
93863  45.284  40.943  16.548 0.0000000000
93858  45.832  40.492  17.536 0.0000000000
93306  44.799  39.449  17.944 0.0000000000
94388  42.784  41.724  15.083 0.0000000000
94394  43.010  41.814  14.560 0.0000000000
94387  44.150  42.020  15.244 0.0000000000
94386  44.961  42.290  15.367 0.0000000000
128435  50.126  27.880  19.147 0.0000000000
86280  51.189  28.308  17.082 0.0000000000
117630  51.983  27.151  18.370 0.0000000000
84222  55.377  25.559  16.965 0.0000000000
112519  55.527  26.296  15.739 0.0000000000
123532  55.441  25.747  13.739 0.0000000000
92785  48.356  39.157  16.126 0.0000000000
92757  48.098  38.101  17.302 0.0000000000
92755  49.958  38.777  17.884 0.0000000000
92100  51.381  37.704  20.249 0.0000000000
91442  51.257  37.545  19.206 0.0000000000
112416  51.458  36.399  19.956 0.0000000000
89936  52.331  33.902  19.749 0.0000000000
89927  51.427  34.638  21.008 0.0000000000
92723  46.775  39.240  19.725 0.0000000000
92713  47.653  38.996  20.130 0.0000000000
91437  47.167  37.220  19.840 0.0000000000
88698  46.663  32.834  19.771 0.0000000000
89938  47.305  34.228  19.804 0.0000000000
88697  47.552  32.471  19.664 0.0000000000
88686  49.611  32.779  20.044 0.0000000000
88111  48.721  31.298  19.599 0.0000000000
87527  48.654  29.853  19.687 0.0000000000
86911  47.963  29.520  20.050 0.0000000000
87492  48.594  30.420  23.966 0.0000000000
129040  47.991  28.814  23.365 0.0000000000
96175  47.363  45.883  7.157 0.0000000000
95591  47.541  44.490  6.571 0.0000000000
95589  48.447  44.854  6.829 0.0000000000
126270  44.514  41.564  9.968 0.0000000000
118800  45.218  43.251  9.155 0.0000000000
129431  45.956  42.026  9.724 0.0000000000
95549  49.386  43.170  11.444 0.0000000000
95559  48.701  43.509  10.042 0.0000000000
94981  49.333  42.923  10.200 0.0000000000
94982  48.963  42.998  9.263 0.0000000000
93908  49.558  40.693  10.434 0.0000000000
116392  49.971  39.536  10.002 0.0000000000
93903  50.312  40.528  11.436 0.0000000000
93330  49.982  40.213  15.478 0.0000000000
121089  49.636  39.973  13.884 0.0000000000
126989  49.080  39.572  14.934 0.0000000000
93332  48.332  39.381  15.114 0.0000000000
89965  48.567  34.695  16.733 0.0000000000
89966  47.656  34.638  16.675 0.0000000000
89333  48.955  34.069  16.098 0.0000000000
88182  49.621  31.100  13.181 0.0000000000
88173  48.784  31.166  14.071 0.0000000000
87586  47.788  30.415  12.821 0.0000000000
87594  46.758  30.360  11.334 0.0000000000
87593  47.479  30.165  11.182 0.0000000000
86955  52.199  29.212  13.656 0.0000000000
86956  51.977  30.164  13.669 0.0000000000
110139  51.321  28.861  13.066 0.0000000000
89355  42.602  33.342  15.075 0.0000000000
88750  42.425  32.533  15.310 0.0000000000
112491  43.445  33.609  15.232 0.0000000000
122573  44.401  32.687  15.586 0.0000000000
88747  45.559  32.316  15.752 0.0000000000
92810  46.621  38.908  12.721 0.0000000000
89993  42.282  34.672  14.344 0.0000000000
127638  51.858  26.606  21.142 0.0000000000
108455  53.744  26.552  19.008 0.0000000000
84947  54.328  26.436  20.597 0.0000000000
84216  55.182  25.768  18.926 0.0000000000
93862  50.523  40.423  17.047 0.0000000000
92754  50.501  39.207  18.354 0.0000000000
93302  50.633  40.031  18.325 0.0000000000
93835  50.686  39.502  19.781 0.0000000000
92707  50.282  38.448  20.979 0.0000000000
91422  44.829  36.419  20.195 0.0000000000
90664  45.619  35.675  19.807 0.0000000000
89932  44.897  34.399  20.363 0.0000000000
88687  45.499  32.701  20.378 0.0000000000
88101  45.784  31.379  20.888 0.0000000000
87512  46.292  30.249  21.318 0.0000000000
88091  46.261  30.975  22.571 0.0000000000
88082  47.559  31.499  23.808 0.0000000000
88066  49.037  31.833  25.446 0.0000000000
113007  46.275  47.303  8.659 0.0000000000
109987  46.546  42.564  13.400 0.0000000000
94966  47.050  42.059  11.050 0.0000000000
94955  47.417  43.228  13.195 0.0000000000
95536  48.840  43.886  13.038 0.0000000000
95541  49.672  43.292  13.092 0.0000000000
94421  50.355  41.340  12.827 0.0000000000
94945  50.268  42.276  14.142 0.0000000000
94385  50.493  41.516  15.842 0.0000000000
89962  51.334  34.052  17.165 0.0000000000
89349  50.209  33.364  15.600 0.0000000000
89348  51.157  33.444  15.524 0.0000000000
88756  51.754  32.472  14.292 0.0000000000
88180  51.286  31.407  12.735 0.0000000000
84994  52.807  26.909  13.213 0.0000000000
84996  50.267  26.803  13.326 0.0000000000
86962  40.498  29.397  14.490 0.0000000000
88162  42.762  31.216  15.435 0.0000000000
86945  41.988  29.785  14.778 0.0000000000
86961  41.421  29.347  14.232 0.0000000000
86973  42.291  29.508  12.598 0.0000000000
86991  42.672  30.043  11.459 0.0000000000
87001  43.160  30.258  10.605 0.0000000000
92246  48.242  36.798  7.943 0.0000000000
108785  46.451  37.063  7.615 0.0000000000
94924  47.407  42.723  17.196 0.0000000000
94358  48.014  41.310  19.568 0.0000000000
111633  46.901  40.540  18.909 0.0000000000
93295  46.504  39.768  19.267 0.0000000000
92725  44.932  39.278  20.277 0.0000000000
92105  44.355  38.403  20.932 0.0000000000
91404  44.260  37.194  21.736 0.0000000000
95573  41.905  43.060  9.573 0.0000000000
94468  42.959  41.663  9.966 0.0000000000
94441  43.945  41.104  11.439 0.0000000000
94406  45.157  41.584  13.191 0.0000000000
94939  45.879  42.898  14.456 0.0000000000
94934  46.045  43.343  16.096 0.0000000000
87545  50.670  30.173  17.647 0.0000000000
87553  51.580  30.730  15.958 0.0000000000
86923  50.853  29.889  16.765 0.0000000000
86291  51.793  28.471  15.962 0.0000000000
85633  53.168  27.600  14.844 0.0000000000
115669  54.060  26.626  17.097 0.0000000000
85632  54.123  27.112  15.168 0.0000000000
85646  53.927  27.042  13.719 0.0000000000
92153  46.147  37.771  15.714 0.0000000000
91452  46.228  36.352  16.527 0.0000000000
91451  46.945  36.822  17.013 0.0000000000
91446  48.482  36.654  17.748 0.0000000000
90673  49.948  35.600  17.766 0.0000000000
92738  50.469  38.420  18.448 0.0000000000
91443  51.071  37.060  18.806 0.0000000000
90672  50.636  35.488  18.021 0.0000000000
89951  51.963  33.765  18.600 0.0000000000
89307  53.363  33.127  19.111 0.0000000000
88107  52.886  32.128  19.173 0.0000000000
93839  48.339  40.536  20.248 0.0000000000
92711  49.625  38.717  21.017 0.0000000000
91418  49.474  36.703  21.115 0.0000000000
90654  46.776  35.548  19.907 0.0000000000
90652  48.684  35.308  20.451 0.0000000000
129303  50.309  34.845  20.989 0.0000000000
89291  50.303  33.594  20.550 0.0000000000
88694  51.424  32.300  20.014 0.0000000000
88122  51.056  31.268  18.824 0.0000000000
86908  49.861  29.970  19.077 0.0000000000
125453  49.829  28.939  19.035 0.0000000000
85608  49.822  27.744  19.948 0.0000000000
86254  47.569  28.565  21.762 0.0000000000
123847  48.900  27.679  21.898 0.0000000000
85592  50.426  26.832  21.853 0.0000000000
109518  51.546  26.981  23.109 0.0000000000
95001  46.812  42.699  6.359 0.0000000000
95013  48.262  42.064  5.759 0.0000000000
118892  48.421  41.011  6.538 0.0000000000
94974  47.024  42.020  9.995 0.0000000000
96168  48.398  45.179  7.732 0.0000000000
109859  48.723  43.877  7.608 0.0000000000
93920  48.131  40.959  7.981 0.0000000000
117980  48.410  39.945  8.464 0.0000000000
128080  49.544  38.296  9.129 0.0000000000
92837  50.037  37.992  10.032 0.0000000000
92819  49.123  38.743  11.295 0.0000000000
93347  50.080  39.884  12.928 0.0000000000
93355  49.860  39.312  12.144 0.0000000000
92809  48.303  39.382  12.922 0.0000000000
92799  47.316  39.288  14.007 0.0000000000
92787  46.656  38.557  15.312 0.0000000000
89968  46.270  34.778  16.394 0.0000000000
89352  46.746  33.251  16.143 0.0000000000
88158  46.158  31.594  15.482 0.0000000000
88744  48.558  32.714  15.560 0.0000000000
88157  47.084  31.717  15.331 0.0000000000
87575  46.335  30.531  14.146 0.0000000000
86988  45.364  30.309  12.516 0.0000000000
87601  44.755  30.291  10.803 0.0000000000
108382  51.947  30.803  14.117 0.0000000000
88179  51.527  31.136  12.924 0.0000000000
87591  50.058  30.593  11.746 0.0000000000
85650  49.850  27.748  13.251 0.0000000000
116250  48.207  29.667  11.695 0.0000000000
83461  52.044  24.619  20.016 0.0000000000
83479  52.730  24.767  17.786 0.0000000000
90693  45.123  35.667  15.736 0.0000000000
129410  44.873  35.113  15.725 0.0000000000
92154  45.557  37.310  15.239 0.0000000000
91468  44.991  36.913  14.772 0.0000000000
91462  44.696  36.130  15.020 0.0000000000
83422  53.998  25.638  22.457 0.0000000000
95500  49.515  43.452  18.242 0.0000000000
95487  49.844  42.900  18.637 0.0000000000
94917  49.036  43.020  18.883 0.0000000000
95508  48.352  44.024  17.153 0.0000000000
96128  48.269  44.327  16.545 0.0000000000
95507  49.199  43.831  17.544 0.0000000000
114003  49.530  43.509  17.427 0.0000000000
88133  53.013  32.063  17.109 0.0000000000
88145  52.293  31.553  16.323 0.0000000000
89357  40.875  32.842  15.019 0.0000000000
88751  41.545  32.142  15.338 0.0000000000
87564  44.125  30.627  15.225 0.0000000000
87577  44.644  30.081  14.596 0.0000000000
92829  48.734  38.290  10.594 0.0000000000
92830  47.534  38.352  10.654 0.0000000000
89370  41.073  33.693  14.690 0.0000000000
93864  44.517  40.575  16.287 0.0000000000
93859  45.115  40.071  17.184 0.0000000000
93318  44.271  39.688  16.830 0.0000000000
93873  43.172  41.017  15.505 0.0000000000
111040  43.473  41.784  15.215 0.0000000000
93872  43.945  41.246  15.660 0.0000000000
94381  44.682  41.538  15.851 0.0000000000
85607  51.249  27.109  19.069 0.0000000000
84245  55.506  25.418  15.292 0.0000000000
128570  49.066  39.257  16.538 0.0000000000
92772  49.443  39.055  17.234 0.0000000000
92090  51.064  37.383  20.777 0.0000000000
91417  51.343  36.831  20.422 0.0000000000
90649  51.441  35.701  20.552 0.0000000000
89913  51.283  35.391  21.137 0.0000000000
127034  46.259  38.738  19.698 0.0000000000
92117  47.044  38.318  19.755 0.0000000000
119482  46.146  37.678  19.666 0.0000000000
108558  46.721  31.954  19.870 0.0000000000
125297  47.623  31.487  19.618 0.0000000000
88696  48.564  32.180  19.622 0.0000000000
87528  47.971  30.460  19.658 0.0000000000
87516  47.109  30.794  19.941 0.0000000000
86865  49.418  30.313  24.602 0.0000000000
97240  46.962  46.571  8.021 0.0000000000
96729  46.846  46.376  7.689 0.0000000000
96728  47.602  46.084  7.482 0.0000000000
96185  47.774  45.397  6.772 0.0000000000
96737  48.214  45.823  7.131 0.0000000000
94454  44.625  41.189  10.698 0.0000000000
94453  45.275  41.432  10.122 0.0000000000
95557  49.158  43.391  10.532 0.0000000000
94972  49.535  42.689  10.971 0.0000000000
94452  49.541  41.816  10.686 0.0000000000
94437  49.875  41.652  11.305 0.0000000000
118837  49.967  40.825  10.956 0.0000000000
93316  50.211  40.057  16.334 0.0000000000
93331  49.725  39.835  15.741 0.0000000000
123886  49.237  39.571  15.615 0.0000000000
90682  49.352  35.210  17.228 0.0000000000
89964  49.695  34.463  16.562 0.0000000000
87585  48.841  30.822  12.443 0.0000000000
107690  48.169  30.302  11.735 0.0000000000
86313  52.563  28.238  13.853 0.0000000000
86314  51.994  28.871  13.332 0.0000000000
89981  42.823  34.146  14.852 0.0000000000
89354  44.897  33.084  15.599 0.0000000000
88748  44.756  32.224  15.610 0.0000000000
92811  45.801  38.565  12.260 0.0000000000
92801  45.869  38.493  13.108 0.0000000000
91477  44.278  36.877  13.446 0.0000000000
118556  44.172  37.097  12.817 0.0000000000
90695  43.782  35.087  14.740 0.0000000000
89992  43.104  34.866  14.469 0.0000000000
125237  52.482  26.590  21.875 0.0000000000
84948  53.009  26.423  20.926 0.0000000000
84938  54.313  26.308  21.539 0.0000000000
83447  54.907  25.572  20.340 0.0000000000
84205  55.175  25.992  20.582 0.0000000000
83469  54.779  25.381  19.414 0.0000000000
109261  54.720  25.243  18.252 0.0000000000
83470  54.035  24.900  18.941 0.0000000000
94503  46.684  41.389  5.477 0.0000000000
93941  46.258  40.845  4.941 0.0000000000
94371  50.519  40.960  17.568 0.0000000000
93856  50.534  40.370  17.784 0.0000000000
93852  50.512  40.796  18.365 0.0000000000
93844  50.413  41.075  19.921 0.0000000000
93843  50.653  40.272  19.573 0.0000000000
93836  50.490  40.100  20.167 0.0000000000
93276  50.415  38.948  20.658 0.0000000000
112924  50.077  39.273  20.941 0.0000000000
90656  44.404  36.146  20.707 0.0000000000
90655  44.785  35.349  20.275 0.0000000000
89933  44.263  34.973  20.858 0.0000000000
88675  44.579  32.999  22.232 0.0000000000
88688  44.828  33.043  20.901 0.0000000000
88680  44.717  32.681  21.511 0.0000000000
112592  45.189  32.124  21.009 0.0000000000
88098  45.510  31.570  21.617 0.0000000000
87509  45.953  30.928  21.668 0.0000000000
88092  45.759  31.479  22.492 0.0000000000
88670  47.459  32.486  24.143 0.0000000000
88661  47.993  32.955  25.223 0.0000000000
88067  48.256  32.222  24.788 0.0000000000
88660  48.801  32.778  25.728 0.0000000000
94946  46.661  43.265  14.152 0.0000000000
115913  47.466  43.693  14.024 0.0000000000
96140  48.987  44.099  14.557 0.0000000000
96146  48.639  44.057  13.942 0.0000000000
95535  49.224  43.737  13.584 0.0000000000
95542  49.352  43.514  12.724 0.0000000000
95534  49.724  43.061  13.804 0.0000000000
95527  49.970  42.891  14.556 0.0000000000
94928  50.123  41.998  16.884 0.0000000000
94378  50.562  41.151  16.795 0.0000000000
89330  51.989  33.371  16.774 0.0000000000
89331  51.263  33.739  16.306 0.0000000000
89347  52.026  33.151  15.872 0.0000000000
88154  52.533  32.247  14.842 0.0000000000
122684  52.377  32.418  14.669 0.0000000000
88171  51.409  31.954  13.519 0.0000000000
86947  40.253  29.698  15.299 0.0000000000
86946  41.133  29.608  15.063 0.0000000000
128958  42.324  31.812  15.495 0.0000000000
87579  42.871  30.004  14.587 0.0000000000
111365  42.401  30.494  15.207 0.0000000000
86974  41.533  29.364  13.011 0.0000000000
86972  43.860  29.808  12.955 0.0000000000
86990  43.532  30.045  11.828 0.0000000000
92848  49.336  37.479  8.888 0.0000000000
92228  48.568  36.960  8.778 0.0000000000
92230  46.398  37.338  8.433 0.0000000000
123049  45.463  37.219  7.912 0.0000000000
92248  44.561  37.391  8.024 0.0000000000
94373  46.850  41.893  17.210 0.0000000000
94366  47.110  41.265  18.170 0.0000000000
93857  46.496  40.921  17.887 0.0000000000
93854  46.282  40.056  18.532 0.0000000000
93289  45.736  39.262  19.545 0.0000000000
92715  44.296  39.027  20.741 0.0000000000
91423  44.464  37.340  20.852 0.0000000000
96166  41.444  44.028  9.670 0.0000000000
95574  40.619  43.590  9.852 0.0000000000
94469  42.108  41.824  10.137 0.0000000000
108733  42.234  41.339  10.655 0.0000000000
94455  43.813  41.409  10.383 0.0000000000
94407  44.218  41.493  13.437 0.0000000000
94948  44.720  42.117  14.103 0.0000000000
94947  45.684  42.336  13.799 0.0000000000
117817  45.245  42.495  14.503 0.0000000000
94380  45.352  41.938  16.136 0.0000000000
94935  45.547  42.795  15.720 0.0000000000
94379  45.982  42.490  16.437 0.0000000000
94930  46.763  42.948  16.591 0.0000000000
86917  50.322  29.636  18.476 0.0000000000
86924  50.553  29.369  17.657 0.0000000000
85627  51.919  27.909  16.621 0.0000000000
128408  51.431  28.429  16.501 0.0000000000
86299  52.235  28.384  15.019 0.0000000000
85626  52.462  27.693  15.829 0.0000000000
84960  54.802  26.437  18.933 0.0000000000
84965  54.046  26.559  18.171 0.0000000000
108173  54.944  26.554  18.133 0.0000000000
127258  55.280  26.356  14.451 0.0000000000
84974  54.588  26.652  15.967 0.0000000000
113771  54.925  26.619  14.937 0.0000000000
85639  54.090  27.190  14.437 0.0000000000
111053  54.090  26.217  12.914 0.0000000000
92148  46.454  37.365  16.426 0.0000000000
92147  47.250  37.717  16.838 0.0000000000
92143  48.669  37.671  17.873 0.0000000000
92144  47.761  37.228  17.438 0.0000000000
90674  49.312  36.070  17.789 0.0000000000
93294  50.701  39.077  18.885 0.0000000000
92737  50.804  38.697  18.880 0.0000000000
108357  51.315  36.526  19.272 0.0000000000
90667  51.082  36.035  18.651 0.0000000000
90671  51.198  35.099  18.419 0.0000000000
89952  51.413  34.226  18.133 0.0000000000
89945  51.687  34.574  18.909 0.0000000000
89925  52.278  33.621  20.163 0.0000000000
89308  52.768  33.487  19.080 0.0000000000
89298  53.168  33.244  19.795 0.0000000000
88707  53.313  32.474  18.883 0.0000000000
88692  53.230  32.784  19.678 0.0000000000
93853  47.427  40.712  19.414 0.0000000000
92103  48.041  37.895  20.353 0.0000000000
92712  48.676  38.805  20.560 0.0000000000
115395  49.116  38.016  20.959 0.0000000000
92101  49.607  37.438  21.192 0.0000000000
92102  48.822  37.190  20.753 0.0000000000
89939  46.342  34.682  19.864 0.0000000000
89293  48.243  33.942  19.865 0.0000000000
89930  48.029  34.743  20.021 0.0000000000
89929  48.904  34.491  20.335 0.0000000000
89928  49.571  35.051  20.675 0.0000000000
114819  49.840  34.308  20.663 0.0000000000
113291  50.791  34.384  20.923 0.0000000000
88695  49.553  31.897  19.696 0.0000000000
129640  50.419  32.271  19.966 0.0000000000
88109  50.576  31.651  19.553 0.0000000000
88108  51.825  31.931  19.363 0.0000000000
87536  50.537  30.468  18.585 0.0000000000
87525  50.161  30.897  19.242 0.0000000000
86910  48.539  29.201  19.908 0.0000000000
86909  49.174  29.266  19.475 0.0000000000
86267  49.457  28.339  19.634 0.0000000000
86258  49.277  27.919  20.369 0.0000000000
86891  46.601  29.785  21.749 0.0000000000
86896  47.016  29.184  21.707 0.0000000000
86247  47.504  28.924  22.709 0.0000000000
86245  49.203  27.887  23.067 0.0000000000
86246  48.223  28.320  22.645 0.0000000000
85586  49.777  27.316  22.440 0.0000000000
85593  49.620  27.308  21.586 0.0000000000
125955  51.161  26.741  22.454 0.0000000000
120177  45.559  45.302  7.522 0.0000000000
96177  44.696  45.096  7.732 0.0000000000
95584  44.911  44.036  7.458 0.0000000000
108686  48.344  44.036  6.508 0.0000000000
117214  47.843  43.420  6.138 0.0000000000
95000  48.165  42.846  6.147 0.0000000000
94501  48.382  41.411  5.656 0.0000000000
94488  48.505  42.153  6.172 0.0000000000
94965  47.697  42.937  11.479 0.0000000000
94973  47.787  42.924  10.547 0.0000000000
95567  48.334  43.778  9.039 0.0000000000
126724  48.567  43.981  8.521 0.0000000000
117073  48.599  44.436  7.710 0.0000000000
95576  48.735  43.716  8.402 0.0000000000
94465  48.669  41.707  9.398 0.0000000000
94472  48.604  42.053  8.510 0.0000000000
93911  48.514  40.776  8.944 0.0000000000
93375  48.780  38.679  8.451 0.0000000000
93370  49.181  39.408  9.235 0.0000000000
93363  50.557  39.046  10.900 0.0000000000
93364  50.330  38.813  10.351 0.0000000000
92828  50.220  38.638  10.716 0.0000000000
114782  49.763  38.289  10.553 0.0000000000
92818  50.002  38.660  11.375 0.0000000000
121100  50.448  41.385  13.724 0.0000000000
93900  50.347  40.573  13.320 0.0000000000
116397  49.263  39.720  13.938 0.0000000000
93348  49.533  39.623  13.160 0.0000000000
93356  49.177  39.344  12.637 0.0000000000
108459  47.405  39.290  13.222 0.0000000000
93350  48.157  39.396  13.706 0.0000000000
92786  47.516  38.867  15.685 0.0000000000
92791  47.334  39.226  14.848 0.0000000000
115143  46.856  36.022  17.013 0.0000000000
90684  46.547  35.456  16.660 0.0000000000
89967  46.972  34.818  16.678 0.0000000000
89351  47.730  33.348  16.089 0.0000000000
89335  47.051  34.107  16.417 0.0000000000
88746  46.452  32.420  15.832 0.0000000000
89350  49.261  33.358  15.732 0.0000000000
87573  48.086  30.542  13.754 0.0000000000
88174  47.692  30.999  14.608 0.0000000000
88175  46.742  30.957  14.849 0.0000000000
87588  45.859  30.309  13.345 0.0000000000
108334  45.670  30.300  11.275 0.0000000000
87600  45.381  30.134  10.754 0.0000000000
87007  44.471  30.017  10.612 0.0000000000
86345  45.096  29.818  10.528 0.0000000000
86933  51.527  29.957  15.741 0.0000000000
87561  51.748  30.853  14.900 0.0000000000
86970  51.535  29.722  12.682 0.0000000000
87582  51.689  30.568  12.954 0.0000000000
86984  51.103  30.297  12.171 0.0000000000
121288  50.762  30.699  11.924 0.0000000000
86985  50.359  30.155  11.793 0.0000000000
85649  50.864  27.742  13.344 0.0000000000
84997  49.264  26.989  13.421 0.0000000000
127914  44.135  34.652  15.206 0.0000000000
89979  44.691  34.629  15.606 0.0000000000
92170  45.258  37.907  13.551 0.0000000000
90702  44.076  35.803  14.443 0.0000000000
84924  53.815  26.185  22.931 0.0000000000
84188  54.376  26.169  22.019 0.0000000000
84189  54.163  26.046  22.551 0.0000000000
84197  54.434  25.710  21.638 0.0000000000
109126  54.061  25.214  20.803 0.0000000000
94921  50.279  42.595  18.036 0.0000000000
94363  50.430  41.602  18.762 0.0000000000
94915  50.217  42.391  18.562 0.0000000000
94356  50.118  41.895  19.734 0.0000000000
94351  49.952  41.345  20.312 0.0000000000
89914  44.181  35.194  21.731 0.0000000000
126581  44.230  34.297  21.468 0.0000000000
88674  45.165  32.896  23.083 0.0000000000
95522  47.307  44.130  15.646 0.0000000000
96142  47.813  44.448  15.141 0.0000000000
96135  48.315  44.458  15.487 0.0000000000
95521  49.286  43.853  15.394 0.0000000000
95520  49.806  43.156  15.361 0.0000000000
95512  49.514  43.509  16.411 0.0000000000
122069  49.666  42.814  17.154 0.0000000000
88732  53.131  32.897  17.860 0.0000000000
89346  52.814  33.017  16.288 0.0000000000
88733  53.051  32.683  16.748 0.0000000000
88144  52.819  32.254  15.885 0.0000000000
88161  43.596  31.309  15.501 0.0000000000
86959  43.394  29.665  13.825 0.0000000000
86958  44.264  29.792  13.833 0.0000000000
86971  44.600  30.068  12.848 0.0000000000
92206  49.129  37.045  9.263 0.0000000000
92229  48.768  36.835  8.791 0.0000000000
92207  48.233  37.380  9.298 0.0000000000
92208  46.428  37.591  9.281 0.0000000000
89994  41.313  34.514  14.183 0.0000000000
89358  40.085  32.854  15.440 0.0000000000
93305  45.622  39.725  18.248 0.0000000000
94395  42.281  41.629  14.666 0.0000000000
109124  43.552  42.042  14.938 0.0000000000
94941  44.496  42.301  14.831 0.0000000000
86281  50.674  28.571  17.756 0.0000000000
125474  50.628  27.972  18.449 0.0000000000
85616  51.254  27.759  18.032 0.0000000000
85615  52.146  27.451  17.537 0.0000000000
84963  55.329  26.171  17.517 0.0000000000
112512  55.130  26.297  17.049 0.0000000000
84973  55.620  26.109  16.435 0.0000000000
116501  55.562  26.174  14.829 0.0000000000
84986  55.433  26.067  13.914 0.0000000000
92774  47.736  38.493  16.519 0.0000000000
92773  48.555  38.793  16.999 0.0000000000
92756  48.975  38.473  17.653 0.0000000000
92142  49.728  38.009  18.087 0.0000000000
92722  51.064  38.488  19.610 0.0000000000
128740  51.204  38.032  19.209 0.0000000000
115910  51.345  38.018  19.552 0.0000000000
91436  51.426  37.227  19.708 0.0000000000
90663  51.586  35.591  19.806 0.0000000000
89937  51.873  34.717  19.579 0.0000000000
108632  51.946  34.650  20.292 0.0000000000
89289  52.176  33.589  20.296 0.0000000000
93288  46.693  39.638  19.544 0.0000000000
119508  47.302  39.682  19.927 0.0000000000
89301  46.527  33.698  19.776 0.0000000000
89300  47.440  33.362  19.734 0.0000000000
89299  48.437  33.072  19.828 0.0000000000
87526  49.401  30.305  19.450 0.0000000000
111877  48.907  30.593  19.620 0.0000000000
86234  47.869  29.606  23.323 0.0000000000
86876  48.707  29.531  23.855 0.0000000000
86233  48.801  28.629  23.625 0.0000000000
113340  45.908  46.486  7.716 0.0000000000
96176  46.460  45.747  7.384 0.0000000000
95582  46.826  44.952  6.849 0.0000000000
95592  46.833  43.678  6.671 0.0000000000
95590  48.129  44.697  6.595 0.0000000000
94987  43.282  42.494  9.526 0.0000000000
95571  43.584  43.376  9.353 0.0000000000
94986  44.230  42.799  9.351 0.0000000000
94466  44.976  42.167  9.452 0.0000000000
95551  48.445  43.313  10.920 0.0000000000
95550  48.899  43.406  11.213 0.0000000000
95558  49.075  43.732  10.068 0.0000000000
95565  49.130  43.538  9.911 0.0000000000
94464  49.019  41.835  10.049 0.0000000000
93906  50.394  39.756  10.751 0.0000000000
93905  50.413  39.604  11.402 0.0000000000
93887  50.335  40.729  15.170 0.0000000000
122009  50.003  40.298  13.810 0.0000000000
93343  49.891  40.286  14.584 0.0000000000
112993  49.455  39.818  14.802 0.0000000000
93344  48.795  39.524  14.301 0.0000000000
93345  48.011  39.357  14.378 0.0000000000
127415  47.972  34.981  17.007 0.0000000000
89334  48.074  34.090  16.264 0.0000000000
126753  48.508  33.527  15.952 0.0000000000
88172  49.872  31.594  13.843 0.0000000000
88758  49.188  32.119  14.631 0.0000000000
87587  46.801  30.414  12.830 0.0000000000
113425  47.418  30.432  11.806 0.0000000000
87598  47.033  30.122  10.861 0.0000000000
86943  52.199  29.294  14.306 0.0000000000
86969  51.842  29.868  13.076 0.0000000000
113995  43.245  32.806  15.398 0.0000000000
121344  44.028  33.075  15.536 0.0000000000
88749  43.920  32.229  15.638 0.0000000000
88159  45.289  31.495  15.456 0.0000000000
92821  46.747  38.631  11.690 0.0000000000
129336  45.230  38.345  11.951 0.0000000000
92171  44.638  37.450  13.119 0.0000000000
90704  42.650  35.279  13.888 0.0000000000
123983  41.606  41.514  14.778 0.0000000000
94389  41.933  41.465  15.103 0.0000000000
93874  42.351  40.933  15.478 0.0000000000
84957  52.310  26.605  19.796 0.0000000000
84956  53.471  26.494  19.868 0.0000000000
84955  54.572  26.391  19.772 0.0000000000
84954  55.069  26.249  19.550 0.0000000000
84946  54.943  26.182  20.495 0.0000000000
84204  55.113  26.141  19.970 0.0000000000
84215  55.216  26.249  18.513 0.0000000000
84223  55.257  25.640  17.918 0.0000000000
119399  55.066  24.970  17.268 0.0000000000
112546  50.334  39.881  17.006 0.0000000000
93304  50.162  39.428  17.486 0.0000000000
93303  50.500  39.888  17.791 0.0000000000
118495  50.597  39.582  18.472 0.0000000000
93293  50.712  39.567  18.851 0.0000000000
94354  50.535  40.991  19.180 0.0000000000
121398  50.740  39.677  19.269 0.0000000000
93286  50.738  39.017  19.347 0.0000000000
93279  50.847  38.832  19.928 0.0000000000
92706  51.044  38.121  20.588 0.0000000000
92091  50.690  37.878  20.920 0.0000000000
91438  45.557  36.735  19.788 0.0000000000
89940  45.449  34.800  20.031 0.0000000000
89295  44.481  33.917  20.854 0.0000000000
89294  45.197  33.533  20.402 0.0000000000
88699  45.892  33.175  19.900 0.0000000000
126509  46.090  32.509  19.931 0.0000000000
88100  45.917  31.952  20.339 0.0000000000
88112  46.416  31.199  20.288 0.0000000000
87517  46.614  30.408  20.605 0.0000000000
87518  46.106  30.761  20.879 0.0000000000
87508  46.419  30.358  22.163 0.0000000000
87494  46.951  30.805  22.980 0.0000000000
88083  46.548  31.641  23.344 0.0000000000
87493  47.726  30.564  23.499 0.0000000000
88081  48.398  31.280  24.346 0.0000000000
87480  49.025  30.955  24.845 0.0000000000
88065  49.569  31.808  25.870 0.0000000000
96719  46.937  46.386  8.213 0.0000000000
94957  46.081  41.818  12.805 0.0000000000
94422  46.253  41.565  11.670 0.0000000000
94956  47.004  42.381  12.278 0.0000000000
126523  47.736  43.121  12.272 0.0000000000
95537  48.155  43.821  13.527 0.0000000000
107748  48.266  43.547  12.649 0.0000000000
95543  48.968  43.474  12.111 0.0000000000
115173  49.521  43.197  12.117 0.0000000000
94954  49.828  42.979  12.518 0.0000000000
94963  50.163  42.210  12.421 0.0000000000
94953  50.129  42.395  13.187 0.0000000000
121484  50.465  41.463  14.687 0.0000000000
94938  50.345  42.345  15.094 0.0000000000
93871  50.477  40.668  16.116 0.0000000000
89963  50.653  34.379  16.791 0.0000000000
89332  50.465  33.873  16.155 0.0000000000
88742  50.919  33.040  14.856 0.0000000000
88741  51.888  32.865  15.074 0.0000000000
88757  50.515  32.321  14.263 0.0000000000
128964  50.702  31.917  13.561 0.0000000000
88181  50.607  31.491  12.901 0.0000000000
87584  49.894  30.928  12.172 0.0000000000
85648  51.927  27.812  13.300 0.0000000000
84995  51.423  26.779  13.214 0.0000000000
86963  39.577  29.329  14.642 0.0000000000
113478  41.868  31.141  15.496 0.0000000000
87566  41.575  30.252  15.302 0.0000000000
86975  40.609  29.277  13.366 0.0000000000
87002  42.334  30.195  10.285 0.0000000000
118681  47.767  37.015  8.337 0.0000000000
92247  47.446  36.876  7.698 0.0000000000
92831  46.320  38.310  10.669 0.0000000000
92192  45.906  37.820  9.957 0.0000000000
94923  48.075  43.327  17.594 0.0000000000
94364  48.305  42.047  18.789 0.0000000000
94372  47.722  42.109  17.937 0.0000000000
94365  47.566  41.243  18.811 0.0000000000
93847  47.106  40.205  19.552 0.0000000000
92724  45.829  39.154  19.601 0.0000000000
92104  45.087  37.745  20.335 0.0000000000
123452  41.475  42.282  9.946 0.0000000000
94988  42.402  42.336  9.715 0.0000000000
94467  43.941  42.043  9.743 0.0000000000
94440  44.771  41.173  11.534 0.0000000000
94409  42.473  41.523  13.907 0.0000000000
94425  43.639  41.115  12.574 0.0000000000
94424  44.536  41.222  12.418 0.0000000000
94423  45.382  41.370  12.158 0.0000000000
122301  46.210  42.762  14.001 0.0000000000
95530  46.182  43.412  14.946 0.0000000000
94940  45.464  42.836  15.050 0.0000000000
95524  45.907  43.277  15.483 0.0000000000
95523  46.523  43.656  15.503 0.0000000000
95516  46.947  43.660  16.178 0.0000000000
94929  47.532  43.571  16.864 0.0000000000
87535  51.298  30.939  17.967 0.0000000000
87544  51.169  30.820  16.897 0.0000000000
118036  50.717  29.100  17.061 0.0000000000
86292  51.140  29.108  16.364 0.0000000000
86300  51.673  29.212  15.352 0.0000000000
86307  52.572  28.362  14.172 0.0000000000
85640  53.318  27.696  14.085 0.0000000000
84961  52.552  26.713  19.033 0.0000000000
85610  52.924  26.855  18.269 0.0000000000
85625  53.488  27.103  15.922 0.0000000000
128979  53.083  27.565  13.782 0.0000000000
91460  45.767  36.959  16.007 0.0000000000
91453  45.582  36.224  16.071 0.0000000000
91447  47.556  36.235  17.418 0.0000000000
90675  48.345  35.542  17.358 0.0000000000
92132  50.461  37.528  18.475 0.0000000000
92131  51.039  38.009  18.934 0.0000000000
91444  50.307  36.402  18.333 0.0000000000
89953  50.890  34.736  17.633 0.0000000000
89317  51.957  33.592  17.727 0.0000000000
89944  52.064  34.029  19.239 0.0000000000
89316  52.737  33.317  18.169 0.0000000000
88718  53.417  32.876  18.624 0.0000000000
88120  53.107  31.859  18.231 0.0000000000
88121  52.197  31.579  18.529 0.0000000000
94357  48.811  42.088  19.629 0.0000000000
93845  48.644  41.268  20.126 0.0000000000
93838  49.385  40.801  20.450 0.0000000000
93283  48.225  39.707  20.295 0.0000000000
118149  49.333  39.479  20.701 0.0000000000
119849  49.811  38.066  21.113 0.0000000000
92092  50.210  37.657  21.173 0.0000000000
90634  50.097  36.354  21.394 0.0000000000
91421  46.413  36.473  19.705 0.0000000000
91420  47.411  36.279  20.086 0.0000000000
89931  47.224  34.936  19.997 0.0000000000
90653  47.769  35.500  20.171 0.0000000000
91419  48.520  36.243  20.555 0.0000000000
90651  49.446  35.871  20.905 0.0000000000
90650  50.223  35.519  21.209 0.0000000000
90633  50.756  35.927  21.313 0.0000000000
125660  50.883  35.072  21.340 0.0000000000
89290  51.436  33.785  20.615 0.0000000000
88684  51.939  33.044  20.208 0.0000000000
88685  50.886  32.876  20.388 0.0000000000
85599  50.530  27.209  19.973 0.0000000000
108707  47.235  29.938  20.286 0.0000000000
86901  47.383  29.043  20.831 0.0000000000
86260  47.927  28.499  21.087 0.0000000000
86253  48.182  28.179  21.632 0.0000000000
86259  48.578  28.101  20.892 0.0000000000
85601  49.214  27.603  21.069 0.0000000000
85600  49.963  27.385  20.797 0.0000000000
84950  50.914  26.813  20.936 0.0000000000
84934  51.471  26.674  21.784 0.0000000000
84933  51.992  26.808  22.506 0.0000000000
111429  52.735  26.526  22.560 0.0000000000
84932  53.238  26.335  22.816 0.0000000000
95015  47.278  42.151  5.916 0.0000000000
94502  48.093  41.559  5.396 0.0000000000
93938  48.367  40.544  5.688 0.0000000000
116172  48.244  39.771  6.591 0.0000000000
96170  47.439  45.836  8.201 0.0000000000
94438  46.193  41.549  10.587 0.0000000000
96169  47.973  45.584  8.091 0.0000000000
96717  48.184  45.811  7.521 0.0000000000
96174  48.542  45.267  7.148 0.0000000000
95581  48.701  44.431  7.008 0.0000000000
94991  48.938  43.105  7.994 0.0000000000
94479  48.460  42.115  7.346 0.0000000000
118472  48.258  39.812  7.616 0.0000000000
93369  49.977  38.526  9.734 0.0000000000
92205  49.343  37.490  9.443 0.0000000000
92189  49.416  37.664  9.880 0.0000000000
94436  50.238  41.448  11.992 0.0000000000
93902  50.372  40.336  12.278 0.0000000000
93354  50.217  39.582  12.003 0.0000000000
92808  49.422  39.030  11.911 0.0000000000
107648  48.603  39.070  12.097 0.0000000000
112841  47.595  39.061  12.396 0.0000000000
92800  46.560  38.960  13.576 0.0000000000
92792  46.552  38.844  14.436 0.0000000000
92161  45.939  38.141  14.900 0.0000000000
90685  45.809  35.553  16.273 0.0000000000
89977  46.031  34.004  16.218 0.0000000000
89353  45.782  33.161  16.030 0.0000000000
122129  49.696  33.872  15.974 0.0000000000
88156  48.135  31.783  15.120 0.0000000000
87562  45.844  30.863  15.030 0.0000000000
87576  45.472  30.304  14.426 0.0000000000
111799  46.105  30.373  12.234 0.0000000000
86989  44.795  30.421  11.607 0.0000000000
87604  43.819  29.999  10.519 0.0000000000
88170  52.142  31.632  14.220 0.0000000000
87572  51.773  30.996  13.564 0.0000000000
108464  51.636  31.551  13.549 0.0000000000
87583  50.776  31.127  12.060 0.0000000000
86315  50.390  28.691  12.900 0.0000000000
85651  48.943  28.033  13.267 0.0000000000
86316  49.611  28.623  12.838 0.0000000000
86322  49.948  29.450  12.024 0.0000000000
86986  49.326  30.109  11.398 0.0000000000
86987  48.221  30.058  11.454 0.0000000000
86332  47.438  29.916  11.004 0.0000000000
83448  52.815  24.790  20.859 0.0000000000
110541  53.170  24.678  20.024 0.0000000000
83460  52.479  24.634  19.246 0.0000000000
83471  52.991  24.743  18.624 0.0000000000
83490  55.283  24.951  16.588 0.0000000000
83491  55.007  24.634  16.650 0.0000000000
84206  54.928  25.792  21.019 0.0000000000
84208  55.134  26.225  19.325 0.0000000000
84209  55.189  25.856  19.827 0.0000000000
84236  55.637  25.491  16.128 0.0000000000
84256  55.679  25.943  14.595 0.0000000000
84931  54.044  26.386  22.421 0.0000000000
84964  55.147  26.377  18.137 0.0000000000
84980  55.822  26.060  15.497 0.0000000000
84993  54.797  26.255  13.323 0.0000000000
86900  48.183  28.813  20.451 0.0000000000
86902  46.736  29.671  21.033 0.0000000000
86983  51.533  30.318  12.572 0.0000000000
87590  51.319  30.904  12.292 0.0000000000
87595  44.055  30.179  11.168 0.0000000000
88693  52.565  32.577  19.882 0.0000000000
88706  53.421  32.929  19.272 0.0000000000
89315  53.251  33.159  18.563 0.0000000000
89926  51.643  34.874  20.812 0.0000000000
91402  50.619  36.972  21.226 0.0000000000
91403  50.024  37.043  21.406 0.0000000000
92710  51.228  38.341  20.104 0.0000000000
92847  49.686  37.912  9.454 0.0000000000
93275  50.779  38.631  20.389 0.0000000000
93280  50.554  39.266  20.268 0.0000000000
93281  50.252  39.709  20.543 0.0000000000
93282  49.812  40.038  20.674 0.0000000000
93846  47.717  40.709  19.934 0.0000000000
93851  50.767  40.210  18.912 0.0000000000
94908  50.122  42.420  18.966 0.0000000000
94909  49.587  42.409  19.357 0.0000000000
94916  50.080  42.799  18.446 0.0000000000
95014  48.016  42.299  5.730 0.0000000000
95499  49.997  43.135  18.232 0.0000000000
95505  49.963  43.098  17.877 0.0000000000
95506  49.840  43.433  17.985 0.0000000000
95514  48.738  44.175  16.863 0.0000000000
96127  48.622  44.342  16.185 0.0000000000
96134  48.826  44.288  15.412 0.0000000000
96136  47.978  44.494  15.930 0.0000000000
96147  47.930  44.175  14.346 0.0000000000
96184  48.245  45.461  6.894 0.0000000000
96727  48.010  46.041  7.336 0.0000000000
96738  47.987  45.998  6.997 0.0000000000
110364  54.389  25.963  22.062 0.0000000000
114499  51.924  34.208  20.613 0.0000000000
118284  50.388  41.722  18.135 0.0000000000
120557  41.182  43.073  9.690 0.0000000000
120611  47.667  41.658  5.450 0.0000000000
123559  50.057  42.512  17.558 0.0000000000
123583  50.652  38.418  20.708 0.0000000000
124253  49.053  40.133  20.416 0.0000000000
124810  53.350  24.762  19.318 0.0000000000
125709  49.139  44.118  16.069 0.0000000000
126583  45.883  44.789  7.274 0.0000000000
126876  48.954  43.590  10.490 0.0000000000
127694  53.203  26.990  17.592 0.0000000000
128379  49.341  41.327  20.300 0.0000000000
129622  48.416  42.949  18.298 0.0000000000
