#!ascii label  , from subject sub1 vox2ras=TkReg
1509
33773  13.792  -28.382  54.344 0.0000000000
55970  46.695  -6.843  30.044 0.0000000000
109932  30.441  -19.175  47.396 0.0000000000
47578  38.728  -14.596  50.515 0.0000000000
112198  24.153  -22.177  45.730 0.0000000000
37833  20.473  -24.279  52.890 0.0000000000
64621  53.141  2.469  22.297 0.0000000000
63632  54.995  1.036  32.040 0.0000000000
50833  39.000  -11.103  39.901 0.0000000000
68524  54.094  6.004  13.510 0.0000000000
42564  29.320  -19.903  51.977 0.0000000000
35793  16.355  -26.382  52.918 0.0000000000
63695  55.509  1.390  26.583 0.0000000000
126584  49.859  -1.535  26.423 0.0000000000
52911  48.002  -10.088  34.259 0.0000000000
55881  52.183  -7.263  35.607 0.0000000000
49884  44.140  -12.162  34.674 0.0000000000
112216  35.691  -16.722  43.905 0.0000000000
43557  35.634  -18.898  49.252 0.0000000000
39715  27.043  -22.996  50.944 0.0000000000
38734  24.117  -24.429  54.903 0.0000000000
39743  22.373  -23.235  49.272 0.0000000000
38809  17.670  -23.816  48.772 0.0000000000
42610  26.961  -19.658  47.132 0.0000000000
67523  57.572  5.742  21.412 0.0000000000
128928  58.719  6.622  26.811 0.0000000000
58981  51.316  -4.292  30.605 0.0000000000
50830  45.011  -10.883  40.137 0.0000000000
48735  39.823  -13.655  44.489 0.0000000000
66619  54.096  4.450  17.455 0.0000000000
67570  58.637  5.311  16.450 0.0000000000
67618  60.764  6.196  12.647 0.0000000000
40677  29.152  -21.711  54.767 0.0000000000
35776  15.299  -26.898  53.924 0.0000000000
35753  16.364  -26.132  56.285 0.0000000000
33761  15.185  -28.080  56.711 0.0000000000
61910  49.891  -0.925  23.419 0.0000000000
50898  49.627  -12.195  36.091 0.0000000000
51923  51.044  -10.432  35.887 0.0000000000
33753  10.262  -28.210  58.781 0.0000000000
107369  43.023  -10.553  31.885 0.0000000000
114680  30.425  -19.259  44.847 0.0000000000
43615  33.363  -18.863  45.236 0.0000000000
43575  32.511  -19.115  48.659 0.0000000000
39758  25.315  -22.500  48.386 0.0000000000
38802  24.371  -23.332  50.336 0.0000000000
39760  23.569  -23.108  47.978 0.0000000000
41694  26.283  -21.205  46.778 0.0000000000
40747  27.220  -21.171  48.816 0.0000000000
38753  21.763  -24.171  53.269 0.0000000000
65592  56.290  3.744  22.039 0.0000000000
68434  57.526  6.659  24.237 0.0000000000
67504  55.721  5.067  24.823 0.0000000000
63659  54.803  1.536  29.915 0.0000000000
114805  57.013  3.733  29.959 0.0000000000
57037  44.877  -4.931  27.943 0.0000000000
59006  47.377  -3.390  28.335 0.0000000000
57016  48.825  -5.641  30.050 0.0000000000
51911  38.265  -10.894  37.707 0.0000000000
50882  41.186  -12.102  37.834 0.0000000000
51869  41.681  -10.520  40.491 0.0000000000
46547  37.250  -15.970  46.772 0.0000000000
46573  37.142  -15.216  44.459 0.0000000000
48699  39.441  -14.498  47.267 0.0000000000
64652  51.391  2.365  19.473 0.0000000000
66601  52.004  3.940  17.519 0.0000000000
64649  54.123  2.578  19.796 0.0000000000
66590  57.076  3.851  19.848 0.0000000000
67632  58.849  5.721  11.456 0.0000000000
108637  57.299  5.526  12.889 0.0000000000
67580  59.599  5.914  14.920 0.0000000000
67597  55.875  5.031  14.647 0.0000000000
43549  29.993  -19.269  49.981 0.0000000000
123149  31.564  -19.279  50.802 0.0000000000
123822  30.964  -18.905  53.055 0.0000000000
117553  18.423  -24.869  52.266 0.0000000000
37814  19.497  -25.253  55.093 0.0000000000
35773  18.502  -25.553  55.882 0.0000000000
63733  51.408  1.177  22.150 0.0000000000
64604  53.437  2.619  24.364 0.0000000000
62790  52.052  0.248  24.021 0.0000000000
128427  52.930  -0.636  26.720 0.0000000000
62739  52.963  -0.193  29.391 0.0000000000
53972  47.470  -8.327  32.398 0.0000000000
54963  49.281  -7.390  32.516 0.0000000000
53946  50.320  -8.498  34.818 0.0000000000
48806  37.314  -13.087  39.402 0.0000000000
50705  40.222  -12.013  51.038 0.0000000000
33769  11.661  -28.802  54.936 0.0000000000
31878  13.977  -30.582  57.343 0.0000000000
32824  11.849  -30.320  57.756 0.0000000000
54014  44.434  -8.238  29.876 0.0000000000
52938  44.968  -9.925  32.188 0.0000000000
50935  46.446  -11.272  34.457 0.0000000000
125118  46.814  -12.938  37.317 0.0000000000
43646  33.831  -18.505  43.256 0.0000000000
117226  35.730  -17.594  46.555 0.0000000000
107818  37.596  -16.601  49.789 0.0000000000
43532  34.943  -18.855  51.492 0.0000000000
45520  36.960  -16.787  52.672 0.0000000000
38731  27.653  -23.864  54.116 0.0000000000
37810  25.934  -24.634  54.808 0.0000000000
38749  25.497  -24.019  53.286 0.0000000000
109913  23.031  -23.770  51.900 0.0000000000
38786  21.313  -23.362  51.421 0.0000000000
116540  20.915  -22.968  47.539 0.0000000000
38807  20.134  -23.381  49.261 0.0000000000
37848  19.235  -24.206  51.055 0.0000000000
36854  17.113  -25.321  50.849 0.0000000000
36836  15.563  -25.782  51.242 0.0000000000
35796  13.402  -26.672  52.172 0.0000000000
43619  28.920  -18.443  45.344 0.0000000000
111945  27.531  -18.437  45.117 0.0000000000
43591  28.985  -18.774  47.418 0.0000000000
41673  28.088  -19.869  49.944 0.0000000000
40715  28.452  -21.505  51.456 0.0000000000
69339  59.821  7.048  25.265 0.0000000000
66524  57.119  4.122  27.449 0.0000000000
59968  46.734  -2.265  26.777 0.0000000000
59930  50.050  -1.933  28.988 0.0000000000
60902  53.682  -1.421  31.254 0.0000000000
56989  51.457  -5.282  32.693 0.0000000000
58956  53.816  -3.253  33.907 0.0000000000
50922  41.111  -12.132  35.040 0.0000000000
49843  44.494  -12.611  37.742 0.0000000000
49798  47.247  -12.089  40.392 0.0000000000
118324  37.747  -14.911  41.873 0.0000000000
49781  40.081  -13.005  41.973 0.0000000000
50751  41.167  -12.002  47.669 0.0000000000
49737  42.315  -12.639  45.209 0.0000000000
50807  42.613  -11.276  42.442 0.0000000000
108694  44.442  -10.632  42.207 0.0000000000
52854  47.481  -9.962  41.941 0.0000000000
116552  54.166  5.073  15.414 0.0000000000
109192  56.248  4.286  16.963 0.0000000000
67535  58.816  5.707  19.196 0.0000000000
40644  28.951  -22.413  57.426 0.0000000000
33772  14.268  -27.686  54.013 0.0000000000
34744  15.304  -27.823  55.723 0.0000000000
111384  14.719  -28.742  55.801 0.0000000000
49838  49.528  -12.870  37.464 0.0000000000
49855  50.774  -12.449  36.942 0.0000000000
35737  9.245  -26.787  58.550 0.0000000000
43603  30.615  -19.285  46.614 0.0000000000
43602  31.800  -18.950  46.548 0.0000000000
123719  31.280  -19.215  47.685 0.0000000000
39778  25.124  -22.415  47.531 0.0000000000
39759  24.428  -22.674  48.197 0.0000000000
39779  24.166  -22.709  47.320 0.0000000000
41712  25.866  -21.003  44.850 0.0000000000
40773  25.292  -21.822  45.644 0.0000000000
40760  25.854  -21.966  47.025 0.0000000000
38754  21.157  -24.235  53.190 0.0000000000
37812  20.767  -24.652  54.623 0.0000000000
64619  55.120  2.383  22.042 0.0000000000
66568  55.699  4.429  23.421 0.0000000000
65574  54.453  3.635  23.674 0.0000000000
63641  54.705  1.140  31.104 0.0000000000
64541  56.043  2.209  31.400 0.0000000000
57036  45.531  -6.034  28.642 0.0000000000
57026  47.475  -5.460  29.475 0.0000000000
55969  47.586  -6.363  30.167 0.0000000000
50852  37.633  -11.403  38.924 0.0000000000
51886  38.805  -11.236  38.890 0.0000000000
51897  40.082  -11.296  38.907 0.0000000000
51870  40.235  -10.615  40.342 0.0000000000
47597  38.551  -15.430  48.950 0.0000000000
47624  38.175  -14.965  47.221 0.0000000000
47588  39.028  -14.659  49.069 0.0000000000
64640  52.786  1.938  20.454 0.0000000000
64650  53.258  2.424  19.731 0.0000000000
64639  53.757  2.224  20.458 0.0000000000
64629  55.097  2.543  21.007 0.0000000000
67622  56.349  5.553  12.408 0.0000000000
67610  55.769  5.405  13.206 0.0000000000
114150  57.038  5.541  13.744 0.0000000000
110046  55.368  5.230  14.012 0.0000000000
42571  29.809  -19.643  51.356 0.0000000000
43536  30.705  -19.473  51.144 0.0000000000
43507  30.726  -19.249  52.794 0.0000000000
36822  17.735  -25.483  52.771 0.0000000000
36805  18.171  -25.669  53.804 0.0000000000
36791  17.790  -25.944  54.526 0.0000000000
35735  17.677  -26.607  58.627 0.0000000000
35751  18.723  -25.661  57.328 0.0000000000
63734  50.503  0.876  22.162 0.0000000000
114836  51.723  1.208  23.004 0.0000000000
62807  50.283  0.404  22.689 0.0000000000
60988  49.595  -1.972  24.826 0.0000000000
109474  51.853  -1.637  25.224 0.0000000000
60972  51.307  -1.639  26.208 0.0000000000
61871  52.688  -0.379  27.973 0.0000000000
60943  51.088  -1.333  27.350 0.0000000000
52922  47.858  -9.727  33.560 0.0000000000
53956  49.090  -8.393  33.807 0.0000000000
52909  49.247  -9.381  34.843 0.0000000000
63757  50.519  1.420  20.784 0.0000000000
118255  11.681  -29.757  56.587 0.0000000000
33758  11.021  -29.101  56.705 0.0000000000
54016  42.731  -8.749  29.264 0.0000000000
52962  44.300  -9.045  30.950 0.0000000000
52963  43.408  -9.109  30.634 0.0000000000
51974  43.767  -11.043  33.244 0.0000000000
51973  44.815  -10.855  33.332 0.0000000000
50937  44.965  -11.909  34.517 0.0000000000
49873  46.949  -12.513  35.814 0.0000000000
49875  45.044  -12.768  36.057 0.0000000000
107667  32.292  -18.413  42.797 0.0000000000
121723  34.601  -18.692  47.277 0.0000000000
44633  34.905  -18.431  45.743 0.0000000000
44602  35.997  -18.116  47.963 0.0000000000
44612  36.474  -17.486  47.615 0.0000000000
109561  36.702  -17.979  49.120 0.0000000000
43519  32.506  -19.217  52.239 0.0000000000
43533  33.319  -19.050  51.823 0.0000000000
43504  33.942  -18.446  53.816 0.0000000000
45516  36.157  -16.605  54.234 0.0000000000
46499  37.183  -15.633  52.719 0.0000000000
117225  27.748  -23.224  52.185 0.0000000000
38748  26.256  -23.964  53.168 0.0000000000
120001  26.188  -23.949  52.080 0.0000000000
39742  23.243  -23.199  49.449 0.0000000000
38784  23.741  -23.647  51.079 0.0000000000
38785  22.789  -23.437  51.002 0.0000000000
38768  22.058  -23.462  51.890 0.0000000000
38805  21.738  -23.401  49.943 0.0000000000
39782  21.507  -22.813  47.115 0.0000000000
38822  18.434  -23.424  48.413 0.0000000000
38821  19.353  -23.345  48.676 0.0000000000
38808  18.681  -23.728  49.250 0.0000000000
125340  19.531  -23.670  49.659 0.0000000000
38789  18.955  -23.940  50.186 0.0000000000
37849  18.471  -24.469  50.628 0.0000000000
108652  17.672  -24.845  50.275 0.0000000000
35795  14.391  -26.466  52.388 0.0000000000
114395  29.104  -18.371  43.370 0.0000000000
43651  27.823  -18.508  43.692 0.0000000000
42624  26.666  -19.187  45.556 0.0000000000
43607  27.310  -18.838  46.046 0.0000000000
43606  27.891  -18.418  46.455 0.0000000000
43592  28.066  -18.444  47.167 0.0000000000
42600  28.452  -19.136  48.748 0.0000000000
42601  27.762  -19.499  48.326 0.0000000000
39738  27.021  -22.356  49.735 0.0000000000
40728  27.867  -21.501  50.418 0.0000000000
39714  27.718  -22.785  51.303 0.0000000000
39699  28.395  -23.024  52.705 0.0000000000
121599  24.912  -23.968  54.746 0.0000000000
30951  13.988  -31.577  58.467 0.0000000000
32815  14.999  -30.058  58.079 0.0000000000
69369  58.790  8.067  22.629 0.0000000000
69341  58.039  6.949  25.313 0.0000000000
70206  58.876  7.639  24.750 0.0000000000
70170  59.328  7.209  26.240 0.0000000000
69303  59.345  6.004  27.736 0.0000000000
63703  54.197  1.648  25.292 0.0000000000
64587  55.355  2.845  25.766 0.0000000000
65537  56.283  2.994  26.939 0.0000000000
66478  58.026  4.420  30.128 0.0000000000
58991  49.590  -3.328  29.703 0.0000000000
59932  48.662  -2.425  28.709 0.0000000000
59921  51.043  -2.845  29.702 0.0000000000
60912  51.749  -1.635  29.800 0.0000000000
59911  52.659  -2.590  30.904 0.0000000000
55906  50.801  -6.875  33.434 0.0000000000
55927  50.343  -6.334  32.682 0.0000000000
56948  52.215  -5.852  34.200 0.0000000000
110442  39.809  -11.968  34.978 0.0000000000
50865  42.375  -11.863  38.837 0.0000000000
50880  42.956  -12.317  38.295 0.0000000000
50863  44.135  -11.736  38.900 0.0000000000
49828  45.614  -12.446  38.601 0.0000000000
50846  46.064  -11.807  40.121 0.0000000000
128041  35.055  -17.314  42.117 0.0000000000
45607  35.702  -16.967  42.050 0.0000000000
47644  38.394  -14.334  44.531 0.0000000000
109847  37.862  -14.587  43.237 0.0000000000
48750  38.820  -13.803  43.160 0.0000000000
48766  38.687  -13.892  42.204 0.0000000000
48749  39.745  -13.760  43.407 0.0000000000
50718  41.112  -12.027  49.043 0.0000000000
50778  43.528  -11.376  44.813 0.0000000000
49765  42.764  -12.557  43.723 0.0000000000
51825  43.902  -11.024  43.344 0.0000000000
51832  43.788  -10.906  42.467 0.0000000000
52819  45.020  -9.946  43.767 0.0000000000
66600  52.917  3.922  17.837 0.0000000000
109626  53.682  4.725  16.830 0.0000000000
66635  55.602  4.547  16.398 0.0000000000
66618  55.410  4.289  17.288 0.0000000000
66582  57.642  4.472  20.349 0.0000000000
66589  57.819  4.292  19.510 0.0000000000
67530  58.546  5.981  20.126 0.0000000000
68467  59.203  6.640  19.595 0.0000000000
67631  60.033  6.028  11.640 0.0000000000
121817  59.768  6.331  15.579 0.0000000000
117229  60.198  6.828  15.929 0.0000000000
67554  59.661  6.432  17.084 0.0000000000
41636  29.375  -20.910  53.423 0.0000000000
42544  30.195  -19.635  54.472 0.0000000000
41613  29.400  -20.493  55.576 0.0000000000
35784  15.725  -26.618  53.498 0.0000000000
35774  17.133  -26.466  55.064 0.0000000000
34743  15.770  -26.741  55.562 0.0000000000
34737  15.948  -27.143  56.523 0.0000000000
34730  16.242  -27.571  58.051 0.0000000000
61004  48.514  -1.738  23.616 0.0000000000
60975  48.826  -2.342  25.504 0.0000000000
51939  48.589  -10.852  35.149 0.0000000000
51938  49.448  -10.648  35.293 0.0000000000
50897  50.540  -11.900  36.353 0.0000000000
50895  52.270  -11.553  36.696 0.0000000000
34732  10.088  -27.639  57.646 0.0000000000
35744  9.854  -27.245  58.268 0.0000000000
34714  9.751  -28.033  59.612 0.0000000000
52965  41.960  -9.752  30.227 0.0000000000
110852  41.993  -11.906  33.409 0.0000000000
43634  32.270  -18.944  44.187 0.0000000000
43616  32.289  -19.080  45.306 0.0000000000
43601  32.738  -18.933  46.944 0.0000000000
43558  34.472  -18.920  48.989 0.0000000000
39739  26.396  -22.680  49.394 0.0000000000
38782  25.995  -23.449  50.470 0.0000000000
39740  24.967  -23.128  49.660 0.0000000000
125040  23.856  -22.998  48.818 0.0000000000
123044  23.005  -23.215  48.638 0.0000000000
38810  16.634  -24.191  48.595 0.0000000000
38824  15.887  -23.650  48.016 0.0000000000
42615  26.490  -20.199  45.689 0.0000000000
41702  26.547  -20.326  46.579 0.0000000000
41681  27.375  -20.233  48.633 0.0000000000
40759  26.448  -21.421  47.516 0.0000000000
40737  27.037  -22.077  48.978 0.0000000000
124919  22.875  -24.355  54.218 0.0000000000
66575  56.758  4.620  22.051 0.0000000000
68446  57.821  6.547  22.644 0.0000000000
67517  56.763  5.714  23.292 0.0000000000
68435  56.769  6.176  24.444 0.0000000000
68414  56.782  5.507  25.770 0.0000000000
63667  55.902  0.923  28.324 0.0000000000
64564  56.883  2.594  28.601 0.0000000000
64558  56.573  2.202  30.066 0.0000000000
124252  57.281  2.999  30.709 0.0000000000
59018  45.628  -2.890  27.746 0.0000000000
117501  46.468  -3.959  28.460 0.0000000000
58078  47.740  -4.507  29.051 0.0000000000
58068  49.761  -4.305  30.217 0.0000000000
56931  53.353  -5.899  35.488 0.0000000000
51924  38.839  -11.176  37.068 0.0000000000
50903  40.136  -12.002  36.635 0.0000000000
51909  39.681  -11.784  38.167 0.0000000000
51895  41.873  -11.212  39.231 0.0000000000
51881  43.092  -10.703  39.902 0.0000000000
45566  36.262  -16.324  45.628 0.0000000000
117301  36.650  -15.789  43.961 0.0000000000
46560  37.212  -15.363  45.347 0.0000000000
47634  38.543  -14.375  45.528 0.0000000000
48723  39.380  -13.789  45.751 0.0000000000
65612  49.990  3.010  18.814 0.0000000000
65625  50.492  3.536  18.242 0.0000000000
65610  51.866  2.999  18.983 0.0000000000
65623  52.361  3.471  18.372 0.0000000000
122050  53.928  3.581  18.704 0.0000000000
65620  55.329  3.599  18.822 0.0000000000
65606  55.495  3.274  19.671 0.0000000000
65598  56.234  3.615  21.050 0.0000000000
108921  56.711  5.747  11.592 0.0000000000
67621  58.060  5.644  12.220 0.0000000000
67607  59.502  5.636  13.183 0.0000000000
125169  60.340  6.087  13.534 0.0000000000
113427  58.674  5.451  13.721 0.0000000000
67595  57.847  5.361  14.275 0.0000000000
67582  58.091  5.176  15.655 0.0000000000
43577  30.539  -18.901  48.467 0.0000000000
43561  31.021  -19.094  49.195 0.0000000000
43547  31.108  -19.161  49.927 0.0000000000
43520  31.250  -19.072  52.633 0.0000000000
119013  31.894  -18.640  53.810 0.0000000000
127101  19.086  -24.682  52.585 0.0000000000
37813  19.815  -24.975  54.464 0.0000000000
37824  19.083  -24.909  53.541 0.0000000000
36789  19.211  -25.484  55.829 0.0000000000
35763  17.401  -25.995  56.111 0.0000000000
35761  18.739  -25.540  57.116 0.0000000000
64633  52.057  1.643  21.851 0.0000000000
64610  53.105  2.600  23.128 0.0000000000
63720  52.215  1.915  23.366 0.0000000000
63711  52.403  1.699  24.136 0.0000000000
62780  54.283  0.650  25.469 0.0000000000
61909  50.528  -0.587  23.707 0.0000000000
62782  53.027  -0.268  25.481 0.0000000000
61892  54.555  0.011  26.675 0.0000000000
62749  54.317  0.284  28.066 0.0000000000
62738  53.533  0.483  29.481 0.0000000000
62726  53.667  0.403  30.542 0.0000000000
126376  46.842  -7.932  31.281 0.0000000000
55951  47.853  -6.759  30.993 0.0000000000
54964  48.503  -7.676  32.415 0.0000000000
54942  49.854  -8.052  34.060 0.0000000000
54935  51.151  -8.256  35.173 0.0000000000
52900  50.298  -9.229  35.725 0.0000000000
53939  51.420  -8.384  36.017 0.0000000000
54927  51.863  -7.823  36.367 0.0000000000
49799  38.661  -12.138  40.101 0.0000000000
49672  39.854  -12.882  50.735 0.0000000000
65613  49.081  3.201  18.863 0.0000000000
64642  49.975  2.031  20.051 0.0000000000
63756  51.347  1.569  20.623 0.0000000000
70283  54.161  8.542  12.510 0.0000000000
70284  53.385  8.354  13.243 0.0000000000
33775  12.081  -28.639  54.193 0.0000000000
32838  13.856  -29.185  55.533 0.0000000000
32831  12.469  -29.944  55.991 0.0000000000
31879  12.690  -30.779  57.335 0.0000000000
30952  12.821  -31.513  58.597 0.0000000000
32817  11.111  -29.721  58.257 0.0000000000
55994  44.948  -6.647  28.491 0.0000000000
55014  43.733  -7.659  28.220 0.0000000000
55001  45.374  -7.398  29.613 0.0000000000
54000  45.471  -8.259  30.785 0.0000000000
53974  46.141  -9.030  31.982 0.0000000000
52923  47.230  -10.220  33.054 0.0000000000
52001  44.200  -10.043  32.007 0.0000000000
51972  45.672  -10.677  33.471 0.0000000000
120711  46.792  -10.716  34.266 0.0000000000
50919  47.376  -11.823  35.246 0.0000000000
49858  48.255  -12.685  36.625 0.0000000000
49825  48.968  -12.995  38.342 0.0000000000
44650  34.647  -18.145  43.222 0.0000000000
128886  33.769  -18.806  44.554 0.0000000000
44640  34.990  -18.205  44.705 0.0000000000
44639  35.452  -17.532  44.303 0.0000000000
45549  36.924  -16.790  47.237 0.0000000000
46525  37.423  -16.341  48.523 0.0000000000
46516  38.625  -15.521  50.026 0.0000000000
43560  32.591  -18.980  49.703 0.0000000000
43559  33.868  -19.121  49.863 0.0000000000
43545  35.473  -18.959  50.695 0.0000000000
125680  35.297  -18.177  53.251 0.0000000000
44568  36.054  -18.240  52.166 0.0000000000
43530  36.381  -18.591  50.592 0.0000000000
111870  37.593  -16.831  51.271 0.0000000000
47580  38.065  -15.481  51.436 0.0000000000
48657  37.758  -13.702  51.977 0.0000000000
38717  27.257  -23.900  55.627 0.0000000000
38723  26.701  -24.014  55.052 0.0000000000
38733  25.740  -24.180  54.273 0.0000000000
38750  24.570  -23.958  53.485 0.0000000000
38783  24.712  -23.574  51.203 0.0000000000
38767  24.033  -23.921  52.238 0.0000000000
128698  23.233  -24.246  52.828 0.0000000000
38752  22.517  -24.254  52.980 0.0000000000
38769  21.437  -23.677  52.124 0.0000000000
38770  20.855  -23.629  51.927 0.0000000000
39799  22.757  -22.639  46.436 0.0000000000
124306  21.728  -23.075  47.921 0.0000000000
39744  21.493  -23.163  48.970 0.0000000000
39763  19.643  -22.969  47.957 0.0000000000
39762  20.364  -23.111  48.094 0.0000000000
38806  20.861  -23.390  49.825 0.0000000000
125730  20.215  -23.613  50.060 0.0000000000
38787  20.628  -23.460  50.962 0.0000000000
37834  20.053  -24.035  51.669 0.0000000000
37835  18.654  -24.528  51.418 0.0000000000
36834  17.355  -25.167  51.887 0.0000000000
117879  16.803  -25.642  52.390 0.0000000000
111871  16.808  -25.245  49.943 0.0000000000
36835  16.473  -25.525  51.596 0.0000000000
116650  15.913  -25.893  52.091 0.0000000000
35794  15.378  -26.418  52.634 0.0000000000
35786  13.912  -26.956  52.910 0.0000000000
34759  13.513  -27.693  53.452 0.0000000000
34760  12.617  -27.741  53.263 0.0000000000
129044  11.196  -27.563  53.926 0.0000000000
109931  29.801  -18.834  44.067 0.0000000000
115219  29.556  -18.856  45.069 0.0000000000
115214  29.513  -18.898  45.930 0.0000000000
43636  28.146  -18.486  44.609 0.0000000000
119573  28.955  -18.676  46.117 0.0000000000
43590  29.904  -18.768  47.866 0.0000000000
43579  29.100  -18.642  48.355 0.0000000000
42589  29.195  -18.994  49.920 0.0000000000
42572  29.097  -19.857  51.027 0.0000000000
41674  27.626  -20.448  49.446 0.0000000000
41663  28.459  -20.198  50.639 0.0000000000
41649  29.149  -20.770  52.474 0.0000000000
39683  28.647  -22.344  53.277 0.0000000000
39671  28.228  -23.300  54.532 0.0000000000
32822  14.780  -29.631  57.177 0.0000000000
32821  15.411  -29.056  58.410 0.0000000000
69363  58.709  7.860  23.489 0.0000000000
123771  54.367  3.419  24.793 0.0000000000
66544  56.156  5.015  26.017 0.0000000000
67471  57.701  5.414  27.420 0.0000000000
66509  57.483  4.054  28.472 0.0000000000
67439  58.240  4.765  28.789 0.0000000000
68384  59.370  6.254  28.451 0.0000000000
60976  46.843  -1.978  25.120 0.0000000000
60962  48.829  -2.288  26.419 0.0000000000
59946  47.032  -2.883  27.930 0.0000000000
59945  48.321  -2.271  27.934 0.0000000000
60945  49.625  -1.465  27.672 0.0000000000
61849  50.994  -0.955  29.000 0.0000000000
61835  52.773  -0.884  30.452 0.0000000000
62708  54.248  -0.001  31.638 0.0000000000
55949  49.443  -6.413  31.494 0.0000000000
57005  50.450  -5.452  31.641 0.0000000000
58059  51.542  -4.475  31.514 0.0000000000
119939  53.349  -4.775  34.471 0.0000000000
58034  52.494  -4.100  33.344 0.0000000000
58969  52.601  -3.586  32.525 0.0000000000
124509  53.841  -2.230  32.823 0.0000000000
61810  55.126  -0.881  33.613 0.0000000000
50952  41.212  -11.935  33.189 0.0000000000
49886  42.570  -12.463  34.610 0.0000000000
50902  41.127  -12.469  36.135 0.0000000000
49863  42.680  -12.703  36.323 0.0000000000
49876  44.121  -12.787  35.977 0.0000000000
115530  45.952  -13.050  37.229 0.0000000000
112132  47.396  -12.786  39.216 0.0000000000
49812  48.673  -12.296  40.037 0.0000000000
46596  36.830  -15.508  42.655 0.0000000000
48782  37.696  -13.616  41.036 0.0000000000
48791  38.196  -12.917  40.605 0.0000000000
49790  39.585  -12.272  41.414 0.0000000000
110931  40.027  -13.146  49.064 0.0000000000
116148  40.320  -13.270  47.892 0.0000000000
49740  40.745  -13.131  46.412 0.0000000000
50765  41.747  -11.784  46.707 0.0000000000
48734  40.795  -13.109  44.770 0.0000000000
49752  41.204  -12.987  43.878 0.0000000000
49779  41.558  -12.348  42.549 0.0000000000
50816  40.553  -11.085  41.430 0.0000000000
51848  41.731  -10.544  41.216 0.0000000000
51847  42.955  -10.308  41.154 0.0000000000
51866  44.661  -10.790  40.683 0.0000000000
52817  46.345  -9.703  43.496 0.0000000000
52856  45.993  -10.155  42.033 0.0000000000
51864  46.339  -10.529  40.779 0.0000000000
51863  47.136  -10.592  40.730 0.0000000000
68525  53.273  6.408  13.833 0.0000000000
112586  53.813  5.776  14.161 0.0000000000
67584  54.888  5.032  14.876 0.0000000000
66647  56.344  4.750  15.978 0.0000000000
66633  57.917  4.598  16.940 0.0000000000
107993  56.262  4.041  17.888 0.0000000000
66616  58.081  4.235  17.792 0.0000000000
67555  59.313  5.837  17.519 0.0000000000
68474  59.884  7.418  18.140 0.0000000000
39648  28.054  -23.670  56.999 0.0000000000
39647  28.585  -22.918  57.476 0.0000000000
33766  14.709  -28.272  55.033 0.0000000000
128878  14.053  -28.675  55.188 0.0000000000
49824  49.866  -12.813  38.351 0.0000000000
49823  50.753  -12.577  38.408 0.0000000000
109060  31.159  -19.276  47.250 0.0000000000
43589  30.831  -19.142  47.804 0.0000000000
40761  24.897  -22.289  46.560 0.0000000000
40762  23.719  -22.556  46.496 0.0000000000
109263  20.244  -24.823  53.988 0.0000000000
64620  54.135  2.366  22.150 0.0000000000
65585  54.423  3.085  22.919 0.0000000000
65586  53.684  2.694  22.802 0.0000000000
63640  55.481  1.592  31.651 0.0000000000
63631  55.818  1.355  32.312 0.0000000000
55984  46.260  -6.292  29.234 0.0000000000
55983  46.957  -6.121  29.631 0.0000000000
50851  38.796  -11.181  39.224 0.0000000000
51887  38.310  -11.121  38.886 0.0000000000
51872  39.140  -10.933  39.437 0.0000000000
51871  39.592  -10.702  39.864 0.0000000000
128428  38.813  -14.900  49.677 0.0000000000
48673  39.186  -14.323  50.001 0.0000000000
64631  53.431  2.180  21.388 0.0000000000
64630  54.359  2.285  21.264 0.0000000000
68540  54.485  6.260  12.752 0.0000000000
67611  54.962  5.637  13.378 0.0000000000
42563  30.098  -19.569  52.384 0.0000000000
36806  17.240  -25.916  53.350 0.0000000000
62821  49.363  0.417  21.460 0.0000000000
63735  49.903  0.610  22.172 0.0000000000
118204  49.882  0.152  22.621 0.0000000000
60974  49.617  -1.792  25.927 0.0000000000
60973  50.318  -1.547  26.034 0.0000000000
60960  50.266  -1.478  26.868 0.0000000000
52921  48.386  -9.522  33.978 0.0000000000
52910  48.616  -9.729  34.565 0.0000000000
34738  10.551  -28.434  56.197 0.0000000000
54025  42.577  -8.603  28.256 0.0000000000
52977  42.834  -8.912  30.072 0.0000000000
50938  43.403  -12.009  34.024 0.0000000000
50950  44.419  -11.580  33.920 0.0000000000
50921  45.475  -12.269  35.119 0.0000000000
123784  44.611  -12.389  35.268 0.0000000000
43572  35.339  -18.566  48.415 0.0000000000
44614  35.164  -18.190  47.646 0.0000000000
43571  36.210  -18.502  48.742 0.0000000000
44533  32.895  -18.622  54.005 0.0000000000
43518  33.385  -18.703  52.888 0.0000000000
38764  27.031  -23.421  51.674 0.0000000000
38781  26.421  -23.469  51.075 0.0000000000
38803  23.466  -23.319  50.240 0.0000000000
38804  22.581  -23.388  50.111 0.0000000000
123398  21.912  -23.353  50.872 0.0000000000
37863  18.162  -24.287  49.723 0.0000000000
42614  26.905  -19.495  46.336 0.0000000000
42613  27.461  -18.884  46.804 0.0000000000
42609  27.610  -19.209  47.548 0.0000000000
39726  27.455  -22.332  50.453 0.0000000000
30946  13.424  -31.973  59.103 0.0000000000
30945  14.616  -32.007  59.126 0.0000000000
68452  58.599  6.855  21.272 0.0000000000
69377  59.057  7.580  21.805 0.0000000000
69378  58.431  7.056  22.192 0.0000000000
68412  58.179  6.565  26.170 0.0000000000
69331  59.003  7.349  26.108 0.0000000000
69319  58.996  7.080  27.022 0.0000000000
69317  59.166  6.784  26.870 0.0000000000
68398  59.171  6.394  27.759 0.0000000000
63696  54.900  1.429  25.762 0.0000000000
64588  55.320  2.068  25.956 0.0000000000
63683  56.003  1.483  27.512 0.0000000000
58990  50.594  -3.721  29.982 0.0000000000
58989  51.460  -3.369  30.360 0.0000000000
59920  51.745  -2.426  30.214 0.0000000000
59912  51.910  -3.034  30.943 0.0000000000
55889  51.458  -7.128  34.062 0.0000000000
55905  51.657  -6.431  33.682 0.0000000000
55888  52.039  -6.856  34.464 0.0000000000
109094  39.021  -11.619  35.183 0.0000000000
50849  43.631  -11.192  39.391 0.0000000000
50864  43.251  -11.901  38.973 0.0000000000
50848  44.586  -11.115  39.412 0.0000000000
50862  45.117  -11.626  38.891 0.0000000000
50847  45.371  -11.338  39.675 0.0000000000
45608  35.236  -17.408  42.580 0.0000000000
45591  35.711  -16.802  43.040 0.0000000000
48736  39.034  -13.838  44.950 0.0000000000
47655  38.269  -14.185  43.666 0.0000000000
112857  39.067  -14.073  44.027 0.0000000000
52800  44.139  -9.778  45.742 0.0000000000
50800  43.768  -11.608  43.976 0.0000000000
51819  43.991  -10.758  44.327 0.0000000000
52808  44.544  -10.305  43.975 0.0000000000
128343  44.919  -9.621  44.633 0.0000000000
66620  53.348  4.400  17.388 0.0000000000
66621  52.673  4.353  17.316 0.0000000000
66636  54.595  4.601  16.795 0.0000000000
129507  54.723  4.368  17.552 0.0000000000
67531  57.891  5.335  20.631 0.0000000000
68460  58.187  6.149  20.903 0.0000000000
68459  58.867  6.677  20.387 0.0000000000
67619  60.277  5.954  12.549 0.0000000000
67630  60.867  6.383  11.790 0.0000000000
68538  61.052  6.162  12.655 0.0000000000
67581  59.158  5.614  15.673 0.0000000000
67569  59.534  6.176  16.312 0.0000000000
68496  60.042  7.056  16.617 0.0000000000
41624  29.365  -20.930  54.373 0.0000000000
41614  29.076  -20.915  55.285 0.0000000000
35775  15.938  -26.483  54.486 0.0000000000
34751  15.618  -26.769  54.726 0.0000000000
110195  15.851  -27.704  57.234 0.0000000000
61005  47.625  -1.634  23.439 0.0000000000
60989  48.668  -2.099  24.501 0.0000000000
60990  47.813  -1.998  24.242 0.0000000000
50917  49.122  -11.607  35.534 0.0000000000
50916  50.020  -11.395  35.598 0.0000000000
35754  9.592  -27.230  57.263 0.0000000000
35736  9.593  -27.304  58.840 0.0000000000
35728  9.602  -27.550  59.220 0.0000000000
109059  30.787  -18.991  43.772 0.0000000000
114687  31.430  -19.170  44.629 0.0000000000
43617  31.089  -19.205  45.691 0.0000000000
109042  31.846  -18.934  47.357 0.0000000000
43587  32.658  -18.990  47.788 0.0000000000
43574  33.550  -18.934  48.340 0.0000000000
39728  25.843  -23.236  49.801 0.0000000000
121900  25.538  -22.771  49.132 0.0000000000
122356  24.679  -22.810  48.964 0.0000000000
41703  26.137  -21.098  45.975 0.0000000000
41693  26.602  -20.475  47.381 0.0000000000
40749  26.062  -22.138  47.798 0.0000000000
39757  26.185  -22.311  48.645 0.0000000000
38736  22.084  -23.952  54.993 0.0000000000
109965  56.714  5.191  22.725 0.0000000000
66567  56.322  4.428  22.783 0.0000000000
67512  55.700  5.040  24.094 0.0000000000
67503  56.199  5.555  24.648 0.0000000000
68424  56.647  5.972  25.103 0.0000000000
67495  56.120  5.308  25.312 0.0000000000
63668  55.348  1.063  29.093 0.0000000000
129319  56.206  1.265  29.036 0.0000000000
63658  56.059  1.581  29.834 0.0000000000
64540  56.769  2.637  31.026 0.0000000000
58091  45.360  -4.337  28.000 0.0000000000
59008  45.893  -3.533  28.206 0.0000000000
58090  46.031  -4.460  28.451 0.0000000000
57025  48.385  -5.091  29.499 0.0000000000
58069  49.156  -4.792  29.758 0.0000000000
57015  49.553  -5.359  30.398 0.0000000000
51925  38.027  -11.289  36.954 0.0000000000
51910  38.942  -11.438  37.897 0.0000000000
51883  41.351  -10.803  39.717 0.0000000000
51896  41.000  -11.179  39.069 0.0000000000
51882  42.235  -10.734  39.825 0.0000000000
46561  36.771  -15.854  45.868 0.0000000000
113338  37.459  -15.580  46.066 0.0000000000
47609  38.835  -14.899  47.673 0.0000000000
47623  38.380  -14.761  46.418 0.0000000000
48712  39.021  -14.288  46.413 0.0000000000
113667  39.797  -13.973  46.668 0.0000000000
65611  50.926  2.930  18.813 0.0000000000
65609  52.757  3.054  19.125 0.0000000000
65608  53.612  3.135  19.221 0.0000000000
65622  53.230  3.521  18.531 0.0000000000
65607  54.558  3.238  19.228 0.0000000000
64638  54.884  2.879  20.105 0.0000000000
65593  55.730  3.053  21.453 0.0000000000
65599  55.631  3.114  20.550 0.0000000000
121116  56.699  4.182  21.438 0.0000000000
129859  57.124  5.527  12.035 0.0000000000
67608  58.442  5.416  12.989 0.0000000000
125066  57.840  5.405  13.528 0.0000000000
67596  56.780  5.313  14.486 0.0000000000
110304  57.435  5.246  15.062 0.0000000000
67583  56.525  5.035  15.242 0.0000000000
109506  30.441  -19.018  49.420 0.0000000000
43548  30.616  -19.325  50.241 0.0000000000
43521  30.845  -19.325  52.190 0.0000000000
43535  31.123  -19.387  51.561 0.0000000000
109835  32.027  -18.487  52.914 0.0000000000
43505  31.216  -18.653  53.433 0.0000000000
36790  18.684  -25.564  55.156 0.0000000000
36804  18.895  -25.363  54.450 0.0000000000
126672  18.831  -25.475  55.965 0.0000000000
35764  16.120  -26.156  55.463 0.0000000000
64622  52.500  2.240  22.590 0.0000000000
63732  51.991  1.671  22.620 0.0000000000
62795  51.610  0.476  23.379 0.0000000000
63721  52.003  1.204  23.788 0.0000000000
63712  52.236  1.083  24.403 0.0000000000
63704  53.621  1.308  24.884 0.0000000000
62789  52.548  0.309  24.701 0.0000000000
62796  50.140  -0.116  23.111 0.0000000000
107496  52.163  -1.631  25.895 0.0000000000
61894  52.462  -0.987  25.316 0.0000000000
61885  53.338  -0.512  26.230 0.0000000000
61893  53.905  -0.200  25.609 0.0000000000
62763  54.156  -0.171  27.282 0.0000000000
61870  53.397  -0.558  27.106 0.0000000000
61856  52.263  -0.448  28.813 0.0000000000
62751  53.156  -0.146  28.789 0.0000000000
116388  53.688  0.618  30.073 0.0000000000
62727  53.175  0.049  30.012 0.0000000000
53986  47.198  -8.142  31.804 0.0000000000
54965  47.716  -7.786  32.151 0.0000000000
53971  47.927  -8.173  32.837 0.0000000000
53947  49.526  -8.763  34.531 0.0000000000
54941  50.755  -7.661  34.280 0.0000000000
51937  50.286  -10.280  35.574 0.0000000000
52901  49.686  -9.729  35.263 0.0000000000
52896  50.745  -9.491  35.787 0.0000000000
53935  51.202  -8.863  36.000 0.0000000000
113818  51.852  -8.302  36.475 0.0000000000
54921  52.899  -7.581  36.634 0.0000000000
49818  36.965  -12.052  38.755 0.0000000000
49817  37.702  -12.169  39.258 0.0000000000
49800  38.050  -12.586  39.739 0.0000000000
64654  49.503  2.471  19.302 0.0000000000
63747  50.705  1.170  21.582 0.0000000000
63746  51.376  1.366  21.310 0.0000000000
63745  52.047  1.610  20.931 0.0000000000
69449  53.644  7.565  12.822 0.0000000000
33768  12.494  -28.906  54.962 0.0000000000
32840  12.091  -29.248  55.501 0.0000000000
32825  11.348  -29.687  57.362 0.0000000000
116903  12.138  -30.232  56.905 0.0000000000
31873  12.386  -30.892  58.168 0.0000000000
33752  10.596  -28.884  57.906 0.0000000000
33745  10.569  -29.014  58.874 0.0000000000
119589  44.760  -5.727  28.114 0.0000000000
56006  44.383  -6.561  27.908 0.0000000000
54024  43.215  -8.093  28.852 0.0000000000
55002  44.118  -7.806  29.094 0.0000000000
55012  44.903  -7.324  28.977 0.0000000000
110161  44.821  -7.778  29.509 0.0000000000
54013  45.136  -7.963  30.109 0.0000000000
52948  44.652  -9.493  31.568 0.0000000000
53989  45.061  -8.866  31.203 0.0000000000
52947  45.388  -9.245  31.826 0.0000000000
52936  46.729  -9.657  32.399 0.0000000000
52937  45.753  -9.745  32.316 0.0000000000
52016  42.131  -10.096  30.841 0.0000000000
52950  43.017  -10.023  31.135 0.0000000000
51990  43.662  -10.503  32.412 0.0000000000
51958  45.297  -11.258  33.937 0.0000000000
51957  46.068  -10.943  34.057 0.0000000000
51971  46.515  -10.554  33.745 0.0000000000
51941  47.015  -11.135  34.741 0.0000000000
112064  47.361  -12.793  36.596 0.0000000000
49839  48.621  -12.868  37.437 0.0000000000
49840  47.718  -12.880  37.393 0.0000000000
44651  34.114  -18.055  42.600 0.0000000000
43633  33.051  -18.916  44.462 0.0000000000
44623  35.505  -17.842  46.052 0.0000000000
44632  35.462  -17.626  45.290 0.0000000000
45557  35.919  -17.088  45.953 0.0000000000
45550  36.246  -17.202  46.799 0.0000000000
110185  36.819  -17.276  48.838 0.0000000000
45544  37.104  -17.057  48.157 0.0000000000
45537  37.280  -16.791  49.001 0.0000000000
46517  37.994  -16.237  49.258 0.0000000000
47589  38.264  -16.168  50.487 0.0000000000
108073  31.613  -19.031  49.856 0.0000000000
108072  31.661  -19.203  48.970 0.0000000000
123748  32.209  -19.074  50.470 0.0000000000
129549  34.053  -18.956  51.391 0.0000000000
108074  33.269  -19.265  50.772 0.0000000000
43546  34.456  -19.146  50.692 0.0000000000
44543  36.476  -17.263  53.336 0.0000000000
44556  35.949  -17.997  52.906 0.0000000000
44555  36.565  -17.711  52.437 0.0000000000
44567  36.552  -18.137  51.591 0.0000000000
45525  37.120  -17.344  51.850 0.0000000000
107700  36.978  -17.661  50.905 0.0000000000
114933  37.394  -16.506  52.072 0.0000000000
47573  37.577  -14.894  52.216 0.0000000000
47572  37.802  -14.308  51.792 0.0000000000
38722  27.582  -23.696  55.034 0.0000000000
38801  25.293  -23.412  50.398 0.0000000000
38765  25.649  -23.611  51.199 0.0000000000
122370  21.003  -23.121  48.297 0.0000000000
39784  19.310  -22.694  47.076 0.0000000000
39746  20.032  -23.188  48.569 0.0000000000
39745  20.629  -23.178  48.858 0.0000000000
38788  19.813  -23.865  50.596 0.0000000000
108983  19.188  -24.435  51.929 0.0000000000
107711  17.956  -24.853  51.227 0.0000000000
121742  16.315  -24.667  49.258 0.0000000000
36855  16.202  -25.571  50.603 0.0000000000
112555  14.952  -26.061  51.845 0.0000000000
36823  13.905  -26.137  51.514 0.0000000000
35787  12.156  -27.286  53.011 0.0000000000
34761  11.856  -28.054  53.530 0.0000000000
111857  11.352  -27.175  53.352 0.0000000000
43635  29.002  -18.104  44.398 0.0000000000
43637  27.367  -18.419  44.221 0.0000000000
43605  28.559  -18.614  46.646 0.0000000000
43604  29.594  -19.066  46.810 0.0000000000
43578  29.842  -18.744  48.807 0.0000000000
42590  28.531  -19.272  49.573 0.0000000000
43563  29.119  -18.799  49.199 0.0000000000
42580  28.707  -19.436  50.342 0.0000000000
40716  28.156  -22.040  50.976 0.0000000000
40727  28.312  -21.099  50.827 0.0000000000
41658  28.805  -20.667  51.479 0.0000000000
40702  28.726  -21.468  52.124 0.0000000000
40688  28.847  -21.494  52.950 0.0000000000
39698  28.647  -22.231  52.558 0.0000000000
39684  28.253  -23.217  53.599 0.0000000000
39664  28.186  -23.395  55.548 0.0000000000
37799  26.341  -24.783  55.158 0.0000000000
119807  20.190  -25.044  55.979 0.0000000000
37803  20.010  -25.054  55.899 0.0000000000
32823  14.159  -30.221  56.455 0.0000000000
32829  14.428  -29.566  56.151 0.0000000000
124009  15.351  -30.571  58.784 0.0000000000
32814  15.927  -29.961  58.888 0.0000000000
112780  16.362  -29.045  59.130 0.0000000000
32808  16.289  -29.767  59.829 0.0000000000
68439  57.720  6.643  23.530 0.0000000000
69370  58.319  7.238  23.121 0.0000000000
69364  58.199  7.282  23.938 0.0000000000
122972  59.446  7.343  25.532 0.0000000000
118252  53.375  2.792  23.808 0.0000000000
65566  53.865  3.319  24.244 0.0000000000
65556  53.933  3.002  24.966 0.0000000000
65546  56.547  3.720  26.757 0.0000000000
65554  55.410  3.716  25.645 0.0000000000
66536  56.696  4.589  26.566 0.0000000000
67488  56.846  5.163  26.372 0.0000000000
67472  57.160  5.027  27.058 0.0000000000
64557  56.943  2.721  29.643 0.0000000000
65518  57.255  3.491  29.124 0.0000000000
67420  58.338  4.611  29.353 0.0000000000
67438  58.966  5.256  29.015 0.0000000000
67453  58.682  5.450  28.411 0.0000000000
68373  59.688  6.187  29.247 0.0000000000
68372  59.605  5.878  29.320 0.0000000000
60965  46.381  -2.180  25.995 0.0000000000
60977  45.983  -2.124  25.130 0.0000000000
60964  47.163  -1.970  26.047 0.0000000000
60963  48.041  -2.293  26.155 0.0000000000
59967  47.470  -2.313  26.695 0.0000000000
59007  46.675  -3.390  28.288 0.0000000000
59931  49.245  -2.050  28.968 0.0000000000
59944  48.926  -1.700  28.294 0.0000000000
60946  48.812  -1.778  27.401 0.0000000000
60937  49.720  -1.672  28.464 0.0000000000
109481  50.231  -1.463  28.129 0.0000000000
60926  50.752  -1.549  29.202 0.0000000000
60903  53.081  -1.631  30.774 0.0000000000
61825  53.355  -0.884  30.787 0.0000000000
61824  53.918  -0.585  31.223 0.0000000000
112877  54.167  -1.241  31.657 0.0000000000
55929  49.052  -7.192  31.776 0.0000000000
55950  48.625  -6.653  31.176 0.0000000000
55928  49.673  -6.696  32.264 0.0000000000
56972  51.127  -5.998  33.037 0.0000000000
56990  50.764  -5.683  32.346 0.0000000000
58048  51.179  -5.094  31.940 0.0000000000
58047  51.700  -4.614  32.347 0.0000000000
58941  54.052  -3.488  34.721 0.0000000000
58942  53.151  -3.925  34.136 0.0000000000
58957  53.064  -3.435  33.405 0.0000000000
59904  53.376  -3.031  32.586 0.0000000000
128585  53.697  -2.935  33.263 0.0000000000
50941  40.146  -12.111  34.297 0.0000000000
107573  40.909  -12.193  34.109 0.0000000000
50940  41.769  -12.197  34.305 0.0000000000
49879  41.848  -12.550  35.260 0.0000000000
50883  40.277  -12.132  37.620 0.0000000000
110041  40.843  -12.406  37.081 0.0000000000
49844  43.635  -12.534  37.579 0.0000000000
49845  42.738  -12.466  37.324 0.0000000000
49862  43.469  -12.733  36.643 0.0000000000
49861  44.305  -12.778  36.874 0.0000000000
49860  45.138  -12.898  37.086 0.0000000000
49842  45.348  -12.780  37.867 0.0000000000
49814  46.741  -12.400  40.056 0.0000000000
49827  46.450  -12.618  38.975 0.0000000000
111758  48.355  -12.853  39.253 0.0000000000
49813  47.685  -12.499  40.065 0.0000000000
122430  36.545  -15.739  43.252 0.0000000000
122328  37.212  -15.264  43.451 0.0000000000
47666  38.181  -14.669  42.325 0.0000000000
47667  37.519  -15.100  42.580 0.0000000000
47679  37.318  -14.478  41.225 0.0000000000
47678  38.116  -14.357  41.680 0.0000000000
48780  39.245  -13.198  41.706 0.0000000000
48781  38.414  -13.398  41.388 0.0000000000
49791  38.785  -12.507  41.075 0.0000000000
49684  39.970  -13.133  49.851 0.0000000000
50719  40.286  -12.481  50.238 0.0000000000
127036  41.217  -11.560  48.638 0.0000000000
50735  41.041  -12.086  48.260 0.0000000000
49707  40.657  -12.658  47.750 0.0000000000
49723  40.439  -13.405  47.079 0.0000000000
49722  40.940  -12.666  47.076 0.0000000000
50764  42.451  -11.410  46.151 0.0000000000
50780  42.143  -12.383  45.920 0.0000000000
49738  41.619  -12.872  45.488 0.0000000000
49751  41.890  -12.853  44.456 0.0000000000
50802  42.353  -12.041  42.844 0.0000000000
50808  41.788  -11.389  42.199 0.0000000000
50809  41.016  -11.650  41.993 0.0000000000
50815  41.294  -10.894  41.619 0.0000000000
51834  42.040  -10.716  41.861 0.0000000000
51846  43.799  -10.697  41.698 0.0000000000
51867  43.939  -10.627  40.896 0.0000000000
110731  44.751  -10.731  41.434 0.0000000000
53891  46.114  -9.264  44.240 0.0000000000
53890  46.786  -9.251  44.160 0.0000000000
52836  46.558  -10.119  42.699 0.0000000000
52855  46.701  -10.158  41.945 0.0000000000
51844  46.128  -10.245  41.359 0.0000000000
51843  46.860  -10.246  41.370 0.0000000000
51842  47.746  -10.374  41.512 0.0000000000
69439  52.680  7.247  14.070 0.0000000000
66602  50.987  4.049  17.643 0.0000000000
67585  53.319  5.224  15.422 0.0000000000
67599  53.205  5.735  14.583 0.0000000000
108873  53.975  5.392  14.762 0.0000000000
127844  56.272  4.515  16.456 0.0000000000
66634  56.955  4.565  16.505 0.0000000000
65619  56.210  3.647  19.310 0.0000000000
111988  55.969  3.855  18.565 0.0000000000
66597  56.954  3.917  18.860 0.0000000000
66588  58.411  4.656  19.154 0.0000000000
66596  57.981  4.203  18.683 0.0000000000
66595  58.612  4.731  18.407 0.0000000000
66615  58.686  5.118  17.455 0.0000000000
67543  59.155  5.677  18.193 0.0000000000
67542  59.615  6.567  17.823 0.0000000000
68475  59.422  6.643  18.660 0.0000000000
68466  59.735  7.472  19.065 0.0000000000
67644  57.225  6.146  10.884 0.0000000000
67643  58.412  6.187  10.650 0.0000000000
67593  59.607  5.871  14.024 0.0000000000
126021  28.695  -22.476  56.798 0.0000000000
34752  15.036  -27.383  54.236 0.0000000000
111562  15.340  -27.624  54.876 0.0000000000
127149  14.631  -27.877  54.502 0.0000000000
49856  50.054  -12.615  36.762 0.0000000000
49837  50.420  -12.712  37.518 0.0000000000
43618  30.107  -19.277  45.854 0.0000000000
43588  31.744  -19.275  48.087 0.0000000000
39780  23.199  -22.891  47.186 0.0000000000
108624  25.843  -21.868  46.301 0.0000000000
37822  21.473  -24.608  55.354 0.0000000000
116091  20.827  -24.912  56.192 0.0000000000
115162  55.692  3.128  22.212 0.0000000000
65584  55.843  3.678  22.791 0.0000000000
65573  55.132  3.738  23.285 0.0000000000
66562  55.173  4.199  23.902 0.0000000000
63647  55.345  1.756  30.809 0.0000000000
64532  56.197  1.901  31.964 0.0000000000
120683  45.485  -5.168  28.293 0.0000000000
57027  46.728  -5.591  29.215 0.0000000000
57017  48.118  -5.797  29.942 0.0000000000
128367  38.244  -10.878  38.554 0.0000000000
51899  38.463  -11.005  38.313 0.0000000000
51898  39.162  -11.446  38.618 0.0000000000
51885  39.505  -10.950  39.280 0.0000000000
51884  40.357  -10.746  39.640 0.0000000000
116135  40.894  -10.605  40.223 0.0000000000
46524  37.719  -15.659  48.337 0.0000000000
46533  37.708  -15.453  47.497 0.0000000000
47610  38.140  -15.126  48.013 0.0000000000
47596  38.810  -14.975  48.387 0.0000000000
48685  39.563  -14.548  48.221 0.0000000000
63755  51.843  1.742  20.075 0.0000000000
64651  52.331  2.350  19.606 0.0000000000
124431  54.449  2.461  20.493 0.0000000000
67623  55.387  5.798  12.486 0.0000000000
67609  56.501  5.456  13.195 0.0000000000
109654  56.178  5.272  13.866 0.0000000000
43537  30.238  -19.593  50.743 0.0000000000
43506  30.801  -18.783  53.495 0.0000000000
36821  18.494  -25.379  53.271 0.0000000000
34736  16.734  -26.402  57.060 0.0000000000
35752  17.610  -26.098  56.875 0.0000000000
62806  51.163  0.642  22.730 0.0000000000
121801  50.900  0.066  23.234 0.0000000000
61903  50.150  -1.248  24.226 0.0000000000
60987  50.290  -1.545  25.164 0.0000000000
61895  50.891  -1.490  25.454 0.0000000000
61887  51.866  -1.064  26.849 0.0000000000
108295  52.468  -0.661  27.165 0.0000000000
110589  51.642  -0.533  27.897 0.0000000000
53958  47.540  -9.096  32.810 0.0000000000
53957  48.351  -8.863  33.455 0.0000000000
53948  48.864  -9.084  34.221 0.0000000000
52895  51.462  -9.534  35.970 0.0000000000
63748  49.924  1.033  21.465 0.0000000000
34745  10.895  -28.348  55.200 0.0000000000
33763  11.232  -29.022  55.700 0.0000000000
54015  43.569  -8.535  29.734 0.0000000000
54001  44.751  -8.514  30.554 0.0000000000
54002  44.078  -8.671  30.382 0.0000000000
50966  43.004  -11.022  32.594 0.0000000000
50936  45.783  -11.614  34.477 0.0000000000
50920  46.454  -11.977  35.024 0.0000000000
49874  46.061  -12.843  35.648 0.0000000000
49859  46.503  -12.952  36.502 0.0000000000
43659  33.226  -18.308  42.488 0.0000000000
43600  33.516  -18.920  46.585 0.0000000000
110693  33.890  -18.730  45.887 0.0000000000
43599  34.341  -18.738  46.597 0.0000000000
44624  35.153  -18.164  46.750 0.0000000000
44613  35.773  -17.748  47.217 0.0000000000
44601  36.553  -17.788  48.386 0.0000000000
110832  37.148  -17.277  49.456 0.0000000000
43534  32.395  -19.357  51.386 0.0000000000
108783  34.290  -18.747  52.196 0.0000000000
38747  27.666  -23.559  53.152 0.0000000000
38732  26.737  -24.020  53.847 0.0000000000
126167  26.944  -23.696  52.647 0.0000000000
39741  24.087  -23.044  49.585 0.0000000000
122528  21.243  -23.349  50.674 0.0000000000
39783  20.137  -22.912  47.240 0.0000000000
39764  18.729  -22.902  47.719 0.0000000000
36837  14.672  -25.840  50.991 0.0000000000
110555  28.699  -18.162  43.923 0.0000000000
43622  27.013  -18.560  45.341 0.0000000000
43621  27.660  -18.532  45.747 0.0000000000
42608  28.344  -18.922  47.917 0.0000000000
42591  27.890  -19.686  49.153 0.0000000000
40736  27.474  -21.482  49.717 0.0000000000
39713  28.345  -22.412  51.854 0.0000000000
31871  14.460  -30.855  58.184 0.0000000000
30950  15.125  -31.281  58.985 0.0000000000
69355  58.082  7.152  24.630 0.0000000000
69354  58.603  7.600  24.290 0.0000000000
69340  58.576  7.469  25.034 0.0000000000
70184  59.064  7.506  25.733 0.0000000000
115758  59.619  7.244  25.743 0.0000000000
69316  59.427  6.620  26.564 0.0000000000
124711  59.533  5.727  27.151 0.0000000000
64596  53.737  2.189  24.922 0.0000000000
65555  54.703  3.201  25.237 0.0000000000
65547  55.976  3.300  26.239 0.0000000000
65504  57.554  3.740  30.388 0.0000000000
66479  57.302  4.118  30.058 0.0000000000
107537  46.048  -2.357  26.758 0.0000000000
58996  48.584  -3.198  29.022 0.0000000000
110368  49.049  -2.720  29.378 0.0000000000
114113  49.744  -2.544  29.340 0.0000000000
124793  50.508  -2.302  29.357 0.0000000000
60913  51.163  -1.921  29.608 0.0000000000
60895  53.371  -2.236  31.436 0.0000000000
55907  49.909  -7.033  32.998 0.0000000000
56971  51.835  -5.525  33.416 0.0000000000
60872  54.546  -2.005  34.253 0.0000000000
50942  39.358  -11.887  34.176 0.0000000000
121460  40.494  -12.079  34.818 0.0000000000
50881  42.065  -12.195  38.059 0.0000000000
49830  43.848  -12.224  38.389 0.0000000000
49829  44.758  -12.274  38.382 0.0000000000
49815  45.906  -12.137  39.482 0.0000000000
47656  37.671  -14.559  44.051 0.0000000000
48765  39.541  -13.575  42.460 0.0000000000
48764  40.425  -13.425  42.707 0.0000000000
50704  40.667  -11.681  49.944 0.0000000000
51763  40.951  -10.954  49.918 0.0000000000
51778  41.092  -10.841  49.054 0.0000000000
51788  41.332  -10.475  48.548 0.0000000000
50779  42.792  -11.941  45.203 0.0000000000
49750  42.695  -12.536  44.582 0.0000000000
50791  43.403  -12.232  44.224 0.0000000000
50801  43.292  -11.819  43.267 0.0000000000
51826  43.332  -11.207  42.675 0.0000000000
51831  44.407  -10.337  43.062 0.0000000000
52838  44.981  -9.959  42.847 0.0000000000
127991  53.207  4.825  16.169 0.0000000000
66650  53.969  4.895  16.100 0.0000000000
66649  54.804  4.896  15.889 0.0000000000
67536  58.227  5.017  19.855 0.0000000000
67642  59.748  6.374  10.814 0.0000000000
68509  60.280  6.554  15.268 0.0000000000
68495  60.755  7.109  16.375 0.0000000000
41648  29.865  -20.208  52.944 0.0000000000
41635  29.982  -20.351  53.928 0.0000000000
41623  29.483  -20.219  54.873 0.0000000000
41602  28.892  -21.040  55.822 0.0000000000
35783  16.650  -26.324  53.955 0.0000000000
34729  17.022  -26.835  57.939 0.0000000000
34725  16.943  -27.329  59.050 0.0000000000
34719  17.297  -27.737  59.473 0.0000000000
109556  49.134  -1.197  23.106 0.0000000000
61003  49.405  -1.649  23.870 0.0000000000
51955  48.190  -10.292  34.765 0.0000000000
52902  48.947  -10.048  34.963 0.0000000000
113847  50.665  -11.132  35.889 0.0000000000
119926  51.318  -11.326  36.247 0.0000000000
34739  10.035  -27.799  56.787 0.0000000000
116164  10.222  -27.900  58.193 0.0000000000
34726  9.949  -27.744  58.938 0.0000000000
33746  10.166  -28.330  59.384 0.0000000000
33737  10.099  -28.809  60.316 0.0000000000
50967  42.244  -11.510  32.608 0.0000000000
50951  42.834  -11.608  33.283 0.0000000000
114201  32.902  -19.015  46.100 0.0000000000
43586  33.714  -18.927  47.371 0.0000000000
43573  34.463  -18.729  48.028 0.0000000000
39727  26.593  -22.984  50.246 0.0000000000
39765  17.616  -23.233  47.697 0.0000000000
37864  17.256  -24.534  49.404 0.0000000000
41692  27.125  -19.932  47.888 0.0000000000
41682  26.835  -20.763  48.119 0.0000000000
40748  26.711  -21.664  48.266 0.0000000000
67524  57.208  5.309  22.084 0.0000000000
67516  57.441  5.992  22.265 0.0000000000
125634  57.105  5.689  22.699 0.0000000000
68447  57.280  6.167  23.066 0.0000000000
68440  56.984  6.252  23.785 0.0000000000
66561  56.232  5.133  23.390 0.0000000000
67511  56.383  5.703  23.963 0.0000000000
68423  57.369  6.555  24.879 0.0000000000
68413  57.376  6.211  25.596 0.0000000000
62762  55.542  0.679  27.414 0.0000000000
63682  56.420  1.555  28.500 0.0000000000
63657  56.604  1.759  29.333 0.0000000000
64547  56.910  2.803  30.410 0.0000000000
64548  56.183  2.328  30.765 0.0000000000
65505  57.204  3.353  30.398 0.0000000000
58088  47.203  -3.974  28.525 0.0000000000
58089  46.810  -4.744  28.848 0.0000000000
58997  47.926  -3.720  28.699 0.0000000000
58077  48.700  -4.173  29.166 0.0000000000
58067  50.560  -4.540  30.471 0.0000000000
55880  52.850  -6.677  35.951 0.0000000000
56932  52.657  -6.379  35.007 0.0000000000
50905  38.767  -11.418  36.193 0.0000000000
50924  39.561  -11.732  35.842 0.0000000000
50904  39.321  -11.499  36.592 0.0000000000
50884  39.508  -11.628  37.309 0.0000000000
50867  40.657  -11.645  38.412 0.0000000000
50866  41.529  -11.633  38.577 0.0000000000
50850  42.740  -11.265  39.365 0.0000000000
51880  44.046  -10.701  40.049 0.0000000000
45579  35.860  -16.708  44.913 0.0000000000
45578  36.164  -16.251  44.255 0.0000000000
46574  36.517  -15.869  44.941 0.0000000000
46546  37.841  -15.311  46.641 0.0000000000
47635  37.935  -15.119  45.797 0.0000000000
47645  37.790  -14.800  44.941 0.0000000000
129388  39.510  -13.677  45.203 0.0000000000
65624  51.435  3.482  18.272 0.0000000000
66599  53.792  4.070  18.081 0.0000000000
125294  54.465  4.265  17.959 0.0000000000
65621  54.549  3.829  18.467 0.0000000000
65605  56.307  3.490  20.180 0.0000000000
66583  56.885  4.033  20.712 0.0000000000
66574  57.333  4.736  21.258 0.0000000000
68551  56.298  6.388  11.166 0.0000000000
67633  57.678  5.783  11.453 0.0000000000
67634  55.874  5.897  11.771 0.0000000000
67620  59.231  5.546  12.309 0.0000000000
67594  58.869  5.462  14.368 0.0000000000
119865  58.516  5.359  14.991 0.0000000000
110535  31.018  -19.345  50.669 0.0000000000
108238  31.766  -19.520  51.987 0.0000000000
42555  30.424  -19.503  53.435 0.0000000000
42554  30.532  -18.851  54.076 0.0000000000
129875  30.843  -18.613  53.882 0.0000000000
43495  30.903  -18.722  54.581 0.0000000000
43494  31.375  -18.571  54.201 0.0000000000
40774  23.197  -22.364  45.737 0.0000000000
37823  19.676  -24.512  52.921 0.0000000000
35762  18.737  -25.372  56.764 0.0000000000
127435  52.580  2.309  23.268 0.0000000000
64611  52.786  2.334  23.828 0.0000000000
63710  53.055  1.952  24.473 0.0000000000
61908  51.431  -0.339  23.819 0.0000000000
61902  50.985  -1.022  24.541 0.0000000000
61901  52.054  -0.860  24.442 0.0000000000
62781  53.392  0.448  25.091 0.0000000000
127057  54.445  0.016  26.016 0.0000000000
123033  54.994  0.577  26.385 0.0000000000
120124  54.854  0.212  27.342 0.0000000000
62748  55.222  0.443  28.191 0.0000000000
122919  54.448  0.786  28.798 0.0000000000
62764  53.559  -0.062  28.001 0.0000000000
62750  53.761  0.481  28.789 0.0000000000
63660  54.086  1.078  29.839 0.0000000000
63648  54.585  1.319  30.356 0.0000000000
62716  54.467  0.548  31.493 0.0000000000
54990  46.728  -7.445  30.791 0.0000000000
128293  47.264  -6.948  30.722 0.0000000000
54977  47.391  -7.422  31.372 0.0000000000
54976  48.136  -7.229  31.676 0.0000000000
54953  48.686  -8.105  33.116 0.0000000000
107941  48.970  -7.756  32.823 0.0000000000
54952  49.408  -7.729  33.289 0.0000000000
54951  50.114  -7.426  33.623 0.0000000000
54940  51.722  -7.687  34.701 0.0000000000
53941  49.856  -9.075  35.367 0.0000000000
53940  50.682  -8.859  35.638 0.0000000000
54934  51.666  -7.899  35.633 0.0000000000
55875  52.453  -7.458  36.416 0.0000000000
49816  38.437  -11.751  39.315 0.0000000000
48656  38.331  -13.557  51.650 0.0000000000
49685  39.483  -13.627  50.341 0.0000000000
49664  39.684  -12.559  51.583 0.0000000000
64653  50.420  2.457  19.412 0.0000000000
64641  50.889  1.930  20.066 0.0000000000
64632  52.656  2.069  21.641 0.0000000000
118700  53.662  6.748  12.972 0.0000000000
33774  12.868  -28.626  54.463 0.0000000000
33767  13.325  -28.843  55.028 0.0000000000
32839  12.980  -29.400  55.411 0.0000000000
31885  13.164  -30.467  56.547 0.0000000000
31872  13.263  -31.158  57.922 0.0000000000
34731  10.409  -28.237  57.265 0.0000000000
32816  11.687  -30.333  58.652 0.0000000000
31867  12.117  -30.987  59.054 0.0000000000
30947  12.525  -31.617  59.473 0.0000000000
55985  45.514  -6.799  29.097 0.0000000000
55013  44.389  -7.247  28.329 0.0000000000
55000  45.878  -6.886  29.776 0.0000000000
54991  45.878  -7.486  30.367 0.0000000000
54978  46.225  -8.070  31.010 0.0000000000
53987  46.529  -8.443  31.608 0.0000000000
53988  45.771  -8.617  31.453 0.0000000000
53973  46.971  -8.799  32.131 0.0000000000
52912  47.267  -10.287  34.040 0.0000000000
52964  42.566  -9.473  30.488 0.0000000000
52949  43.871  -9.682  31.307 0.0000000000
51989  44.433  -10.406  32.715 0.0000000000
51988  45.244  -10.258  32.875 0.0000000000
52924  46.294  -10.332  32.884 0.0000000000
51956  47.469  -10.533  34.481 0.0000000000
51940  47.820  -11.110  34.824 0.0000000000
50918  48.254  -11.748  35.366 0.0000000000
50899  48.741  -12.370  35.910 0.0000000000
50900  47.823  -12.317  35.944 0.0000000000
49857  49.169  -12.715  36.628 0.0000000000
44660  34.496  -17.651  42.176 0.0000000000
118088  34.774  -17.780  42.705 0.0000000000
44649  35.341  -17.578  43.342 0.0000000000
43647  32.140  -18.670  43.487 0.0000000000
114417  32.940  -18.723  43.474 0.0000000000
127451  33.632  -18.819  43.916 0.0000000000
43614  34.274  -18.642  45.039 0.0000000000
43632  34.417  -18.600  44.041 0.0000000000
110273  35.122  -18.192  43.864 0.0000000000
45556  36.537  -16.489  46.352 0.0000000000
46534  37.293  -16.110  47.788 0.0000000000
43576  31.106  -19.113  48.350 0.0000000000
123032  33.402  -18.998  49.119 0.0000000000
112405  35.023  -19.123  49.901 0.0000000000
127323  35.973  -19.197  49.978 0.0000000000
43503  34.573  -18.568  53.159 0.0000000000
43517  35.317  -18.542  52.404 0.0000000000
43531  35.832  -18.620  51.501 0.0000000000
116403  36.392  -18.670  49.578 0.0000000000
44578  36.899  -17.922  49.939 0.0000000000
45530  37.432  -17.077  50.263 0.0000000000
46504  37.670  -15.898  51.792 0.0000000000
46509  37.971  -16.374  50.812 0.0000000000
47579  38.433  -15.089  51.016 0.0000000000
48665  38.273  -14.047  51.379 0.0000000000
38710  27.428  -23.920  56.339 0.0000000000
38766  25.103  -23.720  52.226 0.0000000000
38751  23.702  -24.123  53.835 0.0000000000
39781  22.280  -22.836  47.156 0.0000000000
39761  22.676  -23.224  47.871 0.0000000000
129580  22.242  -23.167  48.550 0.0000000000
37850  15.843  -25.257  49.786 0.0000000000
35785  14.862  -26.797  53.141 0.0000000000
34758  14.513  -27.244  53.560 0.0000000000
34769  12.991  -27.314  52.693 0.0000000000
33782  12.716  -28.278  53.796 0.0000000000
34753  11.405  -28.208  54.354 0.0000000000
43649  30.008  -18.574  43.081 0.0000000000
126981  29.934  -19.225  46.347 0.0000000000
43620  28.190  -18.468  45.804 0.0000000000
126921  30.473  -18.949  47.865 0.0000000000
43562  29.741  -18.873  49.478 0.0000000000
42579  29.527  -19.426  50.551 0.0000000000
41664  27.951  -20.716  50.167 0.0000000000
119268  29.043  -21.630  53.822 0.0000000000
39670  28.610  -22.389  54.153 0.0000000000
117505  28.713  -22.560  55.087 0.0000000000
33762  14.928  -28.983  56.623 0.0000000000
33757  15.370  -28.411  57.697 0.0000000000
113078  16.138  -28.204  58.809 0.0000000000
33751  16.789  -28.244  59.717 0.0000000000
65575  53.774  3.069  23.418 0.0000000000
65565  54.766  3.762  24.326 0.0000000000
66552  55.331  4.452  24.583 0.0000000000
65564  55.097  3.811  24.978 0.0000000000
66545  55.633  4.586  25.406 0.0000000000
67487  57.408  5.702  26.512 0.0000000000
108103  58.260  6.068  27.030 0.0000000000
64576  56.332  2.400  27.621 0.0000000000
65536  56.691  3.218  27.586 0.0000000000
66495  57.657  4.308  29.542 0.0000000000
66508  57.756  4.361  28.693 0.0000000000
66523  57.540  4.728  27.848 0.0000000000
67454  57.995  5.091  28.142 0.0000000000
67470  58.517  5.775  27.812 0.0000000000
68399  58.964  6.487  27.537 0.0000000000
68383  59.478  6.189  28.561 0.0000000000
127412  47.315  -2.010  24.681 0.0000000000
115446  47.792  -2.158  25.195 0.0000000000
59956  46.274  -2.523  27.525 0.0000000000
59955  47.231  -2.495  27.379 0.0000000000
59005  47.988  -2.995  28.297 0.0000000000
110465  47.750  -2.628  27.768 0.0000000000
59954  48.117  -2.462  27.068 0.0000000000
60961  49.427  -1.559  26.827 0.0000000000
60944  50.398  -1.379  27.672 0.0000000000
61857  51.420  -0.682  28.647 0.0000000000
61848  51.725  -0.812  29.258 0.0000000000
60925  51.357  -1.232  29.437 0.0000000000
61836  52.219  -1.053  29.796 0.0000000000
125643  52.785  -0.494  30.124 0.0000000000
61834  53.310  -0.233  30.609 0.0000000000
62717  53.843  0.226  31.123 0.0000000000
62707  54.853  0.117  32.244 0.0000000000
55968  48.287  -6.203  30.571 0.0000000000
57007  49.187  -6.123  30.675 0.0000000000
56991  50.025  -5.963  32.020 0.0000000000
57006  49.851  -5.765  31.192 0.0000000000
58061  50.203  -5.144  30.812 0.0000000000
58060  50.967  -4.925  31.075 0.0000000000
58022  52.494  -4.860  33.913 0.0000000000
58935  53.893  -4.257  34.915 0.0000000000
58035  51.902  -4.677  33.139 0.0000000000
58046  52.004  -4.094  32.769 0.0000000000
58970  51.944  -3.941  32.058 0.0000000000
58980  51.766  -3.740  31.192 0.0000000000
58979  52.262  -3.355  31.620 0.0000000000
59905  53.124  -3.035  31.772 0.0000000000
60894  53.802  -1.845  31.956 0.0000000000
60883  54.159  -2.501  33.672 0.0000000000
60882  54.553  -1.627  33.363 0.0000000000
60893  54.320  -1.422  32.386 0.0000000000
61817  54.867  -0.823  32.724 0.0000000000
62699  55.424  -0.202  33.070 0.0000000000
62706  55.598  0.636  32.639 0.0000000000
50939  42.511  -12.004  33.931 0.0000000000
49885  43.355  -12.556  34.953 0.0000000000
50923  40.350  -12.068  35.583 0.0000000000
50901  41.856  -12.319  36.952 0.0000000000
49864  42.023  -12.627  35.996 0.0000000000
49878  42.624  -12.748  35.471 0.0000000000
49877  43.360  -12.811  35.767 0.0000000000
128149  43.930  -12.521  35.343 0.0000000000
129148  45.758  -12.987  36.487 0.0000000000
49841  46.188  -12.908  38.043 0.0000000000
113102  47.108  -12.867  38.188 0.0000000000
49826  48.039  -12.886  38.289 0.0000000000
107827  49.305  -12.752  39.257 0.0000000000
46584  36.127  -16.204  43.519 0.0000000000
46597  36.193  -16.107  42.657 0.0000000000
108975  36.611  -15.711  42.062 0.0000000000
48792  37.616  -13.349  40.216 0.0000000000
50818  39.239  -11.601  40.726 0.0000000000
48672  39.575  -13.839  49.273 0.0000000000
48684  39.958  -13.551  48.421 0.0000000000
49683  40.494  -12.601  49.461 0.0000000000
49694  40.486  -12.784  48.528 0.0000000000
48698  39.969  -13.936  47.573 0.0000000000
113191  40.209  -13.602  46.212 0.0000000000
48722  40.150  -13.519  45.455 0.0000000000
50750  41.542  -11.314  47.712 0.0000000000
51793  42.591  -10.267  47.354 0.0000000000
51803  42.303  -11.100  47.200 0.0000000000
50766  41.275  -11.999  47.097 0.0000000000
49721  41.389  -12.658  46.400 0.0000000000
49739  40.841  -13.095  45.756 0.0000000000
48748  40.557  -13.425  43.693 0.0000000000
49767  41.169  -13.113  42.963 0.0000000000
49766  41.872  -12.744  43.356 0.0000000000
49780  40.777  -12.588  42.312 0.0000000000
49789  40.279  -11.904  41.767 0.0000000000
50817  39.889  -11.331  41.159 0.0000000000
50832  39.653  -10.888  40.491 0.0000000000
50831  40.217  -10.791  40.872 0.0000000000
51849  40.905  -10.587  40.894 0.0000000000
51833  42.943  -10.763  42.004 0.0000000000
121713  42.341  -10.506  41.412 0.0000000000
51868  42.579  -10.456  40.459 0.0000000000
126497  43.301  -10.498  40.472 0.0000000000
52807  45.460  -9.431  44.423 0.0000000000
52818  45.615  -9.769  43.606 0.0000000000
53905  47.023  -9.619  43.308 0.0000000000
52837  45.812  -10.269  42.882 0.0000000000
51845  45.194  -10.084  42.068 0.0000000000
112417  45.520  -10.365  41.560 0.0000000000
51865  45.457  -10.700  40.927 0.0000000000
50829  45.798  -11.129  40.424 0.0000000000
50828  46.653  -11.393  40.450 0.0000000000
50827  47.409  -11.140  40.526 0.0000000000
51862  47.888  -10.937  40.900 0.0000000000
49797  47.973  -11.643  40.484 0.0000000000
69450  53.191  7.411  13.442 0.0000000000
67598  54.526  5.497  14.133 0.0000000000
66648  55.665  4.844  15.508 0.0000000000
66646  57.155  4.928  15.752 0.0000000000
125736  57.750  4.831  16.194 0.0000000000
66598  55.219  4.133  18.104 0.0000000000
110739  57.253  4.117  18.124 0.0000000000
66617  57.095  4.285  17.368 0.0000000000
121611  59.221  5.727  16.983 0.0000000000
32830  13.619  -29.950  55.859 0.0000000000
32832  11.648  -29.484  56.043 0.0000000000
43522  30.395  -19.419  51.763 0.0000000000
48664  38.899  -13.948  50.901 0.0000000000
51795  41.321  -11.325  48.276 0.0000000000
51811  43.900  -10.583  45.341 0.0000000000
52002  43.564  -10.185  31.721 0.0000000000
57035  46.181  -5.429  28.712 0.0000000000
58076  49.289  -3.919  29.703 0.0000000000
58995  49.024  -3.364  29.508 0.0000000000
59017  46.228  -2.921  28.039 0.0000000000
59919  52.407  -1.718  30.252 0.0000000000
60936  50.469  -1.439  28.648 0.0000000000
61818  54.465  -0.682  31.931 0.0000000000
61847  52.539  -0.534  29.578 0.0000000000
61858  50.839  -0.890  28.242 0.0000000000
61869  54.056  -0.370  26.426 0.0000000000
61886  52.623  -0.806  26.266 0.0000000000
62737  53.904  0.973  29.267 0.0000000000
63649  54.113  0.897  30.442 0.0000000000
64577  55.820  2.382  26.649 0.0000000000
64595  54.490  2.428  25.426 0.0000000000
65525  57.156  3.484  28.214 0.0000000000
66496  57.381  4.097  29.501 0.0000000000
66537  56.016  4.238  26.108 0.0000000000
68371  59.820  5.428  28.565 0.0000000000
68382  59.354  6.021  28.506 0.0000000000
68453  57.878  6.333  21.688 0.0000000000
69304  59.158  6.334  27.817 0.0000000000
69318  59.064  6.776  26.998 0.0000000000
69330  59.193  7.171  26.411 0.0000000000
70169  59.718  7.221  25.870 0.0000000000
70183  59.494  7.353  25.822 0.0000000000
70185  58.987  7.611  25.429 0.0000000000
70193  58.854  7.473  25.239 0.0000000000
70215  58.892  7.826  23.812 0.0000000000
114721  42.227  -10.368  40.990 0.0000000000
115911  16.488  -27.105  57.298 0.0000000000
117563  55.267  3.160  22.655 0.0000000000
118393  58.653  7.251  25.711 0.0000000000
119587  41.469  -12.048  33.792 0.0000000000
121656  52.798  1.203  24.613 0.0000000000
122048  38.314  -14.133  42.962 0.0000000000
122981  54.112  0.668  30.925 0.0000000000
125646  50.279  -2.962  29.590 0.0000000000
127621  53.524  -2.515  32.111 0.0000000000
127993  38.746  -14.686  46.973 0.0000000000
128133  58.792  7.024  26.340 0.0000000000
128243  54.443  1.124  29.423 0.0000000000
128619  40.489  -13.340  45.946 0.0000000000
