#!ascii label  , from subject sub1 vox2ras=TkReg
960
63307  18.199  0.858  -26.668 0.2500000000
64232  18.764  1.187  -27.468 0.2500000000
63306  18.910  0.384  -27.279 0.7500000000
66059  18.473  4.053  -27.163 0.2500000000
119224  18.180  3.267  -26.634 0.1250000000
116767  18.804  4.128  -28.178 0.3750000000
65121  18.372  2.434  -27.206 0.2500000000
64233  18.307  1.681  -26.789 0.2500000000
64246  19.207  1.729  -28.363 0.7500000000
64247  18.578  1.838  -27.605 0.3750000000
62432  19.652  -0.101  -27.946 0.8750000000
63324  19.500  0.743  -28.273 0.8750000000
63323  20.062  0.173  -28.831 0.8750000000
66066  18.653  3.194  -27.869 0.3750000000
65129  18.715  2.358  -28.016 0.3750000000
65128  19.094  2.680  -28.730 0.8750000000
64265  20.325  1.468  -29.817 1.0000000000
63338  20.449  0.608  -29.487 1.0000000000
64266  19.781  1.179  -29.152 0.8750000000
63337  21.418  0.172  -29.884 1.0000000000
108639  18.491  4.775  -27.729 0.2500000000
66065  19.116  3.594  -28.821 0.7500000000
66075  19.710  3.182  -29.428 0.8750000000
64284  20.819  1.932  -30.392 1.0000000000
128262  20.205  2.031  -30.070 1.0000000000
65140  20.261  2.710  -30.196 1.0000000000
108481  22.749  1.204  -30.749 1.0000000000
64283  21.819  1.507  -30.575 1.0000000000
63357  22.063  0.638  -30.317 1.0000000000
64264  21.180  1.063  -30.017 1.0000000000
67070  18.369  4.715  -26.775 0.1250000000
67074  18.789  4.763  -28.536 0.6250000000
67081  19.570  4.136  -29.545 1.0000000000
129289  19.143  4.290  -28.855 0.8750000000
66074  20.143  3.682  -30.161 1.0000000000
65170  22.886  2.529  -31.468 1.0000000000
129379  22.120  2.591  -31.253 1.0000000000
65157  21.034  2.683  -30.600 1.0000000000
66085  20.822  3.369  -30.673 1.0000000000
64294  23.418  1.702  -31.335 1.0000000000
65155  22.461  1.950  -31.146 1.0000000000
64281  24.573  1.505  -31.351 1.0000000000
124499  23.479  1.080  -30.794 1.0000000000
70659  17.737  8.933  -28.224 0.2500000000
68024  18.206  5.353  -27.369 0.2500000000
68030  18.298  5.472  -28.309 0.3750000000
68039  19.199  5.507  -29.503 1.0000000000
67082  18.798  5.258  -28.951 0.6250000000
67096  19.765  4.976  -30.029 1.0000000000
67094  21.032  4.681  -31.146 1.0000000000
115574  20.434  4.857  -30.676 1.0000000000
123552  23.471  3.012  -31.412 1.0000000000
66095  22.084  3.228  -31.384 1.0000000000
67104  21.749  4.522  -31.428 1.0000000000
67102  23.599  3.960  -31.447 1.0000000000
64292  24.677  2.265  -31.525 1.0000000000
67101  24.565  3.833  -31.137 1.0000000000
65168  25.151  2.837  -31.311 1.0000000000
70658  18.231  8.979  -29.056 0.5000000000
69847  17.970  8.144  -28.653 0.3750000000
68939  17.947  7.133  -28.159 0.3750000000
123556  18.274  6.998  -28.712 0.5000000000
69846  18.251  7.520  -28.988 0.5000000000
69861  18.985  7.222  -29.847 0.8750000000
68054  19.700  5.838  -30.083 1.0000000000
69875  19.485  7.560  -30.223 1.0000000000
68065  21.476  5.211  -31.183 1.0000000000
68965  20.281  6.219  -30.446 1.0000000000
124107  23.545  5.194  -31.039 1.0000000000
68064  22.314  5.108  -31.337 1.0000000000
67092  25.062  4.461  -30.674 1.0000000000
66083  25.324  3.605  -30.889 0.8750000000
71496  18.000  9.788  -28.494 0.5000000000
70677  18.742  8.929  -30.061 0.6250000000
71522  19.461  9.154  -30.344 0.6250000000
70689  19.379  8.373  -30.354 1.0000000000
69862  18.554  7.606  -29.575 0.7500000000
69873  20.933  7.247  -30.278 1.0000000000
69870  24.558  6.642  -29.595 1.0000000000
69871  23.605  6.715  -29.655 1.0000000000
121338  22.333  6.369  -30.548 1.0000000000
68963  21.455  6.429  -30.657 1.0000000000
68961  24.150  5.840  -29.772 1.0000000000
113559  23.844  5.456  -30.504 1.0000000000
68050  22.942  5.631  -31.018 1.0000000000
68960  25.197  5.789  -29.941 0.8750000000
68049  24.737  5.238  -30.472 1.0000000000
67091  25.857  4.403  -30.660 0.8750000000
71514  18.565  9.848  -29.382 0.5000000000
71513  19.019  9.834  -30.062 0.8750000000
71511  21.100  9.337  -29.841 1.0000000000
70676  20.815  8.619  -29.903 1.0000000000
69858  23.989  7.774  -29.565 1.0000000000
125385  22.964  8.543  -29.866 1.0000000000
70674  23.843  8.639  -29.401 1.0000000000
68948  25.734  6.196  -29.652 1.0000000000
125050  25.327  6.620  -29.616 1.0000000000
70673  24.759  8.494  -29.330 1.0000000000
69857  25.959  7.150  -29.484 1.0000000000
72353  19.301  10.572  -29.779 0.8750000000
71512  19.655  9.833  -30.075 1.0000000000
73234  21.806  11.176  -29.268 1.0000000000
72351  21.269  10.138  -29.787 1.0000000000
72352  20.403  9.954  -29.970 1.0000000000
116513  24.826  10.703  -28.681 1.0000000000
72348  23.801  9.769  -28.833 1.0000000000
71506  25.674  9.547  -28.653 1.0000000000
72347  24.654  9.868  -28.677 1.0000000000
115348  26.278  8.801  -29.020 1.0000000000
71507  24.962  9.195  -29.019 1.0000000000
70671  26.766  7.940  -29.249 0.8750000000
76103  19.632  15.040  -29.864 1.0000000000
76104  18.233  14.438  -30.083 0.3750000000
119343  19.443  14.168  -29.916 0.8750000000
116681  21.077  12.816  -29.429 1.0000000000
73232  24.552  11.390  -28.600 1.0000000000
120494  23.484  11.541  -28.537 1.0000000000
77923  19.239  16.895  -30.163 0.8750000000
77113  20.959  15.865  -29.245 1.0000000000
76102  20.661  15.118  -29.500 1.0000000000
115218  20.338  14.321  -29.707 1.0000000000
77112  21.614  15.005  -28.760 1.0000000000
117865  21.914  12.573  -28.501 1.0000000000
117275  24.178  12.262  -28.449 1.0000000000
75152  23.747  13.172  -28.392 1.0000000000
74148  25.223  12.083  -28.413 1.0000000000
75144  24.472  14.023  -28.324 1.0000000000
76100  23.241  14.074  -28.347 1.0000000000
77102  21.301  16.681  -29.193 1.0000000000
77101  22.051  15.753  -28.609 1.0000000000
76089  22.631  14.912  -28.324 1.0000000000
125438  20.335  23.110  -28.623 0.1250000000
83040  20.778  23.030  -27.864 0.1250000000
82294  19.782  22.213  -29.749 0.2500000000
119158  19.927  22.808  -29.523 0.1250000000
82304  19.728  22.713  -29.979 0.3750000000
83830  20.178  24.077  -29.729 0.2500000000
83064  20.426  23.332  -30.198 0.5000000000
83074  20.133  23.986  -30.430 0.2500000000
83856  20.510  24.479  -31.188 0.3750000000
83840  20.030  24.306  -30.428 0.2500000000
83841  19.563  24.835  -30.592 0.2500000000
124648  18.898  25.839  -30.836 0.2500000000
83858  19.120  24.942  -31.173 0.2500000000
124953  18.198  25.646  -31.360 0.2500000000
83867  19.712  24.824  -31.549 0.3750000000
84603  18.730  25.472  -30.930 0.2500000000
84616  19.922  25.404  -32.545 0.3750000000
128063  18.834  25.668  -32.513 0.2500000000
64223  17.871  1.392  -26.023 0.1250000000
63355  23.817  0.609  -30.657 1.0000000000
72349  23.015  10.080  -29.149 1.0000000000
63273  17.705  0.347  -25.797 0.1250000000
62417  19.066  -0.483  -27.085 0.6250000000
62416  19.812  -0.949  -27.717 0.7500000000
119647  17.320  3.378  -25.693 0.1250000000
61530  20.675  -1.274  -28.258 1.0000000000
62453  21.688  -0.542  -29.722 1.0000000000
62471  22.846  -0.489  -30.245 1.0000000000
62469  24.246  0.132  -30.598 1.0000000000
69816  17.649  7.434  -27.521 0.2500000000
111702  25.487  3.096  -30.957 0.8750000000
68047  26.166  4.829  -30.166 0.8750000000
124451  26.444  4.379  -30.351 0.8750000000
68946  27.321  6.326  -29.489 0.8750000000
76091  17.722  13.965  -28.397 0.1250000000
75158  17.687  13.935  -29.539 0.1250000000
112696  18.402  10.685  -28.679 0.3750000000
110409  18.930  11.399  -29.736 0.6250000000
69856  26.774  6.975  -29.367 0.8750000000
77116  18.588  15.145  -29.932 0.5000000000
77114  19.700  16.017  -29.561 0.8750000000
75157  17.903  13.846  -30.197 0.3750000000
119071  19.140  13.227  -30.142 0.8750000000
73231  25.604  11.118  -28.499 1.0000000000
73217  26.259  11.936  -28.342 1.0000000000
74138  25.875  12.795  -28.164 1.0000000000
77922  20.205  16.825  -29.916 1.0000000000
77915  19.636  17.487  -30.203 0.8750000000
114669  22.305  18.136  -28.745 1.0000000000
77913  22.477  16.547  -28.450 1.0000000000
76088  23.863  14.863  -28.565 1.0000000000
82273  21.654  22.610  -27.549 0.1250000000
81521  20.501  21.765  -28.053 0.1250000000
80801  20.877  20.979  -30.014 0.6250000000
82293  19.767  22.043  -29.968 0.6250000000
82313  21.832  23.344  -30.579 0.5000000000
83049  20.204  23.477  -29.154 0.2500000000
83083  21.882  24.600  -31.634 0.5000000000
84580  20.787  24.652  -29.470 0.2500000000
84593  20.270  24.819  -30.104 0.2500000000
113821  20.927  25.034  -32.141 0.5000000000
85287  19.929  26.135  -30.829 0.1250000000
85297  18.004  26.459  -31.091 0.2500000000
85311  18.651  27.500  -33.124 0.2500000000
128526  20.183  25.621  -33.169 0.3750000000
85310  19.838  26.539  -33.843 0.2500000000
85288  19.217  26.746  -31.434 0.1250000000
63295  17.717  0.583  -26.105 0.1250000000
62418  18.125  -0.005  -26.625 0.5000000000
62431  20.397  -0.527  -28.509 0.7500000000
127819  19.863  0.661  -29.043 0.8750000000
62454  20.860  -0.185  -29.287 1.0000000000
65141  19.813  2.151  -29.362 1.0000000000
62472  22.232  -0.223  -30.164 1.0000000000
63356  22.983  0.364  -30.458 1.0000000000
120559  19.244  4.793  -29.220 0.8750000000
128037  20.105  4.389  -30.220 1.0000000000
65169  23.815  2.263  -31.520 1.0000000000
65156  21.504  3.013  -31.084 1.0000000000
67095  20.627  4.161  -30.748 1.0000000000
64293  24.122  1.789  -31.485 1.0000000000
64282  24.023  1.321  -31.063 1.0000000000
68933  17.834  6.038  -27.887 0.3750000000
117758  18.212  6.383  -28.569 0.5000000000
68949  19.091  6.346  -29.644 0.8750000000
68053  20.326  5.480  -30.544 1.0000000000
66093  24.174  3.035  -31.326 1.0000000000
66094  22.772  3.475  -31.487 1.0000000000
112224  22.057  3.881  -31.484 1.0000000000
67103  22.608  4.329  -31.455 1.0000000000
68063  23.205  4.875  -31.270 1.0000000000
68950  18.552  6.871  -29.217 0.6250000000
117415  18.369  8.202  -29.479 0.6250000000
119660  20.268  6.995  -30.317 1.0000000000
69874  20.129  7.847  -30.303 1.0000000000
68051  21.913  5.752  -30.956 1.0000000000
68052  21.193  5.808  -30.922 1.0000000000
68964  20.858  6.414  -30.683 1.0000000000
67093  24.134  4.768  -31.066 1.0000000000
68048  25.560  5.012  -30.385 0.8750000000
128125  26.223  3.554  -30.453 0.8750000000
70688  20.095  8.588  -30.298 1.0000000000
70687  21.357  7.918  -30.036 1.0000000000
111680  25.074  7.504  -29.477 1.0000000000
68962  23.246  6.148  -30.266 1.0000000000
114796  21.844  7.138  -30.337 1.0000000000
69859  23.108  7.605  -29.826 1.0000000000
68038  25.890  5.470  -29.813 0.8750000000
71510  22.228  9.509  -29.668 1.0000000000
118304  20.240  9.264  -30.180 1.0000000000
70675  21.775  8.639  -29.870 1.0000000000
69860  22.321  7.850  -30.075 1.0000000000
71509  23.353  9.286  -29.410 1.0000000000
127541  25.477  8.841  -29.099 1.0000000000
70672  25.728  8.170  -29.351 1.0000000000
72354  18.910  10.686  -29.448 0.6250000000
117138  20.404  10.782  -29.719 1.0000000000
117139  21.296  10.762  -29.626 1.0000000000
73235  20.815  11.364  -29.570 1.0000000000
72350  22.085  10.439  -29.465 1.0000000000
117182  21.374  11.945  -29.054 1.0000000000
118185  22.351  11.758  -28.615 1.0000000000
73233  22.815  10.941  -29.060 1.0000000000
123499  25.391  10.278  -28.507 1.0000000000
116618  23.866  10.563  -28.646 1.0000000000
121802  18.836  14.817  -30.099 0.7500000000
75156  19.962  13.657  -29.750 1.0000000000
124552  18.575  13.942  -30.145 0.7500000000
117181  20.402  12.153  -29.701 1.0000000000
74149  23.043  12.405  -28.369 1.0000000000
75155  20.804  13.606  -29.617 1.0000000000
115159  21.225  14.286  -29.283 1.0000000000
75153  22.571  13.288  -28.351 1.0000000000
75154  21.561  13.443  -28.757 1.0000000000
74139  24.839  13.012  -28.228 1.0000000000
76101  22.101  14.159  -28.469 1.0000000000
77100  23.238  15.695  -28.379 1.0000000000
115799  21.738  17.394  -29.115 1.0000000000
82274  20.962  22.263  -27.596 0.1250000000
82283  20.262  22.377  -28.566 0.1250000000
81511  20.892  21.489  -27.266 0.1250000000
83829  20.869  24.163  -28.924 0.2500000000
83055  19.998  23.288  -29.953 0.2500000000
81527  20.154  21.634  -29.014 0.3750000000
83073  21.416  24.144  -30.738 0.5000000000
85312  18.275  26.880  -32.171 0.2500000000
84627  19.649  25.884  -33.222 0.2500000000
112175  17.995  -0.393  -25.572 0.1250000000
62409  17.880  -0.228  -25.957 0.1250000000
62430  21.168  -0.892  -29.074 1.0000000000
74152  17.605  13.361  -29.776 0.5000000000
72331  18.471  11.476  -29.139 0.6250000000
73236  19.813  11.658  -29.924 0.8750000000
73237  18.983  11.848  -30.281 0.7500000000
121194  18.133  13.222  -30.245 0.7500000000
74150  18.506  12.480  -30.288 0.8750000000
118403  19.417  12.324  -30.216 1.0000000000
117156  20.110  12.954  -29.766 1.0000000000
77914  20.605  17.505  -29.898 1.0000000000
115362  23.489  18.070  -28.284 1.0000000000
77912  23.742  16.501  -28.375 1.0000000000
80786  20.222  21.023  -28.047 0.3750000000
81536  20.432  21.627  -30.082 0.7500000000
80802  20.132  21.625  -29.743 0.5000000000
127375  20.892  22.370  -30.244 0.7500000000
84634  20.155  25.505  -34.426 0.2500000000
84626  20.218  25.456  -34.111 0.3750000000
57656  20.778  -5.591  -26.272 0.7500000000
57672  22.312  -5.569  -27.072 0.7500000000
58615  20.313  -4.938  -26.036 0.7500000000
128345  20.372  -4.358  -26.388 0.7500000000
58626  22.422  -4.887  -27.632 0.7500000000
58614  21.592  -4.890  -27.130 0.7500000000
59524  20.880  -4.165  -26.959 0.7500000000
112147  23.076  -4.649  -28.071 0.7500000000
129224  22.533  -4.277  -27.921 0.7500000000
58627  21.847  -4.214  -27.444 0.7500000000
61511  20.240  -1.741  -27.322 0.7500000000
60516  21.417  -2.953  -27.667 0.7500000000
60535  21.428  -2.381  -28.276 0.8750000000
60517  20.801  -2.419  -27.497 0.8750000000
59536  23.694  -4.075  -28.207 0.7500000000
59537  22.902  -3.902  -28.368 0.7500000000
59552  22.569  -3.108  -28.697 0.7500000000
61529  21.532  -1.636  -28.839 0.8750000000
112059  23.809  -2.595  -29.083 0.7500000000
60533  22.952  -2.351  -29.214 0.7500000000
61552  21.892  -1.090  -29.503 0.8750000000
61550  23.719  -1.482  -29.921 0.7500000000
119479  23.135  -1.655  -29.713 0.8750000000
62451  23.127  -1.069  -30.193 0.8750000000
62449  24.836  -0.795  -30.127 0.8750000000
62450  24.044  -0.808  -30.414 0.8750000000
62468  24.963  0.488  -30.776 0.8750000000
63354  24.439  0.910  -30.873 0.8750000000
129013  27.462  1.204  -29.479 0.3750000000
64262  26.817  1.522  -29.671 0.6250000000
64263  26.024  1.310  -30.421 0.7500000000
64280  25.438  1.121  -31.042 0.7500000000
114409  27.653  1.732  -29.416 0.5000000000
65138  27.063  2.428  -29.599 0.5000000000
108737  27.559  3.097  -29.801 0.7500000000
65153  25.830  2.906  -30.586 0.7500000000
65136  29.287  2.919  -29.767 0.1250000000
66073  26.623  3.220  -30.034 0.6250000000
125627  26.659  3.918  -30.314 0.6250000000
65151  31.940  2.877  -30.836 0.1250000000
65135  30.198  3.289  -30.150 0.1250000000
66081  29.767  3.919  -30.416 0.1250000000
67087  30.452  4.393  -30.441 0.1250000000
67089  28.484  4.669  -30.029 0.6250000000
68035  28.518  5.520  -29.764 0.6250000000
68036  27.552  5.501  -29.698 0.7500000000
122993  31.053  4.158  -30.714 0.1250000000
123836  31.497  5.127  -31.205 0.1250000000
68958  29.669  6.126  -29.880 0.1250000000
68959  28.755  6.261  -29.656 0.5000000000
68945  28.085  6.096  -29.633 0.6250000000
69854  28.360  6.870  -29.530 0.7500000000
116372  31.740  3.436  -31.506 0.1250000000
109268  30.482  6.744  -30.055 0.5000000000
69868  29.983  7.015  -29.762 0.5000000000
115977  28.391  7.628  -29.375 0.6250000000
69855  27.566  7.334  -29.335 0.7500000000
79330  19.610  18.832  -30.033 0.5000000000
78616  19.990  18.220  -30.230 0.7500000000
127876  29.362  8.911  -29.249 0.6250000000
71505  28.025  9.576  -28.507 0.6250000000
114299  26.811  9.545  -28.616 0.8750000000
71521  30.175  9.352  -29.546 0.5000000000
71504  29.190  9.688  -28.884 0.6250000000
72344  28.565  10.384  -28.481 0.6250000000
72345  27.425  10.305  -28.392 0.7500000000
79329  20.297  18.888  -29.994 0.7500000000
72346  26.251  10.261  -28.381 0.8750000000
75143  25.586  13.680  -28.044 0.8750000000
76087  25.417  14.537  -28.033 0.8750000000
73230  26.804  11.098  -28.429 0.7500000000
74137  26.868  12.660  -28.385 0.8750000000
75142  26.555  13.472  -28.341 0.8750000000
120338  26.320  14.306  -28.269 0.8750000000
77097  26.124  15.100  -28.310 0.8750000000
120955  30.415  9.986  -29.883 0.3750000000
72343  29.825  10.279  -29.413 0.5000000000
122762  29.293  10.587  -28.828 0.5000000000
73215  28.332  11.871  -28.471 0.6250000000
72361  30.343  9.998  -30.572 0.2500000000
72362  29.902  10.703  -30.146 0.3750000000
74146  29.065  12.020  -28.757 0.5000000000
109809  19.977  19.417  -29.946 0.6250000000
80053  20.789  19.695  -29.564 0.7500000000
78615  20.967  18.171  -29.623 0.8750000000
77099  24.446  15.681  -28.359 0.8750000000
77911  24.820  16.609  -28.045 0.7500000000
114515  25.951  15.846  -28.352 0.8750000000
74136  27.864  12.578  -28.464 0.6250000000
75141  27.511  13.323  -28.560 0.7500000000
73228  29.394  11.259  -29.211 0.3750000000
129056  29.230  12.271  -29.261 0.5000000000
76099  27.544  14.707  -28.826 0.7500000000
119378  21.507  18.942  -29.156 0.8750000000
120170  22.870  18.895  -28.582 0.8750000000
80051  23.684  19.787  -28.637 0.7500000000
78613  25.176  17.377  -28.140 0.8750000000
77909  26.540  16.421  -28.597 0.7500000000
76086  27.965  13.888  -28.885 0.5000000000
127309  28.719  12.669  -30.916 0.2500000000
74160  28.688  13.270  -30.439 0.5000000000
75150  28.979  13.032  -29.494 0.5000000000
72373  29.505  11.235  -31.021 0.2500000000
111939  20.402  19.982  -29.563 0.5000000000
80793  20.835  20.313  -29.776 0.5000000000
80800  21.956  21.099  -29.809 0.6250000000
80799  22.844  20.870  -29.383 0.7500000000
80060  23.778  20.425  -29.166 0.7500000000
121044  23.560  20.815  -29.692 0.7500000000
80798  24.489  20.504  -29.822 0.7500000000
80797  25.359  20.005  -29.667 0.7500000000
80059  24.747  20.112  -29.003 0.7500000000
80810  23.840  21.098  -30.323 0.7500000000
79327  25.104  18.646  -28.584 0.7500000000
78622  26.254  17.710  -29.335 0.7500000000
80057  25.717  19.195  -29.788 0.7500000000
77931  27.454  16.339  -30.089 0.5000000000
78626  27.172  17.190  -30.609 0.3750000000
78621  27.001  17.110  -29.651 0.6250000000
75175  28.343  13.302  -31.398 0.2500000000
76108  28.046  15.011  -30.637 0.3750000000
77126  27.647  15.695  -30.831 0.3750000000
81535  21.462  21.538  -30.183 0.6250000000
81546  23.466  21.774  -30.712 0.7500000000
80809  24.436  20.635  -30.856 0.7500000000
80808  25.193  20.196  -30.461 0.7500000000
80069  26.015  19.171  -30.923 0.6250000000
78633  26.953  17.255  -31.337 0.3750000000
114279  26.361  17.885  -31.487 0.3750000000
75184  27.338  13.328  -31.991 0.1250000000
76117  26.793  15.007  -31.875 0.1250000000
77127  27.153  15.774  -31.483 0.2500000000
81547  22.361  22.069  -30.444 0.6250000000
82302  23.159  22.468  -31.016 0.7500000000
81545  24.191  21.349  -31.204 0.6250000000
80820  24.660  21.031  -31.754 0.7500000000
79338  25.856  18.720  -31.601 0.3750000000
80070  25.424  19.606  -31.193 0.3750000000
80062  25.662  19.582  -30.413 0.7500000000
78641  25.814  17.239  -32.751 0.2500000000
78640  26.439  17.280  -32.027 0.3750000000
79337  26.312  18.429  -30.846 0.6250000000
76136  25.607  14.124  -33.803 0.1250000000
116601  25.749  14.836  -33.174 0.1250000000
75185  26.712  13.758  -32.480 0.1250000000
82303  22.276  22.685  -30.662 0.6250000000
82312  22.747  23.112  -31.118 0.6250000000
82318  24.130  22.126  -32.150 0.3750000000
81554  23.941  22.060  -31.570 0.3750000000
124222  24.053  21.125  -32.866 0.3750000000
112348  24.326  18.863  -33.466 0.2500000000
111283  25.225  19.183  -31.988 0.3750000000
123703  24.712  20.389  -31.836 0.3750000000
77947  24.778  16.436  -33.666 0.1250000000
79353  25.452  17.989  -33.081 0.3750000000
78634  25.903  17.959  -32.264 0.3750000000
75194  25.519  13.041  -33.979 0.1250000000
77945  25.595  16.391  -33.159 0.1250000000
83866  21.914  24.765  -32.981 0.3750000000
111358  22.418  23.912  -31.254 0.3750000000
83081  23.100  23.215  -32.311 0.3750000000
82325  22.911  23.014  -33.665 0.3750000000
82324  23.393  22.633  -32.774 0.3750000000
80833  23.564  20.919  -34.061 0.3750000000
81566  23.667  21.323  -33.548 0.3750000000
81560  23.736  21.769  -32.817 0.3750000000
80086  23.870  19.593  -33.706 0.3750000000
80078  24.435  19.748  -32.977 0.3750000000
80832  23.989  20.504  -33.411 0.3750000000
77951  23.549  16.328  -34.906 0.1250000000
79354  24.707  18.011  -33.506 0.1250000000
78651  23.859  18.075  -34.058 0.2500000000
116401  24.572  15.532  -34.157 0.1250000000
83098  22.030  23.495  -34.298 0.2500000000
82337  21.907  22.026  -34.825 0.2500000000
82332  22.574  22.399  -34.343 0.3750000000
80840  22.338  20.750  -35.004 0.1250000000
81572  22.509  21.509  -34.669 0.3750000000
82331  23.341  22.152  -33.678 0.3750000000
126690  22.891  20.077  -34.726 0.1250000000
79377  21.681  18.192  -35.588 0.1250000000
111028  23.648  18.896  -33.973 0.1250000000
83875  21.231  25.038  -34.076 0.3750000000
119211  22.019  24.459  -34.035 0.3750000000
82333  21.412  22.854  -35.038 0.2500000000
81579  21.028  21.561  -35.680 0.1250000000
80847  21.514  20.677  -35.439 0.1250000000
81586  20.045  21.786  -36.507 0.1250000000
126633  21.840  17.438  -35.577 0.1250000000
80099  20.532  19.256  -35.860 0.1250000000
83113  18.870  23.963  -37.070 0.1250000000
80108  19.860  19.916  -35.867 0.1250000000
81587  19.256  22.021  -37.434 0.1250000000
78679  19.791  17.374  -36.520 0.1250000000
77961  20.394  16.649  -36.376 0.1250000000
61551  22.456  -1.570  -29.579 0.8750000000
120035  25.319  -0.166  -30.302 0.6250000000
70669  28.884  8.241  -29.288 0.6250000000
73216  27.321  11.881  -28.312 0.8750000000
75140  28.406  13.103  -28.687 0.5000000000
73246  29.403  11.666  -30.043 0.3750000000
80052  22.182  19.717  -29.071 0.8750000000
80791  22.885  20.341  -29.047 0.7500000000
79328  24.099  18.792  -28.493 0.8750000000
80050  24.685  19.431  -28.705 0.7500000000
126246  25.569  17.887  -28.675 0.7500000000
110726  26.022  17.171  -28.577 0.7500000000
129761  27.996  14.494  -29.312 0.5000000000
77124  27.866  15.463  -30.107 0.5000000000
77096  27.312  15.586  -28.760 0.7500000000
76115  28.321  14.192  -30.793 0.5000000000
116754  23.359  17.770  -34.789 0.1250000000
81578  21.778  21.432  -35.091 0.2500000000
80848  20.572  20.787  -35.942 0.1250000000
79378  20.413  18.324  -35.967 0.1250000000
67079  28.901  4.035  -30.242 0.5000000000
67090  27.397  4.390  -30.037 0.6250000000
117783  30.314  7.795  -29.753 0.3750000000
70686  30.570  8.617  -29.887 0.3750000000
71533  30.428  9.380  -31.159 0.2500000000
113872  26.973  14.969  -28.425 0.7500000000
79376  22.448  18.867  -35.453 0.1250000000
72382  30.041  9.952  -31.603 0.1250000000
56642  21.928  -6.713  -25.860 0.7500000000
56643  20.813  -6.338  -25.681 0.7500000000
57657  20.137  -5.657  -25.612 0.7500000000
56649  22.711  -6.356  -26.387 0.7500000000
57673  21.433  -5.399  -26.712 0.7500000000
117731  23.304  -5.715  -26.888 0.7500000000
60518  19.652  -2.059  -26.470 0.6250000000
59539  20.681  -3.145  -26.930 0.7500000000
58625  23.653  -4.842  -27.851 0.6250000000
59550  24.201  -3.183  -28.467 0.7500000000
61528  25.010  -2.041  -29.394 0.6250000000
62429  25.569  -0.776  -29.573 0.5000000000
63322  26.944  0.125  -29.012 0.3750000000
62448  26.067  -0.051  -29.702 0.5000000000
63333  27.997  1.009  -29.171 0.1250000000
64260  29.342  2.053  -29.455 0.1250000000
65152  31.149  2.660  -30.158 0.1250000000
64291  32.285  1.864  -31.603 0.1250000000
66099  31.884  3.247  -32.574 0.1250000000
117752  31.659  3.904  -32.015 0.1250000000
120738  31.615  4.593  -32.023 0.1250000000
78617  19.406  18.058  -29.805 0.3750000000
68071  31.640  5.423  -32.119 0.1250000000
68061  31.567  5.949  -31.419 0.1250000000
69884  30.972  7.805  -31.057 0.1250000000
125352  30.707  8.064  -30.477 0.2500000000
70685  30.614  8.736  -30.793 0.2500000000
80054  19.892  19.738  -28.904 0.5000000000
72383  29.259  10.594  -32.003 0.1250000000
128559  29.887  10.509  -31.045 0.2500000000
73268  28.033  11.528  -32.776 0.1250000000
74181  27.377  12.516  -32.597 0.1250000000
74182  26.797  12.941  -32.841 0.1250000000
80794  20.395  20.776  -29.355 0.3750000000
74191  26.146  12.532  -33.529 0.1250000000
75202  24.867  13.490  -34.525 0.1250000000
115412  24.700  12.536  -34.427 0.1250000000
77155  23.227  15.399  -35.374 0.1250000000
77156  22.207  15.130  -35.723 0.1250000000
83818  21.467  23.848  -28.433 0.1250000000
83888  20.425  24.429  -35.763 0.2500000000
83106  20.352  23.742  -36.060 0.1250000000
83107  18.992  24.610  -36.930 0.1250000000
80856  19.336  20.951  -36.760 0.1250000000
82347  19.221  22.957  -37.286 0.1250000000
80100  19.487  18.998  -36.311 0.1250000000
77955  20.866  15.940  -36.300 0.1250000000
79387  19.161  18.151  -36.741 0.1250000000
65154  25.325  2.417  -31.272 0.7500000000
115866  27.338  8.804  -28.976 0.7500000000
77924  18.901  16.426  -30.017 0.3750000000
116875  24.739  14.872  -28.183 0.8750000000
62470  23.517  -0.244  -30.415 0.8750000000
129165  20.915  -1.900  -28.048 0.8750000000
62452  22.416  -0.850  -29.965 0.8750000000
64279  25.649  1.900  -30.939 0.7500000000
109505  27.766  4.980  -29.966 0.6250000000
115357  22.977  17.331  -28.339 0.8750000000
78614  24.187  17.341  -28.135 0.8750000000
114655  25.248  16.002  -28.152 0.8750000000
117899  20.840  25.361  -33.153 0.3750000000
125609  20.411  24.850  -34.789 0.2500000000
114981  20.858  -4.890  -26.611 0.7500000000
56650  21.642  -6.057  -26.418 0.7500000000
57685  23.141  -5.225  -27.591 0.7500000000
58616  19.960  -4.132  -25.884 0.7500000000
59525  20.156  -3.697  -26.369 0.7500000000
59538  21.353  -3.587  -27.381 0.7500000000
111535  22.138  -3.546  -27.936 0.7500000000
123881  20.300  -2.395  -26.782 0.7500000000
59553  21.957  -2.880  -28.351 0.8750000000
59551  23.296  -3.261  -28.748 0.7500000000
60534  22.142  -2.366  -28.932 0.8750000000
60551  23.545  -2.024  -29.528 0.7500000000
60550  24.240  -2.074  -29.533 0.7500000000
61549  24.466  -1.423  -29.825 0.7500000000
61548  25.119  -1.339  -29.587 0.6250000000
63336  25.708  0.559  -30.457 0.7500000000
120293  27.675  0.481  -28.956 0.2500000000
63334  27.277  0.794  -29.470 0.5000000000
63335  26.486  0.698  -29.838 0.6250000000
65139  26.159  2.266  -30.011 0.7500000000
65137  28.258  2.491  -29.576 0.5000000000
108350  29.367  1.397  -29.073 0.1250000000
66070  29.285  3.570  -30.091 0.2500000000
66071  28.397  3.437  -29.890 0.3750000000
67080  28.101  4.064  -29.988 0.6250000000
66079  31.402  3.638  -30.888 0.1250000000
65167  32.065  2.623  -32.014 0.1250000000
66080  30.640  3.772  -30.552 0.1250000000
67088  29.529  4.542  -30.229 0.5000000000
68044  30.409  5.286  -30.186 0.1250000000
67100  31.231  4.828  -30.537 0.1250000000
68045  29.317  5.208  -29.988 0.5000000000
66091  31.415  4.248  -31.263 0.1250000000
68062  31.243  5.633  -30.635 0.1250000000
68957  30.689  6.252  -30.299 0.1250000000
69869  29.198  6.749  -29.697 0.6250000000
120548  28.470  8.851  -28.911 0.6250000000
73229  27.943  11.105  -28.392 0.6250000000
114271  27.192  14.141  -28.525 0.7500000000
123080  26.767  15.697  -28.470 0.7500000000
124956  28.622  12.494  -28.642 0.5000000000
80792  21.657  20.470  -29.588 0.6250000000
77910  25.636  16.566  -28.296 0.7500000000
74159  29.042  12.492  -30.108 0.3750000000
118487  24.592  18.035  -28.244 0.7500000000
77920  27.217  16.401  -28.986 0.6250000000
77921  26.719  16.998  -28.948 0.7500000000
75164  28.531  13.754  -29.938 0.5000000000
75183  28.027  12.791  -32.120 0.1250000000
74174  28.451  12.379  -31.658 0.1250000000
74173  28.871  11.917  -30.902 0.2500000000
73260  28.660  11.523  -31.956 0.1250000000
81534  22.828  21.384  -29.973 0.7500000000
78627  26.615  17.760  -30.266 0.6250000000
77938  27.376  16.567  -31.079 0.3750000000
118641  26.709  17.702  -30.927 0.3750000000
75176  27.904  14.031  -31.446 0.1250000000
76116  27.635  14.884  -31.260 0.3750000000
81553  24.474  21.707  -31.887 0.3750000000
77939  26.845  16.580  -31.750 0.3750000000
76125  27.047  14.174  -31.761 0.1250000000
77133  25.940  15.839  -32.613 0.1250000000
76135  26.230  14.309  -32.977 0.1250000000
120084  24.833  19.137  -32.695 0.3750000000
80077  24.771  19.774  -32.010 0.3750000000
78649  25.112  17.226  -33.344 0.2500000000
77149  25.319  15.075  -33.773 0.1250000000
76143  24.828  14.412  -34.487 0.1250000000
75193  26.225  13.461  -33.284 0.1250000000
77140  25.658  15.523  -33.166 0.1250000000
83082  22.694  23.974  -32.288 0.3750000000
124734  24.983  18.530  -33.134 0.2500000000
127443  24.083  16.406  -34.189 0.1250000000
78650  24.273  17.214  -33.794 0.1250000000
83092  22.549  23.874  -33.441 0.3750000000
77950  23.861  15.519  -34.674 0.1250000000
127564  23.601  17.121  -34.270 0.1250000000
78667  23.193  17.077  -35.246 0.1250000000
77953  22.801  16.181  -35.430 0.1250000000
79365  23.209  18.620  -34.736 0.1250000000
76144  23.872  14.540  -34.627 0.1250000000
120421  23.419  14.658  -35.120 0.1250000000
83099  21.130  23.695  -35.092 0.2500000000
83093  21.184  24.225  -34.650 0.2500000000
82338  21.367  22.092  -35.299 0.2500000000
80098  22.174  19.819  -35.475 0.1250000000
78669  20.867  17.432  -35.805 0.1250000000
82346  20.359  22.695  -36.103 0.1250000000
117209  21.207  19.936  -35.852 0.1250000000
77954  21.805  15.986  -35.774 0.1250000000
117379  21.536  19.115  -35.731 0.1250000000
83114  18.776  24.533  -37.841 0.1250000000
55623  21.372  -7.034  -25.216 0.7500000000
56644  19.866  -6.254  -25.059 0.7500000000
60500  19.930  -2.824  -26.269 0.5000000000
60532  24.736  -2.644  -29.049 0.6250000000
61527  25.727  -1.537  -28.862 0.5000000000
110116  31.733  6.272  -32.246 0.1250000000
108811  31.586  5.725  -33.123 0.1250000000
68956  30.987  7.015  -30.870 0.1250000000
74180  28.003  12.088  -32.389 0.1250000000
121199  22.569  14.272  -35.501 0.1250000000
115733  19.816  -4.357  -25.154 0.5000000000
55613  21.726  -7.590  -24.810 0.6250000000
55622  22.259  -7.248  -25.331 0.6250000000
56640  24.283  -6.400  -25.525 0.3750000000
56641  23.418  -6.695  -25.720 0.6250000000
57654  24.475  -5.775  -25.971 0.2500000000
128515  24.026  -5.612  -26.550 0.3750000000
62428  26.382  -0.719  -28.819 0.3750000000
80055  19.557  19.213  -29.355 0.3750000000
58624  24.327  -4.531  -27.639 0.5000000000
59535  24.679  -3.719  -27.894 0.5000000000
60515  25.172  -3.112  -28.374 0.3750000000
56630  23.990  -7.069  -25.097 0.5000000000
54607  22.086  -8.014  -24.220 0.6250000000
58587  19.483  -4.653  -24.431 0.3750000000
57636  19.374  -5.509  -24.431 0.3750000000
56631  19.731  -6.783  -24.550 0.6250000000
55597  24.041  -8.149  -24.104 0.3750000000
55611  23.570  -7.629  -24.654 0.5000000000
59506  19.493  -3.812  -24.612 0.2500000000
56629  24.947  -6.777  -24.832 0.3750000000
57670  25.195  -5.009  -26.382 0.2500000000
56639  25.153  -6.093  -25.453 0.2500000000
61512  19.318  -1.340  -26.902 0.3750000000
58612  24.781  -4.763  -26.908 0.2500000000
127458  25.584  -3.495  -27.666 0.3750000000
111760  26.062  -2.993  -28.189 0.2500000000
60530  26.253  -2.191  -28.245 0.2500000000
61526  26.572  -1.443  -28.319 0.2500000000
68934  17.801  6.521  -27.567 0.1250000000
112898  27.772  -0.104  -28.437 0.2500000000
74151  17.629  12.632  -29.652 0.3750000000
110817  18.125  11.364  -28.288 0.2500000000
125913  18.756  15.856  -29.870 0.2500000000
111192  20.133  20.299  -28.698 0.2500000000
69834  17.639  8.110  -27.836 0.1250000000
61499  18.649  -0.876  -26.210 0.2500000000
73238  18.275  12.008  -29.868 0.3750000000
57658  19.602  -5.768  -25.076 0.5000000000
58599  19.964  -5.037  -25.465 0.5000000000
114930  22.697  -6.956  -25.818 0.6250000000
57655  23.684  -6.030  -26.112 0.5000000000
58613  24.006  -5.227  -27.244 0.5000000000
62427  27.192  -0.589  -28.364 0.2500000000
59511  19.564  -3.440  -25.361 0.3750000000
59526  19.651  -3.193  -25.835 0.3750000000
122902  19.130  -1.662  -26.131 0.2500000000
55624  20.460  -6.844  -24.864 0.6250000000
60488  19.120  -2.770  -25.425 0.3750000000
60531  25.507  -2.492  -28.730 0.2500000000
55612  22.640  -7.636  -24.723 0.6250000000
55621  23.105  -7.211  -25.221 0.5000000000
57653  25.221  -5.478  -25.963 0.2500000000
57671  24.625  -5.320  -26.510 0.3750000000
58623  25.164  -4.174  -27.299 0.3750000000
55610  24.456  -7.468  -24.435 0.3750000000
111380  20.938  -7.429  -24.740 0.6250000000
55598  23.089  -8.122  -24.158 0.5000000000
68916  17.566  6.499  -26.026 0.1250000000
54598  20.447  -8.471  -23.801 0.5000000000
54595  23.474  -8.454  -23.484 0.2500000000
54578  22.951  -8.917  -23.016 0.3750000000
54596  22.539  -8.544  -23.689 0.5000000000
53604  20.279  -9.212  -23.236 0.3750000000
55599  19.714  -7.847  -23.751 0.5000000000
55614  20.154  -7.538  -24.340 0.5000000000
55615  19.525  -7.095  -24.141 0.3750000000
110087  19.497  -9.160  -21.944 0.1250000000
53605  19.734  -9.219  -22.723 0.3750000000
56614  19.382  -6.481  -23.754 0.2500000000
52541  19.247  -10.965  -21.150 0.1250000000
53591  19.685  -9.978  -22.215 0.2500000000
53590  20.147  -9.864  -22.694 0.3750000000
53587  23.348  -9.324  -22.305 0.2500000000
52569  21.696  -9.946  -22.520 0.3750000000
111423  21.617  -9.457  -22.983 0.5000000000
124726  19.266  -10.233  -20.541 0.1250000000
53589  20.875  -9.661  -22.926 0.3750000000
54561  19.469  -8.314  -21.455 0.1250000000
55578  19.457  -7.422  -22.662 0.1250000000
111771  30.611  8.770  -31.671 0.1250000000
56632  19.431  -6.323  -24.526 0.3750000000
54608  21.093  -7.998  -24.362 0.5000000000
54597  21.515  -8.637  -23.912 0.5000000000
117384  19.265  -5.811  -23.911 0.2500000000
54594  24.335  -8.206  -23.183 0.2500000000
53603  21.067  -9.190  -23.499 0.5000000000
122089  19.824  -8.522  -23.248 0.5000000000
53602  22.027  -9.102  -23.362 0.3750000000
53588  22.408  -9.440  -22.667 0.3750000000
107952  19.584  -7.877  -23.147 0.1250000000
55600  19.507  -7.251  -23.440 0.1250000000
53576  19.488  -9.997  -21.347 0.1250000000
53556  19.321  -9.429  -20.361 0.1250000000
120983  19.512  -8.968  -20.958 0.1250000000
54579  19.468  -8.306  -22.486 0.1250000000
56598  19.480  -6.601  -22.994 0.1250000000
52571  19.976  -10.549  -22.276 0.3750000000
53575  22.689  -9.986  -21.928 0.2500000000
52559  19.747  -11.041  -21.983 0.2500000000
52557  21.651  -10.646  -21.922 0.2500000000
125802  19.224  -2.360  -25.780 0.2500000000
51576  19.484  -11.132  -21.582 0.1250000000
52560  19.528  -10.730  -21.855 0.1250000000
52570  20.770  -10.333  -22.486 0.2500000000
52558  20.484  -10.978  -22.064 0.1250000000
60489  18.597  -2.304  -25.274 0.1250000000
77916  18.963  17.098  -29.639 0.1250000000
78618  19.088  17.556  -28.341 0.1250000000
78611  19.168  17.867  -27.054 0.1250000000
80047  19.384  19.416  -28.119 0.1250000000
79331  19.308  18.608  -28.773 0.1250000000
118718  19.360  18.055  -26.108 0.1250000000
79325  19.391  18.688  -27.130 0.1250000000
80046  19.858  20.188  -27.592 0.1250000000
77906  18.604  16.848  -27.748 0.1250000000
80042  19.680  19.474  -26.770 0.1250000000
79313  20.589  19.087  -25.667 0.1250000000
77104  18.513  15.273  -28.646 0.1250000000
77103  18.787  16.262  -28.987 0.1250000000
72332  17.781  10.473  -28.031 0.1250000000
58581  18.859  -4.999  -23.548 0.1250000000
59512  18.958  -2.953  -24.910 0.1250000000
74140  17.486  12.535  -28.564 0.1250000000
77090  18.356  14.777  -27.404 0.1250000000
77092  18.606  15.912  -27.210 0.1250000000
77903  18.645  16.878  -26.058 0.1250000000
78608  18.852  17.414  -25.498 0.1250000000
78604  19.831  18.253  -25.539 0.1250000000
80028  21.183  19.811  -25.693 0.1250000000
126255  20.502  19.825  -25.886 0.1250000000
76090  18.067  14.578  -29.224 0.1250000000
113934  18.403  -0.861  -25.320 0.1250000000
59507  19.234  -3.612  -24.079 0.1250000000
73218  17.868  12.087  -28.980 0.1250000000
61500  18.677  -1.659  -25.607 0.1250000000
60482  18.566  -2.469  -25.111 0.1250000000
121949  18.659  17.243  -26.590 0.1250000000
79322  19.593  18.719  -25.995 0.1250000000
124074  19.393  17.973  -25.507 0.1250000000
80041  20.153  20.094  -26.399 0.1250000000
79314  19.819  18.638  -25.649 0.1250000000
77898  19.187  17.264  -25.189 0.1250000000
55596  24.813  -7.740  -23.681 0.1250000000
55609  25.265  -7.233  -24.062 0.1250000000
57635  25.775  -6.282  -24.827 0.1250000000
58598  25.805  -4.991  -26.040 0.1250000000
58611  25.570  -4.540  -26.630 0.1250000000
59523  25.994  -3.890  -26.958 0.1250000000
59521  27.656  -3.343  -26.455 0.1250000000
60499  27.134  -2.816  -26.949 0.1250000000
59534  26.326  -3.095  -27.218 0.1250000000
60513  27.566  -2.234  -27.380 0.1250000000
61510  27.105  -1.938  -27.900 0.1250000000
61508  28.876  -1.728  -27.503 0.1250000000
61509  28.096  -1.551  -27.611 0.1250000000
62415  27.901  -0.782  -27.924 0.1250000000
53573  24.281  -9.094  -21.942 0.1250000000
54576  24.733  -8.505  -22.408 0.1250000000
55595  25.660  -7.524  -23.341 0.1250000000
116743  25.653  -6.719  -24.260 0.1250000000
57634  26.565  -5.858  -24.611 0.1250000000
58597  27.163  -4.676  -25.708 0.1250000000
58610  26.472  -4.438  -26.301 0.1250000000
58609  27.422  -4.144  -26.197 0.1250000000
60512  28.400  -2.097  -27.233 0.1250000000
62426  28.629  -0.426  -28.164 0.1250000000
62425  29.612  -0.459  -28.268 0.1250000000
62414  29.082  -1.132  -27.743 0.1250000000
63321  28.356  0.369  -28.624 0.1250000000
61525  27.302  -1.229  -28.003 0.1250000000
110065  25.995  -5.611  -25.431 0.1250000000
60514  26.740  -2.547  -27.671 0.1250000000
54577  23.834  -8.677  -22.657 0.1250000000
54593  25.198  -7.965  -22.874 0.1250000000
129599  26.453  -4.984  -25.718 0.1250000000
59522  26.829  -3.607  -26.663 0.1250000000
60498  27.967  -2.634  -26.774 0.1250000000
129110  28.434  -0.999  -27.780 0.1250000000
60511  29.248  -2.076  -27.197 0.1250000000
52556  23.359  -10.458  -21.331 0.1250000000
53574  23.798  -9.797  -21.607 0.1250000000
56628  26.315  -6.425  -24.048 0.1250000000
61524  30.215  -1.044  -27.971 0.1250000000
64261  28.585  1.595  -29.281 0.1250000000
66072  27.464  3.721  -29.967 0.6250000000
66082  26.002  3.769  -30.720 0.8750000000
66084  21.287  3.851  -31.403 1.0000000000
66092  24.849  3.055  -31.318 1.0000000000
66112  31.639  3.963  -32.947 0.1250000000
68037  26.688  5.480  -29.685 0.7500000000
68040  18.549  5.917  -29.119 0.8750000000
68046  26.969  4.881  -29.949 0.6250000000
68947  26.343  6.220  -29.541 1.0000000000
68966  19.622  6.688  -30.133 1.0000000000
68971  31.564  6.730  -31.590 0.1250000000
68972  31.256  6.386  -30.912 0.1250000000
69853  29.344  7.526  -29.543 0.5000000000
69867  30.687  7.370  -30.197 0.1250000000
69872  22.723  6.948  -30.056 1.0000000000
69876  18.764  7.992  -30.143 0.7500000000
70668  29.946  8.399  -29.464 0.3750000000
70670  27.886  8.124  -29.116 0.6250000000
71508  24.214  9.189  -29.089 1.0000000000
71520  30.546  9.376  -30.203 0.2500000000
74147  28.970  12.769  -28.876 0.5000000000
75151  28.608  13.413  -29.119 0.5000000000
76098  28.273  14.032  -29.480 0.5000000000
76107  28.257  14.645  -30.047 0.5000000000
76126  26.571  14.463  -32.296 0.1250000000
77098  25.315  15.320  -28.132 0.8750000000
77111  27.775  15.125  -29.391 0.5000000000
77115  18.930  15.661  -30.043 0.8750000000
77132  26.471  15.787  -32.094 0.1250000000
77139  26.117  15.096  -32.527 0.1250000000
77141  25.226  15.810  -33.615 0.1250000000
77944  26.188  16.513  -32.413 0.3750000000
78668  22.415  16.911  -35.535 0.1250000000
79332  25.642  18.549  -29.243 0.7500000000
79334  26.124  18.435  -30.000 0.6250000000
79343  25.424  18.599  -32.536 0.3750000000
79375  22.729  17.876  -35.396 0.1250000000
80029  19.883  19.434  -25.867 0.1250000000
80058  25.292  19.437  -29.107 0.7500000000
80091  23.338  19.446  -34.325 0.3750000000
80109  18.647  19.684  -36.632 0.1250000000
80819  24.842  20.232  -31.346 0.7500000000
80825  24.517  20.635  -32.398 0.3750000000
80839  23.063  20.857  -34.507 0.3750000000
81559  24.442  21.527  -32.202 0.3750000000
81571  23.260  21.571  -34.253 0.3750000000
82311  23.365  22.720  -31.814 0.3750000000
82348  18.458  22.813  -37.955 0.1250000000
83048  20.746  23.521  -28.363 0.2500000000
83065  19.897  23.434  -29.979 0.3750000000
83072  22.913  23.400  -31.750 0.3750000000
83091  22.932  23.318  -32.912 0.3750000000
83848  19.220  24.919  -30.937 0.2500000000
83857  19.647  24.500  -30.940 0.2500000000
83880  19.965  24.958  -35.194 0.2500000000
84602  19.608  25.343  -30.595 0.2500000000
84604  18.139  26.154  -30.830 0.2500000000
84610  18.590  25.360  -31.126 0.2500000000
84611  18.097  25.831  -30.995 0.2500000000
84617  18.794  25.265  -31.709 0.3750000000
84618  18.294  25.883  -32.040 0.2500000000
84628  18.718  26.334  -32.766 0.2500000000
85303  18.050  26.214  -31.459 0.2500000000
85944  18.154  26.870  -31.307 0.2500000000
108322  19.705  -5.129  -24.935 0.3750000000
108618  20.770  5.828  -30.783 1.0000000000
109169  28.946  11.211  -28.517 0.6250000000
112156  30.240  2.417  -29.659 0.1250000000
113533  27.565  15.800  -29.412 0.7500000000
114546  31.211  3.269  -30.486 0.1250000000
115695  25.147  1.680  -31.377 0.7500000000
116244  19.490  11.199  -29.700 0.8750000000
116527  21.353  16.728  -35.771 0.1250000000
117506  18.295  18.870  -36.890 0.1250000000
118418  20.883  5.312  -30.916 1.0000000000
119160  21.624  2.272  -30.871 1.0000000000
120706  23.478  20.216  -34.137 0.2500000000
121692  22.855  19.376  -34.954 0.1250000000
122757  20.640  8.057  -30.097 1.0000000000
124135  26.838  -0.990  -28.339 0.2500000000
124530  19.823  10.457  -29.813 1.0000000000
125921  25.966  18.966  -30.426 0.7500000000
126279  24.647  -0.214  -30.495 0.8750000000
126463  17.325  13.262  -28.795 0.1250000000
128393  20.042  24.463  -30.266 0.2500000000
128495  25.127  17.980  -28.357 0.7500000000
128738  24.935  1.126  -31.177 0.8750000000
129541  30.775  8.341  -31.190 0.2500000000
129710  20.094  15.967  -36.917 0.1250000000
129715  27.061  16.066  -28.628 0.7500000000
