#!ascii label  , from subject sub1 vox2ras=TkReg
1327
122095  26.851  -40.229  -8.984 0.8999999762
126869  27.275  -39.973  -9.794 0.8000000119
23519  26.939  -40.496  -10.178 0.8000000119
122818  26.278  -41.690  -10.214 0.6999999881
23539  26.232  -40.755  -11.360 0.8000000119
24426  26.507  -39.694  -8.637 0.8999999762
24451  27.749  -39.417  -10.524 1.0000000000
23537  27.372  -40.150  -10.710 0.8999999762
24464  26.980  -40.225  -11.353 0.8000000119
24465  26.166  -40.057  -11.857 0.8000000119
124864  26.890  -39.651  -11.989 0.8999999762
23546  25.559  -40.583  -11.976 0.8000000119
24473  25.389  -39.842  -12.388 0.6999999881
23547  24.781  -40.479  -12.548 0.6999999881
24427  25.706  -39.431  -8.157 0.8000000119
25249  26.443  -38.939  -8.581 0.8999999762
26176  26.315  -38.046  -8.668 0.8999999762
25250  25.600  -38.444  -8.263 0.8999999762
109345  24.223  -37.923  -8.030 0.8999999762
25271  28.033  -38.579  -10.332 0.8999999762
24450  28.222  -38.860  -11.011 1.0000000000
24472  27.344  -39.091  -12.242 0.8999999762
25295  27.650  -38.430  -12.584 1.0000000000
114483  26.909  -38.603  -12.824 0.8999999762
109861  26.028  -39.322  -12.333 0.8999999762
24474  24.076  -39.936  -12.818 0.6999999881
26190  26.917  -37.581  -9.089 0.8999999762
26177  25.483  -37.599  -8.400 0.8999999762
26178  24.727  -37.292  -8.139 0.8999999762
111817  23.884  -37.148  -8.170 0.8999999762
26189  27.632  -38.088  -9.585 0.8999999762
24471  27.956  -38.705  -11.768 1.0000000000
25296  26.020  -38.572  -12.703 0.8000000119
24482  25.174  -39.012  -12.832 0.8000000119
25311  24.555  -38.550  -13.557 0.8000000119
124601  24.036  -38.242  -14.253 0.8000000119
25328  23.399  -38.630  -14.351 0.8000000119
25327  23.568  -38.245  -14.923 0.8000000119
118798  25.878  -36.641  -8.808 0.8999999762
121902  23.621  -36.462  -8.288 0.8999999762
27093  23.030  -36.867  -8.068 0.8999999762
27104  27.563  -36.990  -9.525 0.8999999762
28034  23.869  -35.795  -8.469 0.8999999762
28035  22.930  -36.048  -8.574 0.8000000119
27095  21.566  -36.757  -8.510 0.8000000119
26201  28.193  -37.711  -10.210 0.8999999762
28044  23.321  -35.220  -8.983 0.6999999881
27107  22.016  -36.123  -8.826 0.6999999881
27108  21.239  -36.242  -9.101 0.6999999881
114565  28.701  -37.315  -10.819 0.8999999762
28046  21.163  -35.652  -9.785 0.6999999881
27124  19.965  -36.085  -10.390 0.6999999881
26213  28.922  -37.685  -11.589 1.0000000000
28063  20.586  -35.442  -10.444 0.6000000238
25283  28.459  -38.285  -11.392 1.0000000000
26225  28.884  -37.566  -12.495 1.0000000000
26226  28.115  -37.865  -12.969 1.0000000000
25308  27.266  -38.068  -13.264 1.0000000000
25309  26.347  -38.065  -13.301 0.8999999762
26240  26.728  -37.496  -13.718 0.8999999762
25310  25.421  -38.201  -13.381 0.8000000119
25326  24.816  -37.718  -14.056 0.8000000119
128877  25.273  -37.550  -15.592 0.8000000119
26275  24.461  -37.762  -14.977 0.8000000119
26274  24.765  -37.848  -16.184 0.8000000119
26295  23.950  -37.853  -16.757 0.8000000119
27105  26.497  -36.542  -9.012 0.8999999762
27092  24.384  -36.528  -8.304 0.8999999762
27106  25.623  -36.033  -8.839 0.8999999762
28033  24.772  -35.839  -8.571 0.8999999762
28043  24.228  -35.015  -8.718 0.8999999762
128100  28.234  -36.915  -10.226 0.8999999762
114363  21.718  -35.765  -9.415 0.6999999881
109447  21.712  -35.242  -9.772 0.6000000238
28062  21.328  -34.962  -10.292 0.6000000238
27140  29.256  -36.886  -11.383 1.0000000000
28073  19.669  -34.955  -11.389 0.5000000000
26212  29.413  -37.191  -12.067 1.0000000000
29014  20.087  -34.448  -11.858 0.5000000000
26224  29.230  -36.916  -12.722 1.0000000000
26238  28.533  -37.217  -13.236 1.0000000000
27172  27.961  -36.639  -13.748 1.0000000000
26239  27.630  -37.374  -13.512 1.0000000000
26254  26.420  -37.048  -14.218 0.8999999762
113579  25.824  -37.545  -13.967 0.8000000119
125510  26.263  -36.844  -14.817 0.8999999762
113473  25.964  -37.209  -14.643 0.8000000119
111290  25.365  -37.434  -14.739 0.8000000119
27206  26.465  -36.379  -15.355 0.8999999762
27207  25.960  -37.150  -15.453 0.8000000119
27221  26.274  -36.548  -16.331 0.8999999762
27222  25.562  -37.307  -16.378 0.8000000119
26294  24.864  -37.328  -17.322 0.8000000119
27241  25.201  -36.651  -18.114 0.8000000119
27242  24.398  -36.917  -18.300 0.8000000119
28042  25.173  -35.068  -8.800 0.8999999762
116246  27.114  -35.947  -9.240 0.8999999762
28040  27.197  -35.066  -9.558 0.8999999762
28972  23.669  -34.508  -9.435 0.6999999881
28973  22.899  -34.743  -9.616 0.8000000119
27122  28.669  -36.323  -10.586 0.8999999762
28060  28.007  -35.452  -10.161 0.8999999762
28061  22.166  -34.660  -10.136 0.6999999881
29012  21.640  -34.458  -11.012 0.6000000238
28071  20.997  -34.797  -10.924 0.6000000238
29011  22.386  -34.083  -11.012 0.6999999881
118962  21.755  -33.952  -11.448 0.6000000238
29013  20.969  -34.247  -11.558 0.5000000000
27139  29.585  -36.433  -12.094 1.0000000000
29948  20.919  -33.562  -11.873 0.5000000000
29024  20.431  -34.048  -12.102 0.5000000000
27154  29.343  -36.205  -12.915 1.0000000000
27171  28.788  -36.442  -13.404 1.0000000000
28098  28.266  -35.862  -14.007 1.0000000000
27191  26.674  -36.395  -14.518 0.8999999762
28097  28.613  -35.067  -14.288 1.0000000000
28118  27.652  -35.275  -14.535 0.8999999762
27190  27.358  -36.049  -14.254 0.8999999762
28119  26.811  -35.504  -14.942 0.8999999762
28142  26.768  -35.704  -16.186 0.8999999762
28143  26.567  -35.849  -17.226 0.8999999762
121156  25.762  -36.627  -17.264 0.8999999762
29065  27.102  -34.828  -15.825 0.8999999762
29080  26.901  -35.002  -16.860 0.8999999762
28156  25.729  -35.826  -18.201 0.8999999762
29081  26.335  -34.941  -17.656 0.8999999762
28041  26.224  -35.284  -9.071 0.8999999762
28971  24.556  -34.334  -9.272 0.8999999762
28970  25.453  -34.331  -9.324 0.8999999762
28991  24.804  -33.723  -9.826 1.0000000000
28992  23.985  -33.869  -9.935 0.8000000119
28968  27.219  -33.981  -9.838 0.8999999762
28993  23.117  -34.111  -10.271 0.6999999881
27121  29.306  -35.949  -11.178 0.8999999762
28059  28.897  -35.365  -10.525 0.8999999762
29931  23.043  -33.494  -10.948 0.6999999881
29946  22.354  -33.472  -11.376 0.6999999881
128921  21.341  -33.815  -11.658 0.5000000000
29952  20.104  -33.551  -12.273 0.5000000000
28084  29.646  -35.573  -12.629 1.0000000000
29036  29.967  -34.922  -13.232 1.0000000000
27170  29.160  -35.570  -13.549 1.0000000000
29049  28.799  -34.224  -14.464 1.0000000000
29048  29.728  -33.946  -14.225 1.0000000000
29050  27.876  -34.444  -14.691 0.8999999762
29064  27.304  -34.763  -15.022 0.8999999762
29978  27.034  -34.103  -16.520 0.8999999762
29142  23.872  -34.005  -20.373 0.6999999881
30044  23.267  -33.398  -20.149 0.8000000119
29143  22.792  -33.998  -20.114 0.8000000119
30034  22.841  -33.563  -19.834 0.8000000119
129611  27.648  -34.757  -9.874 0.8999999762
124582  26.227  -33.537  -9.854 1.0000000000
109817  24.296  -33.340  -10.385 0.6999999881
124223  23.646  -33.522  -10.496 0.6999999881
28058  29.451  -35.161  -10.946 0.8999999762
29010  29.087  -34.565  -10.578 0.8999999762
29947  21.655  -33.437  -11.637 0.6000000238
29023  30.100  -34.852  -12.312 1.0000000000
28070  29.697  -35.414  -11.711 0.8999999762
30766  20.477  -32.831  -11.999 0.4000000060
29968  29.014  -33.428  -14.618 1.0000000000
29969  28.027  -33.603  -14.819 1.0000000000
29976  28.338  -32.862  -15.111 1.0000000000
29094  23.640  -33.860  -18.817 0.8999999762
29140  25.659  -34.060  -20.331 0.6000000238
29141  24.941  -34.045  -20.582 0.6000000238
30043  24.413  -33.422  -20.430 0.8000000119
29126  22.603  -34.178  -19.914 0.8999999762
117397  22.936  -33.898  -19.532 0.8999999762
28989  28.287  -33.820  -10.236 0.8999999762
117705  24.543  -32.888  -10.562 0.8000000119
29930  23.805  -32.951  -10.926 0.6999999881
29945  22.961  -32.879  -11.228 0.6999999881
30752  22.190  -32.765  -11.528 0.6000000238
115299  20.892  -32.115  -11.619 0.4000000060
121969  30.344  -34.165  -12.098 1.0000000000
126638  29.753  -34.488  -11.370 0.8999999762
29022  30.426  -34.302  -12.901 1.0000000000
126400  30.184  -34.250  -13.676 1.0000000000
29967  29.882  -33.148  -14.320 1.0000000000
30780  29.218  -32.683  -14.778 1.0000000000
30789  28.677  -32.161  -15.291 1.0000000000
115767  24.662  -33.871  -18.215 0.8999999762
30820  24.132  -32.342  -17.965 0.8999999762
30008  23.788  -33.083  -18.396 0.8999999762
30839  22.508  -32.284  -18.936 0.8999999762
30009  23.038  -33.049  -19.021 0.8999999762
119219  27.530  -34.287  -19.334 0.6000000238
29125  26.487  -34.156  -19.732 0.6000000238
30041  25.971  -33.364  -20.156 0.6000000238
30866  24.999  -32.977  -20.428 0.8000000119
30867  23.829  -32.836  -20.239 0.8000000119
30019  22.987  -33.144  -19.486 0.8999999762
29927  26.512  -33.022  -10.068 0.8999999762
28990  25.567  -33.634  -9.818 0.8999999762
30736  25.133  -32.659  -10.430 0.6999999881
30735  26.812  -32.279  -10.413 0.8999999762
113218  25.903  -32.513  -10.455 0.8999999762
29944  29.217  -33.715  -10.708 1.0000000000
118708  29.164  -32.935  -10.844 1.0000000000
29925  28.399  -32.978  -10.365 1.0000000000
30750  23.511  -32.274  -11.097 0.6000000238
30751  22.825  -32.293  -11.278 0.6000000238
118101  21.627  -32.230  -11.465 0.5000000000
29943  29.961  -33.421  -11.507 1.0000000000
29951  30.528  -33.464  -12.654 1.0000000000
129829  30.500  -33.783  -13.378 1.0000000000
29961  30.291  -33.538  -13.916 1.0000000000
30788  29.396  -32.081  -14.911 1.0000000000
31719  28.306  -31.518  -15.797 1.0000000000
30790  28.022  -32.308  -15.852 1.0000000000
31720  27.601  -31.664  -16.263 1.0000000000
31732  26.943  -31.785  -16.510 1.0000000000
31733  26.189  -31.384  -16.735 1.0000000000
30803  26.615  -32.422  -16.869 0.8999999762
30007  24.804  -33.132  -17.724 0.8999999762
30821  22.991  -32.336  -18.503 0.8999999762
30856  22.632  -32.342  -19.195 0.8999999762
30031  29.091  -33.770  -19.289 0.6000000238
30032  27.969  -33.586  -19.234 0.6000000238
124859  27.336  -33.181  -19.365 0.6000000238
30855  23.247  -32.141  -19.782 0.8000000119
123657  27.713  -32.388  -10.330 0.8999999762
116147  26.084  -31.894  -10.585 0.6999999881
30737  24.417  -32.242  -10.651 0.6000000238
31666  23.908  -31.632  -10.767 0.6000000238
30748  28.515  -32.115  -10.567 0.8999999762
31667  23.064  -31.602  -11.071 0.6000000238
31677  22.244  -31.913  -11.256 0.5000000000
30765  30.367  -32.589  -12.027 0.8999999762
29960  30.591  -33.085  -13.526 1.0000000000
30773  30.914  -32.388  -13.830 1.0000000000
29966  30.521  -32.730  -14.049 1.0000000000
30779  30.059  -32.371  -14.466 1.0000000000
31711  30.002  -31.634  -14.766 1.0000000000
31718  29.109  -31.500  -15.332 1.0000000000
30805  24.656  -31.782  -17.467 0.8999999762
31745  21.817  -30.832  -18.359 0.8999999762
30851  28.621  -32.969  -19.003 0.6000000238
30852  26.756  -32.785  -19.567 0.6000000238
31776  26.345  -31.931  -19.543 0.6999999881
31777  25.236  -31.798  -19.537 0.6999999881
30854  24.449  -32.331  -20.035 0.6999999881
31779  22.407  -31.748  -19.139 0.8999999762
121413  30.538  -33.064  -19.365 0.6000000238
31778  24.021  -31.537  -19.871 0.6999999881
126072  23.100  -31.522  -19.452 0.8999999762
30749  28.100  -31.405  -10.880 0.8999999762
30734  27.497  -31.716  -10.600 0.8000000119
124834  29.573  -32.378  -11.115 0.8999999762
118431  29.032  -31.522  -10.874 0.8000000119
123415  29.983  -31.692  -11.492 0.8000000119
116075  30.746  -31.814  -12.515 0.8999999762
31710  30.859  -31.856  -14.243 1.0000000000
32663  30.505  -31.000  -14.661 1.0000000000
116815  29.688  -30.904  -15.241 1.0000000000
32673  28.667  -30.617  -15.689 1.0000000000
32674  27.797  -30.780  -16.123 1.0000000000
31721  26.994  -31.003  -16.436 1.0000000000
117591  26.249  -30.442  -16.511 1.0000000000
31734  25.205  -31.257  -17.023 0.8999999762
31735  24.054  -31.128  -17.026 0.8999999762
30806  23.500  -31.734  -17.808 0.8999999762
31737  21.955  -30.732  -17.870 0.8999999762
118239  27.711  -32.731  -19.283 0.6000000238
32727  25.967  -31.223  -19.182 0.6999999881
31762  22.051  -31.291  -18.619 0.8999999762
30836  30.837  -32.289  -18.895 0.6000000238
30850  29.564  -33.097  -19.022 0.6000000238
32728  24.907  -31.045  -19.271 0.6999999881
32729  23.685  -30.856  -19.416 0.6999999881
117797  25.332  -31.965  -10.484 0.6999999881
31665  24.793  -31.415  -10.554 0.6000000238
31675  27.385  -30.951  -10.823 0.8000000119
31663  26.660  -31.445  -10.611 0.8000000119
31664  25.817  -31.182  -10.608 0.6999999881
31673  29.348  -30.937  -11.276 0.6999999881
31674  28.315  -30.922  -11.103 0.8000000119
31693  30.293  -31.016  -12.002 0.6999999881
31692  30.990  -31.133  -12.859 0.6999999881
32651  31.070  -29.971  -13.778 0.8000000119
125607  30.940  -30.002  -14.235 0.8000000119
31704  31.069  -30.841  -14.163 0.8000000119
33601  30.772  -29.478  -14.634 0.8000000119
32672  30.674  -30.250  -14.645 0.8999999762
122275  30.117  -30.401  -15.050 0.8999999762
118244  29.317  -30.090  -15.325 1.0000000000
119142  27.979  -30.001  -16.039 1.0000000000
33617  27.662  -29.256  -16.105 1.0000000000
114871  27.181  -29.969  -16.445 1.0000000000
32689  25.586  -30.769  -16.701 1.0000000000
32676  24.428  -29.968  -16.490 1.0000000000
122119  23.978  -30.533  -16.600 0.8999999762
32677  23.359  -30.011  -16.472 0.8999999762
31736  22.833  -31.091  -17.398 0.8999999762
32692  22.439  -30.376  -17.029 0.8999999762
30838  29.128  -32.226  -18.816 0.6000000238
31774  28.240  -32.049  -19.117 0.6000000238
31775  27.326  -31.972  -19.363 0.6000000238
31760  26.902  -31.269  -19.076 0.6999999881
32730  22.521  -30.994  -18.989 0.8999999762
32710  25.727  -30.370  -18.926 0.6999999881
32712  23.294  -30.131  -18.839 0.8999999762
32713  22.082  -30.280  -18.409 0.8999999762
31676  26.589  -30.795  -10.658 0.6000000238
32616  26.221  -30.331  -10.590 0.6000000238
32618  24.237  -30.927  -10.476 0.6000000238
32626  28.728  -30.295  -11.173 0.6999999881
32628  27.020  -30.212  -10.827 0.6000000238
32625  29.689  -30.316  -11.593 0.6999999881
120298  30.592  -30.261  -12.503 0.6999999881
33578  30.949  -29.700  -13.130 0.6999999881
33600  31.125  -29.344  -14.099 0.8000000119
33614  30.091  -29.633  -15.195 0.8000000119
33615  29.200  -29.442  -15.473 0.8000000119
33616  28.501  -29.568  -15.750 1.0000000000
121543  26.984  -29.093  -16.292 1.0000000000
33618  26.159  -29.384  -16.431 1.0000000000
33619  25.003  -29.241  -16.532 1.0000000000
121618  26.477  -28.643  -16.297 1.0000000000
33620  23.955  -29.252  -16.508 1.0000000000
33621  23.022  -29.310  -16.283 1.0000000000
32678  22.680  -29.772  -16.591 0.8999999762
31759  27.812  -31.246  -18.850 0.6000000238
32700  21.635  -30.194  -17.692 0.8999999762
31756  30.537  -31.583  -18.640 0.6000000238
31758  28.747  -31.308  -18.678 0.6000000238
32714  21.561  -30.309  -18.100 0.8999999762
129380  26.517  -30.626  -18.862 0.6999999881
32711  24.599  -30.130  -18.971 0.6999999881
33543  25.870  -29.679  -10.414 0.5000000000
32627  27.802  -30.256  -11.084 0.6000000238
33561  27.456  -29.529  -11.008 0.5000000000
115384  29.118  -29.760  -11.309 0.6999999881
33579  29.943  -29.596  -11.695 0.6999999881
33577  31.160  -28.811  -12.804 0.6999999881
108513  30.607  -29.261  -12.381 0.6999999881
33587  31.196  -29.156  -13.447 0.6999999881
34563  31.231  -28.578  -13.766 0.6999999881
34574  30.410  -28.819  -15.154 0.8000000119
111737  30.130  -28.145  -15.636 0.8000000119
34575  29.559  -28.811  -15.553 0.8000000119
35570  29.236  -28.047  -15.800 0.8000000119
34576  28.770  -28.506  -15.750 0.8000000119
121325  28.091  -28.712  -15.927 0.8999999762
34577  27.251  -28.634  -16.153 1.0000000000
35571  28.360  -28.050  -15.911 0.8000000119
35572  27.537  -28.122  -16.062 0.8999999762
123563  25.997  -28.189  -16.245 1.0000000000
34578  25.576  -28.567  -16.364 1.0000000000
34580  23.311  -28.719  -16.384 1.0000000000
33622  22.494  -29.357  -16.623 0.8999999762
33632  22.006  -29.496  -17.252 0.8999999762
33639  21.751  -29.733  -17.685 0.8999999762
34596  22.275  -28.886  -17.214 0.8999999762
34609  22.243  -29.151  -17.534 0.8999999762
31757  29.642  -31.445  -18.602 0.6000000238
32708  28.349  -30.267  -18.362 0.6000000238
33649  26.620  -29.618  -18.646 0.6999999881
33651  24.288  -29.085  -18.437 0.8000000119
33652  22.911  -29.378  -18.270 0.8999999762
32706  30.273  -30.717  -18.495 0.6000000238
33650  25.517  -29.356  -18.601 0.6999999881
34608  22.724  -28.846  -17.710 0.8999999762
120098  25.376  -28.418  -18.450 0.6999999881
34607  23.504  -28.384  -18.090 0.8999999762
34530  27.154  -28.661  -10.808 0.5000000000
33559  29.014  -28.985  -11.318 0.6999999881
117602  27.961  -28.859  -11.166 0.5000000000
34544  30.161  -28.735  -11.606 0.6999999881
34543  30.881  -28.363  -12.150 0.6999999881
34550  31.349  -28.515  -13.104 0.6999999881
35561  31.108  -27.761  -14.264 0.6999999881
34564  30.942  -28.699  -14.511 0.6999999881
35569  30.532  -27.567  -15.565 0.8000000119
35589  29.986  -27.405  -16.033 0.8000000119
35590  28.889  -27.476  -16.146 0.8000000119
35591  27.965  -27.509  -16.293 0.8000000119
35592  27.018  -27.526  -16.346 0.8999999762
35573  26.709  -28.146  -16.204 1.0000000000
35574  25.200  -27.953  -16.142 1.0000000000
34579  24.425  -28.457  -16.390 1.0000000000
36613  28.559  -26.827  -16.545 0.8000000119
36614  27.561  -26.738  -16.699 0.8000000119
35593  25.957  -27.587  -16.372 0.8999999762
35594  24.884  -27.375  -16.293 1.0000000000
35575  23.597  -28.029  -16.377 1.0000000000
36616  25.404  -26.863  -16.550 0.8999999762
35595  22.965  -27.669  -16.726 1.0000000000
112794  22.568  -28.325  -16.811 1.0000000000
35604  22.602  -27.890  -17.189 1.0000000000
115373  22.603  -28.318  -17.441 0.8999999762
32709  27.324  -30.431  -18.691 0.6999999881
35612  22.579  -27.170  -17.797 0.8999999762
32707  29.362  -30.506  -18.418 0.6000000238
35611  22.893  -27.650  -18.034 0.8999999762
33648  27.664  -29.419  -18.411 0.6999999881
116117  26.254  -28.587  -18.461 0.6999999881
34606  24.560  -28.043  -18.331 0.6999999881
35610  23.740  -27.593  -18.583 0.8000000119
120360  25.348  -27.808  -18.708 0.6999999881
35623  22.970  -27.100  -19.074 0.8999999762
35609  24.759  -27.542  -18.951 0.6999999881
33560  28.283  -29.608  -11.205 0.6000000238
111076  30.409  -27.867  -11.594 0.6999999881
34527  29.476  -28.125  -11.299 0.5000000000
36578  31.389  -27.230  -12.700 0.6999999881
34542  31.313  -28.064  -12.617 0.6999999881
113554  31.363  -27.080  -13.574 0.6999999881
36597  31.308  -26.767  -14.396 0.6999999881
35568  31.006  -27.282  -15.075 0.6999999881
36604  31.323  -26.530  -15.193 0.6999999881
35588  30.777  -26.900  -15.674 0.8000000119
36611  30.415  -26.595  -16.275 0.8000000119
36612  29.479  -26.810  -16.419 0.8000000119
36626  29.274  -26.320  -16.977 0.8000000119
36627  28.412  -26.243  -17.117 0.8000000119
36615  26.442  -26.855  -16.634 0.8999999762
36630  24.986  -26.467  -16.829 0.8999999762
117850  23.945  -27.396  -16.449 1.0000000000
37638  28.260  -25.682  -17.696 0.8000000119
36628  27.695  -26.113  -17.266 0.8000000119
35603  22.698  -27.027  -17.271 1.0000000000
36618  23.425  -26.938  -16.835 1.0000000000
33647  29.152  -29.488  -18.337 0.6000000238
36633  22.813  -26.453  -17.831 1.0000000000
34604  27.127  -28.558  -18.347 0.6999999881
34621  26.700  -27.868  -18.506 0.6999999881
35624  22.743  -26.768  -18.687 0.8999999762
36641  22.754  -26.326  -18.462 1.0000000000
34605  26.024  -27.794  -18.673 0.6999999881
35608  25.663  -27.268  -19.110 0.8000000119
115051  24.065  -27.129  -19.458 0.8000000119
36588  31.520  -26.349  -13.128 0.6999999881
130044  31.438  -26.552  -13.786 0.6999999881
122801  31.521  -26.176  -14.791 0.6999999881
37624  31.567  -25.910  -15.326 0.6999999881
118773  31.676  -25.538  -15.817 0.6999999881
37630  30.733  -25.914  -16.657 0.6999999881
37629  31.481  -25.424  -16.397 0.6999999881
37631  30.014  -26.347  -16.791 0.8000000119
108617  29.127  -25.811  -17.579 0.8000000119
123714  29.708  -25.452  -18.003 0.8000000119
37651  28.942  -25.258  -18.141 0.8000000119
113659  25.851  -26.299  -17.165 0.8999999762
37640  26.526  -25.691  -17.722 0.8000000119
113658  25.662  -25.607  -17.882 0.8999999762
36631  24.158  -26.484  -17.124 0.8999999762
33663  28.899  -28.492  -18.542 0.6000000238
37656  24.703  -25.396  -18.051 0.8999999762
36632  23.124  -26.472  -17.429 1.0000000000
33662  29.736  -28.777  -18.862 0.6000000238
37644  22.851  -25.924  -18.314 0.8999999762
35621  26.550  -27.190  -19.091 0.6999999881
37658  22.700  -25.591  -18.919 0.8999999762
35634  23.450  -26.660  -19.625 0.8999999762
36654  22.951  -26.336  -19.367 0.8000000119
37617  31.563  -26.036  -14.096 0.6999999881
113931  31.666  -25.300  -15.344 0.6999999881
37636  31.034  -25.327  -17.266 0.6999999881
38556  31.669  -24.665  -16.771 0.6999999881
37639  27.390  -25.645  -17.708 0.8000000119
37654  26.265  -25.215  -18.247 0.8000000119
37653  27.016  -25.098  -18.181 0.8000000119
38569  26.526  -24.630  -18.649 0.8000000119
37642  23.966  -26.039  -17.794 0.8999999762
34603  28.015  -28.438  -18.399 0.6000000238
37655  25.518  -24.807  -18.507 0.8999999762
37657  23.638  -25.402  -18.336 0.8999999762
37643  22.998  -25.825  -17.910 0.8999999762
34619  28.394  -27.605  -19.137 0.6000000238
34620  27.397  -27.682  -18.674 0.6999999881
38559  22.920  -25.403  -18.587 0.8999999762
107672  25.898  -26.767  -19.756 0.6999999881
37664  22.480  -25.268  -19.668 0.8000000119
111763  24.589  -27.042  -20.448 0.6999999881
36653  23.372  -26.131  -20.116 0.8000000119
124070  31.474  -25.164  -14.477 0.6999999881
38553  31.974  -24.933  -15.983 0.6999999881
37652  27.983  -25.136  -18.389 0.8000000119
126204  28.084  -24.411  -18.797 0.8000000119
110906  27.371  -24.538  -18.724 0.8000000119
38582  26.003  -24.126  -19.153 0.8000000119
38570  24.339  -24.751  -18.678 0.8999999762
38571  23.210  -24.772  -18.822 0.8999999762
35620  27.459  -27.115  -19.560 0.6999999881
116964  26.661  -26.857  -19.937 0.6999999881
38585  22.963  -24.379  -19.286 0.8999999762
36651  24.841  -26.963  -21.299 0.6999999881
36652  24.137  -26.555  -20.810 0.8000000119
114609  22.345  -24.979  -20.367 0.8000000119
36660  24.428  -26.303  -21.584 0.6999999881
37671  22.647  -25.405  -20.309 0.8000000119
37670  23.480  -25.684  -20.981 0.8000000119
38550  31.859  -24.388  -15.194 0.6999999881
108416  32.216  -24.022  -16.196 0.6000000238
34631  28.967  -27.438  -19.950 0.6000000238
39527  25.559  -23.433  -19.585 0.8000000119
38584  23.850  -24.103  -19.365 0.8999999762
35619  28.257  -27.081  -20.385 0.6000000238
39529  23.028  -23.775  -19.703 0.8999999762
35632  25.296  -27.092  -20.768 0.8000000119
39511  22.659  -24.376  -19.716 0.8999999762
38594  22.566  -25.056  -20.906 0.8000000119
37680  23.221  -24.955  -21.364 0.8000000119
38595  22.608  -24.470  -20.783 0.8000000119
35631  27.269  -27.069  -20.877 0.6999999881
39528  24.578  -23.370  -19.678 0.8000000119
35641  26.361  -27.089  -21.926 0.5000000000
116851  26.238  -27.046  -21.077 0.6000000238
36672  26.021  -26.723  -22.184 0.6000000238
35642  25.652  -26.966  -21.560 0.6999999881
39530  22.771  -23.712  -20.159 0.8000000119
110999  25.631  -26.143  -22.531 0.6000000238
37678  24.781  -25.940  -22.305 0.6000000238
38607  23.830  -24.622  -21.843 0.6999999881
126853  23.233  -24.332  -21.520 0.8000000119
38586  22.572  -24.455  -20.274 0.8000000119
37699  24.553  -25.030  -22.294 0.6000000238
40518  24.085  -22.640  -20.182 0.8000000119
40519  23.218  -22.491  -20.388 0.8000000119
40520  22.969  -23.038  -20.257 0.8999999762
35650  26.830  -27.058  -22.646 0.6000000238
38609  22.853  -23.667  -21.267 0.8000000119
39543  22.725  -23.669  -20.655 0.8000000119
40536  22.729  -22.983  -20.549 0.8000000119
38631  23.439  -23.869  -21.950 0.6000000238
40534  24.500  -22.067  -20.619 0.8000000119
113212  22.911  -22.013  -20.607 0.8000000119
124634  26.332  -26.393  -22.692 0.6000000238
37698  25.323  -25.346  -22.692 0.6000000238
40549  22.537  -22.649  -20.958 0.8000000119
38629  25.022  -24.450  -22.586 0.6000000238
40564  23.072  -22.369  -21.887 0.6999999881
112245  22.515  -21.911  -20.949 0.8000000119
40562  24.727  -22.899  -22.654 0.6000000238
40563  23.548  -22.056  -22.675 0.6000000238
117295  22.776  -21.326  -21.960 0.6999999881
38628  25.816  -24.641  -22.963 0.6000000238
39572  25.455  -23.703  -22.724 0.6000000238
42374  25.329  -21.158  -21.250 0.8000000119
41481  23.361  -21.281  -20.804 0.8000000119
36671  26.884  -26.398  -23.072 0.6000000238
121345  24.355  -21.319  -20.990 0.8000000119
123751  27.404  -26.350  -23.222 0.5000000000
42395  22.882  -20.554  -21.549 0.8000000119
42376  22.886  -20.888  -21.022 0.8000000119
37714  27.016  -25.614  -23.143 0.6000000238
37697  26.225  -25.619  -22.948 0.6000000238
42409  22.884  -20.249  -22.453 0.6000000238
38641  27.475  -24.706  -22.891 0.5000000000
38642  26.677  -24.685  -22.978 0.6000000238
39589  26.342  -23.773  -22.955 0.6000000238
113230  26.888  -23.024  -23.234 0.6000000238
39590  25.871  -22.823  -23.051 0.6000000238
40585  24.888  -22.074  -22.990 0.6000000238
41526  23.874  -21.397  -23.076 0.6000000238
128502  24.380  -20.817  -21.336 0.8000000119
42375  23.344  -20.757  -21.095 0.8000000119
107528  25.093  -20.433  -21.688 0.8000000119
43339  24.618  -19.573  -22.236 0.6999999881
42393  23.774  -20.262  -21.645 0.6999999881
39588  27.228  -23.800  -22.902 0.6000000238
41527  23.004  -20.987  -22.937 0.6000000238
43341  22.942  -19.531  -22.329 0.6999999881
111217  27.832  -23.025  -23.277 0.5000000000
42428  23.781  -20.620  -23.247 0.6000000238
40583  27.366  -22.499  -23.645 0.5000000000
110716  25.859  -21.978  -23.282 0.6000000238
41525  25.177  -21.239  -23.410 0.6000000238
107804  25.565  -19.192  -22.382 0.6999999881
43340  23.235  -19.429  -22.240 0.6000000238
43359  22.607  -18.855  -22.787 0.6000000238
43386  22.801  -19.045  -23.136 0.6000000238
44399  22.816  -18.723  -22.577 0.6000000238
41523  27.278  -21.904  -24.008 0.5000000000
121922  26.423  -21.542  -23.705 0.6000000238
42426  26.216  -20.692  -23.796 0.6000000238
42427  25.016  -20.270  -23.664 0.6000000238
42429  22.892  -19.806  -22.993 0.6000000238
44410  22.567  -18.381  -22.919 0.6000000238
41524  27.066  -21.139  -24.223 0.6000000238
42439  26.790  -20.499  -24.462 0.6000000238
40600  28.084  -22.255  -24.052 0.5000000000
41536  27.852  -21.508  -24.524 0.5000000000
41535  28.561  -21.653  -24.424 0.4000000060
42437  28.528  -21.028  -24.819 0.5000000000
44379  24.705  -18.625  -22.430 0.6000000238
45356  23.598  -18.054  -22.378 0.6000000238
43385  23.715  -18.838  -23.520 0.6000000238
45390  22.943  -17.668  -23.058 0.6000000238
107505  26.097  -19.830  -24.085 0.6000000238
43384  25.495  -19.055  -24.466 0.6000000238
42438  27.606  -20.675  -24.919 0.5000000000
42436  29.303  -20.413  -24.987 0.4000000060
42446  28.447  -20.407  -25.217 0.4000000060
112443  24.549  -18.689  -24.010 0.6000000238
45402  23.256  -17.559  -23.481 0.5000000000
122067  23.551  -17.498  -22.732 0.5000000000
45355  24.695  -17.664  -22.552 0.5000000000
118045  24.783  -19.438  -23.928 0.6000000238
44418  23.637  -17.824  -23.806 0.5000000000
43383  26.387  -19.336  -24.787 0.6000000238
43397  27.898  -19.790  -25.417 0.5000000000
115364  25.419  -17.115  -22.879 0.4000000060
44417  25.015  -18.129  -24.282 0.5000000000
43398  27.047  -19.207  -25.303 0.4000000060
44416  26.224  -18.435  -24.787 0.6000000238
44432  26.465  -17.586  -24.955 0.6000000238
45418  24.477  -16.649  -24.450 0.4000000060
126795  27.943  -18.879  -25.655 0.4000000060
45414  27.977  -17.983  -25.862 0.4000000060
46365  24.703  -16.049  -24.782 0.4000000060
44431  27.159  -18.259  -25.347 0.4000000060
45400  25.414  -17.344  -24.669 0.4000000060
44430  28.600  -19.349  -25.826 0.4000000060
47379  26.335  -15.860  -23.592 0.4000000060
47380  25.131  -15.891  -23.657 0.4000000060
45417  25.017  -16.420  -25.056 0.4000000060
45426  28.706  -17.645  -26.430 0.4000000060
46362  27.200  -16.442  -25.797 0.4000000060
45416  25.919  -16.698  -25.162 0.4000000060
119391  25.836  -15.404  -24.103 0.4000000060
47399  25.052  -15.532  -24.289 0.4000000060
47415  24.682  -15.824  -24.495 0.4000000060
46361  28.034  -16.943  -25.815 0.3000000119
46364  25.278  -15.926  -25.380 0.4000000060
47428  24.995  -15.718  -25.007 0.4000000060
48488  26.338  -14.941  -24.530 0.4000000060
47414  25.254  -15.440  -24.812 0.4000000060
29106  23.529  -34.689  -19.029 0.8999999762
29977  27.447  -33.975  -15.498 0.8999999762
112813  27.671  -33.048  -15.556 1.0000000000
30802  27.385  -32.425  -16.318 1.0000000000
29093  25.419  -34.741  -18.274 0.8999999762
116707  26.662  -34.266  -17.237 0.8999999762
29993  27.197  -33.226  -16.364 1.0000000000
30006  25.824  -32.892  -17.363 0.8999999762
45377  23.639  -16.933  -23.159 0.4000000060
45401  23.610  -16.976  -24.043 0.4000000060
46328  24.259  -16.436  -23.435 0.4000000060
24440  27.065  -39.439  -9.059 0.8999999762
24463  27.613  -39.518  -11.369 1.0000000000
111258  24.728  -39.689  -12.727 0.8000000119
114487  24.975  -37.975  -7.971 0.8999999762
26200  28.548  -38.153  -10.897 1.0000000000
27123  27.762  -36.110  -10.015 0.8999999762
27173  27.069  -36.775  -13.920 0.8999999762
28157  24.725  -35.330  -18.753 0.8999999762
116159  24.709  -36.206  -18.693 0.8000000119
29995  25.855  -33.892  -17.680 0.8999999762
28969  26.314  -34.277  -9.525 0.8999999762
30753  21.320  -32.871  -11.736 0.4000000060
122434  22.321  -34.661  -20.141 0.6999999881
30868  23.064  -32.969  -19.697 0.8000000119
29926  27.478  -33.016  -10.052 0.8999999762
117374  25.231  -34.737  -20.430 0.6000000238
31761  22.254  -31.551  -18.805 0.8999999762
30853  25.620  -32.574  -19.949 0.6999999881
29994  26.657  -33.433  -17.127 0.8999999762
30804  25.638  -32.000  -17.218 0.8999999762
30819  25.001  -32.466  -17.492 0.8999999762
31744  22.313  -31.489  -18.332 0.8999999762
118369  23.537  -31.140  -10.650 0.5000000000
30764  30.822  -32.546  -13.087 1.0000000000
32652  31.083  -30.656  -13.450 0.8000000119
31705  31.100  -31.661  -13.597 0.8999999762
32617  25.219  -30.508  -10.506 0.6000000238
33653  21.825  -29.664  -17.979 0.8999999762
33562  26.737  -29.563  -10.716 0.6000000238
33544  25.107  -29.664  -10.274 0.5000000000
121445  28.779  -29.012  -15.676 0.8999999762
34512  26.288  -28.866  -10.437 0.5000000000
35549  31.375  -27.881  -13.276 0.6999999881
35562  30.679  -28.043  -15.065 0.8000000119
34529  27.762  -28.156  -10.992 0.5000000000
34528  28.494  -28.179  -11.157 0.5000000000
36610  31.264  -26.123  -15.897 0.6999999881
37637  30.111  -25.855  -17.443 0.8000000119
36629  26.898  -26.253  -17.183 0.8999999762
37641  24.935  -26.059  -17.460 0.8999999762
35622  24.994  -27.253  -19.758 0.8000000119
35633  23.956  -26.752  -20.127 0.8000000119
125603  31.575  -25.766  -14.841 0.6999999881
38568  28.805  -24.584  -18.621 0.8000000119
38572  22.557  -24.920  -19.206 0.8999999762
38583  25.003  -24.040  -19.070 0.8999999762
120342  31.530  -24.275  -14.306 0.6000000238
37679  24.099  -25.418  -21.704 0.6999999881
115463  23.585  -23.227  -19.917 0.8999999762
39574  23.092  -23.172  -21.852 0.6999999881
122046  24.631  -23.683  -22.485 0.6000000238
39573  23.643  -23.226  -22.460 0.6000000238
40548  22.534  -21.977  -21.293 0.8000000119
42394  23.002  -20.271  -21.487 0.6999999881
42440  23.725  -19.723  -23.442 0.6000000238
40584  26.630  -22.307  -23.553 0.6000000238
44419  22.612  -18.186  -23.220 0.6000000238
46327  24.978  -16.614  -23.250 0.4000000060
46342  23.920  -16.498  -23.671 0.4000000060
47398  26.812  -15.451  -23.991 0.4000000060
47425  26.783  -15.745  -25.956 0.4000000060
123179  24.470  -34.561  -18.621 0.8999999762
17487  23.325  -46.286  -8.799 0.4000000060
117864  23.520  -46.092  -7.781 0.4000000060
17441  22.775  -46.115  -6.775 0.4000000060
18538  23.475  -45.437  -9.271 0.4000000060
18508  23.594  -45.264  -7.354 0.4000000060
18493  23.120  -45.377  -6.760 0.4000000060
19514  24.104  -44.292  -10.145 0.3000000119
115642  24.053  -44.706  -7.946 0.4000000060
20535  23.880  -43.960  -10.994 0.4000000060
109666  23.952  -43.380  -11.612 0.4000000060
20570  23.537  -43.090  -12.321 0.4000000060
21600  23.167  -42.590  -12.926 0.4000000060
19463  23.731  -44.386  -7.253 0.5000000000
19449  22.735  -44.723  -6.555 0.4000000060
19478  24.534  -44.189  -8.518 0.4000000060
128020  24.588  -43.843  -10.487 0.5000000000
20550  24.779  -43.379  -11.153 0.4000000060
21586  24.337  -42.679  -11.924 0.4000000060
21599  23.683  -42.241  -12.574 0.5000000000
22592  23.254  -40.849  -13.191 0.5000000000
23555  22.704  -40.193  -13.421 0.6000000238
22601  22.577  -40.999  -13.636 0.5000000000
23556  21.993  -40.301  -13.778 0.6000000238
24486  21.743  -39.857  -14.129 0.4000000060
20477  23.704  -43.543  -7.023 0.5000000000
20463  22.229  -43.916  -6.405 0.5000000000
20464  21.157  -43.981  -6.576 0.5000000000
19464  20.375  -43.716  -6.816 0.5000000000
20494  25.149  -43.479  -8.484 0.6000000238
20476  24.409  -43.845  -7.783 0.6000000238
20513  24.933  -43.874  -9.022 0.5000000000
20512  25.366  -43.430  -9.383 0.6000000238
20534  25.257  -43.485  -10.319 0.5000000000
113318  25.152  -42.674  -11.441 0.5000000000
22579  25.004  -41.938  -11.923 0.4000000060
22591  24.429  -41.270  -12.408 0.6000000238
23548  23.856  -40.621  -12.666 0.6000000238
24475  23.410  -40.108  -13.083 0.6000000238
24484  23.081  -39.613  -13.496 0.6000000238
24497  22.878  -39.138  -14.052 0.6000000238
25329  22.835  -38.694  -14.751 0.6000000238
24485  22.324  -39.697  -13.785 0.6000000238
24498  22.115  -39.325  -14.542 0.6000000238
25346  22.269  -38.866  -15.311 0.6000000238
109080  22.357  -38.588  -16.089 0.6000000238
108383  24.261  -43.020  -7.397 0.5000000000
20478  22.806  -43.178  -6.533 0.5000000000
20479  21.652  -42.986  -6.632 0.5000000000
20480  20.754  -43.275  -6.849 0.5000000000
122272  24.893  -43.178  -7.891 0.6000000238
21566  25.768  -42.898  -10.020 0.6000000238
20493  25.685  -42.675  -9.003 0.6000000238
21585  25.601  -42.932  -10.897 0.5000000000
21551  26.023  -42.102  -9.704 0.6000000238
129014  25.153  -41.177  -12.235 0.6000000238
25312  23.705  -39.007  -13.716 0.6000000238
25345  22.955  -38.354  -15.488 0.6000000238
25365  23.050  -38.117  -16.348 0.6999999881
21508  22.480  -42.328  -7.106 0.6000000238
21509  21.568  -42.297  -7.360 0.5000000000
21510  20.748  -42.610  -7.344 0.5000000000
21531  25.302  -42.677  -8.239 0.6000000238
21506  24.723  -42.447  -7.723 0.6000000238
115240  23.967  -42.188  -7.334 0.6000000238
21532  21.089  -41.925  -7.930 0.5000000000
22543  19.921  -41.775  -8.594 0.5000000000
21505  25.175  -41.858  -8.019 0.6000000238
22590  25.721  -41.402  -11.628 0.6000000238
112418  23.224  -42.003  -7.209 0.6000000238
22520  22.688  -41.541  -7.567 0.6000000238
22521  21.884  -41.740  -7.795 0.6000000238
22518  24.446  -41.624  -7.626 0.6000000238
23490  22.936  -40.701  -7.817 0.6000000238
22540  22.110  -41.092  -8.155 0.6000000238
22541  21.354  -41.328  -8.351 0.6000000238
22551  20.257  -41.225  -8.758 0.6000000238
23488  24.966  -41.015  -7.745 0.6000000238
22552  19.650  -41.295  -9.026 0.5000000000
22550  26.098  -41.761  -8.932 0.6000000238
23513  19.431  -40.654  -9.249 0.6000000238
26308  23.775  -37.479  -17.750 0.6999999881
23489  23.970  -40.814  -7.720 0.6000000238
23503  22.148  -40.262  -8.178 0.6000000238
23501  24.476  -40.196  -7.717 0.6000000238
23502  23.548  -40.035  -7.865 0.6000000238
23505  20.859  -40.948  -8.787 0.6000000238
23512  20.179  -40.684  -8.907 0.6000000238
22539  25.733  -41.189  -8.394 0.6000000238
24441  19.956  -39.897  -9.004 0.6000000238
22538  26.533  -40.989  -8.827 0.6000000238
22560  26.500  -41.031  -10.166 0.6000000238
27253  23.451  -36.371  -18.801 0.6999999881
23500  25.363  -40.293  -7.991 0.6000000238
115496  22.799  -39.908  -8.097 0.6999999881
116066  21.574  -39.920  -8.484 0.6999999881
28164  23.527  -35.543  -19.052 0.6999999881
24429  24.106  -39.398  -7.736 0.6999999881
125757  24.879  -39.593  -7.750 0.6999999881
24431  22.204  -39.365  -8.315 0.6999999881
108721  21.320  -39.273  -8.699 0.6999999881
24432  20.869  -40.110  -8.851 0.6000000238
25254  20.925  -38.531  -8.756 0.6000000238
112773  20.558  -39.246  -9.032 0.5000000000
29107  22.527  -34.880  -19.704 0.8000000119
24428  24.746  -38.747  -7.835 0.6999999881
25251  23.716  -38.596  -7.903 0.6999999881
25252  22.753  -38.513  -8.200 0.6999999881
25253  21.782  -38.468  -8.446 0.6999999881
24443  18.810  -39.044  -9.619 0.5000000000
26180  22.281  -37.495  -8.260 0.6999999881
26181  21.215  -37.602  -8.471 0.6000000238
115262  19.738  -38.040  -9.224 0.6000000238
38581  26.890  -24.043  -19.163 0.6999999881
38558  30.393  -25.100  -17.943 0.6999999881
38567  29.672  -24.815  -18.366 0.6999999881
38557  31.106  -24.366  -17.663 0.6000000238
38580  27.716  -23.934  -19.172 0.6999999881
39525  27.231  -23.521  -19.690 0.6999999881
39526  26.418  -23.507  -19.625 0.6999999881
39495  31.785  -23.802  -17.056 0.6000000238
38566  30.377  -24.282  -18.340 0.6000000238
39509  29.562  -23.909  -18.834 0.6999999881
39510  28.561  -23.903  -19.093 0.6999999881
39541  26.758  -23.090  -20.238 0.6999999881
39542  25.997  -22.821  -19.978 0.6999999881
41480  25.427  -21.776  -20.779 0.6999999881
39499  31.474  -23.457  -17.798 0.6000000238
39500  30.910  -23.742  -18.210 0.6000000238
39508  30.485  -23.513  -18.751 0.6000000238
39523  29.066  -23.249  -19.414 0.6999999881
39524  28.134  -23.323  -19.712 0.6999999881
40531  27.197  -22.681  -20.762 0.6999999881
40532  26.290  -22.344  -20.585 0.6999999881
40505  30.774  -22.828  -19.176 0.5000000000
39522  29.956  -23.102  -19.289 0.6000000238
40529  29.063  -22.329  -20.489 0.5000000000
41478  27.685  -22.162  -21.137 0.6999999881
41494  27.164  -21.558  -21.494 0.6999999881
42392  26.349  -20.820  -21.729 0.6999999881
44427  31.140  -18.311  -26.520 0.3000000119
44440  30.766  -18.371  -26.875 0.3000000119
44442  28.842  -18.640  -26.259 0.3000000119
17469  23.214  -46.813  -8.010 0.4000000060
17456  22.812  -46.812  -6.850 0.3000000119
17442  22.255  -46.785  -6.391 0.4000000060
17505  23.193  -46.098  -9.750 0.3000000119
108482  22.135  -46.014  -6.477 0.4000000060
19515  23.373  -44.593  -10.582 0.4000000060
18495  21.573  -45.431  -6.510 0.4000000060
20551  23.383  -43.754  -11.757 0.4000000060
129259  23.079  -43.600  -12.353 0.4000000060
118902  22.911  -43.205  -12.879 0.4000000060
22593  23.094  -41.783  -13.271 0.5000000000
23564  21.319  -40.516  -14.361 0.4000000060
19451  20.379  -44.354  -6.706 0.4000000060
24511  21.572  -39.292  -15.275 0.5000000000
19465  19.677  -43.878  -6.960 0.5000000000
25366  22.306  -38.355  -17.138 0.6000000238
20481  20.032  -43.234  -7.286 0.5000000000
21511  19.984  -42.721  -7.859 0.5000000000
21534  19.615  -42.480  -8.434 0.5000000000
26296  23.084  -37.858  -17.195 0.6000000238
21552  19.262  -42.047  -8.977 0.5000000000
108638  18.866  -41.457  -9.425 0.4000000060
27243  23.250  -37.008  -18.364 0.6999999881
24442  19.132  -39.831  -9.342 0.5000000000
115874  22.425  -35.842  -19.507 0.6999999881
25266  19.682  -38.981  -9.309 0.5000000000
28174  22.351  -34.963  -20.184 0.6999999881
25272  18.420  -38.335  -9.894 0.5000000000
25267  19.158  -38.300  -9.669 0.6000000238
35544  31.093  -27.518  -12.021 0.6000000238
36579  31.104  -26.551  -12.238 0.6000000238
40498  31.903  -22.724  -18.112 0.5000000000
40504  31.526  -22.302  -18.916 0.5000000000
41463  30.554  -21.786  -19.989 0.5000000000
40528  29.826  -22.096  -20.337 0.5000000000
41493  28.260  -21.285  -21.316 0.5000000000
42390  28.359  -20.419  -21.598 0.5000000000
108146  26.959  -20.013  -22.170 0.5000000000
46378  31.751  -17.508  -26.863 0.3000000119
45424  31.469  -17.956  -27.164 0.3000000119
45425  29.539  -18.035  -26.789 0.3000000119
23511  26.763  -40.658  -9.482 0.6000000238
22549  26.414  -41.372  -9.454 0.6000000238
21565  26.032  -42.306  -10.644 0.6000000238
25344  23.855  -38.137  -15.789 0.6999999881
40517  25.108  -22.772  -20.076 0.6999999881
43338  25.902  -19.880  -22.076 0.6000000238
44441  29.871  -18.592  -26.438 0.3000000119
28175  22.037  -35.322  -20.113 0.6999999881
18524  23.728  -45.463  -8.292 0.4000000060
19479  23.890  -44.802  -8.798 0.4000000060
19492  24.355  -44.352  -9.302 0.5000000000
19450  21.877  -44.715  -6.420 0.5000000000
112784  22.356  -41.755  -13.706 0.3000000119
24499  21.354  -39.766  -14.740 0.4000000060
19452  19.678  -44.682  -6.667 0.5000000000
129991  20.254  -38.545  -9.032 0.6000000238
39540  27.461  -23.101  -20.252 0.6999999881
40533  25.540  -22.325  -20.401 0.6999999881
40516  28.763  -22.789  -19.924 0.6999999881
39507  31.222  -23.128  -18.533 0.6000000238
40513  30.912  -22.224  -19.510 0.5000000000
40515  29.495  -22.640  -19.833 0.6000000238
40530  28.109  -22.664  -20.519 0.6999999881
123512  26.919  -22.197  -21.193 0.6999999881
41479  26.261  -21.620  -21.110 0.6999999881
41462  31.263  -21.578  -19.516 0.5000000000
40514  30.270  -22.445  -19.703 0.5000000000
41477  28.513  -22.073  -20.972 0.5000000000
42391  27.514  -20.663  -21.724 0.5000000000
40497  32.343  -22.291  -17.612 0.5000000000
41475  30.008  -21.271  -20.388 0.5000000000
125129  29.643  -20.826  -20.743 0.5000000000
43337  27.926  -19.871  -21.960 0.5000000000
27244  22.112  -36.642  -18.914 0.6000000238
28165  22.076  -35.510  -20.098 0.6000000238
109478  24.142  -35.943  -20.700 0.5000000000
27276  22.449  -35.897  -20.243 0.6000000238
28189  22.826  -35.181  -20.396 0.6000000238
28186  25.403  -35.488  -20.230 0.5000000000
28187  24.742  -35.405  -20.577 0.5000000000
28188  23.878  -35.304  -20.487 0.6000000238
123675  23.309  -34.620  -20.374 0.6000000238
124722  26.058  -35.710  -19.607 0.5000000000
28172  27.808  -35.438  -19.445 0.5000000000
28064  19.752  -35.425  -10.829 0.4000000060
27141  19.114  -35.519  -11.418 0.4000000060
28085  19.174  -34.860  -12.043 0.4000000060
118385  26.009  -34.902  -19.679 0.5000000000
29123  28.228  -34.996  -19.368 0.5000000000
29124  27.164  -34.861  -19.454 0.5000000000
117658  28.672  -34.411  -19.402 0.5000000000
29025  19.703  -34.200  -12.319 0.4000000060
32620  22.941  -30.788  -10.676 0.4000000060
32629  22.270  -31.113  -11.015 0.4000000060
31678  21.457  -31.423  -11.317 0.4000000060
125354  20.986  -30.783  -11.266 0.3000000119
35524  26.447  -28.010  -10.479 0.4000000060
119626  25.813  -28.276  -10.291 0.4000000060
33545  24.404  -30.042  -10.265 0.4000000060
32619  23.611  -30.435  -10.366 0.4000000060
117620  23.666  -29.544  -10.104 0.4000000060
33546  22.922  -29.959  -10.378 0.4000000060
126469  23.700  -28.753  -9.951 0.4000000060
32621  22.281  -30.316  -10.707 0.4000000060
32630  21.598  -30.602  -11.011 0.4000000060
34513  25.476  -28.971  -10.099 0.4000000060
34514  25.075  -28.190  -10.047 0.4000000060
117796  24.551  -29.066  -9.906 0.4000000060
119997  27.217  -27.526  -10.732 0.4000000060
118062  25.670  -27.581  -10.269 0.4000000060
112302  24.212  -28.153  -10.008 0.4000000060
112301  23.302  -28.123  -9.931 0.4000000060
33547  22.284  -29.590  -10.503 0.4000000060
110316  22.905  -27.267  -9.872 0.4000000060
35527  22.376  -28.065  -10.143 0.4000000060
33548  21.624  -29.842  -10.697 0.4000000060
35535  29.687  -27.431  -11.383 0.4000000060
36574  26.841  -26.425  -10.699 0.4000000060
112073  26.336  -27.146  -10.467 0.4000000060
36562  25.306  -26.799  -10.122 0.4000000060
35536  28.892  -27.454  -11.184 0.4000000060
35537  28.087  -27.476  -11.015 0.4000000060
36573  27.703  -26.658  -10.956 0.4000000060
37571  25.881  -26.287  -10.510 0.4000000060
37572  25.013  -25.923  -10.149 0.4000000060
35525  24.790  -27.488  -9.978 0.4000000060
35526  23.865  -27.379  -9.852 0.4000000060
115399  23.445  -26.353  -9.811 0.4000000060
35545  30.373  -26.956  -11.638 0.5000000000
36571  29.316  -26.807  -11.346 0.5000000000
36572  28.477  -26.740  -11.157 0.4000000060
119842  28.059  -26.077  -11.273 0.4000000060
37585  27.355  -25.617  -11.149 0.4000000060
36563  24.456  -26.602  -9.902 0.4000000060
36580  29.958  -26.125  -11.326 0.5000000000
37586  26.381  -25.396  -10.803 0.4000000060
37598  29.632  -25.276  -11.577 0.4000000060
37599  28.737  -24.908  -11.595 0.4000000060
37584  28.055  -25.334  -11.483 0.4000000060
38506  26.693  -24.703  -11.458 0.4000000060
39445  29.242  -23.577  -12.655 0.4000000060
39446  28.296  -23.385  -12.623 0.4000000060
128543  27.964  -23.795  -12.343 0.4000000060
119173  27.465  -23.451  -12.543 0.4000000060
39468  27.002  -22.859  -13.135 0.4000000060
37608  31.291  -25.770  -12.642 0.5000000000
38535  30.685  -24.037  -13.175 0.5000000000
39467  27.871  -22.783  -13.039 0.4000000060
38515  29.407  -24.410  -11.993 0.5000000000
38504  28.075  -24.641  -11.734 0.4000000060
38505  27.471  -24.731  -11.627 0.4000000060
38519  25.979  -24.008  -12.171 0.4000000060
38516  28.471  -24.101  -12.113 0.4000000060
38518  26.950  -24.109  -12.142 0.4000000060
39444  30.024  -23.563  -13.035 0.5000000000
39466  28.678  -22.971  -13.339 0.4000000060
39485  31.700  -23.365  -14.431 0.5000000000
39464  30.453  -23.387  -13.503 0.5000000000
39465  29.536  -23.079  -13.546 0.4000000060
40455  28.854  -22.600  -13.971 0.4000000060
40456  28.170  -22.481  -13.714 0.4000000060
117594  27.462  -22.489  -13.518 0.3000000119
40457  26.693  -22.352  -13.708 0.3000000119
40458  25.789  -22.393  -13.917 0.3000000119
39463  31.182  -23.741  -13.759 0.5000000000
114345  32.028  -23.538  -15.420 0.4000000060
124736  30.223  -22.826  -13.765 0.3000000119
40454  29.571  -22.468  -13.974 0.4000000060
40477  27.573  -22.112  -13.897 0.3000000119
40478  26.252  -21.894  -14.129 0.3000000119
40453  31.114  -22.905  -13.798 0.3000000119
108227  31.835  -22.755  -15.219 0.4000000060
40488  32.012  -22.194  -15.844 0.4000000060
39494  32.077  -23.295  -16.685 0.4000000060
39498  32.067  -23.033  -17.351 0.4000000060
124046  29.693  -21.872  -14.242 0.3000000119
40475  28.995  -22.063  -14.303 0.3000000119
40476  28.312  -22.081  -14.159 0.3000000119
41424  27.632  -21.427  -14.352 0.3000000119
125141  26.971  -21.783  -13.991 0.3000000119
41426  25.596  -21.741  -14.151 0.3000000119
41427  24.847  -21.264  -14.036 0.3000000119
40474  30.432  -22.241  -14.206 0.3000000119
42325  26.302  -20.629  -14.667 0.3000000119
109023  26.050  -21.316  -14.325 0.3000000119
127025  24.924  -20.616  -14.406 0.3000000119
40473  31.318  -22.459  -14.541 0.3000000119
40489  31.521  -21.933  -15.188 0.3000000119
41448  32.255  -21.550  -16.355 0.3000000119
40494  32.255  -22.493  -16.746 0.4000000060
40503  32.233  -21.953  -18.342 0.4000000060
41456  31.919  -21.415  -18.912 0.4000000060
120195  29.234  -21.582  -20.905 0.4000000060
122418  24.362  -20.519  -14.362 0.3000000119
41441  30.662  -20.871  -14.805 0.3000000119
41421  30.163  -21.383  -14.498 0.3000000119
41420  30.886  -21.692  -14.723 0.3000000119
41440  31.285  -21.064  -15.049 0.3000000119
41439  31.854  -21.266  -15.573 0.3000000119
113942  32.410  -21.787  -17.130 0.3000000119
41451  32.435  -21.512  -17.768 0.4000000060
42356  32.383  -20.331  -18.320 0.3000000119
41455  32.308  -21.130  -18.356 0.4000000060
42357  32.173  -20.698  -18.831 0.4000000060
42363  30.927  -20.880  -20.173 0.4000000060
116266  30.143  -20.586  -20.458 0.4000000060
116842  29.797  -20.187  -20.797 0.4000000060
41476  29.136  -20.580  -21.309 0.4000000060
43336  28.783  -19.810  -21.682 0.4000000060
43304  32.132  -19.874  -19.031 0.3000000119
43324  30.581  -19.928  -20.413 0.4000000060
43325  30.033  -19.554  -20.827 0.4000000060
43335  29.463  -19.713  -21.276 0.4000000060
44396  28.886  -18.409  -22.010 0.4000000060
43356  28.364  -19.081  -21.936 0.4000000060
43357  27.417  -19.170  -22.240 0.4000000060
43358  26.463  -19.231  -22.367 0.5000000000
44343  32.229  -18.839  -18.738 0.3000000119
43309  31.691  -19.172  -19.553 0.3000000119
43323  31.141  -19.354  -20.111 0.3000000119
44362  30.596  -18.997  -20.534 0.4000000060
44361  30.443  -18.318  -21.026 0.4000000060
44376  29.886  -19.004  -21.156 0.4000000060
44377  29.185  -19.076  -21.629 0.4000000060
44375  29.651  -18.370  -21.542 0.3000000119
121085  27.093  -17.788  -22.485 0.3000000119
44398  26.819  -18.443  -22.406 0.3000000119
44378  25.768  -18.460  -22.446 0.4000000060
114612  26.766  -17.141  -22.864 0.3000000119
45375  26.108  -17.730  -22.546 0.3000000119
124991  31.578  -18.020  -19.881 0.3000000119
118287  31.131  -18.245  -20.474 0.3000000119
45353  30.241  -17.667  -21.509 0.3000000119
46308  29.826  -17.041  -21.939 0.3000000119
45373  28.645  -17.702  -22.324 0.3000000119
45374  27.782  -17.424  -22.535 0.3000000119
46324  28.586  -16.901  -22.758 0.3000000119
45330  31.921  -17.567  -19.083 0.3000000119
129807  31.452  -17.785  -20.327 0.3000000119
45340  31.119  -17.568  -20.828 0.3000000119
46307  30.885  -16.796  -21.461 0.3000000119
113693  29.217  -17.287  -22.450 0.3000000119
108927  27.656  -16.757  -22.861 0.3000000119
46341  27.974  -16.026  -23.060 0.3000000119
47378  27.216  -15.865  -23.527 0.3000000119
47397  27.714  -15.478  -23.744 0.3000000119
37597  30.573  -25.683  -12.027 0.5000000000
27254  21.956  -36.344  -19.834 0.5000000000
27263  21.988  -36.043  -20.007 0.5000000000
27275  23.196  -36.446  -20.461 0.5000000000
26340  22.166  -36.441  -20.141 0.5000000000
27262  26.802  -36.454  -19.690 0.5000000000
26337  25.249  -36.912  -20.155 0.5000000000
27096  20.640  -36.873  -8.686 0.6000000238
26191  19.953  -37.185  -9.253 0.6000000238
27109  20.477  -36.344  -9.700 0.6000000238
27110  19.682  -36.779  -10.078 0.5000000000
27125  19.196  -36.268  -10.761 0.5000000000
27142  18.461  -36.070  -11.437 0.5000000000
28074  18.457  -35.429  -11.957 0.4000000060
28086  18.458  -35.025  -12.418 0.4000000060
29026  18.703  -34.402  -12.605 0.4000000060
31694  19.942  -31.918  -11.888 0.3000000119
31679  20.526  -31.308  -11.487 0.3000000119
34515  21.766  -28.880  -10.463 0.4000000060
110315  22.052  -27.152  -10.222 0.4000000060
37587  25.456  -25.286  -10.663 0.4000000060
37575  22.170  -25.573  -10.212 0.4000000060
37588  24.578  -25.129  -10.660 0.4000000060
37573  24.103  -25.717  -10.151 0.4000000060
38507  25.797  -24.590  -11.197 0.4000000060
38499  23.726  -24.921  -10.550 0.4000000060
39447  26.522  -23.411  -12.674 0.4000000060
39469  26.026  -22.933  -13.412 0.4000000060
39448  25.791  -23.354  -12.795 0.4000000060
41408  25.099  -22.154  -13.817 0.3000000119
40459  24.553  -22.518  -13.417 0.3000000119
27261  27.892  -36.159  -19.635 0.5000000000
30767  19.454  -32.693  -12.351 0.4000000060
35528  21.494  -27.850  -10.411 0.4000000060
113568  25.000  -24.678  -11.131 0.4000000060
29953  19.141  -33.596  -12.536 0.4000000060
120756  24.429  -34.692  -20.486 0.5000000000
37607  31.419  -25.510  -13.413 0.5000000000
39492  32.064  -23.070  -16.046 0.5000000000
42362  31.659  -20.741  -19.399 0.4000000060
27286  23.204  -35.726  -20.492 0.6000000238
27274  24.931  -36.067  -20.554 0.5000000000
27273  25.732  -36.282  -20.005 0.5000000000
120131  22.823  -28.991  -10.131 0.4000000060
120648  23.390  -25.502  -10.124 0.4000000060
36564  22.502  -26.378  -9.983 0.4000000060
37583  28.852  -25.894  -11.374 0.4000000060
115645  30.209  -24.835  -12.089 0.5000000000
38534  31.228  -24.635  -13.680 0.5000000000
37596  30.979  -24.892  -12.697 0.5000000000
38514  30.131  -24.142  -12.536 0.5000000000
43310  31.430  -20.003  -19.863 0.4000000060
42337  31.535  -20.562  -15.494 0.3000000119
45354  29.398  -17.770  -21.985 0.3000000119
44397  27.857  -18.259  -22.177 0.4000000060
44350  31.763  -18.355  -19.275 0.3000000119
44360  31.372  -18.707  -20.041 0.3000000119
46295  31.534  -16.787  -20.666 0.3000000119
37574  22.849  -25.711  -9.989 0.4000000060
23514  18.654  -40.617  -9.528 0.4000000060
112028  18.276  -39.836  -9.561 0.4000000060
24452  17.517  -39.894  -9.830 0.4000000060
120811  17.896  -39.103  -9.774 0.3000000119
25273  17.546  -38.350  -10.175 0.3000000119
25367  21.681  -38.852  -16.553 0.5000000000
26193  18.814  -37.763  -9.980 0.5000000000
26203  18.049  -37.519  -10.322 0.3000000119
25377  21.840  -38.261  -18.260 0.5000000000
25378  21.515  -38.804  -17.467 0.5000000000
26192  19.338  -37.524  -9.715 0.5000000000
26202  18.837  -37.008  -10.159 0.4000000060
26309  22.529  -37.675  -18.199 0.5000000000
25389  21.666  -38.222  -19.039 0.3000000119
26318  21.749  -37.259  -19.172 0.4000000060
25398  21.907  -38.347  -19.492 0.3000000119
124748  21.758  -37.568  -19.639 0.3000000119
26328  21.974  -37.739  -20.093 0.3000000119
117882  23.655  -37.334  -20.389 0.3000000119
25409  23.167  -38.038  -20.086 0.3000000119
26339  22.456  -37.112  -20.264 0.4000000060
26329  21.756  -36.847  -19.919 0.4000000060
28087  17.890  -35.444  -12.613 0.3000000119
26336  26.240  -37.205  -20.006 0.4000000060
123647  24.634  -37.453  -20.238 0.4000000060
33563  20.963  -30.167  -11.021 0.3000000119
33549  20.887  -29.359  -10.696 0.3000000119
113978  20.823  -28.427  -10.638 0.3000000119
34531  20.060  -28.894  -10.895 0.3000000119
35529  20.624  -27.484  -10.620 0.3000000119
117091  21.730  -26.281  -10.194 0.3000000119
38500  22.795  -24.936  -10.382 0.3000000119
38501  21.852  -24.769  -10.530 0.3000000119
37576  21.356  -25.526  -10.378 0.3000000119
107640  20.508  -25.665  -10.608 0.3000000119
38520  25.063  -24.084  -11.715 0.3000000119
38508  24.202  -24.253  -11.202 0.3000000119
38509  23.214  -24.133  -10.863 0.3000000119
129818  22.426  -24.303  -10.843 0.3000000119
39449  25.075  -23.448  -12.540 0.3000000119
39440  23.444  -23.757  -11.775 0.3000000119
38510  22.577  -23.846  -11.486 0.3000000119
39450  23.568  -23.372  -12.545 0.3000000119
39451  22.742  -23.520  -12.352 0.3000000119
124486  25.375  -23.057  -13.146 0.3000000119
121455  24.287  -23.244  -12.708 0.3000000119
39471  23.819  -22.898  -13.067 0.3000000119
25347  21.832  -39.002  -15.840 0.5000000000
26338  24.321  -36.658  -20.498 0.4000000060
29027  18.063  -34.880  -13.037 0.3000000119
39439  24.272  -23.701  -12.134 0.3000000119
27126  18.241  -36.719  -10.790 0.3000000119
28075  17.772  -35.865  -12.058 0.3000000119
18497  19.587  -45.435  -6.322 0.4000000060
19453  18.910  -44.936  -6.667 0.4000000060
115836  19.081  -44.333  -6.994 0.4000000060
19466  17.518  -44.327  -7.619 0.4000000060
19481  17.130  -44.034  -8.462 0.3000000119
20482  18.927  -43.766  -7.612 0.4000000060
19480  18.004  -43.825  -7.989 0.4000000060
20496  18.599  -43.372  -8.552 0.4000000060
22602  21.820  -41.186  -13.967 0.3000000119
20495  19.387  -43.165  -8.101 0.4000000060
20515  17.430  -43.023  -9.560 0.3000000119
112733  17.958  -42.482  -9.545 0.3000000119
20514  18.248  -42.982  -9.151 0.4000000060
22562  16.934  -41.351  -10.125 0.3000000119
21554  17.370  -42.151  -9.923 0.3000000119
23521  17.214  -40.638  -9.990 0.3000000119
21553  18.583  -42.327  -9.306 0.4000000060
22561  17.610  -41.330  -9.859 0.3000000119
23520  17.891  -40.593  -9.715 0.3000000119
18498  18.116  -45.249  -6.746 0.4000000060
18509  18.240  -44.394  -7.167 0.4000000060
114641  16.955  -39.978  -10.179 0.3000000119
18496  20.598  -45.254  -6.543 0.3000000119
23522  16.446  -40.432  -10.242 0.3000000119
17455  23.188  -46.500  -7.263 0.3000000119
18494  22.423  -45.407  -6.541 0.4000000060
19448  23.335  -44.789  -6.826 0.5000000000
19493  23.567  -44.759  -9.708 0.3000000119
19532  23.170  -44.362  -11.350 0.4000000060
20462  23.156  -44.080  -6.638 0.4000000060
21507  23.438  -42.695  -7.009 0.6000000238
21533  20.341  -42.197  -8.147 0.5000000000
21535  18.979  -42.828  -8.869 0.4000000060
21584  25.825  -42.259  -11.336 0.5000000000
21598  24.239  -41.923  -12.345 0.6000000238
21606  22.500  -42.578  -13.424 0.3000000119
22519  23.527  -41.439  -7.530 0.6000000238
22542  20.648  -41.545  -8.463 0.6000000238
22553  18.105  -41.844  -9.648 0.4000000060
22578  26.331  -41.584  -10.996 0.6000000238
23499  26.188  -40.335  -8.493 0.6000000238
23504  21.455  -40.642  -8.487 0.6000000238
23538  26.698  -40.676  -10.798 0.8000000119
24430  23.178  -39.307  -8.068 0.6999999881
24483  24.303  -39.278  -13.117 0.6999999881
25264  27.575  -39.041  -9.695 0.8999999762
25265  27.094  -38.542  -9.036 0.8999999762
25294  28.383  -38.127  -12.137 1.0000000000
26179  23.310  -37.742  -8.037 0.8999999762
26182  20.370  -37.750  -8.767 0.6000000238
27090  26.067  -37.194  -8.784 0.8999999762
27091  25.295  -36.717  -8.495 0.8999999762
27094  22.356  -36.632  -8.395 0.8000000119
28045  22.392  -35.399  -9.333 0.6999999881
28072  20.289  -34.822  -11.097 0.6000000238
28173  26.951  -35.562  -19.479 0.5000000000
29037  29.502  -34.701  -13.977 1.0000000000
29928  25.691  -33.091  -10.228 0.8999999762
29929  25.008  -33.234  -10.284 0.6999999881
30033  26.952  -33.604  -19.455 0.6000000238
30042  25.272  -33.534  -20.464 0.6000000238
30837  30.010  -32.281  -18.890 0.6000000238
32675  25.371  -30.065  -16.542 1.0000000000
32690  24.788  -30.651  -16.720 0.8999999762
32691  23.328  -30.662  -16.782 0.8999999762
32705  30.994  -30.990  -18.597 0.6000000238
34581  22.827  -28.948  -16.327 0.8999999762
34590  22.461  -28.884  -16.702 0.8999999762
35576  22.884  -28.437  -16.436 1.0000000000
35640  27.012  -27.390  -22.018 0.5000000000
36617  24.463  -26.869  -16.532 0.8999999762
36646  22.743  -25.959  -19.154 0.8999999762
36659  25.161  -26.633  -21.992 0.6000000238
38517  27.707  -24.152  -12.094 0.4000000060
38608  22.830  -24.547  -21.137 0.8000000119
38630  24.200  -24.150  -22.270 0.6000000238
39575  22.704  -22.721  -21.414 0.6999999881
40535  22.715  -22.288  -20.650 0.8000000119
41425  26.721  -21.267  -14.326 0.3000000119
41464  23.406  -21.973  -20.588 0.8000000119
41482  22.793  -21.590  -20.808 0.8000000119
41495  22.679  -21.368  -21.142 0.8000000119
43372  22.514  -18.832  -22.985 0.6000000238
43382  26.907  -19.986  -25.048 0.6000000238
44380  23.794  -18.892  -22.440 0.6000000238
44381  23.096  -18.545  -22.465 0.6000000238
44439  31.057  -18.124  -27.285 0.3000000119
45376  24.220  -16.813  -22.721 0.4000000060
45378  22.893  -18.055  -22.577 0.6000000238
45389  23.587  -17.027  -23.593 0.4000000060
45415  27.062  -17.163  -25.469 0.4000000060
46325  27.043  -16.413  -23.266 0.3000000119
46326  25.968  -16.508  -23.261 0.4000000060
46351  24.116  -16.334  -24.094 0.4000000060
46363  26.309  -16.199  -25.605 0.4000000060
47400  24.357  -15.962  -23.952 0.4000000060
48489  25.651  -15.078  -24.675 0.4000000060
48506  25.710  -14.767  -25.061 0.4000000060
107979  21.087  -44.856  -6.757 0.3000000119
108457  28.203  -34.658  -10.145 0.8999999762
110910  22.748  -19.307  -22.783 0.6000000238
114372  23.692  -39.577  -13.211 0.6000000238
115366  24.343  -17.325  -24.251 0.5000000000
117105  23.711  -41.396  -12.652 0.5000000000
117780  25.623  -42.061  -8.531 0.6000000238
117924  23.302  -45.884  -7.128 0.4000000060
119943  22.078  -29.887  -16.960 0.8999999762
120866  24.834  -43.901  -9.739 0.5000000000
121306  28.441  -29.209  -18.327 0.6000000238
123337  24.417  -27.781  -16.301 1.0000000000
123597  31.535  -17.982  -26.512 0.3000000119
123840  26.682  -39.093  -12.458 0.8999999762
124597  32.403  -20.802  -17.844 0.4000000060
125363  22.780  -25.760  -19.711 0.8000000119
125769  18.229  -41.195  -9.663 0.4000000060
126318  21.715  -30.862  -18.464 0.8999999762
126602  22.362  -24.868  -19.856 0.8999999762
127744  19.491  -43.514  -7.475 0.4000000060
128694  31.158  -18.218  -27.051 0.3000000119
129679  25.829  -26.968  -10.306 0.4000000060
129777  22.578  -35.511  -20.300 0.6000000238
129841  30.536  -26.340  -11.766 0.5000000000
