#!ascii label  , from subject sub1 vox2ras=TkReg
530
15699  19.010  -47.807  -17.272 0.6000000238
16575  17.600  -47.767  -12.354 0.6999999881
15659  16.678  -47.805  -13.806 0.6999999881
14825  15.934  -49.464  -18.265 0.8999999762
14837  15.968  -49.327  -18.367 0.8000000119
15712  17.279  -48.567  -18.131 0.8000000119
17619  18.594  -46.786  -17.259 0.6000000238
17607  19.353  -46.861  -17.050 0.6999999881
17606  20.036  -46.641  -16.842 0.6999999881
16557  17.796  -47.907  -11.454 0.6999999881
16589  17.122  -47.550  -13.533 0.6999999881
16590  16.190  -47.233  -14.219 0.6000000238
15673  16.076  -47.810  -14.683 0.6999999881
15687  15.558  -48.311  -15.807 0.6999999881
15701  14.715  -47.780  -16.773 0.8000000119
15715  14.742  -47.674  -17.518 0.8000000119
15714  15.421  -48.401  -18.033 0.8000000119
16626  16.753  -47.624  -17.862 0.8000000119
16625  17.920  -47.717  -17.524 0.6000000238
18649  19.340  -45.888  -17.104 0.6000000238
18648  20.372  -45.845  -16.763 0.6999999881
18647  21.243  -45.753  -16.394 0.6999999881
112638  18.002  -47.527  -12.016 0.5000000000
16556  18.376  -47.811  -11.261 0.6000000238
16574  17.863  -47.403  -12.965 0.4000000060
17561  16.572  -47.026  -14.162 0.5000000000
17580  15.673  -46.664  -14.676 0.6000000238
15688  14.947  -47.456  -15.575 0.8000000119
16612  14.295  -47.034  -16.475 0.6999999881
17622  14.900  -46.514  -17.283 0.6999999881
17621  16.250  -46.547  -17.332 0.6999999881
125005  18.257  -45.972  -17.366 0.5000000000
19598  20.872  -45.217  -17.067 0.6000000238
18646  21.946  -45.221  -16.147 0.5000000000
16555  19.543  -47.691  -11.569 0.5000000000
16541  19.278  -48.058  -10.942 0.6000000238
15618  19.813  -48.385  -10.327 0.6000000238
16573  18.864  -47.477  -12.118 0.5000000000
17579  16.754  -46.339  -14.668 0.5000000000
18628  15.986  -45.681  -15.322 0.6000000238
18641  15.611  -45.183  -16.025 0.6000000238
17608  15.468  -45.475  -16.886 0.6000000238
18659  17.064  -45.512  -16.936 0.5000000000
18658  18.260  -45.179  -17.170 0.5000000000
110187  19.123  -45.009  -17.224 0.6000000238
18657  20.047  -45.207  -17.285 0.6000000238
19597  21.513  -44.947  -17.095 0.5000000000
19596  22.007  -44.499  -16.977 0.5000000000
20613  22.861  -43.907  -15.859 0.5000000000
19587  22.420  -44.497  -16.102 0.5000000000
16540  20.247  -47.957  -10.996 0.5000000000
17540  19.294  -47.182  -12.883 0.5000000000
109820  18.547  -46.971  -13.275 0.4000000060
18604  19.430  -45.809  -14.113 0.3000000119
18605  18.534  -46.267  -13.902 0.4000000060
17578  17.681  -45.958  -14.545 0.3000000119
18626  18.507  -45.543  -14.662 0.3000000119
18627  16.851  -45.378  -15.231 0.5000000000
117338  16.159  -44.570  -15.723 0.5000000000
19591  15.936  -44.325  -16.119 0.5000000000
18650  15.861  -44.475  -16.409 0.5000000000
19609  17.191  -44.410  -16.609 0.5000000000
19608  18.267  -44.268  -17.083 0.6000000238
19607  19.425  -44.396  -17.538 0.6000000238
19605  21.622  -44.351  -17.570 0.5000000000
20622  22.450  -43.816  -16.624 0.5000000000
112172  21.267  -47.728  -11.086 0.5000000000
16554  20.577  -47.540  -11.722 0.5000000000
16571  20.762  -47.096  -12.409 0.5000000000
115750  20.187  -46.999  -13.073 0.4000000060
17559  19.406  -46.582  -13.462 0.5000000000
17558  20.230  -46.089  -13.547 0.4000000060
19577  18.150  -44.636  -15.295 0.3000000119
19590  16.753  -43.744  -16.073 0.4000000060
19599  16.724  -43.828  -16.119 0.5000000000
117596  17.390  -43.456  -16.424 0.4000000060
19606  20.800  -44.559  -17.634 0.5000000000
20631  20.726  -43.760  -18.198 0.5000000000
128157  21.240  -44.163  -17.900 0.5000000000
112104  22.960  -43.118  -16.093 0.5000000000
20621  22.650  -43.039  -17.118 0.4000000060
20629  22.138  -43.721  -17.569 0.5000000000
16539  21.932  -47.798  -10.372 0.5000000000
16553  21.363  -47.166  -11.737 0.5000000000
17539  20.874  -46.340  -12.897 0.4000000060
18587  20.974  -45.498  -13.459 0.4000000060
18603  20.279  -45.271  -14.274 0.3000000119
18625  19.354  -44.977  -14.900 0.3000000119
19589  17.465  -43.653  -15.610 0.4000000060
20615  17.409  -42.920  -15.865 0.4000000060
21631  17.461  -42.687  -15.968 0.4000000060
20616  17.181  -43.156  -15.990 0.4000000060
20623  17.558  -42.687  -16.183 0.4000000060
20633  18.395  -43.299  -17.121 0.5000000000
20632  19.696  -43.647  -17.771 0.6000000238
20646  22.015  -43.422  -18.549 0.4000000060
16552  22.103  -47.139  -11.106 0.4000000060
18586  21.503  -45.715  -12.605 0.4000000060
17521  21.828  -46.649  -11.687 0.4000000060
19562  20.942  -44.590  -13.977 0.4000000060
19575  20.010  -44.249  -14.743 0.4000000060
20601  19.349  -43.208  -15.087 0.4000000060
19576  18.916  -44.082  -15.460 0.4000000060
19588  18.222  -43.206  -15.478 0.4000000060
21630  17.812  -42.388  -15.938 0.4000000060
21653  18.296  -42.459  -16.775 0.5000000000
117093  18.828  -42.740  -17.582 0.5000000000
107409  19.758  -42.723  -18.114 0.6000000238
20648  20.586  -43.145  -18.731 0.5000000000
113063  20.935  -42.906  -19.412 0.4000000060
20647  21.237  -43.449  -18.841 0.4000000060
16538  22.513  -47.220  -10.319 0.4000000060
18573  21.967  -45.987  -11.894 0.4000000060
17520  22.352  -46.411  -11.388 0.4000000060
19545  21.793  -44.843  -13.171 0.4000000060
20588  20.708  -43.651  -14.309 0.4000000060
20614  18.439  -42.649  -15.571 0.4000000060
21629  18.745  -42.070  -15.689 0.4000000060
21640  17.856  -42.339  -16.114 0.4000000060
21652  18.788  -41.896  -17.577 0.5000000000
122506  19.460  -41.796  -18.281 0.4000000060
18556  22.642  -45.625  -11.382 0.4000000060
19544  22.463  -44.518  -12.569 0.4000000060
117215  21.611  -43.810  -13.701 0.4000000060
20600  20.170  -42.744  -14.439 0.5000000000
21617  19.333  -42.302  -15.020 0.4000000060
123027  19.429  -41.640  -15.286 0.3000000119
22625  19.226  -41.368  -16.119 0.3000000119
22626  18.408  -41.997  -16.193 0.4000000060
22660  19.378  -41.119  -17.855 0.4000000060
21666  19.931  -41.302  -18.640 0.4000000060
21665  20.236  -42.255  -18.725 0.5000000000
17488  22.875  -46.812  -9.674 0.4000000060
19561  22.286  -44.149  -13.192 0.4000000060
20599  21.131  -42.921  -14.052 0.3000000119
21616  20.822  -42.204  -14.269 0.3000000119
22611  20.120  -41.694  -14.654 0.3000000119
23592  19.256  -40.781  -17.032 0.3000000119
23613  19.868  -40.507  -18.275 0.4000000060
23625  20.426  -40.688  -19.031 0.4000000060
19516  22.953  -44.925  -11.070 0.3000000119
20552  22.844  -44.101  -12.025 0.3000000119
20571  22.711  -43.863  -12.784 0.3000000119
20587  22.353  -43.469  -13.302 0.3000000119
21607  21.652  -42.176  -13.959 0.3000000119
22610  21.071  -41.459  -14.339 0.3000000119
118414  20.626  -40.949  -14.728 0.4000000060
23565  20.765  -40.329  -15.049 0.4000000060
22624  19.941  -40.866  -15.324 0.3000000119
23573  19.814  -40.480  -16.332 0.3000000119
23591  19.809  -40.059  -17.117 0.3000000119
24540  20.082  -40.042  -17.801 0.4000000060
24557  20.390  -40.072  -18.499 0.4000000060
23624  20.695  -40.071  -19.200 0.4000000060
24500  20.973  -39.765  -15.533 0.4000000060
23572  20.425  -40.257  -15.759 0.4000000060
24528  20.518  -39.815  -16.467 0.3000000119
113868  20.418  -39.663  -17.343 0.4000000060
24539  21.037  -39.373  -17.785 0.4000000060
24556  20.934  -39.588  -18.711 0.4000000060
125153  20.558  -39.752  -18.025 0.4000000060
24512  21.268  -39.333  -16.075 0.4000000060
24527  21.042  -39.274  -16.920 0.5000000000
25378  21.515  -38.804  -17.467 0.4000000060
25390  21.449  -38.973  -18.393 0.4000000060
24571  21.496  -40.011  -19.497 0.3000000119
25389  21.666  -38.222  -19.039 0.3000000119
15711  18.331  -48.620  -17.990 0.6999999881
15700  15.430  -48.553  -17.646 0.8000000119
17620  17.566  -46.658  -17.493 0.6000000238
16627  15.512  -47.573  -17.823 0.6999999881
17560  17.553  -46.792  -13.797 0.4000000060
17581  15.237  -46.122  -15.652 0.6999999881
18652  14.979  -45.882  -16.486 0.6999999881
16572  19.973  -47.434  -12.427 0.5000000000
18651  15.451  -45.112  -16.556 0.5000000000
18640  16.908  -44.380  -15.575 0.4000000060
129848  20.060  -43.434  -14.578 0.3000000119
22641  18.794  -41.527  -16.831 0.4000000060
18555  23.084  -45.342  -10.324 0.4000000060
24555  21.581  -39.106  -19.064 0.3000000119
12479  19.091  -53.882  -17.988 0.6000000238
118402  19.629  -52.996  -17.930 0.6000000238
12443  21.684  -52.707  -15.219 0.6000000238
12460  22.815  -51.827  -16.067 0.6000000238
11696  19.001  -54.471  -17.582 0.5000000000
12480  18.849  -54.084  -17.825 0.6000000238
13285  18.742  -52.019  -18.122 0.6999999881
12490  19.046  -53.094  -18.037 0.6999999881
11695  19.075  -54.386  -17.570 0.6000000238
12489  19.405  -52.707  -18.139 0.6000000238
12478  20.496  -52.250  -17.238 0.6000000238
13276  21.657  -51.514  -17.661 0.6000000238
12477  21.807  -51.925  -16.687 0.6000000238
119414  22.002  -52.313  -15.819 0.6000000238
13266  23.767  -51.430  -16.667 0.6000000238
13273  24.276  -51.093  -16.842 0.6999999881
12481  18.410  -53.867  -17.231 0.6000000238
113495  18.832  -51.639  -16.578 0.6999999881
13277  18.736  -52.938  -17.778 0.6999999881
13293  18.846  -50.870  -18.311 0.6999999881
13284  19.290  -51.807  -18.477 0.6999999881
13282  20.983  -51.294  -18.355 0.5000000000
13275  22.794  -51.441  -17.098 0.6000000238
13274  23.424  -51.120  -17.213 0.6000000238
14034  23.727  -50.755  -17.134 0.6999999881
14027  25.105  -50.925  -16.402 0.6999999881
109544  25.293  -50.312  -16.095 0.6999999881
16634  26.534  -47.013  -18.944 0.4000000060
16615  26.313  -47.027  -16.889 0.5000000000
15695  26.378  -48.035  -15.506 0.6000000238
15681  26.142  -48.945  -15.469 0.6000000238
14804  25.425  -49.515  -15.549 0.6999999881
12428  18.358  -51.769  -14.041 0.5000000000
116053  18.781  -51.675  -14.969 0.5000000000
13252  19.093  -51.269  -15.320 0.6000000238
13267  18.848  -52.282  -16.234 0.5000000000
14028  18.819  -50.632  -15.793 0.6999999881
115864  18.467  -50.886  -17.199 0.6999999881
14035  18.574  -51.585  -17.822 0.6999999881
14044  18.190  -50.747  -17.752 0.6999999881
13292  20.064  -51.044  -18.716 0.6999999881
13281  22.630  -51.119  -17.651 0.6000000238
14041  22.931  -50.806  -17.562 0.6000000238
14820  23.159  -50.322  -17.176 0.6999999881
14033  24.471  -50.496  -16.577 0.6999999881
14805  24.638  -49.701  -15.736 0.6999999881
15682  25.464  -48.714  -14.999 0.6000000238
15683  24.709  -49.077  -14.884 0.6000000238
14009  18.542  -50.787  -12.113 0.5000000000
12421  18.214  -52.063  -13.117 0.4000000060
112598  18.746  -50.886  -14.034 0.5000000000
14016  18.489  -50.808  -13.135 0.5000000000
129357  19.090  -51.097  -14.656 0.5000000000
14796  18.460  -50.172  -13.874 0.6000000238
14808  18.553  -50.167  -14.786 0.6000000238
14809  17.694  -49.676  -15.497 0.6999999881
14029  17.485  -50.045  -17.117 0.6999999881
14036  17.528  -50.575  -17.995 0.6999999881
14051  19.544  -50.605  -18.723 0.6999999881
13291  20.671  -50.571  -18.667 0.6999999881
119284  22.007  -51.020  -17.972 0.6999999881
14042  22.273  -50.596  -17.895 0.6999999881
14816  22.791  -49.630  -16.748 0.6999999881
14807  23.254  -49.466  -15.976 0.8000000119
14795  23.898  -49.280  -14.841 0.6999999881
16609  26.373  -47.648  -15.189 0.5000000000
13223  18.315  -51.374  -11.638 0.4000000060
14786  18.156  -50.022  -12.730 0.6000000238
14787  17.747  -49.179  -13.239 0.6000000238
14797  17.592  -49.372  -14.258 0.6000000238
14798  16.696  -48.761  -15.022 0.6000000238
14818  15.973  -49.584  -17.717 0.6999999881
14824  16.502  -50.051  -18.233 0.6999999881
14052  18.093  -50.296  -18.358 0.6999999881
110964  18.765  -50.078  -18.689 0.6999999881
14834  18.669  -49.678  -18.662 0.8000000119
114303  19.565  -49.876  -18.969 0.8000000119
14832  21.042  -50.089  -18.445 0.6000000238
14817  22.170  -49.518  -17.291 0.6000000238
15684  23.261  -49.208  -15.018 0.8000000119
17604  26.545  -47.004  -15.939 0.5000000000
15669  24.244  -48.521  -14.275 0.6999999881
129827  18.060  -49.813  -11.150 0.5000000000
14003  17.919  -50.153  -10.650 0.4000000060
13986  17.446  -50.297  -10.088 0.4000000060
14777  17.737  -48.960  -12.265 0.5000000000
14776  18.201  -49.942  -11.781 0.5000000000
15672  16.814  -48.494  -13.827 0.6000000238
14810  16.506  -49.146  -16.352 0.6999999881
14836  16.451  -49.884  -18.342 0.8000000119
15728  16.859  -49.348  -18.337 0.8000000119
15726  19.033  -49.372  -18.533 0.6000000238
115169  20.526  -48.824  -17.308 0.6000000238
15696  21.994  -49.090  -16.487 0.6999999881
15685  22.520  -48.896  -15.733 0.6999999881
16588  23.506  -47.110  -13.732 0.6999999881
123120  25.717  -48.043  -14.600 0.6000000238
16586  25.005  -47.019  -13.682 0.6000000238
17555  25.358  -46.260  -13.590 0.6000000238
17592  26.667  -46.980  -14.748 0.6000000238
17575  25.728  -46.816  -13.781 0.6000000238
15635  17.675  -48.464  -11.099 0.5000000000
119721  17.610  -49.160  -10.785 0.5000000000
14758  17.618  -49.415  -10.102 0.5000000000
13969  17.278  -49.802  -9.403 0.5000000000
15649  17.582  -48.245  -11.845 0.5000000000
14769  17.640  -48.965  -11.428 0.5000000000
15658  17.218  -48.183  -12.886 0.6000000238
15727  18.016  -49.206  -18.737 0.6999999881
118353  19.211  -48.651  -17.586 0.6000000238
112650  20.802  -48.279  -16.693 0.6000000238
118966  22.173  -48.208  -15.396 0.6999999881
16611  21.781  -47.596  -15.687 0.6000000238
16601  22.886  -47.573  -14.153 0.6000000238
16587  24.231  -47.121  -13.613 0.6999999881
17591  27.150  -46.624  -15.161 0.5000000000
18621  26.019  -46.150  -13.631 0.4000000060
15620  17.971  -48.307  -10.663 0.5000000000
15601  18.338  -48.644  -9.863 0.5000000000
14725  18.091  -49.688  -8.680 0.5000000000
13940  18.715  -51.114  -7.873 0.5000000000
16618  20.394  -47.479  -16.617 0.6000000238
16617  21.194  -47.537  -16.289 0.6000000238
17593  22.094  -46.753  -15.586 0.4000000060
17576  23.052  -46.530  -13.983 0.5000000000
18623  23.517  -45.762  -14.038 0.4000000060
18601  24.881  -45.663  -13.579 0.4000000060
18602  24.214  -45.872  -13.727 0.5000000000
15619  18.728  -48.279  -10.426 0.6000000238
15600  19.191  -48.591  -9.612 0.5000000000
14743  18.713  -49.102  -9.175 0.5000000000
14724  19.257  -49.723  -8.571 0.5000000000
13952  18.941  -50.440  -8.173 0.5000000000
13153  18.945  -51.700  -7.344 0.5000000000
13143  18.990  -51.983  -6.565 0.4000000060
12362  18.538  -52.661  -6.151 0.5000000000
12347  18.381  -52.648  -5.658 0.4000000060
11571  17.238  -52.473  -4.803 0.4000000060
11572  17.035  -53.327  -4.769 0.4000000060
18639  21.923  -46.072  -16.023 0.6000000238
18638  22.246  -45.892  -15.381 0.4000000060
114286  23.277  -45.025  -14.608 0.4000000060
19560  25.072  -44.851  -13.629 0.4000000060
14742  19.710  -49.168  -9.014 0.4000000060
119086  20.178  -49.823  -8.533 0.4000000060
13939  19.492  -51.168  -7.654 0.5000000000
13141  20.031  -51.131  -6.603 0.4000000060
13142  19.424  -51.560  -6.338 0.5000000000
13125  19.233  -51.474  -5.796 0.4000000060
115993  18.809  -51.159  -5.362 0.5000000000
13126  18.572  -51.837  -5.507 0.5000000000
13901  17.078  -51.003  -4.665 0.3000000119
13114  16.679  -51.693  -4.594 0.3000000119
13115  15.848  -51.719  -4.458 0.3000000119
18637  22.567  -45.088  -15.342 0.4000000060
15599  20.351  -48.846  -9.617 0.5000000000
14741  20.845  -49.456  -8.898 0.5000000000
14723  20.817  -50.084  -8.100 0.4000000060
15617  21.062  -48.505  -10.364 0.4000000060
121380  21.320  -48.994  -9.523 0.4000000060
14722  21.423  -49.556  -8.176 0.4000000060
126927  21.176  -50.070  -6.629 0.4000000060
15597  21.922  -48.361  -9.630 0.4000000060
15598  21.892  -48.764  -9.048 0.4000000060
15571  21.802  -49.173  -7.520 0.4000000060
16525  22.517  -47.641  -9.611 0.4000000060
15559  21.506  -49.320  -6.670 0.4000000060
14682  20.443  -49.416  -5.672 0.4000000060
118289  22.502  -48.152  -8.636 0.4000000060
15558  22.184  -48.440  -6.876 0.4000000060
117003  21.457  -48.467  -6.262 0.4000000060
15542  20.705  -48.462  -5.897 0.4000000060
15544  18.944  -48.365  -5.561 0.4000000060
16474  19.341  -47.598  -5.631 0.4000000060
17470  22.800  -47.138  -8.808 0.3000000119
16509  22.855  -47.426  -8.081 0.4000000060
16497  22.943  -47.158  -7.393 0.4000000060
16486  22.001  -47.678  -6.231 0.4000000060
16472  21.129  -47.706  -5.971 0.4000000060
16473  20.251  -47.648  -5.800 0.4000000060
17428  20.782  -46.853  -5.802 0.3000000119
15698  19.853  -48.307  -16.959 0.6000000238
17605  20.812  -46.616  -16.465 0.6000000238
12461  20.788  -52.724  -16.199 0.6000000238
14806  23.902  -49.656  -15.828 0.6999999881
17603  26.403  -46.870  -16.981 0.5000000000
15680  26.898  -48.725  -15.663 0.5000000000
16616  26.611  -47.260  -16.140 0.4000000060
128073  25.973  -48.266  -15.134 0.6000000238
13242  18.521  -51.453  -13.486 0.5000000000
14050  20.077  -50.327  -19.046 0.6999999881
15668  25.078  -48.453  -14.173 0.6000000238
14822  21.833  -49.830  -18.042 0.6999999881
14002  18.363  -50.649  -11.282 0.4000000060
124426  19.915  -49.582  -18.776 0.6000000238
15697  21.372  -49.068  -17.155 0.6000000238
15671  22.674  -48.425  -14.816 0.6999999881
15670  23.381  -48.543  -14.404 0.6999999881
114174  26.933  -46.580  -16.150 0.5000000000
16600  23.785  -47.800  -13.873 0.6999999881
16598  25.410  -47.660  -13.926 0.6000000238
15710  19.812  -49.063  -17.735 0.6999999881
15686  21.598  -48.450  -16.079 0.6999999881
17557  23.836  -46.465  -13.687 0.6000000238
17574  26.425  -46.548  -13.946 0.6000000238
15621  17.709  -48.770  -10.544 0.5000000000
15602  17.853  -48.801  -10.089 0.5000000000
14744  17.890  -49.288  -9.406 0.4000000060
17577  22.478  -46.663  -14.693 0.6000000238
113687  17.380  -53.519  -5.329 0.3000000119
18624  22.740  -45.756  -14.562 0.5000000000
18622  24.206  -45.106  -14.039 0.4000000060
13152  19.605  -51.527  -6.984 0.5000000000
13127  17.931  -52.208  -5.146 0.4000000060
12329  16.412  -52.548  -4.598 0.4000000060
15570  22.660  -47.889  -7.569 0.4000000060
7719  28.740  -59.265  -22.346 0.3000000119
8356  29.265  -58.748  -21.560 0.3000000119
12497  27.620  -52.773  -18.536 0.4000000060
117039  28.542  -52.357  -21.461 0.4000000060
12503  28.214  -52.583  -21.199 0.4000000060
12502  28.616  -52.583  -21.278 0.4000000060
14040  28.217  -50.897  -18.460 0.4000000060
13272  28.403  -51.717  -16.891 0.4000000060
12476  28.105  -52.257  -16.606 0.4000000060
12455  28.147  -51.799  -16.105 0.5000000000
11678  27.056  -53.364  -15.336 0.5000000000
115759  27.160  -52.710  -15.336 0.5000000000
14049  28.236  -51.207  -20.311 0.4000000060
13290  28.203  -51.893  -20.194 0.5000000000
12486  28.112  -52.241  -17.593 0.5000000000
10946  26.114  -53.861  -14.763 0.5000000000
14058  28.546  -51.446  -21.503 0.5000000000
14057  28.845  -51.807  -21.630 0.5000000000
13298  28.842  -52.188  -21.440 0.4000000060
11711  28.769  -53.205  -21.011 0.4000000060
11001  29.088  -53.892  -19.997 0.3000000119
113785  29.208  -55.579  -19.794 0.4000000060
15708  28.463  -49.260  -18.531 0.4000000060
14032  28.794  -50.402  -17.022 0.4000000060
14814  28.648  -49.532  -16.702 0.4000000060
123273  28.048  -49.307  -19.657 0.4000000060
127720  28.382  -50.186  -18.843 0.4000000060
14039  28.868  -49.789  -17.727 0.4000000060
112853  28.463  -51.064  -16.441 0.4000000060
114638  28.051  -51.081  -15.770 0.5000000000
13262  27.590  -51.884  -15.630 0.5000000000
14847  28.081  -50.040  -21.075 0.4000000060
14831  28.084  -50.345  -20.096 0.4000000060
13280  28.183  -51.688  -18.107 0.4000000060
14024  27.631  -50.303  -15.647 0.5000000000
116214  27.331  -51.132  -15.434 0.5000000000
12457  26.319  -52.466  -15.045 0.5000000000
126543  26.154  -51.773  -15.231 0.6000000238
13264  25.635  -51.265  -15.573 0.6000000238
12440  24.982  -52.722  -14.516 0.6000000238
14026  25.843  -50.561  -15.765 0.6000000238
12458  24.451  -52.149  -14.765 0.5000000000
12501  29.208  -52.824  -20.871 0.4000000060
11710  29.503  -53.294  -19.649 0.4000000060
11708  30.550  -53.384  -18.793 0.4000000060
11000  30.105  -54.079  -19.088 0.4000000060
15693  28.121  -48.565  -16.391 0.4000000060
14801  28.249  -49.253  -16.040 0.5000000000
14802  27.799  -49.406  -15.728 0.5000000000
14803  26.952  -49.579  -15.635 0.5000000000
118375  26.482  -51.148  -15.339 0.5000000000
114727  26.098  -49.861  -15.844 0.5000000000
7736  28.106  -59.588  -23.095 0.3000000119
8964  30.565  -57.859  -21.601 0.3000000119
10294  32.245  -55.234  -19.688 0.3000000119
15724  27.399  -48.674  -20.149 0.4000000060
114230  27.541  -48.384  -19.034 0.4000000060
124265  28.097  -48.223  -18.117 0.4000000060
116718  28.469  -48.854  -17.415 0.4000000060
15709  27.351  -47.581  -17.250 0.4000000060
15679  27.772  -48.708  -15.876 0.5000000000
15694  26.960  -47.780  -16.067 0.4000000060
13265  24.743  -51.428  -16.009 0.6000000238
12459  23.674  -51.880  -15.379 0.5000000000
119201  28.531  -51.147  -17.200 0.4000000060
12439  25.739  -53.075  -14.611 0.5000000000
10289  31.588  -54.925  -19.033 0.3000000119
14023  28.393  -50.163  -16.073 0.5000000000
14025  26.762  -50.369  -15.517 0.6000000238
23614  19.624  -40.417  -17.603 0.3000000119
10297  29.757  -54.946  -19.338 0.4000000060
10833  16.614  -54.021  -5.280 0.4000000060
11588  17.755  -53.049  -5.199 0.4000000060
11712  28.242  -53.147  -21.312 0.4000000060
12346  18.928  -52.139  -6.020 0.5000000000
12438  26.541  -53.243  -14.996 0.5000000000
12462  19.586  -53.526  -17.413 0.6000000238
12488  20.301  -52.038  -17.973 0.5000000000
13113  17.996  -51.255  -5.064 0.5000000000
13124  19.782  -51.190  -6.054 0.4000000060
13251  25.431  -52.047  -14.932 0.6000000238
13263  26.891  -51.869  -15.276 0.5000000000
13283  19.963  -51.767  -18.310 0.6999999881
13297  29.548  -52.142  -19.927 0.4000000060
13299  28.655  -51.960  -21.529 0.4000000060
13951  20.068  -50.625  -8.120 0.5000000000
14021  19.024  -50.738  -14.728 0.6000000238
14043  21.548  -50.587  -18.320 0.6999999881
14053  17.128  -50.245  -18.253 0.6999999881
14740  21.508  -49.215  -8.881 0.4000000060
14815  23.657  -50.056  -16.741 0.6999999881
14821  22.575  -50.114  -17.525 0.6999999881
14823  20.700  -49.551  -18.085 0.6000000238
14833  20.319  -49.959  -18.906 0.6999999881
14835  17.670  -49.840  -18.572 0.6999999881
15543  19.883  -48.453  -5.612 0.4000000060
15581  21.974  -48.935  -8.365 0.4000000060
15713  16.116  -48.594  -18.293 0.8000000119
16485  22.595  -47.478  -6.772 0.4000000060
16597  26.067  -47.322  -14.294 0.6000000238
16599  24.667  -47.815  -13.788 0.6000000238
16602  15.459  -47.093  -14.779 0.6000000238
16603  14.888  -46.827  -15.465 0.6999999881
16610  22.315  -47.573  -14.997 0.6999999881
16619  19.717  -47.423  -16.884 0.6000000238
16620  14.125  -47.226  -17.191 0.8000000119
16628  14.485  -47.354  -17.497 0.8000000119
17506  22.755  -46.421  -10.601 0.4000000060
17538  21.372  -46.484  -12.206 0.4000000060
17556  24.603  -46.412  -13.613 0.5000000000
17594  21.607  -46.704  -16.110 0.6000000238
17595  14.553  -46.511  -16.318 0.6999999881
17609  15.042  -45.926  -16.808 0.6999999881
17610  14.159  -46.589  -17.037 0.6999999881
18585  22.236  -45.265  -12.255 0.4000000060
18600  25.736  -45.449  -13.550 0.4000000060
19533  22.675  -44.772  -11.744 0.3000000119
20630  21.558  -43.821  -18.085 0.5000000000
109071  28.703  -54.560  -20.316 0.3000000119
111003  21.836  -42.996  -13.681 0.4000000060
114324  15.704  -48.579  -16.886 0.8000000119
114996  17.990  -50.515  -8.298 0.5000000000
118499  21.612  -47.045  -5.968 0.4000000060
119965  22.293  -48.527  -7.796 0.4000000060
123892  17.641  -45.232  -15.145 0.3000000119
124543  17.367  -51.697  -4.845 0.4000000060
126341  18.744  -51.318  -14.204 0.5000000000
126882  22.495  -50.908  -17.819 0.6999999881
127367  18.472  -47.322  -12.658 0.5000000000
128104  21.081  -49.077  -6.069 0.4000000060
129034  27.420  -53.244  -15.669 0.5000000000
129523  19.032  -41.317  -17.327 0.4000000060
129705  18.460  -42.054  -16.618 0.4000000060
