#!ascii label  , from subject sub1 vox2ras=TkReg
1220
2642  17.701  -70.037  -16.874 0.6999999881
2232  17.072  -70.323  -16.528 0.8000000119
2233  16.312  -70.509  -16.410 0.8000000119
2234  15.396  -70.608  -16.465 0.6999999881
2243  18.250  -70.443  -17.361 0.6000000238
2244  17.529  -70.632  -16.947 0.6000000238
1803  16.089  -71.142  -16.840 0.6000000238
2242  19.047  -70.519  -17.725 0.6000000238
2631  16.433  -69.731  -16.133 0.8000000119
2632  15.679  -70.001  -15.921 0.6999999881
2623  15.270  -69.468  -15.661 0.6999999881
2633  14.327  -69.422  -16.016 0.6999999881
115524  18.248  -69.742  -17.307 0.6000000238
2630  17.104  -69.490  -16.551 0.6999999881
2226  14.891  -69.962  -16.003 0.6999999881
2253  19.753  -70.411  -18.242 0.6000000238
2241  20.064  -69.837  -18.069 0.6000000238
1823  19.474  -70.920  -18.705 0.6000000238
1837  20.762  -71.232  -19.342 0.6000000238
3061  15.981  -68.312  -15.383 0.8000000119
3475  15.673  -67.760  -14.941 0.8000000119
3476  14.849  -67.888  -15.176 0.6999999881
3931  14.664  -66.943  -15.080 0.6999999881
3484  14.184  -67.441  -15.726 0.6999999881
3483  16.648  -67.919  -15.743 0.8000000119
3062  15.261  -68.709  -15.368 0.6999999881
119955  14.179  -68.155  -15.702 0.6999999881
3070  16.518  -68.742  -16.092 0.6999999881
2622  15.822  -69.208  -15.674 0.8000000119
3071  14.555  -68.751  -15.563 0.6999999881
3069  17.205  -68.594  -16.802 0.6999999881
2641  19.037  -69.846  -17.518 0.6999999881
2639  20.083  -69.236  -17.878 0.6000000238
2640  19.651  -69.597  -17.788 0.6000000238
1821  21.081  -70.812  -18.783 0.6000000238
1822  20.315  -70.775  -18.766 0.6000000238
117569  21.213  -71.477  -20.078 0.6000000238
1863  22.325  -71.779  -21.997 0.6999999881
117157  21.361  -71.633  -21.831 0.6000000238
1873  22.311  -72.114  -23.148 0.5000000000
1502  22.488  -72.746  -23.732 0.5000000000
3463  16.118  -67.047  -14.594 0.8999999762
3464  15.331  -67.095  -14.721 0.8000000119
3917  15.007  -66.450  -14.687 0.6999999881
3473  17.019  -67.285  -15.324 0.6999999881
3474  16.393  -67.526  -14.973 0.8999999762
3942  14.156  -66.585  -15.944 0.6999999881
115834  16.889  -68.084  -16.504 0.8000000119
3493  17.292  -67.821  -17.244 0.8000000119
3092  18.203  -68.321  -18.228 0.6999999881
111075  17.691  -69.270  -17.150 0.6999999881
3079  18.515  -69.118  -17.651 0.8000000119
3091  19.167  -68.545  -18.197 0.8000000119
2652  20.714  -69.409  -18.084 0.6999999881
2252  20.818  -70.270  -18.326 0.6999999881
1836  21.586  -70.979  -19.432 0.6000000238
128497  22.627  -71.546  -20.956 0.6999999881
108153  23.064  -72.279  -22.471 0.6999999881
3930  16.845  -66.843  -14.862 0.8999999762
3916  15.683  -66.365  -14.554 0.8000000119
4386  14.590  -65.956  -15.253 0.6999999881
3929  17.388  -66.669  -15.484 0.8000000119
3482  17.352  -67.375  -16.164 0.6999999881
3503  17.526  -67.340  -18.686 0.6999999881
117639  17.310  -67.281  -18.026 0.6000000238
3080  17.700  -68.471  -17.522 0.8000000119
3501  18.656  -67.926  -18.982 0.8000000119
3090  20.278  -68.621  -18.102 0.8000000119
3089  21.165  -68.875  -18.499 0.6999999881
2651  22.116  -69.744  -19.142 0.8000000119
115922  21.404  -69.675  -18.491 0.6999999881
2659  22.764  -69.640  -19.765 0.8000000119
126162  23.894  -70.894  -21.597 0.6999999881
1847  23.143  -71.235  -20.516 0.6999999881
2261  22.039  -70.401  -19.334 0.6999999881
1862  23.454  -71.613  -21.992 0.6999999881
8905  10.118  -57.507  -15.787 0.6000000238
8888  10.188  -57.152  -14.632 0.6000000238
9549  8.985  -55.730  -15.709 0.6000000238
110995  8.550  -54.709  -15.800 0.6999999881
3915  16.594  -66.225  -14.654 0.8999999762
4377  15.153  -65.697  -14.697 0.6999999881
115781  17.477  -66.304  -17.617 0.6000000238
3954  17.384  -66.674  -18.934 0.6000000238
3502  17.927  -67.649  -18.863 0.6999999881
3512  19.354  -67.112  -19.722 0.6999999881
3513  18.315  -67.186  -19.631 0.6999999881
5409  14.201  -62.926  -13.734 0.6999999881
5421  13.756  -62.961  -14.444 0.6999999881
3500  19.839  -67.828  -18.847 0.8000000119
5899  14.239  -62.227  -12.389 0.6000000238
5911  13.883  -62.574  -13.078 0.6000000238
5918  13.268  -62.470  -13.851 0.6999999881
3103  20.811  -68.018  -18.967 0.6999999881
5912  12.737  -61.853  -13.670 0.5000000000
3101  22.447  -68.969  -19.824 0.8000000119
3102  21.588  -68.498  -19.481 0.8000000119
6434  13.348  -61.922  -12.936 0.5000000000
6424  13.079  -61.178  -12.634 0.5000000000
2267  23.596  -70.504  -20.842 0.6999999881
7038  13.093  -60.347  -12.800 0.5000000000
7631  13.602  -59.931  -12.034 0.6000000238
7632  12.993  -59.395  -12.950 0.5000000000
7049  12.709  -60.000  -13.558 0.6000000238
123366  12.189  -59.754  -14.075 0.6999999881
127282  11.207  -58.635  -15.046 0.6999999881
8242  12.531  -58.684  -13.300 0.5000000000
7642  12.372  -59.214  -13.700 0.6000000238
7651  11.723  -59.078  -14.405 0.6000000238
8904  10.787  -57.931  -15.270 0.6000000238
115449  13.391  -59.035  -12.207 0.6000000238
7643  12.016  -58.393  -13.829 0.6000000238
8887  10.961  -57.554  -14.416 0.6000000238
112715  12.932  -58.467  -12.688 0.5000000000
9540  10.678  -56.789  -13.881 0.6000000238
9542  9.599  -55.595  -14.932 0.6000000238
10270  9.230  -54.923  -15.510 0.6999999881
11701  8.746  -52.907  -16.246 0.6000000238
12474  7.472  -53.246  -15.308 0.6999999881
8871  11.554  -57.463  -13.686 0.6000000238
9541  10.120  -56.252  -14.409 0.6000000238
10269  9.801  -54.615  -15.130 0.6999999881
11689  9.756  -53.156  -16.468 0.5000000000
4376  16.200  -65.379  -14.643 0.8999999762
3941  17.642  -66.481  -16.392 0.6000000238
110094  17.660  -65.946  -15.733 0.6999999881
124617  15.423  -64.895  -14.824 0.8000000119
4387  14.146  -65.128  -15.986 0.6999999881
4862  15.089  -64.268  -14.740 0.6999999881
4861  16.042  -64.468  -14.456 0.8000000119
3514  17.712  -67.084  -19.439 0.6999999881
123331  15.067  -63.310  -13.492 0.8000000119
108594  14.556  -63.461  -14.475 0.6000000238
124011  14.761  -62.866  -12.866 0.6999999881
5898  15.209  -62.332  -12.315 0.6000000238
3510  21.225  -67.705  -20.214 0.8000000119
3112  21.960  -68.189  -20.586 0.8000000119
2666  23.213  -69.183  -20.686 0.8000000119
6423  13.840  -61.461  -11.968 0.5000000000
7021  14.850  -60.565  -11.348 0.5000000000
7616  14.415  -59.920  -11.420 0.6000000238
7022  14.085  -60.704  -11.637 0.6000000238
115603  13.956  -59.142  -11.510 0.6000000238
8228  13.455  -58.225  -11.796 0.6000000238
12451  8.951  -52.245  -15.068 0.5000000000
8870  12.339  -57.905  -13.187 0.5000000000
12472  9.076  -52.414  -15.850 0.5000000000
125555  8.284  -52.307  -15.208 0.6000000238
115107  12.125  -56.856  -12.925 0.6000000238
9532  10.797  -55.955  -13.859 0.6999999881
10255  10.369  -55.236  -14.514 0.6999999881
10975  9.127  -53.945  -15.808 0.6999999881
10957  10.364  -54.373  -15.017 0.6000000238
9530  12.018  -55.996  -12.860 0.6999999881
121840  11.109  -55.255  -14.110 0.6000000238
10956  11.163  -54.466  -14.854 0.5000000000
3914  17.298  -65.928  -15.028 0.6999999881
4375  17.041  -65.489  -14.687 0.6999999881
5420  16.396  -63.851  -13.854 0.6999999881
5408  15.860  -63.491  -13.124 0.6999999881
111232  15.559  -63.836  -13.983 0.6999999881
12433  10.925  -52.386  -13.328 0.5000000000
7615  14.706  -59.154  -10.857 0.5000000000
12434  10.102  -52.444  -13.982 0.5000000000
8208  14.589  -58.251  -10.798 0.5000000000
8207  15.374  -58.591  -10.774 0.5000000000
123594  14.106  -58.501  -11.053 0.6000000238
8853  12.798  -57.489  -12.441 0.6000000238
10974  10.004  -53.763  -15.562 0.5000000000
8834  14.475  -57.505  -10.930 0.5000000000
8209  13.880  -57.759  -11.099 0.6000000238
9521  12.714  -56.482  -12.388 0.6000000238
8852  13.394  -57.146  -11.850 0.6000000238
4871  17.755  -64.368  -15.177 0.6999999881
4374  17.432  -64.981  -14.837 0.6999999881
4860  16.971  -64.587  -14.384 0.6999999881
10238  12.265  -55.351  -13.349 0.5000000000
8833  15.259  -57.755  -10.719 0.5000000000
10254  11.769  -54.861  -14.051 0.5000000000
8835  14.019  -56.888  -11.414 0.5000000000
9520  13.417  -56.232  -12.023 0.5000000000
10227  12.798  -55.760  -12.666 0.5000000000
10239  11.495  -55.609  -13.481 0.5000000000
10237  13.212  -55.269  -13.503 0.5000000000
10268  13.308  -54.534  -15.344 0.5000000000
128148  14.960  -55.663  -12.113 0.5000000000
10236  14.128  -55.166  -13.628 0.5000000000
10253  12.771  -54.820  -14.325 0.5000000000
9512  15.423  -55.996  -11.392 0.5000000000
10226  13.713  -55.604  -12.674 0.5000000000
117855  14.901  -56.859  -11.137 0.5000000000
9519  14.389  -56.010  -11.846 0.5000000000
10225  14.607  -55.456  -12.733 0.5000000000
12412  10.724  -53.009  -10.927 0.6000000238
11650  9.984  -53.177  -11.163 0.6000000238
12416  11.267  -52.656  -11.387 0.5000000000
109383  11.143  -53.157  -10.440 0.6999999881
11644  10.344  -53.456  -10.670 0.6000000238
11645  9.751  -53.742  -10.910 0.6000000238
10887  10.799  -54.694  -9.967 0.6999999881
11637  11.666  -53.578  -9.928 0.6000000238
11638  10.950  -53.963  -10.295 0.6999999881
10895  10.093  -54.304  -10.327 0.6999999881
10202  11.185  -55.513  -9.601 0.8000000119
11636  12.527  -53.194  -9.555 0.5000000000
12403  11.798  -52.659  -9.887 0.5000000000
10886  11.549  -54.576  -9.780 0.8000000119
10885  12.386  -54.356  -9.596 0.6000000238
9500  12.784  -56.711  -8.641 0.6999999881
11635  13.437  -53.417  -9.247 0.5000000000
111292  13.116  -52.519  -9.356 0.5000000000
127137  12.617  -56.171  -9.236 0.6999999881
9502  12.015  -56.360  -9.317 0.6999999881
10201  12.330  -55.449  -9.444 0.6999999881
122973  12.995  -54.100  -9.232 0.6999999881
8814  12.570  -57.601  -8.048 0.6999999881
9499  13.682  -56.487  -8.437 0.6999999881
10884  13.855  -54.550  -9.212 0.6000000238
10200  13.210  -55.105  -9.362 0.8000000119
129103  10.034  -52.299  -7.033 0.6999999881
11606  10.790  -52.904  -5.937 0.8000000119
11614  16.129  -53.865  -7.622 0.4000000060
124339  13.179  -57.190  -7.037 0.6999999881
11626  15.066  -53.923  -8.411 0.5000000000
9489  13.298  -57.011  -7.690 0.6999999881
11627  14.302  -53.718  -9.029 0.6000000238
10875  14.552  -54.813  -8.699 0.6000000238
10195  13.224  -56.018  -9.172 0.6999999881
10194  14.065  -55.707  -8.965 0.8000000119
126767  6.539  -45.481  -10.269 0.5000000000
18561  6.537  -45.797  -10.888 0.5000000000
114899  6.393  -46.791  -11.310 0.5000000000
13957  9.005  -49.509  -7.824 0.5000000000
13941  9.822  -49.980  -7.173 0.6000000238
122435  9.813  -48.941  -7.426 0.6000000238
15585  8.342  -49.019  -8.777 0.6000000238
123537  6.508  -49.366  -11.505 0.6000000238
13157  9.580  -51.073  -7.202 0.6999999881
13144  10.245  -51.590  -6.890 0.6999999881
13145  9.465  -52.069  -7.614 0.6999999881
10163  13.263  -55.920  -6.420 0.6999999881
10852  12.575  -55.005  -5.988 0.6999999881
10838  12.016  -54.051  -5.803 0.8000000119
10865  15.727  -54.367  -7.744 0.5000000000
10874  15.246  -55.059  -7.906 0.6000000238
9472  13.690  -56.613  -7.161 0.8000000119
10193  14.602  -55.650  -8.170 0.6999999881
10162  14.172  -55.998  -6.716 0.8000000119
9488  13.949  -56.577  -7.820 0.8000000119
19499  7.498  -44.699  -10.070 0.5000000000
19520  7.450  -44.608  -10.289 0.6000000238
19519  7.693  -43.966  -10.696 0.5000000000
18577  7.142  -45.679  -11.351 0.6000000238
17526  6.874  -46.463  -11.646 0.6000000238
16560  7.035  -47.637  -12.305 0.6000000238
17525  7.614  -46.759  -12.146 0.6000000238
15652  7.453  -48.290  -12.752 0.5000000000
15584  9.359  -48.684  -8.296 0.5000000000
123676  8.997  -48.359  -9.129 0.5000000000
14707  10.449  -49.183  -6.834 0.6000000238
15605  8.175  -48.350  -10.029 0.6000000238
14745  7.617  -49.120  -9.672 0.6999999881
15624  6.972  -48.978  -12.120 0.6000000238
13935  10.604  -49.884  -6.691 0.6000000238
115942  10.451  -50.656  -6.769 0.6999999881
13942  8.956  -50.509  -7.603 0.6999999881
118832  8.222  -49.981  -8.311 0.6999999881
14727  7.906  -49.484  -8.913 0.8000000119
15606  7.296  -49.061  -11.004 0.6999999881
116199  11.231  -51.265  -6.403 0.6999999881
12350  11.420  -52.127  -5.839 0.6999999881
12364  10.654  -52.170  -6.442 0.8000000119
11593  11.774  -52.990  -5.619 0.8000000119
127683  15.877  -55.035  -7.351 0.5000000000
10835  15.029  -54.847  -5.513 0.6000000238
10147  15.363  -55.317  -6.269 0.6999999881
10851  13.563  -55.228  -6.165 0.8000000119
10161  14.815  -55.687  -6.831 0.6999999881
9471  14.379  -56.174  -7.483 0.8000000119
19498  8.366  -44.385  -9.779 0.4000000060
20521  7.913  -44.000  -10.284 0.5000000000
19537  7.939  -44.344  -11.503 0.4000000060
17545  7.881  -47.772  -13.205 0.5000000000
15583  10.241  -48.286  -8.025 0.5000000000
15604  9.230  -47.827  -9.874 0.6000000238
15622  8.664  -47.981  -10.847 0.6000000238
118020  7.375  -48.531  -12.523 0.6000000238
14706  11.148  -49.396  -6.502 0.6000000238
15623  7.873  -48.575  -11.572 0.6999999881
13934  11.210  -50.227  -6.387 0.6000000238
10836  14.043  -54.634  -5.593 0.6999999881
10837  13.027  -54.360  -5.716 0.8000000119
11592  12.674  -53.465  -5.436 0.8000000119
10850  14.540  -55.347  -6.176 0.6999999881
20520  8.472  -43.338  -9.971 0.4000000060
19497  9.358  -44.229  -9.332 0.4000000060
20556  7.959  -43.413  -11.217 0.5000000000
20538  8.064  -43.290  -10.553 0.4000000060
20500  10.154  -43.922  -8.910 0.5000000000
17544  8.354  -46.886  -12.892 0.5000000000
118609  9.427  -47.657  -12.887 0.5000000000
15651  7.943  -48.251  -13.030 0.5000000000
122651  9.979  -47.397  -13.152 0.5000000000
13130  11.961  -51.383  -5.647 0.6000000238
122848  12.545  -52.698  -5.211 0.8000000119
11590  14.559  -54.016  -5.057 0.6000000238
11591  13.599  -53.777  -5.189 0.6000000238
118181  13.271  -52.925  -4.946 0.6999999881
12349  12.164  -52.096  -5.322 0.6999999881
20483  10.635  -42.991  -7.909 0.3000000119
21589  8.184  -42.680  -10.944 0.4000000060
21573  8.421  -42.720  -10.413 0.3000000119
21558  9.008  -42.508  -9.971 0.4000000060
20519  9.490  -43.471  -9.583 0.4000000060
20499  10.576  -43.277  -8.618 0.5000000000
20576  8.392  -43.863  -11.935 0.4000000060
18576  8.022  -45.645  -11.935 0.4000000060
16559  9.601  -47.785  -12.178 0.5000000000
18590  8.792  -46.087  -12.718 0.4000000060
119102  10.337  -47.541  -11.616 0.6000000238
19548  8.752  -44.944  -12.504 0.4000000060
16558  10.302  -47.465  -12.413 0.4000000060
16577  9.328  -47.309  -13.335 0.5000000000
19469  10.407  -43.896  -8.098 0.4000000060
21537  10.910  -42.573  -8.386 0.4000000060
21512  11.274  -41.723  -7.876 0.3000000119
20555  8.448  -43.056  -11.761 0.3000000119
18589  9.388  -45.884  -13.172 0.4000000060
17542  10.549  -47.098  -13.102 0.4000000060
17562  10.348  -46.311  -13.463 0.4000000060
21571  9.423  -41.889  -10.594 0.3000000119
21557  10.280  -42.411  -9.811 0.3000000119
108125  10.723  -42.775  -9.051 0.4000000060
21556  11.155  -42.138  -9.027 0.3000000119
21536  11.277  -42.041  -8.224 0.3000000119
21572  8.731  -42.224  -10.700 0.3000000119
20575  9.172  -43.860  -12.750 0.3000000119
18607  10.299  -45.365  -13.767 0.3000000119
19565  9.553  -44.880  -13.635 0.3000000119
18606  10.837  -45.529  -13.311 0.3000000119
22544  11.570  -41.465  -8.510 0.3000000119
22554  11.463  -41.467  -9.392 0.3000000119
20574  9.934  -43.266  -13.336 0.3000000119
20590  10.697  -44.000  -14.316 0.3000000119
19563  10.643  -44.661  -13.871 0.3000000119
111055  10.386  -42.421  -7.400 0.3000000119
22567  9.903  -41.099  -10.914 0.3000000119
119806  10.763  -43.219  -13.958 0.3000000119
125981  12.766  -61.419  -13.297 0.6000000238
7055  12.091  -60.494  -13.908 0.6999999881
117933  11.744  -60.816  -14.538 0.6999999881
118169  11.976  -59.977  -14.732 0.6999999881
122891  8.655  -47.451  -13.249 0.4000000060
15636  8.745  -48.055  -11.820 0.6000000238
109679  17.196  -71.385  -17.421 0.6999999881
3072  13.813  -68.675  -16.307 0.6999999881
1848  21.774  -71.664  -20.840 0.6000000238
112634  22.129  -71.388  -20.177 0.6999999881
125055  17.447  -67.124  -17.120 0.6000000238
4872  14.753  -64.848  -15.306 0.6999999881
1834  23.123  -70.695  -19.983 0.6999999881
2658  23.226  -70.036  -20.198 0.8000000119
115428  8.394  -53.863  -15.934 0.6999999881
6435  12.600  -60.825  -13.341 0.5000000000
8258  11.431  -58.116  -14.515 0.6000000238
12437  7.726  -52.780  -14.377 0.6000000238
9531  11.361  -56.368  -13.334 0.6999999881
6422  14.818  -61.713  -11.806 0.5000000000
6411  14.578  -61.147  -11.557 0.6000000238
400  21.096  -76.105  -18.394 0.4000000060
117852  21.656  -77.229  -17.752 0.4000000060
563  21.411  -75.655  -20.362 0.3000000119
550  20.560  -75.475  -19.539 0.4000000060
543  20.330  -75.235  -18.800 0.4000000060
542  20.246  -75.676  -18.069 0.4000000060
1187  24.120  -72.789  -20.273 0.4000000060
935  23.014  -73.770  -19.923 0.5000000000
936  22.514  -74.708  -19.435 0.5000000000
943  22.573  -74.329  -20.174 0.3000000119
112959  22.377  -75.505  -19.844 0.4000000060
121118  22.233  -77.203  -18.802 0.4000000060
705  22.195  -74.799  -20.478 0.3000000119
410  22.191  -77.074  -20.021 0.3000000119
406  21.443  -77.194  -19.633 0.3000000119
562  21.781  -75.448  -20.409 0.3000000119
112374  23.811  -73.269  -20.516 0.4000000060
113779  23.984  -72.387  -19.510 0.5000000000
1195  24.639  -73.044  -20.981 0.3000000119
130040  22.781  -74.058  -20.851 0.3000000119
951  22.027  -74.319  -22.193 0.4000000060
949  23.360  -73.661  -21.487 0.3000000119
1211  22.875  -73.347  -23.443 0.4000000060
958  22.365  -73.784  -23.083 0.4000000060
1218  22.420  -73.150  -23.817 0.4000000060
1491  25.316  -71.792  -20.590 0.4000000060
1846  25.561  -71.062  -20.921 0.4000000060
1492  25.003  -72.578  -21.199 0.4000000060
1860  25.342  -70.958  -21.625 0.4000000060
2664  25.431  -69.507  -21.180 0.5000000000
1201  24.665  -73.062  -21.642 0.4000000060
111552  25.010  -70.792  -22.131 0.4000000060
957  23.045  -73.695  -22.445 0.4000000060
1210  23.566  -73.078  -22.736 0.5000000000
1861  24.620  -71.730  -22.106 0.4000000060
1501  23.252  -72.741  -23.037 0.4000000060
1864  21.679  -71.566  -22.669 0.6000000238
3108  25.024  -68.608  -21.745 0.6000000238
2672  24.705  -68.691  -22.046 0.6000000238
2276  24.873  -69.760  -22.061 0.6000000238
110434  24.551  -70.973  -22.043 0.6000000238
2673  24.501  -68.978  -21.979 0.6999999881
1872  23.969  -72.035  -22.442 0.5000000000
2665  23.885  -69.552  -21.352 0.6999999881
3528  24.257  -67.552  -22.253 0.6999999881
3118  23.722  -67.519  -22.332 0.6999999881
3117  24.346  -68.118  -22.365 0.6999999881
3521  21.947  -67.332  -21.434 0.6999999881
3511  20.390  -67.310  -19.885 0.6999999881
3110  23.827  -68.511  -22.083 0.6999999881
3111  22.828  -68.138  -21.549 0.6999999881
3972  22.511  -66.167  -22.206 0.5000000000
3973  21.457  -66.191  -22.380 0.6000000238
3520  22.851  -67.225  -21.988 0.6999999881
120563  21.409  -66.714  -21.999 0.6000000238
3522  20.961  -66.931  -21.107 0.6999999881
3533  19.857  -66.376  -22.254 0.6999999881
3523  19.845  -66.870  -21.355 0.6999999881
121524  20.585  -66.222  -22.396 0.6000000238
3974  19.929  -65.830  -22.353 0.6000000238
129583  19.160  -66.425  -21.667 0.6000000238
4452  19.010  -65.437  -22.124 0.6000000238
4425  17.128  -65.554  -18.877 0.5000000000
2634  13.711  -69.560  -16.690 0.6000000238
2236  13.764  -70.360  -16.936 0.6000000238
3966  18.382  -66.311  -21.452 0.6000000238
3959  18.026  -66.714  -20.438 0.6000000238
117230  17.711  -66.409  -20.077 0.5000000000
125658  17.422  -65.821  -19.747 0.5000000000
107928  13.370  -67.966  -17.064 0.6000000238
115644  13.746  -67.875  -16.240 0.6000000238
3081  13.266  -68.832  -17.262 0.6000000238
3975  18.943  -65.884  -22.064 0.6000000238
110232  17.823  -66.153  -21.196 0.5000000000
4416  13.261  -65.921  -17.620 0.6000000238
4403  13.609  -65.422  -16.694 0.6000000238
3943  13.708  -66.251  -16.796 0.6000000238
3494  13.379  -67.336  -17.842 0.6000000238
3485  13.729  -67.142  -16.782 0.6000000238
4402  14.145  -65.834  -16.209 0.6000000238
125543  17.724  -65.217  -15.480 0.6000000238
3967  18.050  -65.759  -22.026 0.6000000238
5431  13.652  -63.859  -15.841 0.6000000238
113566  13.696  -63.375  -15.131 0.6000000238
4873  14.110  -64.436  -15.812 0.6000000238
5430  14.390  -63.946  -15.335 0.6000000238
4417  12.652  -65.389  -18.087 0.6999999881
4894  12.986  -65.024  -17.154 0.6000000238
4881  13.575  -64.480  -16.468 0.6000000238
5422  12.940  -62.851  -14.769 0.6000000238
5927  10.246  -62.310  -16.089 0.6000000238
4882  12.805  -64.224  -16.866 0.6000000238
5438  13.122  -63.828  -16.351 0.6000000238
5439  12.460  -63.647  -16.519 0.6000000238
5926  11.137  -62.537  -15.580 0.6000000238
5919  12.282  -62.148  -14.388 0.6000000238
5925  12.003  -62.708  -15.178 0.6000000238
5920  11.365  -62.133  -14.880 0.6000000238
126278  10.819  -61.982  -15.364 0.5000000000
6455  10.465  -61.311  -15.769 0.5000000000
6445  12.141  -61.330  -13.857 0.6000000238
6446  11.740  -61.574  -14.536 0.6000000238
6454  11.111  -61.283  -15.037 0.6000000238
7060  10.858  -60.457  -15.764 0.6000000238
7660  10.942  -59.671  -15.800 0.6999999881
7674  9.639  -59.242  -16.773 0.6999999881
8294  9.273  -58.261  -17.204 0.6999999881
7059  11.409  -60.246  -15.225 0.6000000238
124369  10.400  -57.992  -16.030 0.6999999881
8293  10.071  -58.456  -16.374 0.6999999881
8913  9.765  -57.839  -16.474 0.6999999881
8914  9.168  -57.655  -16.989 0.6000000238
4905  17.033  -64.762  -18.198 0.5000000000
4415  17.503  -65.353  -17.581 0.5000000000
5451  17.139  -63.956  -17.652 0.5000000000
4893  17.573  -64.639  -17.053 0.6000000238
5948  16.228  -62.727  -17.632 0.6000000238
5947  17.048  -63.155  -17.149 0.6000000238
4880  17.789  -64.584  -16.031 0.6000000238
5437  17.660  -63.857  -15.698 0.6000000238
5931  16.822  -62.404  -16.674 0.5000000000
124076  17.335  -62.984  -16.027 0.6000000238
6452  16.258  -61.352  -15.497 0.6000000238
5917  17.558  -62.523  -14.742 0.5000000000
5429  17.709  -63.324  -15.040 0.6000000238
4859  17.412  -64.041  -14.577 0.6000000238
6442  17.292  -61.815  -15.000 0.5000000000
5418  17.421  -63.245  -14.309 0.6000000238
5395  15.624  -62.983  -12.666 0.5000000000
5897  16.115  -62.411  -12.556 0.5000000000
5407  16.532  -63.379  -13.390 0.6000000238
5406  17.022  -63.169  -13.732 0.6000000238
2277  24.447  -70.074  -21.727 0.6999999881
8275  10.739  -58.747  -15.696 0.6999999881
4401  17.788  -65.478  -16.517 0.6000000238
5419  17.006  -63.728  -13.951 0.6000000238
5394  16.211  -63.136  -12.811 0.6000000238
412  21.161  -76.308  -19.705 0.3000000119
555  22.186  -76.144  -20.165 0.3000000119
549  22.342  -76.570  -19.498 0.4000000060
950  22.609  -74.233  -21.474 0.3000000119
1196  24.178  -73.369  -21.308 0.4000000060
1202  24.127  -73.379  -22.051 0.4000000060
2266  25.671  -70.339  -21.139 0.4000000060
1498  24.825  -72.434  -21.843 0.3000000119
2275  25.242  -70.104  -21.834 0.5000000000
2671  25.053  -69.310  -21.908 0.6000000238
1209  24.516  -73.050  -22.240 0.5000000000
1500  24.188  -72.508  -22.407 0.5000000000
3531  22.251  -66.649  -22.057 0.6999999881
5432  12.859  -63.298  -15.752 0.6000000238
8915  8.581  -57.511  -17.181 0.6000000238
123292  15.523  -61.135  -15.993 0.5000000000
119026  17.473  -63.849  -16.597 0.6000000238
5932  15.998  -61.802  -16.231 0.5000000000
5924  17.515  -62.412  -15.321 0.6000000238
119856  17.347  -62.192  -14.483 0.5000000000
112629  16.631  -62.040  -12.927 0.5000000000
75  12.181  -78.864  -6.931 0.4000000060
74  12.067  -78.400  -7.287 0.4000000060
78  12.645  -77.843  -7.571 0.5000000000
123895  10.780  -77.201  -6.417 0.5000000000
321  9.717  -76.813  -6.592 0.5000000000
328  8.271  -77.044  -7.226 0.5000000000
326  10.796  -77.372  -7.161 0.5000000000
201  11.564  -77.395  -6.297 0.5000000000
73  13.336  -77.804  -7.316 0.4000000060
206  14.440  -77.769  -7.142 0.4000000060
72  13.831  -77.765  -7.455 0.5000000000
898  20.105  -73.862  -14.684 0.3000000119
891  20.007  -74.020  -14.168 0.3000000119
903  20.184  -74.268  -15.662 0.3000000119
678  19.922  -74.433  -16.587 0.3000000119
316  11.176  -77.081  -5.980 0.4000000060
317  10.479  -76.799  -6.258 0.5000000000
450  9.755  -76.724  -6.535 0.5000000000
200  11.798  -77.273  -5.895 0.4000000060
205  12.091  -77.620  -6.581 0.4000000060
122571  13.326  -77.681  -6.822 0.3000000119
198  13.733  -77.629  -5.973 0.3000000119
217  14.171  -78.082  -8.681 0.4000000060
325  14.500  -77.653  -7.560 0.4000000060
207  14.208  -77.769  -7.877 0.5000000000
320  15.297  -77.883  -6.973 0.3000000119
662  20.319  -74.362  -14.253 0.3000000119
892  19.482  -74.377  -13.990 0.3000000119
116478  20.675  -75.491  -15.678 0.3000000119
527  20.693  -76.088  -16.599 0.3000000119
533  20.232  -75.697  -17.479 0.3000000119
315  11.595  -76.966  -5.584 0.3000000119
113385  10.964  -76.816  -5.936 0.4000000060
314  12.223  -77.167  -5.469 0.3000000119
202  15.363  -78.033  -6.578 0.3000000119
330  14.733  -77.097  -7.857 0.4000000060
331  14.393  -77.549  -8.360 0.4000000060
319  16.304  -77.758  -6.805 0.3000000119
499  21.552  -75.336  -13.237 0.4000000060
500  20.996  -75.219  -13.094 0.4000000060
490  20.109  -75.391  -12.093 0.4000000060
361  19.515  -75.933  -11.765 0.4000000060
357  19.092  -76.570  -11.673 0.5000000000
520  21.455  -76.983  -14.712 0.3000000119
128466  21.026  -76.104  -14.833 0.3000000119
384  21.079  -77.026  -15.571 0.3000000119
398  21.970  -77.286  -18.373 0.3000000119
310  12.187  -77.057  -5.315 0.3000000119
625  14.717  -75.557  -8.700 0.3000000119
457  14.358  -76.607  -8.617 0.3000000119
461  14.232  -76.510  -9.659 0.4000000060
350  14.704  -77.255  -10.023 0.4000000060
323  16.839  -77.551  -7.108 0.3000000119
455  15.357  -76.400  -7.809 0.3000000119
122265  16.083  -76.952  -7.174 0.3000000119
324  15.565  -77.379  -7.190 0.3000000119
109641  18.072  -76.571  -11.301 0.5000000000
468  17.222  -76.798  -11.437 0.5000000000
647  22.761  -74.222  -12.818 0.3000000119
648  22.075  -74.814  -12.581 0.3000000119
118236  22.233  -75.110  -13.179 0.3000000119
487  21.850  -74.909  -12.158 0.3000000119
116332  21.098  -75.365  -12.388 0.4000000060
465  19.702  -75.584  -10.870 0.5000000000
214  18.670  -76.285  -10.737 0.5000000000
498  21.923  -75.333  -13.078 0.3000000119
489  20.748  -75.403  -11.652 0.4000000060
356  20.128  -75.489  -11.486 0.5000000000
346  19.539  -75.933  -11.140 0.5000000000
383  21.590  -77.243  -15.265 0.3000000119
111980  21.770  -77.267  -16.924 0.3000000119
395  21.964  -77.252  -17.500 0.3000000119
541  22.378  -76.982  -18.080 0.4000000060
638  14.412  -75.835  -10.432 0.4000000060
318  16.979  -77.472  -6.910 0.3000000119
620  16.542  -75.902  -7.704 0.3000000119
624  15.872  -75.302  -8.260 0.3000000119
471  14.519  -76.480  -10.427 0.4000000060
454  16.658  -76.617  -7.254 0.3000000119
469  15.896  -76.932  -11.242 0.4000000060
348  16.518  -77.624  -11.255 0.5000000000
642  17.082  -75.705  -11.800 0.4000000060
479  16.689  -76.352  -11.611 0.5000000000
1135  22.927  -73.605  -13.186 0.3000000119
637  17.949  -76.114  -11.178 0.5000000000
649  21.860  -74.988  -12.008 0.3000000119
124683  19.218  -74.984  -10.662 0.4000000060
636  18.665  -75.625  -10.561 0.5000000000
124435  22.825  -74.428  -13.366 0.3000000119
476  21.982  -75.787  -11.531 0.4000000060
640  22.191  -76.154  -10.838 0.4000000060
869  20.131  -74.988  -10.378 0.5000000000
467  18.892  -76.414  -10.225 0.5000000000
497  22.242  -75.552  -13.847 0.3000000119
488  21.552  -75.203  -11.957 0.4000000060
478  21.625  -75.744  -11.037 0.5000000000
464  20.873  -75.377  -11.266 0.5000000000
519  22.265  -77.138  -15.487 0.3000000119
526  22.627  -76.320  -16.227 0.4000000060
676  22.889  -75.521  -16.896 0.3000000119
389  22.151  -77.233  -16.400 0.4000000060
532  22.489  -76.546  -17.175 0.4000000060
1867  18.472  -71.311  -21.748 0.5000000000
110783  22.502  -76.141  -18.687 0.3000000119
615  17.606  -75.778  -6.467 0.3000000119
619  17.230  -76.008  -7.201 0.3000000119
872  14.559  -75.252  -10.921 0.3000000119
453  17.221  -76.916  -7.017 0.3000000119
882  14.736  -75.039  -11.619 0.3000000119
643  15.958  -75.552  -12.204 0.5000000000
880  16.903  -74.906  -12.268 0.4000000060
651  15.937  -74.714  -12.488 0.3000000119
116855  23.092  -73.034  -13.698 0.3000000119
879  17.914  -74.487  -11.705 0.5000000000
1123  22.783  -73.935  -12.724 0.3000000119
870  19.520  -74.353  -10.900 0.4000000060
878  18.678  -74.818  -11.026 0.4000000060
875  21.636  -74.976  -11.179 0.4000000060
876  21.414  -74.898  -10.803 0.4000000060
877  21.364  -74.707  -10.827 0.4000000060
1109  20.541  -74.403  -10.795 0.4000000060
654  22.707  -74.720  -13.966 0.3000000119
661  22.766  -74.676  -14.638 0.3000000119
633  21.975  -75.959  -10.067 0.4000000060
110990  21.061  -75.075  -10.725 0.5000000000
525  22.603  -75.080  -16.020 0.3000000119
916  22.714  -74.485  -16.613 0.4000000060
124075  17.873  -71.275  -20.978 0.5000000000
694  22.771  -75.781  -17.828 0.4000000060
925  22.569  -74.313  -17.487 0.5000000000
111061  17.618  -75.049  -6.805 0.3000000119
3094  13.143  -68.058  -18.100 0.5000000000
886  17.237  -74.154  -12.348 0.3000000119
110938  16.405  -74.048  -12.549 0.3000000119
3504  13.051  -67.405  -18.602 0.6000000238
1789  23.875  -71.668  -14.591 0.3000000119
1437  22.438  -72.500  -13.671 0.3000000119
1447  24.093  -72.663  -14.077 0.3000000119
1136  22.372  -73.208  -12.806 0.3000000119
116459  22.024  -73.689  -11.847 0.3000000119
1117  19.066  -73.563  -11.529 0.4000000060
115656  18.670  -74.173  -11.417 0.4000000060
1804  15.036  -71.132  -17.220 0.5000000000
4438  12.245  -65.446  -20.196 0.5000000000
1113  21.857  -74.132  -11.361 0.3000000119
1114  21.497  -73.983  -11.208 0.3000000119
1115  20.925  -73.920  -11.227 0.3000000119
1418  20.333  -73.082  -11.645 0.3000000119
897  23.970  -74.236  -14.347 0.3000000119
666  23.390  -74.431  -14.897 0.3000000119
1826  16.726  -71.583  -18.081 0.5000000000
124616  23.154  -74.305  -15.735 0.3000000119
117016  17.220  -71.276  -19.683 0.5000000000
914  23.888  -73.590  -15.896 0.4000000060
1852  17.946  -71.340  -20.058 0.6000000238
1164  23.619  -73.123  -16.921 0.4000000060
924  22.711  -73.130  -17.547 0.5000000000
1851  18.582  -71.387  -20.539 0.5000000000
1170  23.143  -72.448  -17.825 0.4000000060
127950  22.521  -73.590  -18.082 0.3000000119
930  22.521  -74.862  -18.496 0.4000000060
129272  19.113  -71.512  -21.075 0.6000000238
111531  26.426  -71.115  -18.017 0.3000000119
124180  25.934  -71.300  -18.422 0.4000000060
1178  23.627  -72.469  -18.704 0.4000000060
128336  22.742  -73.835  -18.945 0.3000000119
1850  19.872  -71.605  -21.028 0.6000000238
1866  19.431  -71.506  -21.985 0.5000000000
2648  26.251  -70.328  -18.212 0.3000000119
1820  25.909  -70.956  -18.861 0.5000000000
1484  25.208  -71.370  -19.322 0.4000000060
1485  24.745  -72.312  -20.305 0.4000000060
1865  20.423  -71.535  -21.960 0.6000000238
2656  25.831  -70.125  -19.221 0.5000000000
2258  25.723  -70.422  -19.481 0.4000000060
2649  25.671  -69.727  -18.846 0.4000000060
2259  25.768  -70.028  -20.301 0.5000000000
1832  25.650  -70.453  -20.403 0.4000000060
3955  13.231  -66.713  -18.277 0.6000000238
3956  12.852  -66.789  -18.917 0.6000000238
2219  23.626  -70.669  -15.026 0.3000000119
1448  22.987  -72.215  -14.370 0.3000000119
1772  22.058  -71.602  -14.032 0.3000000119
1438  21.760  -72.296  -13.209 0.3000000119
4427  12.914  -66.057  -18.647 0.6000000238
113888  12.557  -66.068  -19.423 0.6000000238
1424  21.589  -72.900  -12.447 0.3000000119
1425  20.740  -72.596  -12.270 0.3000000119
4428  12.361  -65.379  -19.223 0.6000000238
1787  26.054  -71.833  -14.534 0.3000000119
1125  21.232  -73.437  -11.843 0.3000000119
4907  11.663  -64.575  -19.286 0.6000000238
902  24.007  -73.981  -15.015 0.3000000119
5469  11.044  -63.824  -18.766 0.6000000238
4908  10.877  -63.892  -19.763 0.6000000238
5470  10.320  -63.274  -19.207 0.6000000238
5962  9.872  -62.689  -19.308 0.5000000000
1473  25.256  -72.147  -17.565 0.4000000060
1480  25.161  -71.723  -18.442 0.4000000060
2650  25.072  -68.959  -19.471 0.4000000060
2657  25.590  -69.529  -20.025 0.5000000000
120006  24.549  -70.217  -14.860 0.3000000119
2220  22.856  -71.185  -14.686 0.3000000119
122675  22.124  -70.702  -14.446 0.3000000119
1760  21.108  -71.961  -12.689 0.3000000119
1761  20.298  -71.619  -12.555 0.3000000119
107706  24.505  -71.154  -14.749 0.3000000119
1788  25.036  -72.109  -14.445 0.3000000119
2218  25.433  -71.163  -14.517 0.3000000119
107798  12.091  -64.967  -18.410 0.6000000238
2217  26.452  -70.936  -14.410 0.3000000119
127855  25.102  -72.325  -16.725 0.3000000119
1163  24.523  -72.804  -16.251 0.3000000119
6477  9.081  -61.535  -18.393 0.6000000238
4896  11.606  -64.485  -18.068 0.6000000238
5453  12.010  -64.152  -17.139 0.5000000000
5441  10.691  -63.508  -17.116 0.6000000238
5455  10.356  -63.414  -18.047 0.6000000238
5950  9.694  -62.550  -18.605 0.6000000238
5935  9.420  -62.170  -17.526 0.6000000238
7094  8.416  -60.789  -18.610 0.5000000000
4895  12.347  -64.719  -17.559 0.5000000000
5440  11.581  -63.634  -16.741 0.5000000000
5934  9.775  -62.986  -17.072 0.5000000000
6463  9.236  -61.535  -17.219 0.6000000238
8315  8.072  -58.439  -18.033 0.5000000000
8916  7.567  -57.295  -17.127 0.6000000238
8926  8.171  -57.844  -17.596 0.6000000238
8927  7.119  -57.910  -17.656 0.5000000000
8295  6.142  -58.123  -16.958 0.6000000238
5933  10.844  -63.108  -16.348 0.5000000000
7067  9.343  -60.810  -16.852 0.5000000000
108902  9.070  -59.993  -17.253 0.5000000000
7075  8.773  -60.797  -17.626 0.6000000238
7688  8.773  -59.069  -17.628 0.5000000000
7689  8.227  -59.181  -18.368 0.5000000000
8925  8.767  -57.948  -17.649 0.6000000238
8928  6.346  -57.300  -16.693 0.5000000000
8152  11.657  -58.507  -5.958 0.5000000000
5433  11.821  -63.152  -15.996 0.5000000000
117626  9.556  -62.162  -16.812 0.5000000000
121300  9.763  -60.074  -16.635 0.6000000238
8798  10.589  -57.182  -5.605 0.5000000000
8799  9.468  -57.139  -5.646 0.6000000238
8787  11.232  -57.898  -5.522 0.6000000238
8797  11.888  -57.666  -5.913 0.6000000238
8151  12.231  -58.211  -6.660 0.5000000000
127978  11.907  -58.531  -7.754 0.5000000000
9543  6.151  -56.516  -14.778 0.5000000000
108868  5.869  -56.852  -15.152 0.5000000000
122741  10.970  -53.742  -5.849 0.6000000238
11607  10.232  -53.545  -6.313 0.6999999881
10853  10.288  -54.343  -6.120 0.6000000238
109166  9.581  -54.831  -6.366 0.6000000238
109008  8.925  -55.465  -6.439 0.6000000238
10165  10.417  -55.158  -6.080 0.6000000238
108622  11.344  -54.828  -5.955 0.6000000238
111032  11.245  -55.779  -6.093 0.6000000238
129856  10.458  -55.821  -6.003 0.6000000238
10166  9.755  -55.606  -6.088 0.5000000000
110244  9.102  -56.263  -6.093 0.6000000238
10164  12.309  -55.787  -5.988 0.6000000238
9475  10.046  -56.356  -5.766 0.5000000000
9473  12.039  -56.729  -5.874 0.6000000238
9474  10.998  -56.478  -5.898 0.6000000238
8796  12.586  -57.397  -6.514 0.6000000238
8159  12.277  -58.224  -7.524 0.5000000000
8172  10.794  -58.417  -8.582 0.5000000000
8816  10.984  -57.604  -8.948 0.5000000000
8824  9.758  -57.228  -9.764 0.5000000000
8826  9.242  -57.031  -10.508 0.5000000000
114238  9.555  -53.976  -6.450 0.6000000238
10854  8.661  -54.471  -6.397 0.6999999881
112047  12.933  -56.620  -6.522 0.5000000000
8805  12.742  -57.667  -7.226 0.6000000238
8815  11.764  -58.115  -8.279 0.5000000000
8823  10.375  -57.144  -9.346 0.5000000000
10203  10.512  -55.899  -9.733 0.6000000238
9506  9.574  -56.356  -10.246 0.6000000238
13923  12.467  -50.816  -5.290 0.4000000060
12379  8.998  -52.235  -7.980 0.6999999881
13160  7.840  -52.074  -7.519 0.5000000000
12380  6.613  -52.738  -7.374 0.5000000000
13128  12.934  -51.060  -4.720 0.6000000238
13129  12.479  -51.449  -5.093 0.5000000000
123388  7.519  -52.823  -7.003 0.5000000000
13118  13.670  -51.461  -4.671 0.5000000000
11615  8.514  -52.710  -7.135 0.8000000119
12365  10.138  -52.835  -6.649 0.6999999881
11609  8.978  -53.422  -6.769 0.8000000119
11610  7.803  -53.615  -6.571 0.6999999881
9501  11.959  -57.278  -8.866 0.6000000238
9503  10.977  -56.596  -9.297 0.6000000238
13178  6.464  -51.228  -8.548 0.5000000000
13924  11.903  -50.584  -5.954 0.5000000000
13158  9.047  -51.687  -7.969 0.6999999881
12393  6.443  -52.003  -8.075 0.5000000000
13904  14.449  -51.127  -4.639 0.4000000060
13117  14.316  -51.832  -4.629 0.4000000060
11573  15.060  -53.330  -4.682 0.5000000000
11589  15.540  -54.099  -5.126 0.4000000060
13177  7.320  -51.023  -7.877 0.5000000000
13179  5.738  -51.686  -8.761 0.5000000000
14690  12.626  -49.584  -5.898 0.3000000119
14691  11.924  -49.676  -6.101 0.3000000119
13159  8.440  -51.557  -7.771 0.6000000238
12330  15.503  -52.557  -4.530 0.4000000060
122079  16.062  -53.373  -4.753 0.4000000060
10834  15.890  -54.744  -5.781 0.4000000060
13958  7.601  -50.180  -8.425 0.6000000238
13176  8.270  -50.774  -7.735 0.6000000238
10833  16.614  -54.021  -5.280 0.4000000060
13973  6.751  -49.724  -9.384 0.5000000000
13959  6.611  -50.378  -8.740 0.5000000000
122381  13.454  -48.557  -6.305 0.3000000119
14705  12.407  -49.202  -6.202 0.3000000119
15562  11.835  -48.926  -6.550 0.3000000119
15574  10.668  -48.612  -7.260 0.4000000060
10848  16.509  -54.394  -6.274 0.4000000060
11613  16.736  -53.882  -7.102 0.4000000060
15573  11.473  -48.494  -7.151 0.4000000060
14728  7.518  -49.512  -9.090 0.6000000238
13974  6.025  -50.258  -10.024 0.4000000060
15582  11.187  -48.199  -7.923 0.4000000060
15560  14.205  -48.322  -6.024 0.3000000119
16490  13.835  -47.875  -6.644 0.3000000119
110196  7.037  -49.509  -10.325 0.5000000000
16513  10.813  -47.798  -8.753 0.4000000060
15603  9.847  -48.002  -8.920 0.4000000060
16544  9.660  -47.650  -10.982 0.5000000000
16528  10.439  -47.594  -9.848 0.4000000060
18574  12.393  -45.669  -10.955 0.3000000119
18575  11.857  -45.595  -11.714 0.3000000119
17523  11.560  -46.690  -11.184 0.3000000119
17524  10.887  -46.860  -12.106 0.3000000119
18588  11.385  -45.668  -12.610 0.3000000119
19535  12.335  -44.778  -11.482 0.3000000119
1426  19.862  -72.347  -12.207 0.3000000119
1169  24.395  -72.615  -17.278 0.4000000060
16543  10.663  -47.477  -10.868 0.3000000119
19483  9.736  -44.646  -8.433 0.4000000060
11574  14.134  -53.192  -4.717 0.5000000000
16542  11.013  -47.258  -11.250 0.3000000119
1188  23.342  -72.953  -19.495 0.3000000119
109758  24.336  -71.835  -19.021 0.4000000060
204  12.518  -77.753  -6.821 0.4000000060
208  11.852  -77.820  -6.831 0.5000000000
322  8.787  -76.855  -6.880 0.5000000000
76  13.846  -77.991  -7.963 0.5000000000
655  20.131  -74.564  -13.579 0.4000000060
199  12.388  -77.435  -6.016 0.4000000060
127214  14.729  -78.155  -9.620 0.4000000060
108973  21.853  -76.081  -14.245 0.4000000060
650  19.761  -75.211  -12.719 0.4000000060
501  19.251  -75.783  -12.891 0.4000000060
612  10.681  -76.108  -5.928 0.3000000119
128167  14.721  -76.689  -8.070 0.3000000119
340  14.311  -77.532  -9.228 0.4000000060
121378  21.760  -75.817  -13.984 0.3000000119
510  22.229  -76.136  -14.831 0.4000000060
630  14.354  -75.755  -9.476 0.4000000060
470  15.047  -76.864  -10.869 0.4000000060
466  19.080  -76.219  -10.277 0.5000000000
114797  17.223  -71.024  -20.653 0.5000000000
382  21.962  -77.246  -15.618 0.4000000060
645  14.652  -75.575  -11.190 0.4000000060
480  15.467  -76.295  -11.520 0.4000000060
641  17.897  -75.274  -11.361 0.5000000000
1124  22.355  -73.794  -12.221 0.3000000119
653  23.617  -74.317  -13.867 0.3000000119
509  22.396  -75.239  -14.654 0.3000000119
667  22.591  -74.785  -15.241 0.3000000119
119729  15.282  -74.887  -12.254 0.3000000119
644  15.070  -75.587  -11.719 0.4000000060
1116  19.972  -73.628  -11.172 0.3000000119
1825  17.745  -71.409  -18.072 0.5000000000
915  23.058  -73.737  -16.627 0.4000000060
125754  17.015  -73.578  -12.493 0.3000000119
1419  19.428  -72.919  -11.785 0.3000000119
120901  24.405  -72.328  -18.098 0.4000000060
1179  22.779  -72.768  -18.252 0.4000000060
2637  26.094  -69.708  -17.691 0.3000000119
5454  11.159  -63.970  -17.602 0.6000000238
1773  21.308  -71.370  -13.264 0.3000000119
1774  20.793  -71.213  -12.843 0.3000000119
7076  8.467  -59.910  -18.114 0.5000000000
8314  8.574  -58.490  -17.809 0.6000000238
11608  9.668  -53.294  -6.713 0.6999999881
12366  9.444  -52.708  -7.206 0.6999999881
15550  13.018  -49.126  -5.996 0.3000000119
15561  12.697  -48.753  -6.506 0.3000000119
1810  19.110  -70.886  -18.031 0.5000000000
1811  18.474  -70.989  -17.745 0.5000000000
3964  23.300  -66.543  -21.957 0.6000000238
7066  10.125  -60.632  -16.251 0.4000000060
7673  10.501  -59.846  -16.306 0.5000000000
9562  6.968  -56.611  -16.558 0.5000000000
124766  9.007  -56.690  -15.930 0.5000000000
9560  8.833  -57.154  -16.505 0.5000000000
9561  8.022  -56.867  -16.584 0.5000000000
9551  6.091  -56.411  -15.328 0.5000000000
10285  6.663  -56.051  -15.772 0.5000000000
9548  9.434  -56.649  -15.139 0.5000000000
107959  6.047  -56.009  -14.885 0.4000000060
9550  8.430  -56.346  -16.071 0.5000000000
10284  7.518  -56.077  -16.070 0.5000000000
129393  6.374  -55.375  -15.205 0.5000000000
110253  6.387  -55.732  -14.267 0.5000000000
10271  8.054  -55.407  -15.893 0.6000000238
10272  7.019  -55.099  -15.742 0.5000000000
10256  6.361  -55.143  -14.592 0.5000000000
9507  8.773  -56.250  -10.725 0.5000000000
10977  7.003  -54.036  -15.557 0.6000000238
10216  7.602  -55.410  -12.091 0.5000000000
115654  8.217  -55.875  -11.464 0.5000000000
10978  6.526  -54.482  -15.080 0.6000000238
10240  6.539  -54.970  -13.759 0.6000000238
10228  7.213  -55.356  -12.939 0.5000000000
10976  7.758  -54.374  -15.829 0.6000000238
11692  6.795  -53.764  -15.024 0.6000000238
10958  6.605  -54.351  -14.470 0.6000000238
10215  8.280  -55.137  -11.621 0.6000000238
11666  7.316  -53.521  -14.046 0.6000000238
10208  8.811  -55.406  -10.990 0.5000000000
10207  9.307  -55.557  -10.454 0.5000000000
114722  7.594  -54.089  -13.278 0.6000000238
10921  7.530  -54.835  -12.615 0.6000000238
123994  8.067  -55.304  -6.189 0.5000000000
10855  7.474  -54.824  -6.255 0.5000000000
126048  9.797  -55.088  -10.330 0.6000000238
11657  8.419  -53.674  -12.904 0.6000000238
10896  9.433  -54.711  -10.741 0.6000000238
10920  8.165  -54.349  -12.508 0.6000000238
10897  8.872  -54.795  -11.331 0.6000000238
11652  8.820  -53.777  -12.079 0.6000000238
3098  25.306  -68.653  -20.885 0.4000000060
3109  24.908  -67.978  -21.690 0.5000000000
116379  20.984  -71.272  -22.846 0.5000000000
3507  24.390  -67.385  -21.278 0.4000000060
1849  20.818  -71.615  -20.917 0.4000000060
3965  22.730  -65.854  -21.772 0.4000000060
1840  17.991  -71.464  -19.051 0.4000000060
1838  19.839  -71.161  -19.432 0.4000000060
1839  18.869  -71.220  -19.494 0.4000000060
116620  19.404  -71.364  -20.254 0.4000000060
117221  20.294  -71.467  -20.137 0.4000000060
112233  20.531  -64.568  -20.120 0.4000000060
4928  21.016  -65.086  -21.129 0.4000000060
118478  20.993  -65.858  -22.347 0.4000000060
1812  17.715  -71.050  -17.314 0.4000000060
4436  22.005  -65.315  -21.133 0.4000000060
4451  21.918  -65.732  -22.237 0.4000000060
4942  19.442  -65.369  -22.089 0.4000000060
4943  18.597  -65.052  -22.246 0.5000000000
12436  8.177  -52.614  -14.113 0.5000000000
12452  8.106  -52.288  -14.672 0.5000000000
11656  9.083  -53.363  -12.424 0.5000000000
12425  9.433  -53.008  -13.103 0.5000000000
12424  10.279  -52.785  -12.686 0.5000000000
11651  9.448  -53.451  -11.603 0.5000000000
12417  10.435  -52.918  -11.620 0.5000000000
11616  6.813  -53.401  -6.887 0.4000000060
12418  9.714  -53.096  -11.976 0.5000000000
10906  9.192  -54.133  -11.445 0.5000000000
3530  23.239  -66.828  -22.065 0.5000000000
120183  20.471  -65.515  -22.056 0.4000000060
327  8.942  -77.067  -6.933 0.4000000060
335  8.448  -77.445  -7.922 0.4000000060
239  10.443  -78.073  -12.663 0.4000000060
124730  9.991  -76.946  -6.850 0.4000000060
333  9.696  -77.068  -7.568 0.4000000060
365  10.643  -76.981  -12.516 0.4000000060
334  9.291  -77.551  -8.533 0.4000000060
494  11.402  -76.433  -12.287 0.4000000060
495  10.765  -76.583  -12.045 0.4000000060
233  10.336  -77.488  -11.734 0.4000000060
210  11.766  -77.572  -7.863 0.5000000000
332  10.803  -76.859  -8.367 0.4000000060
484  10.631  -76.855  -11.197 0.4000000060
79  12.203  -78.934  -6.950 0.5000000000
83  12.559  -77.872  -8.050 0.5000000000
342  11.110  -76.923  -9.409 0.4000000060
343  10.361  -76.932  -9.237 0.4000000060
209  12.319  -78.099  -8.827 0.4000000060
219  11.794  -77.652  -8.955 0.4000000060
107  13.367  -78.360  -11.234 0.4000000060
358  12.328  -77.099  -11.021 0.4000000060
472  11.531  -76.726  -10.849 0.4000000060
473  10.925  -76.736  -10.753 0.4000000060
353  10.310  -77.050  -10.269 0.4000000060
482  11.992  -76.477  -11.719 0.4000000060
483  11.187  -76.526  -11.494 0.4000000060
218  12.424  -78.307  -9.542 0.5000000000
341  11.848  -77.676  -9.781 0.4000000060
462  10.840  -76.882  -10.096 0.4000000060
99  13.003  -78.413  -10.322 0.5000000000
227  12.563  -78.124  -10.433 0.4000000060
351  11.932  -77.327  -10.405 0.4000000060
352  11.369  -77.005  -10.166 0.4000000060
17  14.935  -78.909  -11.252 0.3000000119
24  15.013  -79.239  -12.125 0.3000000119
16  15.038  -78.935  -11.589 0.4000000060
119539  14.430  -78.578  -10.937 0.3000000119
85  16.039  -79.071  -9.869 0.4000000060
96  15.310  -78.702  -10.586 0.4000000060
112  16.259  -78.546  -12.264 0.3000000119
22  15.421  -78.888  -12.239 0.4000000060
23  15.184  -79.047  -11.938 0.4000000060
95  16.282  -79.010  -10.055 0.4000000060
103  16.762  -78.364  -11.954 0.4000000060
113244  15.914  -77.929  -11.049 0.4000000060
226  16.188  -78.235  -10.402 0.4000000060
349  15.651  -77.769  -10.527 0.3000000119
98  13.851  -78.488  -11.146 0.3000000119
339  15.276  -78.220  -9.925 0.3000000119
86  15.031  -78.785  -9.679 0.4000000060
111  17.435  -77.944  -12.438 0.4000000060
215  16.211  -78.768  -9.808 0.3000000119
225  16.809  -77.531  -11.479 0.4000000060
115224  13.744  -78.445  -10.129 0.4000000060
97  14.719  -78.512  -10.308 0.4000000060
120  16.861  -78.416  -12.837 0.4000000060
112038  18.486  -77.862  -11.768 0.4000000060
223  18.652  -76.854  -11.613 0.4000000060
224  18.202  -76.825  -11.541 0.4000000060
94  16.803  -77.878  -11.683 0.4000000060
89  12.921  -78.467  -9.630 0.4000000060
87  13.973  -78.402  -9.385 0.4000000060
216  15.139  -78.642  -9.918 0.3000000119
235  18.961  -77.402  -12.320 0.4000000060
127223  19.010  -77.510  -12.516 0.4000000060
230  18.838  -77.588  -11.994 0.4000000060
460  18.723  -76.126  -10.470 0.4000000060
93  17.654  -77.516  -11.896 0.4000000060
115093  13.183  -78.135  -8.252 0.4000000060
80  14.171  -78.031  -8.781 0.3000000119
77  13.550  -77.898  -7.782 0.4000000060
82  12.720  -78.320  -8.951 0.4000000060
81  13.732  -78.188  -8.494 0.4000000060
88  13.368  -78.393  -9.136 0.4000000060
4454  17.849  -65.258  -22.125 0.4000000060
102  17.623  -77.709  -12.181 0.4000000060
104  15.813  -78.538  -11.541 0.4000000060
105  15.438  -78.510  -10.936 0.4000000060
108  10.172  -79.056  -11.953 0.4000000060
231  18.593  -77.594  -12.074 0.4000000060
337  19.037  -76.386  -10.418 0.5000000000
338  16.343  -78.404  -10.163 0.3000000119
347  19.013  -76.473  -11.084 0.5000000000
359  10.139  -77.440  -10.844 0.4000000060
362  19.075  -77.358  -12.093 0.4000000060
375  21.843  -77.162  -14.836 0.4000000060
390  21.724  -77.236  -16.105 0.4000000060
396  20.927  -76.165  -17.583 0.4000000060
399  21.716  -77.215  -18.752 0.3000000119
401  20.729  -75.717  -18.998 0.4000000060
405  21.965  -77.285  -19.352 0.4000000060
411  21.759  -77.151  -19.923 0.3000000119
413  21.003  -76.062  -19.724 0.4000000060
418  22.032  -76.671  -20.333 0.3000000119
419  21.546  -76.545  -20.233 0.3000000119
459  18.952  -76.420  -10.306 0.5000000000
477  22.010  -76.329  -11.179 0.4000000060
481  14.692  -76.153  -11.123 0.4000000060
491  19.423  -76.138  -12.221 0.4000000060
493  12.052  -76.451  -12.570 0.4000000060
511  20.971  -74.895  -14.058 0.3000000119
518  22.535  -75.938  -15.376 0.3000000119
632  21.917  -76.319  -10.741 0.4000000060
634  19.930  -75.184  -10.543 0.5000000000
635  19.278  -75.627  -10.506 0.4000000060
668  20.609  -74.667  -14.824 0.3000000119
677  20.380  -75.205  -16.640 0.3000000119
700  22.486  -75.581  -19.213 0.4000000060
710  21.890  -74.666  -21.099 0.3000000119
867  22.251  -75.779  -10.406 0.4000000060
868  21.758  -75.478  -10.424 0.4000000060
885  22.168  -74.151  -11.923 0.3000000119
942  23.271  -73.637  -20.717 0.3000000119
1118  17.969  -73.630  -12.071 0.4000000060
1127  17.248  -72.796  -12.512 0.3000000119
1217  23.083  -73.012  -23.678 0.4000000060
1497  25.315  -71.838  -21.405 0.4000000060
1802  17.017  -71.108  -16.763 0.8000000119
1813  16.614  -71.390  -17.279 0.6999999881
1824  18.652  -71.200  -18.434 0.4000000060
1833  25.479  -70.922  -19.920 0.4000000060
1835  22.475  -70.849  -19.764 0.6999999881
2206  20.951  -70.609  -13.153 0.3000000119
2235  14.509  -70.603  -16.648 0.5000000000
2250  26.145  -70.639  -18.462 0.3000000119
2251  21.526  -70.339  -18.809 0.6999999881
2260  22.674  -70.228  -19.591 0.6999999881
2624  14.850  -69.313  -15.600 0.6999999881
3078  19.536  -69.156  -17.774 0.6000000238
3093  17.573  -67.837  -18.114 0.8000000119
3116  24.699  -68.097  -22.217 0.6000000238
3505  12.794  -67.264  -18.961 0.6000000238
3529  23.804  -67.007  -22.318 0.6999999881
3532  20.616  -66.615  -22.181 0.6999999881
3950  13.489  -66.667  -17.502 0.6000000238
4444  21.315  -65.506  -21.924 0.4000000060
4453  18.291  -65.338  -22.230 0.5000000000
4929  19.956  -65.112  -21.136 0.4000000060
4944  17.875  -64.974  -22.249 0.4000000060
5909  17.263  -62.628  -14.029 0.5000000000
5910  16.724  -62.718  -13.230 0.6000000238
6451  17.289  -61.892  -15.878 0.6000000238
6462  9.689  -61.502  -16.443 0.4000000060
7037  13.424  -60.791  -12.072 0.5000000000
7659  11.345  -59.400  -15.177 0.6999999881
8160  11.924  -58.817  -7.202 0.5000000000
8161  11.437  -58.806  -7.920 0.5000000000
8906  9.445  -57.283  -16.229 0.5000000000
9498  14.246  -56.256  -8.232 0.8000000119
9504  10.180  -56.472  -9.702 0.6000000238
9563  6.298  -56.707  -16.037 0.5000000000
10160  15.466  -55.423  -7.080 0.6000000238
10182  14.876  -55.618  -7.468 0.6999999881
10204  9.954  -55.758  -10.116 0.6000000238
10849  16.025  -55.075  -6.664 0.5000000000
10864  16.277  -54.558  -7.165 0.5000000000
10888  10.378  -55.203  -10.026 0.6000000238
10907  8.524  -54.492  -11.838 0.6000000238
10908  7.865  -54.870  -12.082 0.6000000238
10922  7.152  -54.710  -13.292 0.6000000238
10936  6.874  -54.188  -13.867 0.6000000238
11625  15.608  -53.549  -7.988 0.4000000060
11665  7.926  -53.212  -13.664 0.5000000000
11667  6.890  -53.786  -14.552 0.6000000238
11675  7.296  -53.258  -14.691 0.6000000238
11690  8.900  -53.212  -16.309 0.6000000238
11691  8.092  -53.448  -15.872 0.6999999881
11700  9.512  -52.790  -16.424 0.5000000000
12331  14.632  -52.517  -4.586 0.4000000060
12332  13.815  -52.333  -4.695 0.5000000000
12348  12.950  -51.990  -4.868 0.6999999881
12426  8.679  -53.136  -13.444 0.5000000000
12435  8.913  -52.540  -14.207 0.5000000000
12450  9.576  -52.006  -14.861 0.5000000000
12453  7.691  -52.469  -14.971 0.6000000238
12473  8.193  -52.704  -15.604 0.6000000238
15637  8.019  -48.460  -12.426 0.6999999881
15638  6.774  -48.629  -12.283 0.5000000000
15650  8.719  -48.058  -12.700 0.5000000000
16527  11.325  -47.347  -10.317 0.3000000119
16576  10.028  -47.083  -13.494 0.5000000000
17541  11.048  -46.422  -12.893 0.4000000060
17543  9.038  -46.831  -13.376 0.4000000060
17563  9.701  -46.599  -13.535 0.5000000000
18560  6.971  -45.168  -10.501 0.6000000238
18608  9.863  -45.652  -13.775 0.3000000119
19500  6.952  -45.098  -10.064 0.5000000000
19538  7.487  -44.833  -10.941 0.6000000238
19564  10.116  -44.739  -14.059 0.3000000119
20518  10.211  -43.199  -9.410 0.4000000060
20591  9.950  -44.193  -13.888 0.3000000119
21513  10.964  -42.238  -7.815 0.3000000119
110929  21.272  -77.204  -16.790 0.3000000119
111593  13.057  -77.563  -6.071 0.3000000119
113160  8.600  -47.772  -13.159 0.4000000060
113907  21.089  -75.234  -10.901 0.5000000000
114769  6.743  -55.660  -13.453 0.5000000000
115831  17.253  -71.492  -18.787 0.5000000000
116799  11.887  -46.135  -11.221 0.3000000119
117358  12.611  -77.063  -11.729 0.4000000060
117517  10.426  -59.198  -16.200 0.6999999881
118232  11.458  -46.260  -11.985 0.3000000119
120844  19.503  -70.078  -17.793 0.6000000238
120994  14.214  -70.044  -16.410 0.6999999881
122603  22.132  -76.765  -14.368 0.3000000119
122657  23.337  -74.453  -14.309 0.3000000119
122678  11.051  -48.825  -6.740 0.4000000060
122679  11.139  -76.790  -10.489 0.4000000060
122789  12.946  -50.459  -5.123 0.4000000060
124298  21.011  -74.884  -10.705 0.4000000060
125027  14.900  -79.235  -11.971 0.3000000119
125276  12.511  -50.130  -5.614 0.3000000119
125401  25.035  -71.578  -21.865 0.4000000060
126559  18.816  -66.716  -20.664 0.6000000238
126615  11.421  -57.246  -5.706 0.6000000238
126867  17.423  -77.098  -11.492 0.5000000000
127073  10.150  -76.979  -8.369 0.4000000060
127293  7.144  -55.766  -12.920 0.5000000000
127665  11.885  -58.678  -6.582 0.5000000000
128033  21.784  -69.200  -18.927 0.8000000119
128277  6.644  -54.667  -15.381 0.6000000238
128533  7.492  -48.664  -12.224 0.6000000238
128556  21.142  -76.196  -19.024 0.3000000119
128992  22.655  -73.853  -17.062 0.4000000060
129188  15.353  -63.207  -12.963 0.6999999881
129282  21.244  -76.836  -19.741 0.3000000119
129970  16.195  -78.605  -12.672 0.3000000119
