#!ascii label  , from subject sub1 vox2ras=TkReg
993
3099  24.870  -68.093  -20.547 0.5000000000
8225  18.045  -57.891  -12.512 0.6000000238
8851  17.835  -57.650  -11.598 0.6000000238
8205  17.185  -57.937  -10.880 0.6000000238
111643  16.218  -58.019  -10.726 0.6000000238
8831  17.593  -57.085  -10.958 0.6999999881
8832  16.828  -57.143  -10.628 0.6000000238
4906  16.570  -64.710  -19.542 0.5000000000
125830  17.390  -64.798  -21.796 0.6000000238
4933  16.911  -64.644  -21.444 0.6000000238
4426  16.854  -65.084  -20.366 0.5000000000
4930  19.014  -64.746  -21.732 0.5000000000
118104  18.258  -64.736  -21.987 0.4000000060
4445  17.595  -65.461  -21.705 0.5000000000
4437  17.402  -65.687  -20.789 0.6000000238
6443  16.948  -61.947  -13.875 0.5000000000
4435  22.762  -65.577  -20.569 0.4000000060
6444  16.357  -61.279  -13.349 0.5000000000
112629  16.631  -62.040  -12.927 0.5000000000
7054  16.009  -60.306  -13.973 0.6000000238
7649  16.458  -59.299  -13.928 0.6000000238
8240  17.392  -58.348  -13.152 0.6000000238
8239  18.315  -58.047  -13.471 0.6999999881
8241  16.631  -58.729  -13.006 0.6000000238
8849  19.263  -57.090  -12.425 0.6000000238
8850  18.541  -57.364  -12.089 0.6999999881
9516  20.198  -55.916  -12.326 0.6000000238
9517  19.478  -56.247  -12.163 0.6000000238
9518  18.780  -56.698  -11.874 0.6999999881
118956  15.870  -57.007  -10.597 0.6000000238
5466  16.456  -64.129  -18.824 0.5000000000
4920  16.082  -64.447  -20.793 0.6000000238
5490  17.284  -63.803  -21.350 0.6000000238
4932  16.919  -64.288  -21.496 0.6999999881
121797  16.460  -64.633  -21.186 0.6000000238
4929  19.956  -65.112  -21.136 0.4000000060
7058  15.823  -60.155  -14.923 0.5000000000
6453  16.273  -61.008  -14.531 0.5000000000
3508  23.758  -66.796  -20.602 0.5000000000
7648  17.045  -58.903  -14.539 0.6999999881
7650  16.036  -59.759  -14.489 0.6000000238
8274  17.966  -58.665  -14.846 0.6999999881
8257  16.963  -58.728  -13.787 0.6000000238
8256  17.731  -58.509  -14.037 0.6999999881
8868  19.635  -57.410  -13.128 0.6000000238
8238  19.139  -57.764  -13.769 0.6000000238
8867  20.349  -57.167  -13.398 0.6000000238
8869  18.871  -57.621  -12.864 0.6000000238
9529  20.695  -56.460  -12.848 0.6000000238
9515  20.764  -55.753  -12.581 0.6999999881
10223  16.971  -55.154  -11.786 0.6999999881
9512  15.423  -55.996  -11.392 0.5000000000
10212  18.861  -55.824  -11.848 0.6999999881
9509  18.136  -56.314  -11.275 0.6999999881
9511  16.471  -56.264  -10.803 0.6000000238
5481  14.911  -63.096  -21.093 0.5000000000
5467  15.720  -63.467  -19.652 0.5000000000
5452  16.318  -63.460  -18.168 0.5000000000
5492  15.439  -63.204  -21.377 0.6999999881
107834  16.020  -64.140  -20.037 0.6000000238
5478  18.054  -63.392  -19.993 0.5000000000
5479  17.194  -62.916  -20.576 0.6999999881
5491  16.185  -63.413  -21.418 0.6999999881
115154  16.215  -64.015  -21.221 0.6000000238
5480  15.618  -63.715  -20.950 0.6000000238
112346  19.514  -64.368  -20.396 0.4000000060
4919  18.360  -64.141  -21.006 0.5000000000
112238  15.672  -60.605  -15.504 0.5000000000
109642  15.838  -59.573  -16.057 0.5000000000
110649  15.575  -59.957  -15.774 0.5000000000
7658  15.904  -59.809  -15.285 0.5000000000
7656  17.184  -59.006  -15.414 0.6000000238
7657  16.357  -59.439  -15.125 0.5000000000
119412  19.844  -58.516  -15.029 0.6000000238
110498  19.036  -58.698  -15.098 0.6999999881
8255  18.641  -58.312  -14.307 0.6999999881
8252  21.189  -58.123  -14.874 0.6000000238
8253  20.307  -58.181  -14.623 0.6000000238
8254  19.515  -58.234  -14.476 0.6999999881
9538  22.523  -56.296  -14.332 0.6999999881
8885  20.715  -57.602  -14.159 0.6000000238
8886  19.955  -57.717  -13.951 0.6000000238
9527  22.116  -55.722  -13.681 0.6000000238
9539  21.794  -56.567  -14.004 0.6999999881
8866  21.101  -56.898  -13.597 0.6999999881
11661  22.735  -53.842  -13.635 0.6000000238
10232  22.481  -55.075  -13.454 0.6000000238
9528  21.457  -55.980  -13.008 0.6999999881
10224  16.341  -54.900  -12.575 0.6000000238
10233  21.847  -55.087  -13.056 0.6999999881
10905  18.267  -55.419  -11.657 0.6999999881
10214  16.243  -55.432  -11.531 0.6000000238
11672  22.075  -53.180  -14.327 0.6999999881
10929  22.246  -54.449  -13.352 0.6000000238
10930  21.408  -54.331  -13.039 0.8000000119
10915  20.182  -54.629  -12.373 0.6999999881
10222  19.670  -55.129  -11.921 0.6999999881
10904  18.846  -55.075  -11.946 0.6999999881
5468  15.358  -62.505  -19.634 0.6000000238
5984  15.542  -62.532  -21.544 0.6999999881
5985  15.123  -62.462  -21.317 0.6999999881
5972  17.350  -62.161  -20.101 0.5000000000
5983  16.340  -62.380  -21.054 0.6999999881
5477  19.067  -63.578  -19.592 0.4000000060
7064  15.360  -60.336  -16.434 0.5000000000
6461  15.456  -61.180  -16.769 0.5000000000
7672  15.522  -59.632  -16.748 0.5000000000
7671  16.427  -59.225  -16.164 0.6000000238
7669  18.477  -59.199  -16.477 0.6000000238
7670  17.433  -59.157  -16.324 0.6999999881
8273  19.022  -58.987  -15.871 0.6999999881
7655  18.207  -58.953  -15.629 0.6999999881
8271  20.468  -58.493  -15.301 0.6000000238
8272  19.767  -58.783  -15.704 0.6000000238
8901  23.571  -56.513  -15.489 0.6999999881
8883  22.214  -57.204  -14.767 0.6999999881
128665  21.720  -57.709  -14.880 0.6999999881
10934  16.737  -54.753  -13.703 0.6000000238
10249  23.609  -55.244  -14.289 0.6000000238
9537  23.300  -56.047  -14.612 0.6999999881
8884  21.437  -57.362  -14.402 0.6999999881
12441  23.639  -52.583  -14.530 0.6000000238
124510  23.799  -53.304  -14.109 0.6000000238
11670  24.247  -53.753  -14.069 0.6000000238
11671  23.111  -53.196  -14.129 0.6000000238
10231  23.116  -54.620  -13.637 0.6000000238
10932  19.150  -54.519  -13.936 0.6999999881
126402  18.289  -54.602  -13.687 0.6000000238
10918  17.732  -54.941  -12.055 0.6999999881
10919  17.071  -54.811  -12.608 0.6000000238
12459  23.674  -51.880  -15.379 0.5000000000
12442  22.698  -52.413  -14.949 0.6000000238
11673  21.247  -53.472  -14.229 0.8000000119
11663  20.795  -53.832  -13.516 0.8000000119
10931  20.063  -54.126  -12.963 0.8000000119
10916  19.342  -54.657  -12.476 0.6999999881
10917  18.368  -54.772  -12.460 0.6999999881
11662  21.806  -53.798  -13.552 0.8000000119
5973  15.148  -62.048  -20.594 0.6999999881
6488  15.022  -61.429  -19.195 0.6999999881
5961  15.608  -62.129  -18.357 0.6000000238
6514  16.114  -61.573  -21.134 0.6999999881
6501  17.124  -61.436  -20.286 0.6000000238
5949  15.900  -61.951  -17.224 0.5000000000
7073  15.240  -60.415  -17.463 0.5000000000
12422  17.064  -52.284  -12.504 0.6000000238
7065  15.249  -59.729  -17.374 0.5000000000
128813  16.819  -52.316  -13.320 0.5000000000
7685  15.769  -59.125  -17.090 0.5000000000
12445  17.710  -52.618  -14.803 0.6000000238
7684  16.681  -58.952  -17.094 0.6999999881
8292  19.452  -59.065  -16.547 0.6999999881
11683  17.395  -54.512  -15.504 0.6000000238
115359  21.185  -58.456  -15.728 0.6999999881
129328  19.988  -58.899  -16.236 0.6000000238
8912  22.550  -57.704  -16.354 0.6999999881
8903  21.944  -57.876  -15.473 0.6999999881
10952  17.091  -54.842  -14.903 0.6000000238
10968  16.824  -54.607  -15.197 0.6000000238
10267  24.036  -55.761  -14.966 0.6000000238
8902  22.742  -57.167  -15.572 0.6999999881
10951  17.791  -54.940  -15.245 0.6000000238
125521  16.121  -54.680  -14.711 0.6000000238
129537  25.616  -53.746  -14.566 0.6000000238
10948  24.675  -54.319  -14.393 0.6000000238
10950  18.337  -55.047  -15.443 0.6999999881
118025  17.476  -54.708  -14.153 0.6000000238
115777  24.352  -53.003  -14.327 0.6000000238
11680  19.722  -54.086  -16.524 0.6000000238
11674  19.264  -54.690  -16.004 0.6000000238
126012  18.927  -54.844  -15.408 0.6999999881
10933  17.609  -54.664  -13.076 0.6000000238
12461  20.788  -52.724  -16.199 0.6000000238
11664  19.816  -54.211  -14.335 0.8000000119
11679  20.961  -53.254  -15.204 0.6000000238
121863  20.374  -53.795  -14.863 0.6999999881
119246  15.032  -60.982  -21.050 0.6999999881
6517  14.869  -60.893  -20.899 0.6999999881
6502  14.986  -61.034  -20.165 0.6999999881
7137  16.239  -60.625  -21.230 0.6999999881
6515  15.401  -61.527  -21.137 0.6999999881
6489  14.649  -60.646  -19.140 0.6000000238
6476  14.894  -60.520  -18.424 0.6000000238
13234  17.871  -52.035  -12.252 0.6000000238
111797  17.212  -52.060  -11.762 0.6000000238
7074  14.941  -59.937  -18.023 0.6000000238
124363  17.580  -52.283  -13.149 0.5000000000
8310  17.183  -58.734  -18.115 0.6999999881
8311  16.074  -58.434  -17.932 0.6999999881
12429  17.920  -52.121  -13.930 0.4000000060
12430  17.162  -52.323  -14.076 0.5000000000
8308  19.632  -59.029  -17.696 0.6999999881
8309  18.433  -58.783  -18.187 0.8000000119
12444  18.260  -52.340  -14.828 0.5000000000
122805  20.213  -58.897  -16.802 0.6000000238
7683  17.845  -59.219  -17.253 0.6999999881
12463  17.807  -53.627  -15.655 0.6000000238
8290  21.798  -58.259  -16.449 0.6999999881
8291  20.950  -58.527  -16.657 0.6999999881
11682  17.812  -55.061  -16.242 0.6999999881
9546  24.389  -55.953  -15.749 0.6999999881
8911  23.326  -57.148  -16.340 0.6999999881
10982  18.595  -54.754  -16.858 0.5000000000
10967  17.641  -54.932  -15.582 0.6000000238
110797  26.241  -54.546  -15.263 0.6000000238
10266  24.710  -55.337  -15.264 0.6000000238
10966  17.980  -55.343  -16.203 0.6999999881
10947  25.510  -54.333  -14.698 0.6000000238
10248  24.317  -55.004  -14.622 0.6000000238
11681  18.911  -54.784  -17.081 0.5000000000
10965  18.541  -55.119  -16.386 0.6000000238
11669  25.028  -53.596  -14.421 0.6000000238
12462  19.586  -53.526  -17.413 0.6000000238
11695  19.075  -54.386  -17.570 0.5000000000
12478  20.496  -52.250  -17.238 0.6000000238
7139  14.908  -60.255  -21.060 0.6999999881
7716  14.850  -59.590  -20.221 0.6999999881
7708  14.574  -59.305  -19.341 0.6000000238
7093  14.608  -59.832  -18.709 0.6000000238
13224  17.633  -51.631  -11.262 0.4000000060
13209  17.089  -51.087  -10.248 0.5000000000
8313  14.965  -58.901  -18.267 0.6000000238
13233  18.417  -51.528  -12.583 0.5000000000
13225  16.722  -51.740  -11.052 0.6000000238
8332  15.657  -58.303  -18.965 0.6999999881
8331  16.590  -58.236  -19.049 0.6999999881
7686  15.249  -59.159  -17.581 0.6000000238
8922  23.367  -57.312  -17.722 0.6999999881
8289  22.393  -58.054  -17.223 0.6999999881
8924  21.979  -57.834  -18.258 0.6999999881
112320  18.371  -52.905  -15.896 0.6000000238
129519  25.057  -55.855  -17.272 0.6999999881
9571  24.420  -56.349  -17.457 0.6999999881
8306  21.461  -58.284  -17.476 0.6999999881
124459  18.082  -54.363  -16.538 0.5000000000
109729  25.169  -55.492  -15.926 0.6000000238
10283  24.769  -55.979  -16.557 0.6999999881
112231  23.692  -57.005  -17.169 0.6999999881
10963  26.718  -53.881  -15.265 0.5000000000
10265  26.168  -55.164  -16.016 0.6000000238
7715  15.157  -59.340  -20.949 0.6999999881
129775  14.936  -58.927  -20.361 0.6999999881
13208  18.058  -51.043  -10.731 0.4000000060
8340  15.926  -57.756  -20.297 0.6999999881
8333  14.990  -58.506  -18.890 0.6999999881
8341  15.421  -58.123  -19.689 0.6999999881
13210  15.921  -51.241  -10.245 0.6000000238
121613  18.430  -57.999  -19.263 0.8000000119
8339  17.078  -57.642  -19.858 0.6999999881
8328  19.966  -57.615  -19.519 0.6000000238
8329  19.280  -58.234  -18.802 0.6000000238
13956  15.138  -51.004  -9.194 0.6000000238
8327  20.972  -58.033  -18.727 0.6999999881
110318  20.121  -58.412  -18.431 0.6000000238
9572  23.779  -56.739  -18.062 0.6000000238
10287  25.492  -55.345  -17.650 0.6000000238
12390  15.229  -51.917  -8.539 0.5000000000
10981  26.603  -54.685  -16.646 0.6000000238
10282  25.487  -55.543  -16.696 0.6999999881
113419  26.904  -54.349  -15.947 0.5000000000
8948  17.307  -57.257  -20.427 0.6999999881
124099  16.884  -50.262  -9.526 0.4000000060
8338  17.888  -57.059  -20.123 0.8000000119
13987  16.020  -50.384  -9.320 0.5000000000
8936  20.683  -56.830  -20.077 0.8000000119
13955  15.803  -50.423  -8.851 0.4000000060
13970  16.556  -49.960  -8.954 0.4000000060
8337  18.931  -57.259  -20.002 0.6999999881
13172  16.230  -50.819  -8.401 0.4000000060
13971  15.542  -50.574  -9.165 0.5000000000
115255  24.905  -55.697  -18.148 0.6000000238
8933  23.144  -56.982  -18.463 0.6000000238
8934  22.384  -57.081  -18.826 0.6999999881
127587  17.083  -51.399  -8.161 0.4000000060
10989  26.037  -54.798  -18.149 0.6000000238
129850  16.043  -52.845  -7.929 0.4000000060
13173  15.460  -51.125  -8.716 0.6000000238
10281  26.135  -55.106  -17.063 0.6000000238
10980  27.096  -54.169  -16.923 0.5000000000
11694  27.534  -53.612  -16.272 0.5000000000
14726  17.228  -49.790  -8.901 0.4000000060
8947  17.989  -56.757  -20.771 0.8000000119
13954  16.484  -50.166  -8.776 0.4000000060
8946  18.533  -56.483  -20.900 0.6999999881
13953  17.066  -50.589  -8.397 0.4000000060
8944  21.969  -56.311  -19.763 0.6000000238
8935  21.569  -57.148  -19.350 0.6999999881
9575  24.285  -56.094  -18.597 0.6000000238
9576  23.549  -56.266  -19.000 0.6000000238
109607  17.589  -52.312  -7.601 0.4000000060
13155  16.698  -52.061  -8.135 0.4000000060
10988  26.625  -54.515  -17.557 0.6000000238
12378  17.178  -53.158  -7.338 0.4000000060
11704  27.391  -53.529  -17.565 0.4000000060
128666  17.267  -50.053  -8.669 0.4000000060
8336  19.561  -56.377  -20.848 0.6999999881
9585  22.388  -55.934  -20.266 0.6999999881
8945  21.278  -56.231  -20.345 0.6000000238
10291  24.698  -55.333  -19.264 0.6000000238
9583  24.021  -55.621  -19.615 0.6000000238
11605  17.291  -53.752  -6.111 0.3000000119
10987  27.080  -54.065  -17.982 0.4000000060
12497  27.620  -52.773  -18.536 0.4000000060
13154  18.017  -51.513  -7.904 0.4000000060
12377  18.421  -52.311  -7.001 0.4000000060
10997  25.898  -54.502  -19.212 0.6000000238
11003  26.080  -53.990  -20.329 0.6000000238
10995  27.201  -53.411  -19.293 0.4000000060
11713  27.586  -53.314  -20.898 0.5000000000
12496  28.006  -52.267  -19.307 0.4000000060
13116  15.010  -51.776  -4.580 0.3000000119
12504  27.731  -52.841  -20.384 0.4000000060
13938  20.184  -51.040  -7.318 0.4000000060
13902  16.220  -50.959  -4.524 0.3000000119
107642  13.254  -49.784  -5.505 0.4000000060
114909  21.307  -50.033  -7.339 0.4000000060
13915  20.234  -50.703  -6.114 0.4000000060
13918  17.559  -50.349  -5.123 0.3000000119
13917  18.519  -50.504  -5.255 0.3000000119
13921  14.755  -50.378  -5.011 0.3000000119
13920  15.688  -50.280  -4.959 0.3000000119
13922  13.699  -50.535  -4.906 0.3000000119
14704  20.735  -50.169  -6.102 0.4000000060
124197  19.762  -49.871  -5.513 0.4000000060
13916  19.501  -50.647  -5.572 0.4000000060
13919  16.614  -50.248  -4.992 0.3000000119
14688  15.135  -49.594  -5.327 0.3000000119
16512  11.744  -47.693  -8.569 0.4000000060
111655  11.440  -47.466  -9.421 0.3000000119
17491  12.065  -47.011  -10.254 0.3000000119
14689  14.209  -49.699  -5.356 0.3000000119
118381  13.783  -49.034  -5.754 0.3000000119
119954  19.463  -49.181  -5.465 0.4000000060
14684  19.015  -49.838  -5.339 0.4000000060
14685  18.078  -49.691  -5.338 0.3000000119
14686  17.102  -49.406  -5.304 0.3000000119
14687  16.063  -49.490  -5.272 0.3000000119
15572  12.320  -48.385  -7.071 0.3000000119
15548  15.482  -48.733  -5.451 0.3000000119
16526  12.339  -47.314  -9.304 0.3000000119
15549  14.623  -48.874  -5.570 0.3000000119
17473  13.134  -47.188  -8.959 0.4000000060
17490  12.981  -46.999  -9.665 0.3000000119
17522  12.277  -46.422  -10.571 0.3000000119
117777  18.549  -49.055  -5.432 0.4000000060
119285  17.799  -48.962  -5.390 0.4000000060
15547  16.415  -48.652  -5.425 0.3000000119
16501  12.029  -48.104  -7.816 0.4000000060
16478  15.877  -48.031  -5.784 0.3000000119
16491  13.132  -48.191  -6.940 0.3000000119
16511  12.523  -47.565  -8.387 0.4000000060
16510  13.176  -47.211  -8.062 0.4000000060
18559  12.835  -45.924  -10.266 0.3000000119
16475  18.455  -47.595  -5.553 0.4000000060
16476  17.610  -47.725  -5.553 0.4000000060
16477  16.759  -47.902  -5.656 0.4000000060
16488  15.376  -47.414  -6.217 0.4000000060
16479  14.971  -48.062  -5.694 0.3000000119
16498  14.125  -47.103  -6.931 0.3000000119
16499  13.494  -47.491  -7.322 0.3000000119
17459  13.917  -46.795  -7.750 0.3000000119
17471  14.028  -46.336  -8.585 0.5000000000
17489  13.491  -46.691  -9.150 0.4000000060
19518  13.039  -45.102  -10.674 0.3000000119
17432  17.076  -47.204  -5.951 0.4000000060
117102  16.579  -46.747  -6.325 0.4000000060
17447  15.787  -46.624  -6.632 0.3000000119
17458  15.113  -46.225  -7.300 0.3000000119
18512  15.201  -45.409  -7.944 0.3000000119
18525  15.094  -45.095  -8.819 0.3000000119
16489  14.562  -47.605  -6.371 0.3000000119
17448  14.853  -46.869  -6.735 0.3000000119
18513  14.515  -46.107  -7.878 0.3000000119
18526  14.626  -45.688  -8.718 0.3000000119
18539  14.722  -45.113  -9.271 0.3000000119
123517  14.480  -46.593  -7.280 0.3000000119
18540  13.933  -45.750  -9.297 0.3000000119
17507  13.202  -46.249  -9.708 0.3000000119
19534  13.101  -44.172  -11.021 0.3000000119
17429  19.782  -46.797  -5.720 0.3000000119
17444  19.326  -46.129  -5.832 0.3000000119
124969  18.638  -46.308  -5.977 0.3000000119
18499  17.307  -45.639  -6.721 0.3000000119
19467  16.847  -44.685  -7.737 0.3000000119
129211  15.941  -44.470  -8.911 0.3000000119
17446  17.262  -46.474  -6.357 0.3000000119
18511  16.659  -45.324  -7.171 0.3000000119
17457  15.916  -45.839  -7.301 0.3000000119
19468  15.972  -44.952  -7.740 0.3000000119
19495  15.465  -44.480  -9.337 0.3000000119
19496  14.805  -44.531  -9.678 0.3000000119
18557  14.186  -44.913  -9.810 0.3000000119
126186  14.521  -44.266  -10.153 0.3000000119
18558  13.479  -45.387  -10.013 0.3000000119
19517  13.766  -44.637  -10.405 0.3000000119
109709  21.355  -46.181  -6.260 0.3000000119
110423  18.771  -45.655  -6.303 0.3000000119
17445  18.039  -46.076  -6.438 0.3000000119
18510  17.395  -44.835  -7.054 0.3000000119
121569  16.270  -44.477  -8.386 0.3000000119
20517  15.927  -43.927  -10.014 0.3000000119
20536  14.026  -43.901  -10.585 0.3000000119
20553  12.715  -43.373  -11.718 0.3000000119
19481  17.130  -44.034  -8.462 0.3000000119
19494  16.398  -44.088  -9.295 0.3000000119
112414  15.027  -43.595  -10.192 0.3000000119
21569  13.978  -42.878  -10.587 0.3000000119
20537  13.259  -43.287  -11.117 0.3000000119
20498  17.077  -43.630  -9.211 0.3000000119
20516  16.616  -43.387  -9.716 0.3000000119
119280  16.026  -43.039  -10.192 0.3000000119
20497  17.833  -43.591  -8.961 0.3000000119
21555  16.798  -42.742  -9.941 0.3000000119
21568  15.039  -42.689  -10.445 0.3000000119
21570  13.345  -42.508  -11.228 0.3000000119
3507  24.390  -67.385  -21.278 0.5000000000
3519  23.929  -66.789  -21.858 0.5000000000
116899  23.429  -66.069  -21.084 0.4000000060
9510  17.272  -56.332  -10.845 0.6999999881
112233  20.531  -64.568  -20.120 0.4000000060
3958  23.283  -66.372  -19.703 0.5000000000
8307  20.585  -58.605  -17.638 0.6000000238
10962  27.226  -53.724  -15.656 0.5000000000
112654  23.118  -57.647  -17.101 0.6999999881
13156  15.895  -51.692  -8.395 0.4000000060
12456  27.796  -52.669  -15.973 0.5000000000
10290  25.343  -54.996  -18.749 0.6000000238
12487  27.759  -52.840  -16.993 0.4000000060
9577  22.763  -56.343  -19.351 0.6000000238
12363  17.936  -53.029  -6.536 0.3000000119
11714  26.872  -53.605  -20.359 0.4000000060
13933  20.706  -50.587  -6.801 0.4000000060
17443  20.250  -46.068  -5.929 0.3000000119
9596  21.616  -56.107  -21.032 0.5000000000
8958  19.849  -56.377  -21.145 0.6999999881
8959  19.059  -56.358  -21.202 0.6999999881
8961  17.591  -57.089  -20.922 0.6000000238
126190  22.145  -55.964  -20.900 0.5000000000
117918  20.579  -56.206  -20.894 0.6000000238
7151  16.882  -59.881  -21.539 0.6000000238
7138  15.423  -60.507  -21.265 0.6000000238
8971  19.471  -56.640  -21.345 0.6999999881
8367  18.571  -57.991  -21.342 0.6000000238
7730  17.311  -59.111  -21.438 0.6000000238
8972  18.809  -56.710  -21.314 0.6999999881
8368  17.599  -57.994  -21.229 0.6000000238
7732  15.757  -58.956  -21.418 0.6000000238
9595  22.758  -55.721  -20.936 0.5000000000
7727  19.956  -59.298  -21.370 0.6999999881
7728  19.160  -59.274  -21.443 0.6999999881
7714  18.875  -59.918  -21.428 0.6000000238
113042  17.385  -60.370  -21.015 0.6000000238
8365  20.166  -58.090  -21.269 0.6000000238
8366  19.362  -58.017  -21.348 0.6999999881
7729  18.282  -59.107  -21.422 0.6000000238
8364  21.032  -58.293  -21.503 0.6000000238
10311  24.310  -55.338  -20.967 0.5000000000
7713  19.722  -59.850  -21.246 0.6000000238
7116  16.948  -60.860  -20.541 0.6000000238
10314  24.768  -55.462  -21.312 0.5000000000
10301  23.914  -55.450  -20.421 0.5000000000
11010  27.219  -54.163  -21.334 0.5000000000
10310  25.003  -54.750  -21.099 0.5000000000
11009  27.804  -53.894  -21.203 0.4000000060
8226  17.239  -58.348  -11.915 0.4000000060
8206  16.646  -58.611  -11.119 0.4000000060
8227  16.510  -58.953  -11.882 0.5000000000
7630  16.011  -59.725  -11.686 0.5000000000
11012  25.656  -54.359  -20.890 0.5000000000
7641  16.120  -59.259  -12.861 0.5000000000
6421  15.594  -61.652  -12.115 0.6000000238
11011  26.396  -54.230  -21.204 0.4000000060
115995  15.987  -59.736  -13.540 0.5000000000
129589  15.984  -59.945  -12.553 0.5000000000
6433  16.051  -61.549  -12.586 0.5000000000
111172  15.979  -58.739  -10.945 0.5000000000
7613  16.143  -59.081  -11.324 0.5000000000
7614  15.530  -59.385  -11.074 0.5000000000
7020  15.410  -60.251  -11.470 0.5000000000
7036  15.791  -60.762  -11.978 0.5000000000
11721  26.728  -53.809  -20.976 0.5000000000
11002  28.268  -53.584  -21.020 0.4000000060
11720  27.384  -53.667  -21.144 0.4000000060
11719  27.957  -53.429  -21.307 0.4000000060
115329  15.422  -55.251  -12.499 0.5000000000
117748  15.039  -59.906  -11.175 0.5000000000
116689  25.187  -54.498  -20.117 0.5000000000
10234  15.780  -54.847  -13.659 0.5000000000
10235  14.992  -55.245  -13.755 0.5000000000
10251  14.561  -54.970  -14.677 0.5000000000
10935  15.269  -54.887  -14.671 0.5000000000
10969  15.485  -54.577  -15.308 0.5000000000
119995  14.970  -54.293  -15.652 0.5000000000
10953  14.817  -54.710  -15.363 0.5000000000
10252  13.758  -54.879  -14.590 0.4000000060
11685  15.552  -53.792  -15.639 0.5000000000
10970  14.362  -54.282  -15.808 0.6000000238
10954  14.157  -54.689  -15.426 0.6000000238
126771  16.079  -54.391  -15.352 0.5000000000
12465  16.115  -53.095  -15.417 0.5000000000
11686  14.655  -53.676  -15.845 0.5000000000
11687  13.763  -53.535  -16.141 0.6000000238
10972  12.840  -54.030  -15.985 0.6000000238
10955  12.321  -54.464  -15.280 0.5000000000
10973  11.812  -53.874  -16.186 0.5000000000
119208  10.826  -53.945  -15.726 0.5000000000
11684  16.499  -53.943  -15.453 0.5000000000
12446  16.719  -52.610  -14.893 0.5000000000
12447  15.691  -52.471  -15.162 0.5000000000
12466  15.162  -52.960  -15.668 0.5000000000
12432  15.234  -52.063  -14.424 0.6000000238
12468  13.395  -52.598  -16.320 0.6000000238
11697  12.919  -53.015  -16.534 0.6000000238
10984  12.449  -53.420  -16.481 0.6000000238
11698  11.785  -53.176  -16.665 0.5000000000
12423  11.137  -52.543  -12.367 0.5000000000
11699  10.450  -52.742  -16.467 0.5000000000
12464  17.256  -53.488  -15.264 0.5000000000
12431  16.124  -52.228  -14.104 0.6000000238
13245  14.558  -51.698  -14.127 0.6000000238
12449  13.788  -52.055  -15.852 0.6000000238
13253  13.860  -51.676  -14.774 0.6000000238
124126  13.085  -52.039  -16.230 0.6000000238
13254  13.113  -51.634  -15.500 0.6000000238
12482  12.170  -52.734  -16.736 0.6000000238
12469  11.926  -52.261  -16.607 0.5000000000
11688  10.937  -53.231  -16.428 0.5000000000
12470  11.009  -52.336  -16.183 0.5000000000
13256  11.182  -51.793  -15.189 0.5000000000
13258  9.768  -51.831  -15.587 0.5000000000
13257  10.311  -51.716  -15.140 0.5000000000
13243  16.107  -52.038  -12.936 0.6000000238
13244  15.255  -51.831  -13.495 0.6000000238
118630  14.427  -51.434  -13.235 0.6000000238
13237  14.144  -51.471  -12.380 0.6000000238
121358  13.928  -51.253  -13.898 0.6000000238
13246  13.129  -51.297  -14.231 0.6000000238
108754  13.634  -51.292  -13.233 0.6000000238
13255  12.205  -51.566  -15.096 0.5000000000
13247  12.333  -51.407  -13.997 0.5000000000
13269  11.518  -51.932  -15.881 0.5000000000
13248  11.828  -51.785  -13.210 0.5000000000
13239  12.573  -51.777  -12.187 0.6000000238
13249  11.085  -52.043  -14.311 0.5000000000
12433  10.925  -52.386  -13.328 0.5000000000
13240  11.869  -52.224  -11.925 0.5000000000
12411  11.513  -52.614  -10.536 0.5000000000
13227  14.543  -51.513  -11.464 0.6000000238
124269  13.787  -51.496  -11.629 0.6000000238
13238  13.348  -51.515  -12.315 0.6000000238
109303  12.805  -51.382  -13.178 0.6000000238
13228  12.371  -52.013  -11.231 0.6000000238
13229  11.822  -52.334  -11.119 0.5000000000
13213  12.674  -51.886  -10.333 0.6000000238
12410  12.103  -52.319  -10.083 0.5000000000
13988  15.107  -50.865  -9.491 0.6000000238
13211  14.785  -51.238  -10.430 0.6000000238
13989  14.130  -50.907  -9.660 0.6000000238
119477  13.446  -51.413  -10.125 0.6000000238
118695  13.131  -51.600  -11.228 0.6000000238
12402  12.677  -52.241  -9.724 0.5000000000
13195  14.177  -51.015  -9.200 0.6000000238
13196  13.650  -51.206  -9.305 0.6000000238
13174  14.563  -51.386  -8.883 0.6000000238
13197  13.164  -51.680  -9.669 0.6000000238
12391  14.377  -51.963  -8.581 0.6000000238
113370  14.592  -52.942  -8.760 0.5000000000
112621  15.197  -52.847  -8.460 0.4000000060
8351  16.167  -58.014  -20.914 0.6000000238
8960  18.440  -56.552  -21.063 0.6999999881
9584  23.201  -55.671  -20.094 0.5000000000
10300  24.499  -55.098  -20.337 0.5000000000
10308  26.930  -54.870  -21.427 0.5000000000
10309  25.932  -54.790  -21.399 0.5000000000
6410  15.257  -61.059  -11.620 0.6000000238
12448  14.645  -52.249  -15.180 0.6000000238
13268  12.441  -51.910  -16.174 0.6000000238
110396  11.728  -51.616  -14.372 0.5000000000
13212  13.897  -51.315  -10.739 0.6000000238
13175  13.834  -51.394  -8.898 0.6000000238
12392  13.768  -52.342  -8.921 0.6000000238
2650  25.072  -68.959  -19.471 0.4000000060
3075  25.330  -69.156  -16.748 0.5000000000
3076  24.402  -68.648  -17.154 0.5000000000
3087  24.358  -68.681  -18.293 0.4000000060
3088  23.845  -68.173  -18.568 0.4000000060
117526  24.367  -68.382  -19.297 0.4000000060
3480  24.659  -67.475  -16.361 0.5000000000
3067  24.852  -68.304  -16.429 0.5000000000
3491  23.521  -67.460  -17.303 0.5000000000
3499  23.359  -67.556  -18.345 0.5000000000
3100  23.880  -67.668  -19.710 0.4000000060
3481  23.984  -67.129  -16.787 0.5000000000
3948  23.479  -66.650  -17.295 0.5000000000
129638  23.120  -67.013  -17.822 0.5000000000
3492  22.913  -66.865  -18.597 0.5000000000
3509  23.233  -67.125  -19.287 0.4000000060
3953  22.990  -66.007  -18.932 0.4000000060
3940  24.021  -66.297  -17.003 0.5000000000
4413  23.461  -65.671  -17.406 0.5000000000
3949  23.044  -66.337  -17.963 0.5000000000
4414  23.014  -65.488  -18.286 0.5000000000
130025  23.085  -65.806  -20.003 0.4000000060
6500  18.023  -61.594  -19.572 0.5000000000
5971  18.084  -62.484  -19.632 0.4000000060
5970  18.893  -62.828  -19.163 0.4000000060
5465  19.744  -63.187  -18.757 0.4000000060
4918  20.116  -63.820  -19.368 0.4000000060
114269  23.250  -64.943  -17.882 0.5000000000
4904  21.044  -64.119  -19.183 0.4000000060
4917  21.492  -64.774  -19.977 0.4000000060
4436  22.005  -65.315  -21.133 0.4000000060
4892  23.151  -64.310  -18.193 0.4000000060
113560  22.785  -64.838  -18.646 0.5000000000
4916  22.373  -64.949  -19.640 0.4000000060
4424  22.766  -65.422  -19.345 0.4000000060
5959  18.709  -61.891  -18.969 0.4000000060
5957  20.409  -62.714  -18.361 0.4000000060
5464  20.652  -63.386  -18.559 0.4000000060
110371  24.321  -63.769  -17.549 0.4000000060
4903  21.919  -64.329  -19.055 0.4000000060
5448  23.555  -63.704  -17.852 0.4000000060
4902  22.569  -64.376  -18.691 0.4000000060
7115  17.859  -60.766  -19.932 0.5000000000
7092  18.634  -61.055  -19.150 0.4000000060
126304  19.205  -61.381  -18.789 0.4000000060
6487  19.954  -61.315  -18.714 0.4000000060
5946  20.838  -62.180  -18.117 0.4000000060
5945  21.323  -62.774  -18.064 0.4000000060
5450  22.276  -63.205  -18.195 0.4000000060
5463  21.582  -63.655  -18.550 0.4000000060
118781  23.044  -62.955  -17.840 0.4000000060
5462  22.282  -63.895  -18.553 0.4000000060
113048  18.370  -60.272  -20.817 0.5000000000
7114  18.838  -60.597  -19.821 0.5000000000
7135  19.346  -60.272  -20.914 0.6000000238
7113  19.790  -60.467  -20.063 0.5000000000
6486  20.793  -61.242  -18.445 0.4000000060
6485  21.684  -60.832  -18.315 0.4000000060
128853  22.144  -61.313  -17.886 0.4000000060
6473  22.864  -61.379  -17.844 0.4000000060
7112  20.657  -60.252  -20.078 0.4000000060
120830  21.998  -60.333  -18.840 0.4000000060
7133  21.077  -60.108  -21.026 0.5000000000
7111  21.617  -60.341  -20.079 0.4000000060
118137  22.378  -60.416  -19.481 0.4000000060
7712  20.593  -59.833  -21.178 0.6000000238
111187  20.880  -59.362  -21.345 0.6000000238
7132  21.858  -60.458  -21.402 0.5000000000
7131  22.594  -60.620  -21.696 0.4000000060
8957  20.859  -56.248  -21.081 0.5000000000
13226  15.574  -51.631  -11.226 0.5000000000
13235  16.320  -51.923  -11.960 0.5000000000
13236  15.184  -51.706  -12.370 0.5000000000
3068  23.959  -68.012  -16.731 0.5000000000
3077  23.757  -68.190  -17.558 0.5000000000
5958  19.603  -62.246  -18.665 0.4000000060
109430  20.320  -62.002  -18.415 0.4000000060
5449  22.852  -63.752  -18.275 0.4000000060
7090  20.305  -60.658  -19.208 0.4000000060
7089  21.162  -60.405  -19.052 0.4000000060
6474  21.503  -61.776  -17.945 0.4000000060
5944  22.324  -62.217  -17.784 0.4000000060
7134  20.200  -60.083  -20.900 0.5000000000
7088  22.456  -60.780  -18.247 0.4000000060
7150  21.455  -60.086  -21.494 0.6000000238
117534  22.404  -60.539  -20.586 0.5000000000
10296  30.839  -55.562  -19.060 0.3000000119
9580  29.588  -56.530  -19.547 0.3000000119
9581  28.634  -56.158  -19.866 0.3000000119
109992  30.132  -56.029  -19.298 0.3000000119
10999  32.224  -54.430  -19.341 0.3000000119
10993  31.760  -54.160  -18.916 0.3000000119
8942  29.058  -57.135  -19.669 0.3000000119
113946  27.732  -57.695  -19.976 0.4000000060
8954  27.146  -57.024  -20.168 0.4000000060
121833  30.346  -56.744  -19.518 0.3000000119
124090  26.438  -56.420  -20.918 0.4000000060
9582  27.749  -56.167  -20.158 0.4000000060
9593  24.178  -55.911  -21.350 0.4000000060
9602  23.361  -56.238  -21.413 0.4000000060
9579  30.945  -56.403  -19.477 0.3000000119
129083  28.108  -55.651  -20.301 0.3000000119
9591  26.226  -55.534  -21.353 0.4000000060
11000  30.105  -54.079  -19.088 0.3000000119
10298  28.360  -55.144  -20.546 0.3000000119
8360  25.314  -58.474  -21.454 0.4000000060
120085  24.536  -58.598  -21.870 0.4000000060
8363  22.589  -58.869  -21.803 0.4000000060
8967  23.175  -57.418  -21.772 0.4000000060
8953  28.576  -57.806  -19.944 0.4000000060
8349  26.107  -58.379  -20.861 0.4000000060
8956  25.600  -57.653  -21.143 0.4000000060
8952  29.460  -57.773  -20.168 0.3000000119
8966  24.124  -56.815  -21.701 0.4000000060
9604  21.676  -56.510  -21.195 0.4000000060
8940  30.800  -57.137  -19.884 0.3000000119
9601  24.879  -56.192  -21.567 0.4000000060
9603  22.401  -56.357  -21.327 0.4000000060
8939  31.477  -56.547  -20.156 0.3000000119
9600  25.428  -55.451  -21.386 0.4000000060
113091  27.657  -54.497  -21.228 0.4000000060
7723  25.061  -59.379  -22.303 0.4000000060
7726  22.465  -60.088  -22.225 0.4000000060
7724  24.017  -59.437  -22.459 0.4000000060
8345  29.783  -58.193  -20.997 0.3000000119
7711  26.535  -58.979  -21.153 0.4000000060
129672  31.607  -56.800  -21.001 0.3000000119
119649  31.136  -57.362  -20.673 0.3000000119
8968  22.170  -57.421  -21.487 0.4000000060
9589  32.117  -56.245  -20.843 0.3000000119
7149  22.154  -60.408  -21.980 0.4000000060
7148  23.028  -60.532  -22.202 0.4000000060
11001  29.088  -53.892  -19.997 0.3000000119
129182  27.969  -54.762  -21.046 0.3000000119
8970  20.308  -56.874  -21.321 0.4000000060
123203  21.780  -58.349  -21.588 0.4000000060
111921  21.764  -59.604  -21.778 0.4000000060
8943  28.120  -57.007  -19.814 0.3000000119
128286  30.695  -54.780  -18.857 0.3000000119
10994  31.075  -54.170  -18.708 0.3000000119
8348  26.972  -58.200  -20.328 0.4000000060
9590  27.019  -55.845  -20.836 0.4000000060
9592  25.654  -56.471  -21.410 0.4000000060
10299  27.711  -55.225  -20.884 0.4000000060
8359  25.831  -58.992  -21.448 0.4000000060
8362  23.417  -58.774  -21.963 0.4000000060
8361  24.016  -58.051  -21.886 0.4000000060
8346  28.988  -58.453  -20.581 0.3000000119
8965  24.820  -57.381  -21.616 0.4000000060
8951  30.320  -57.639  -20.464 0.3000000119
7722  26.030  -59.542  -22.162 0.4000000060
8358  27.456  -58.977  -21.070 0.3000000119
117031  26.632  -71.510  -17.068 0.3000000119
116512  25.914  -71.925  -16.876 0.3000000119
1801  27.359  -70.866  -15.953 0.3000000119
1466  26.509  -71.721  -16.171 0.3000000119
1808  27.021  -70.889  -16.749 0.3000000119
1472  26.215  -71.577  -17.735 0.3000000119
2230  27.322  -70.780  -15.977 0.3000000119
2225  27.706  -70.464  -15.202 0.3000000119
2620  27.666  -69.678  -15.345 0.3000000119
2240  26.747  -70.919  -17.572 0.3000000119
2638  25.133  -69.323  -18.068 0.3000000119
2619  28.407  -69.814  -14.512 0.3000000119
1784  27.993  -70.192  -14.722 0.3000000119
2627  27.843  -70.381  -15.193 0.3000000119
1797  27.607  -70.957  -15.190 0.3000000119
2636  26.611  -70.513  -17.104 0.3000000119
2637  26.094  -69.708  -17.691 0.3000000119
2628  27.148  -70.498  -16.053 0.3000000119
3060  26.830  -68.672  -15.417 0.3000000119
3066  25.755  -68.710  -15.792 0.3000000119
2629  26.328  -69.655  -16.455 0.3000000119
4411  25.253  -65.520  -17.180 0.4000000060
1142  24.466  -73.366  -14.140 0.3000000119
108406  24.002  -73.831  -13.752 0.3000000119
1458  27.048  -71.350  -15.636 0.3000000119
1467  25.595  -72.367  -15.797 0.3000000119
2216  27.327  -70.709  -14.416 0.3000000119
1786  26.787  -71.351  -14.600 0.3000000119
1446  25.433  -72.531  -14.542 0.3000000119
111840  25.028  -72.988  -14.258 0.3000000119
117002  24.181  -74.082  -13.952 0.3000000119
2203  28.738  -69.788  -13.971 0.3000000119
1785  27.446  -70.826  -14.655 0.3000000119
1445  26.267  -71.978  -14.700 0.3000000119
1141  25.096  -73.168  -14.551 0.3000000119
125798  24.386  -73.658  -14.539 0.3000000119
1798  26.968  -71.461  -14.868 0.3000000119
1151  25.728  -72.660  -14.862 0.3000000119
1152  24.920  -73.384  -15.125 0.3000000119
1459  26.457  -72.004  -15.160 0.3000000119
2231  27.035  -70.877  -16.749 0.3000000119
2214  28.557  -69.770  -14.236 0.3000000119
2621  26.732  -69.426  -15.688 0.3000000119
120145  24.724  -72.847  -14.188 0.3000000119
914  23.888  -73.590  -15.896 0.3000000119
2215  27.920  -70.065  -14.324 0.3000000119
1787  26.054  -71.833  -14.534 0.3000000119
3479  25.308  -67.821  -15.954 0.3000000119
6499  28.138  -61.008  -19.435 0.3000000119
6481  28.065  -61.919  -19.109 0.3000000119
5955  27.428  -62.332  -18.413 0.3000000119
116309  26.056  -63.167  -17.611 0.4000000060
125046  25.363  -62.852  -17.586 0.4000000060
4891  23.781  -64.638  -17.495 0.3000000119
7107  27.460  -60.651  -19.466 0.3000000119
6483  26.288  -60.962  -18.402 0.4000000060
6470  25.315  -61.428  -17.635 0.4000000060
6471  24.539  -61.276  -17.584 0.4000000060
116378  23.811  -62.958  -17.547 0.3000000119
7071  24.096  -60.609  -17.909 0.4000000060
6472  23.709  -61.278  -17.676 0.4000000060
5943  23.306  -62.167  -17.659 0.3000000119
7072  23.283  -60.780  -18.116 0.3000000119
5982  29.906  -62.563  -20.647 0.3000000119
6497  29.356  -62.094  -19.990 0.3000000119
5461  26.721  -62.746  -17.858 0.4000000060
5447  25.310  -63.715  -17.391 0.3000000119
4890  24.729  -64.621  -17.309 0.3000000119
6512  29.561  -61.706  -20.753 0.3000000119
6498  28.730  -61.238  -20.194 0.3000000119
7106  27.996  -60.714  -19.948 0.3000000119
7127  27.223  -60.697  -20.357 0.3000000119
7084  26.834  -60.618  -19.048 0.3000000119
6484  25.564  -60.987  -17.982 0.4000000060
7144  27.266  -61.301  -21.545 0.3000000119
7145  26.213  -61.463  -21.352 0.3000000119
7128  26.249  -60.627  -20.261 0.3000000119
7085  25.358  -60.623  -18.556 0.4000000060
7070  24.878  -60.785  -17.929 0.4000000060
121845  25.594  -61.160  -20.960 0.3000000119
129437  24.564  -60.745  -20.403 0.4000000060
7087  23.641  -60.476  -18.673 0.4000000060
114611  23.790  -60.924  -22.434 0.3000000119
7130  23.856  -61.011  -21.542 0.4000000060
124689  23.955  -60.512  -19.789 0.4000000060
109803  22.813  -60.526  -18.753 0.4000000060
114977  23.118  -60.684  -20.902 0.4000000060
120767  23.209  -60.825  -21.929 0.3000000119
4432  31.424  -65.434  -19.931 0.3000000119
4442  30.796  -65.438  -20.275 0.3000000119
4422  29.746  -65.591  -18.932 0.3000000119
4423  28.871  -65.268  -18.983 0.3000000119
5489  29.694  -63.873  -20.989 0.3000000119
4941  30.479  -64.353  -21.403 0.3000000119
5475  29.158  -64.233  -20.536 0.3000000119
4900  28.229  -64.820  -18.724 0.3000000119
5993  30.983  -62.947  -23.022 0.3000000119
5488  30.534  -63.145  -21.474 0.3000000119
5476  28.665  -63.897  -19.742 0.3000000119
5459  28.096  -64.137  -18.965 0.3000000119
5445  27.038  -64.229  -17.880 0.3000000119
4888  26.655  -64.878  -17.514 0.3000000119
4889  25.718  -64.681  -17.330 0.3000000119
114523  26.087  -65.289  -17.235 0.3000000119
4399  25.290  -66.253  -16.557 0.3000000119
5988  30.326  -62.347  -22.235 0.3000000119
7146  25.220  -61.388  -21.924 0.3000000119
7129  24.799  -61.026  -21.255 0.3000000119
6535  25.330  -61.226  -23.024 0.3000000119
7147  24.467  -61.188  -22.421 0.3000000119
7739  25.583  -60.082  -23.009 0.3000000119
7740  24.669  -60.347  -22.865 0.3000000119
7160  23.833  -60.531  -22.647 0.3000000119
111560  31.634  -65.162  -20.319 0.3000000119
4441  31.393  -65.232  -20.537 0.3000000119
4926  30.888  -65.084  -21.098 0.3000000119
4443  29.803  -65.138  -20.169 0.3000000119
4927  29.837  -64.701  -20.801 0.3000000119
3928  25.389  -67.030  -15.945 0.3000000119
5474  31.666  -64.545  -19.841 0.3000000119
5487  32.008  -64.706  -20.765 0.3000000119
126671  32.150  -64.544  -21.518 0.3000000119
119648  31.606  -64.968  -21.160 0.3000000119
4940  31.179  -64.647  -21.672 0.3000000119
5495  30.952  -64.098  -21.915 0.3000000119
5486  32.593  -64.050  -21.194 0.3000000119
5494  32.609  -64.088  -21.801 0.3000000119
4939  31.672  -64.547  -21.849 0.3000000119
4412  24.217  -65.451  -17.124 0.3000000119
5941  24.649  -62.950  -17.548 0.3000000119
5942  24.171  -62.151  -17.613 0.4000000060
7110  23.063  -60.485  -19.621 0.4000000060
119790  28.667  -61.717  -19.593 0.3000000119
6482  27.388  -61.153  -18.710 0.3000000119
5969  28.847  -62.609  -19.497 0.3000000119
5956  26.672  -61.784  -18.012 0.4000000060
5940  25.889  -62.212  -17.627 0.4000000060
120031  25.004  -62.109  -17.434 0.4000000060
7086  24.482  -60.484  -18.591 0.4000000060
119216  30.100  -62.238  -21.240 0.3000000119
5968  29.545  -63.128  -20.022 0.3000000119
5460  27.363  -63.538  -18.359 0.3000000119
5954  28.009  -63.117  -19.041 0.3000000119
116874  26.699  -63.516  -17.766 0.4000000060
5446  26.275  -64.006  -17.488 0.3000000119
6521  29.575  -61.765  -21.807 0.3000000119
6513  28.964  -61.233  -21.252 0.3000000119
7126  28.101  -61.000  -20.751 0.3000000119
125062  25.358  -60.705  -20.214 0.4000000060
7159  24.542  -61.052  -22.911 0.3000000119
4914  29.038  -64.692  -20.239 0.3000000119
4915  28.622  -64.758  -19.444 0.3000000119
4901  27.627  -64.419  -18.474 0.3000000119
7157  26.038  -60.517  -23.244 0.3000000119
7048  15.900  -60.489  -13.002 0.4000000060
889  23.560  -74.102  -13.608 0.3000000119
1465  26.997  -71.218  -16.586 0.3000000119
1809  26.776  -71.197  -17.352 0.3000000119
3939  24.636  -66.700  -16.532 0.5000000000
4400  24.685  -66.076  -16.969 0.5000000000
4433  30.317  -65.445  -19.558 0.3000000119
4434  29.314  -65.219  -19.633 0.3000000119
4446  17.041  -65.015  -21.373 0.6000000238
4455  17.433  -65.007  -21.933 0.6000000238
4931  17.636  -64.553  -21.797 0.6000000238
5498  31.362  -64.163  -22.077 0.3000000119
5960  15.793  -62.910  -18.624 0.6000000238
6469  25.961  -61.464  -17.851 0.4000000060
6475  15.389  -61.243  -17.904 0.5000000000
6516  15.005  -61.540  -20.992 0.6999999881
6525  25.676  -61.471  -22.528 0.3000000119
6526  24.943  -61.283  -22.761 0.3000000119
7091  19.400  -60.801  -19.142 0.4000000060
7108  26.777  -60.532  -19.692 0.3000000119
7109  24.958  -60.489  -19.430 0.4000000060
7117  14.765  -60.156  -19.637 0.6000000238
7136  17.908  -59.776  -21.319 0.6000000238
7140  14.912  -60.436  -20.495 0.6999999881
7143  28.036  -61.458  -21.819 0.3000000119
7152  15.976  -59.853  -21.545 0.6000000238
7153  15.375  -59.780  -21.333 0.6999999881
7158  25.328  -60.778  -23.123 0.3000000119
7668  18.795  -59.172  -17.218 0.6999999881
7687  14.932  -59.363  -18.114 0.6000000238
7700  14.624  -58.954  -18.783 0.6000000238
7725  23.156  -59.877  -22.425 0.4000000060
7731  16.484  -59.271  -21.538 0.6000000238
8312  15.360  -58.733  -18.078 0.6000000238
8330  17.614  -58.254  -19.150 0.8000000119
8342  14.785  -58.640  -19.650 0.6999999881
8347  28.028  -58.406  -20.378 0.3000000119
8350  16.886  -57.697  -20.999 0.6000000238
8352  15.407  -58.472  -20.487 0.6999999881
8369  16.640  -58.450  -21.332 0.6000000238
8830  18.241  -57.071  -11.455 0.6999999881
8848  19.968  -56.769  -12.677 0.6000000238
8923  22.806  -57.617  -17.906 0.6999999881
8941  29.969  -57.250  -19.729 0.3000000119
8949  16.755  -57.610  -20.567 0.6000000238
8955  26.345  -57.464  -20.686 0.4000000060
8969  21.308  -57.234  -21.334 0.4000000060
8973  18.188  -57.018  -21.206 0.6999999881
9547  22.854  -56.629  -14.986 0.6999999881
9559  24.030  -56.499  -16.435 0.6999999881
9586  21.719  -56.053  -20.575 0.5000000000
9594  23.559  -55.582  -20.931 0.5000000000
10213  17.582  -55.581  -11.288 0.6999999881
10220  21.000  -55.021  -12.635 0.6999999881
10221  20.374  -55.214  -12.281 0.6999999881
10250  22.931  -55.553  -13.873 0.6000000238
10289  31.588  -54.925  -19.033 0.3000000119
10295  31.574  -55.773  -19.557 0.3000000119
10307  28.072  -54.364  -20.963 0.3000000119
10949  23.933  -54.429  -14.022 0.6000000238
10964  25.527  -55.037  -15.286 0.6000000238
10971  13.654  -54.176  -15.908 0.6000000238
10983  13.140  -53.669  -16.237 0.6000000238
10992  32.174  -53.672  -19.042 0.3000000119
10996  26.572  -54.128  -18.913 0.6000000238
11587  18.040  -53.264  -5.751 0.3000000119
11660  23.553  -53.858  -13.755 0.6000000238
11707  31.490  -53.496  -18.700 0.3000000119
12401  13.278  -51.700  -9.174 0.6000000238
12467  14.207  -52.889  -15.881 0.6000000238
12471  10.015  -52.150  -16.214 0.5000000000
12483  11.435  -52.743  -16.629 0.5000000000
12503  28.214  -52.583  -21.199 0.4000000060
13214  12.091  -52.232  -10.612 0.5000000000
13270  10.533  -51.840  -15.707 0.5000000000
13903  15.326  -50.999  -4.575 0.3000000119
13950  20.686  -50.563  -7.550 0.4000000060
13972  14.813  -50.948  -9.412 0.6000000238
14683  20.212  -50.194  -5.703 0.4000000060
14703  21.047  -49.648  -6.172 0.4000000060
15545  18.078  -48.315  -5.407 0.4000000060
15546  17.290  -48.466  -5.416 0.4000000060
16487  16.239  -47.329  -6.092 0.4000000060
16500  12.771  -47.823  -7.609 0.3000000119
17430  18.913  -46.786  -5.549 0.3000000119
17431  17.998  -46.905  -5.905 0.3000000119
17472  13.577  -46.858  -8.519 0.4000000060
17508  12.751  -46.699  -10.076 0.3000000119
18497  19.587  -45.435  -6.322 0.3000000119
19482  15.621  -44.747  -8.442 0.3000000119
109926  25.930  -66.420  -16.158 0.3000000119
110271  15.993  -50.174  -8.923 0.4000000060
110821  31.420  -63.526  -22.332 0.3000000119
111251  25.966  -60.542  -19.393 0.4000000060
113688  16.260  -57.644  -19.899 0.6999999881
114848  31.049  -63.188  -22.320 0.3000000119
115742  32.604  -53.821  -19.727 0.3000000119
115769  20.453  -58.742  -16.029 0.6999999881
119630  12.613  -52.360  -16.573 0.6000000238
120506  21.173  -56.051  -20.858 0.6000000238
123661  20.666  -54.287  -12.831 0.8000000119
126059  16.938  -55.673  -11.007 0.6000000238
126619  15.147  -44.111  -9.873 0.3000000119
126647  24.939  -54.814  -14.841 0.6000000238
127938  18.298  -54.964  -11.973 0.6999999881
128782  11.847  -47.279  -9.806 0.3000000119
