#!ascii label  , from subject sub1 vox2ras=TkReg
300
13890  46.785  -51.241  -5.050 0.0000000000
10892  38.184  -54.699  -10.420 0.0000000000
8773  43.633  -58.072  -4.222 0.0000000000
115591  42.715  -52.848  -6.277 0.0000000000
8187  42.152  -58.071  -10.239 0.0000000000
8153  42.653  -58.821  -7.337 0.0000000000
6396  40.186  -61.814  -9.977 0.0000000000
11621  39.926  -53.725  -7.935 0.0000000000
13947  41.362  -50.566  -8.785 0.0000000000
11554  46.222  -54.019  -3.110 0.0000000000
10141  45.134  -55.529  -4.795 0.0000000000
10188  43.153  -56.157  -8.086 0.0000000000
10205  42.180  -55.687  -10.900 0.0000000000
8856  41.692  -56.743  -13.109 0.0000000000
13913  42.873  -50.177  -5.011 0.0000000000
12306  42.454  -52.870  -3.192 0.0000000000
119316  41.563  -55.682  -3.182 0.0000000000
13186  45.245  -51.386  -9.140 0.0000000000
6375  41.237  -61.771  -8.088 0.0000000000
124303  39.075  -54.024  -9.125 0.0000000000
12387  39.237  -52.514  -7.982 0.0000000000
10126  45.122  -56.455  -3.354 0.0000000000
9449  44.687  -57.085  -4.249 0.0000000000
8174  41.924  -58.645  -9.377 0.0000000000
8806  43.396  -56.969  -8.325 0.0000000000
8818  43.152  -56.722  -8.970 0.0000000000
110049  42.173  -55.775  -9.198 0.0000000000
129125  42.349  -56.282  -10.396 0.0000000000
118582  42.279  -55.674  -13.577 0.0000000000
11558  40.879  -53.847  -2.424 0.0000000000
11541  42.204  -54.429  -2.397 0.0000000000
117975  40.226  -54.973  -2.500 0.0000000000
12338  44.893  -53.258  -5.711 0.0000000000
13149  44.505  -51.616  -7.515 0.0000000000
13983  40.620  -49.895  -10.120 0.0000000000
13981  42.272  -50.293  -10.542 0.0000000000
7543  42.303  -59.366  -5.484 0.0000000000
8146  43.293  -58.624  -5.676 0.0000000000
7560  42.185  -59.845  -6.902 0.0000000000
116292  42.046  -60.250  -9.019 0.0000000000
7598  40.827  -59.466  -10.519 0.0000000000
11598  41.048  -53.604  -6.977 0.0000000000
119691  42.549  -51.492  -7.236 0.0000000000
12375  40.649  -52.043  -7.344 0.0000000000
13949  39.608  -50.819  -9.088 0.0000000000
109049  37.711  -54.571  -12.242 0.0000000000
12322  46.695  -52.629  -3.810 0.0000000000
10825  45.994  -54.534  -4.990 0.0000000000
10827  43.818  -54.495  -5.527 0.0000000000
9465  43.902  -56.910  -6.179 0.0000000000
10153  43.525  -56.384  -6.429 0.0000000000
10828  42.816  -54.544  -6.101 0.0000000000
10871  41.221  -54.974  -7.897 0.0000000000
10880  40.397  -54.995  -9.221 0.0000000000
10890  39.807  -54.794  -10.554 0.0000000000
8829  41.530  -58.035  -12.092 0.0000000000
9508  42.356  -56.177  -12.206 0.0000000000
10219  41.579  -54.839  -12.589 0.0000000000
129618  39.791  -54.708  -12.022 0.0000000000
14700  44.471  -49.287  -6.109 0.0000000000
13911  44.339  -50.268  -5.072 0.0000000000
13106  43.327  -51.376  -4.040 0.0000000000
13088  44.842  -52.154  -3.850 0.0000000000
11555  44.335  -53.642  -2.998 0.0000000000
10797  43.726  -55.094  -2.503 0.0000000000
9441  42.933  -56.828  -3.238 0.0000000000
9459  41.511  -56.369  -4.864 0.0000000000
108123  41.920  -58.587  -5.426 0.0000000000
13945  43.343  -50.872  -8.950 0.0000000000
13910  45.918  -50.608  -5.614 0.0000000000
13909  47.301  -50.696  -5.632 0.0000000000
10882  38.632  -54.371  -9.708 0.0000000000
124800  38.378  -53.676  -9.176 0.0000000000
8765  44.308  -57.239  -3.737 0.0000000000
9439  45.212  -56.728  -3.850 0.0000000000
8772  44.092  -57.760  -4.243 0.0000000000
8175  41.465  -58.876  -10.183 0.0000000000
119067  42.553  -57.764  -9.174 0.0000000000
116068  42.626  -56.561  -9.659 0.0000000000
8825  42.304  -57.043  -10.536 0.0000000000
9535  42.070  -56.136  -14.856 0.0000000000
10812  40.009  -54.868  -1.896 0.0000000000
12339  44.011  -52.998  -5.753 0.0000000000
12356  44.520  -52.521  -6.150 0.0000000000
12357  43.518  -52.416  -6.270 0.0000000000
14753  41.129  -49.569  -10.817 0.0000000000
7551  42.084  -59.871  -5.999 0.0000000000
6353  41.906  -61.156  -6.974 0.0000000000
6990  41.787  -60.759  -8.717 0.0000000000
7003  40.796  -60.929  -9.558 0.0000000000
113490  41.229  -60.148  -9.602 0.0000000000
119290  40.635  -60.242  -10.368 0.0000000000
10859  40.657  -54.103  -7.526 0.0000000000
11599  40.794  -52.889  -7.002 0.0000000000
120074  40.362  -53.285  -7.363 0.0000000000
13170  39.163  -51.828  -8.202 0.0000000000
13188  39.131  -51.267  -8.789 0.0000000000
13964  39.254  -50.714  -9.605 0.0000000000
12303  46.567  -53.149  -3.583 0.0000000000
12302  46.843  -52.909  -3.652 0.0000000000
11553  46.630  -53.384  -3.634 0.0000000000
11578  45.374  -54.046  -5.405 0.0000000000
10142  44.428  -55.220  -5.271 0.0000000000
115174  43.287  -58.240  -6.784 0.0000000000
8145  43.639  -57.734  -6.073 0.0000000000
9480  43.413  -56.740  -7.621 0.0000000000
10173  43.030  -56.221  -7.265 0.0000000000
10154  42.877  -55.560  -6.535 0.0000000000
10174  42.644  -55.661  -7.672 0.0000000000
10155  42.047  -54.955  -6.681 0.0000000000
10175  41.846  -55.155  -7.487 0.0000000000
127865  41.880  -55.741  -10.003 0.0000000000
10198  41.273  -55.346  -9.659 0.0000000000
116049  41.387  -55.311  -10.455 0.0000000000
10199  40.489  -55.051  -10.090 0.0000000000
10206  40.730  -54.920  -10.901 0.0000000000
8860  37.948  -57.518  -13.084 0.0000000000
8858  40.655  -57.326  -13.306 0.0000000000
8841  39.906  -57.839  -12.930 0.0000000000
8840  41.038  -58.156  -13.013 0.0000000000
8839  41.396  -57.968  -12.747 0.0000000000
8838  41.707  -56.965  -12.438 0.0000000000
9514  42.211  -56.144  -13.018 0.0000000000
10937  41.787  -54.904  -14.244 0.0000000000
10218  42.048  -55.158  -13.329 0.0000000000
128298  41.529  -54.741  -13.487 0.0000000000
113375  40.473  -54.719  -12.244 0.0000000000
10909  40.729  -54.621  -13.112 0.0000000000
14701  43.644  -49.031  -6.039 0.0000000000
14677  43.068  -49.495  -5.564 0.0000000000
14676  44.003  -49.601  -5.556 0.0000000000
13912  43.592  -50.059  -5.187 0.0000000000
13091  41.959  -52.264  -3.593 0.0000000000
13107  42.346  -51.474  -3.936 0.0000000000
13090  42.923  -52.006  -3.491 0.0000000000
13089  43.928  -52.076  -3.739 0.0000000000
12304  44.687  -52.737  -3.395 0.0000000000
12305  43.557  -52.776  -3.274 0.0000000000
123520  41.269  -55.151  -2.101 0.0000000000
10798  42.522  -55.034  -2.318 0.0000000000
10112  42.466  -55.993  -2.789 0.0000000000
9428  43.293  -56.435  -2.834 0.0000000000
9442  42.258  -56.241  -3.370 0.0000000000
9481  40.198  -56.977  -6.786 0.0000000000
8793  41.477  -57.628  -5.939 0.0000000000
8784  41.992  -57.767  -5.158 0.0000000000
13167  41.921  -50.990  -7.965 0.0000000000
13166  42.980  -50.826  -7.973 0.0000000000
13946  42.365  -50.642  -8.818 0.0000000000
13980  43.117  -50.448  -10.621 0.0000000000
10873  39.704  -54.249  -8.761 0.0000000000
11612  39.729  -52.906  -7.717 0.0000000000
10109  45.571  -55.555  -3.097 0.0000000000
10811  46.138  -54.859  -3.102 0.0000000000
10125  45.670  -56.005  -3.771 0.0000000000
113010  45.155  -56.135  -4.688 0.0000000000
8163  42.455  -58.456  -8.406 0.0000000000
8162  43.124  -57.759  -7.818 0.0000000000
130011  42.934  -57.430  -8.515 0.0000000000
8807  43.122  -57.090  -8.914 0.0000000000
9490  43.243  -56.436  -8.500 0.0000000000
10189  42.932  -55.852  -8.583 0.0000000000
9491  42.946  -56.152  -9.132 0.0000000000
10197  42.349  -56.085  -9.814 0.0000000000
9524  42.297  -56.150  -13.947 0.0000000000
9534  42.183  -55.801  -14.909 0.0000000000
11557  41.846  -53.749  -2.698 0.0000000000
11542  41.180  -54.577  -2.181 0.0000000000
10114  40.746  -54.993  -1.932 0.0000000000
10128  40.858  -55.134  -2.272 0.0000000000
12386  45.378  -51.827  -7.672 0.0000000000
13164  44.826  -51.523  -8.358 0.0000000000
13963  40.950  -50.236  -9.572 0.0000000000
13962  41.860  -50.435  -9.700 0.0000000000
13982  41.461  -50.079  -10.353 0.0000000000
14752  41.902  -49.883  -11.142 0.0000000000
8130  43.253  -58.627  -4.545 0.0000000000
8129  43.697  -58.275  -4.531 0.0000000000
7542  42.680  -59.135  -5.386 0.0000000000
7550  42.704  -59.154  -6.266 0.0000000000
6989  42.325  -60.602  -8.261 0.0000000000
7571  42.411  -59.717  -7.868 0.0000000000
7585  42.100  -59.551  -8.756 0.0000000000
7586  41.522  -59.463  -9.584 0.0000000000
12358  42.020  -52.719  -6.508 0.0000000000
13139  42.663  -52.210  -6.641 0.0000000000
12359  41.359  -52.440  -6.857 0.0000000000
13151  41.495  -51.645  -7.254 0.0000000000
13168  40.785  -51.157  -7.930 0.0000000000
12376  39.797  -52.052  -7.674 0.0000000000
130017  40.206  -51.543  -7.687 0.0000000000
13948  40.363  -50.635  -8.863 0.0000000000
112698  39.999  -50.370  -9.586 0.0000000000
13984  39.776  -49.869  -9.989 0.0000000000
10900  38.214  -54.792  -11.392 0.0000000000
13104  46.602  -51.904  -4.360 0.0000000000
126295  47.082  -51.748  -4.678 0.0000000000
115083  46.957  -52.457  -3.964 0.0000000000
11579  44.107  -53.795  -5.528 0.0000000000
11580  43.229  -53.888  -5.677 0.0000000000
10152  44.523  -56.146  -5.411 0.0000000000
8801  43.417  -57.235  -7.256 0.0000000000
114905  43.665  -55.423  -5.770 0.0000000000
11597  42.441  -53.542  -6.252 0.0000000000
10840  41.807  -54.089  -6.587 0.0000000000
10858  41.396  -54.446  -7.151 0.0000000000
10190  42.140  -55.500  -8.326 0.0000000000
10879  41.248  -55.292  -8.785 0.0000000000
10872  40.465  -54.636  -8.349 0.0000000000
10881  39.576  -54.636  -9.680 0.0000000000
10891  39.026  -54.667  -10.247 0.0000000000
7606  40.706  -59.353  -11.522 0.0000000000
113705  38.891  -57.667  -12.926 0.0000000000
8197  41.281  -58.815  -11.827 0.0000000000
8196  41.663  -57.963  -11.224 0.0000000000
8828  41.880  -57.027  -11.606 0.0000000000
9505  42.316  -56.200  -11.279 0.0000000000
10209  42.351  -55.612  -11.983 0.0000000000
10217  42.320  -55.636  -12.782 0.0000000000
114184  42.168  -55.263  -12.525 0.0000000000
10210  42.037  -55.176  -11.840 0.0000000000
10211  41.105  -54.890  -11.693 0.0000000000
10898  40.021  -54.718  -11.445 0.0000000000
10899  39.171  -54.753  -11.793 0.0000000000
10911  38.591  -54.651  -12.410 0.0000000000
15567  44.737  -48.604  -7.119 0.0000000000
15553  44.115  -48.770  -6.621 0.0000000000
129478  44.868  -48.982  -6.628 0.0000000000
14699  45.435  -49.620  -6.339 0.0000000000
14675  44.839  -49.982  -5.593 0.0000000000
120273  45.113  -50.563  -5.075 0.0000000000
13108  40.836  -51.141  -4.164 0.0000000000
13894  42.652  -50.790  -4.416 0.0000000000
13893  43.712  -50.658  -4.572 0.0000000000
13892  44.806  -50.951  -4.629 0.0000000000
13087  45.567  -51.909  -4.257 0.0000000000
115677  45.747  -52.713  -3.712 0.0000000000
111096  45.621  -53.430  -3.259 0.0000000000
119117  45.386  -54.140  -2.924 0.0000000000
11540  43.371  -54.379  -2.674 0.0000000000
11539  44.612  -54.569  -2.658 0.0000000000
10111  43.983  -55.821  -2.729 0.0000000000
9440  43.585  -56.975  -3.281 0.0000000000
8766  43.360  -57.458  -3.781 0.0000000000
9450  42.047  -56.850  -4.160 0.0000000000
8775  42.427  -57.725  -4.433 0.0000000000
8774  42.947  -58.112  -4.099 0.0000000000
13138  43.307  -51.801  -6.852 0.0000000000
13165  43.945  -51.160  -8.193 0.0000000000
113158  44.260  -51.251  -9.067 0.0000000000
13961  42.772  -50.678  -9.810 0.0000000000
13187  43.764  -50.814  -9.834 0.0000000000
6956  42.029  -60.722  -6.746 0.0000000000
7004  40.164  -60.820  -10.651 0.0000000000
8136  43.798  -58.113  -5.185 0.0000000000
8137  43.318  -58.782  -4.855 0.0000000000
8138  42.798  -59.073  -4.954 0.0000000000
8212  41.211  -58.718  -12.279 0.0000000000
8792  44.167  -57.458  -5.379 0.0000000000
8819  42.693  -57.180  -9.518 0.0000000000
8857  41.268  -57.319  -13.136 0.0000000000
9427  44.225  -56.552  -3.072 0.0000000000
9466  41.482  -56.925  -5.499 0.0000000000
10110  44.852  -55.994  -2.843 0.0000000000
10113  41.916  -55.434  -2.190 0.0000000000
10127  41.681  -55.558  -2.480 0.0000000000
10134  40.976  -55.274  -3.396 0.0000000000
10229  42.233  -55.672  -14.253 0.0000000000
10230  42.138  -55.293  -14.033 0.0000000000
10241  42.031  -55.384  -14.696 0.0000000000
10795  45.588  -54.750  -2.802 0.0000000000
10796  44.825  -55.301  -2.590 0.0000000000
10799  41.505  -54.942  -1.964 0.0000000000
10810  46.521  -54.560  -3.691 0.0000000000
10826  44.889  -54.710  -5.106 0.0000000000
10910  39.634  -54.631  -12.652 0.0000000000
11543  40.375  -54.677  -1.965 0.0000000000
11556  42.974  -53.582  -2.835 0.0000000000
11559  39.852  -54.373  -1.928 0.0000000000
11596  43.285  -53.253  -5.878 0.0000000000
12374  45.032  -52.291  -6.945 0.0000000000
13105  44.349  -51.509  -4.204 0.0000000000
13137  44.135  -51.790  -6.700 0.0000000000
13140  41.935  -52.016  -6.724 0.0000000000
13150  43.593  -51.366  -7.382 0.0000000000
13169  39.763  -51.151  -8.164 0.0000000000
13891  45.840  -51.117  -4.725 0.0000000000
13931  46.972  -50.408  -6.678 0.0000000000
108547  42.916  -55.583  -2.631 0.0000000000
108716  42.774  -57.203  -3.959 0.0000000000
110158  39.043  -54.769  -10.956 0.0000000000
111255  46.160  -55.377  -3.587 0.0000000000
112266  41.282  -61.295  -8.623 0.0000000000
115636  41.498  -53.225  -6.642 0.0000000000
118367  41.556  -55.224  -11.168 0.0000000000
120976  41.424  -51.682  -3.815 0.0000000000
123287  46.082  -54.018  -5.410 0.0000000000
124280  40.255  -52.669  -7.429 0.0000000000
126222  41.847  -57.162  -4.778 0.0000000000
127365  37.777  -54.646  -10.893 0.0000000000
