#!ascii label  , from subject sub1 vox2ras=TkReg
306
67080  28.101  4.064  -29.988 0.0000000000
57654  24.475  -5.775  -25.971 0.0000000000
71506  25.674  9.547  -28.653 0.0000000000
121044  23.560  20.815  -29.692 0.0000000000
55621  23.105  -7.211  -25.221 0.0000000000
74146  29.065  12.020  -28.757 0.0000000000
76099  27.544  14.707  -28.826 0.0000000000
64280  25.438  1.121  -31.042 0.0000000000
61527  25.727  -1.537  -28.862 0.0000000000
63333  27.997  1.009  -29.171 0.0000000000
68062  31.243  5.633  -30.635 0.0000000000
65151  31.940  2.877  -30.836 0.0000000000
68946  27.321  6.326  -29.489 0.0000000000
70686  30.570  8.617  -29.887 0.0000000000
115362  23.489  18.070  -28.284 0.0000000000
78627  26.615  17.760  -30.266 0.0000000000
59522  26.829  -3.607  -26.663 0.0000000000
75142  26.555  13.472  -28.341 0.0000000000
77097  26.124  15.100  -28.310 0.0000000000
65153  25.830  2.906  -30.586 0.0000000000
64262  26.817  1.522  -29.671 0.0000000000
65137  28.258  2.491  -29.576 0.0000000000
56640  24.283  -6.400  -25.525 0.0000000000
70671  26.766  7.940  -29.249 0.0000000000
115977  28.391  7.628  -29.375 0.0000000000
120548  28.470  8.851  -28.911 0.0000000000
74159  29.042  12.492  -30.108 0.0000000000
72362  29.902  10.703  -30.146 0.0000000000
80792  21.657  20.470  -29.588 0.0000000000
114669  22.305  18.136  -28.745 0.0000000000
80051  23.684  19.787  -28.637 0.0000000000
80833  23.564  20.919  -34.061 0.0000000000
80078  24.435  19.748  -32.977 0.0000000000
80069  26.015  19.171  -30.923 0.0000000000
78634  25.903  17.959  -32.264 0.0000000000
78633  26.953  17.255  -31.337 0.0000000000
61525  27.302  -1.229  -28.003 0.0000000000
111760  26.062  -2.993  -28.189 0.0000000000
54607  22.086  -8.014  -24.220 0.0000000000
72345  27.425  10.305  -28.392 0.0000000000
73216  27.321  11.881  -28.312 0.0000000000
75140  28.406  13.103  -28.687 0.0000000000
76115  28.321  14.192  -30.793 0.0000000000
61549  24.466  -1.423  -29.825 0.0000000000
120035  25.319  -0.166  -30.302 0.0000000000
63322  26.944  0.125  -29.012 0.0000000000
62426  28.629  -0.426  -28.164 0.0000000000
67088  29.529  4.542  -30.229 0.0000000000
66070  29.285  3.570  -30.091 0.0000000000
122993  31.053  4.158  -30.714 0.0000000000
124451  26.444  4.379  -30.351 0.0000000000
68048  25.560  5.012  -30.385 0.0000000000
109505  27.766  4.980  -29.966 0.0000000000
68959  28.755  6.261  -29.656 0.0000000000
109268  30.482  6.744  -30.055 0.0000000000
70698  31.142  8.271  -31.821 0.0000000000
72343  29.825  10.279  -29.413 0.0000000000
71533  30.428  9.380  -31.159 0.0000000000
77912  23.742  16.501  -28.375 0.0000000000
80809  24.436  20.635  -30.856 0.0000000000
80797  25.359  20.005  -29.667 0.0000000000
126246  25.569  17.887  -28.675 0.0000000000
77910  25.636  16.566  -28.296 0.0000000000
77920  27.217  16.401  -28.986 0.0000000000
77126  27.647  15.695  -30.831 0.0000000000
58624  24.327  -4.531  -27.639 0.0000000000
60532  24.736  -2.644  -29.049 0.0000000000
64260  29.342  2.053  -29.455 0.0000000000
63331  29.696  0.809  -28.820 0.0000000000
76087  25.417  14.537  -28.033 0.0000000000
116875  24.739  14.872  -28.183 0.0000000000
66073  26.623  3.220  -30.034 0.0000000000
108737  27.559  3.097  -29.801 0.0000000000
53602  22.027  -9.102  -23.362 0.0000000000
54596  22.539  -8.544  -23.689 0.0000000000
115348  26.278  8.801  -29.020 0.0000000000
115866  27.338  8.804  -28.976 0.0000000000
127309  28.719  12.669  -30.916 0.0000000000
74173  28.871  11.917  -30.902 0.0000000000
80799  22.844  20.870  -29.383 0.0000000000
80052  22.182  19.717  -29.071 0.0000000000
120170  22.870  18.895  -28.582 0.0000000000
80060  23.778  20.425  -29.166 0.0000000000
120084  24.833  19.137  -32.695 0.0000000000
79353  25.452  17.989  -33.081 0.0000000000
61509  28.096  -1.551  -27.611 0.0000000000
61510  27.105  -1.938  -27.900 0.0000000000
56649  22.711  -6.356  -26.387 0.0000000000
73231  25.604  11.118  -28.499 0.0000000000
73217  26.259  11.936  -28.342 0.0000000000
114271  27.192  14.141  -28.525 0.0000000000
75141  27.511  13.323  -28.560 0.0000000000
76086  27.965  13.888  -28.885 0.0000000000
75164  28.531  13.754  -29.938 0.0000000000
129761  27.996  14.494  -29.312 0.0000000000
81535  21.462  21.538  -30.183 0.0000000000
62468  24.963  0.488  -30.776 0.0000000000
63336  25.708  0.559  -30.457 0.0000000000
129013  27.462  1.204  -29.479 0.0000000000
63334  27.277  0.794  -29.470 0.0000000000
120293  27.675  0.481  -28.956 0.0000000000
112898  27.772  -0.104  -28.437 0.0000000000
63321  28.356  0.369  -28.624 0.0000000000
55612  22.640  -7.636  -24.723 0.0000000000
55598  23.089  -8.122  -24.158 0.0000000000
68044  30.409  5.286  -30.186 0.0000000000
67087  30.452  4.393  -30.441 0.0000000000
67100  31.231  4.828  -30.537 0.0000000000
66083  25.324  3.605  -30.889 0.0000000000
68948  25.734  6.196  -29.652 0.0000000000
68038  25.890  5.470  -29.813 0.0000000000
68047  26.166  4.829  -30.166 0.0000000000
68036  27.552  5.501  -29.698 0.0000000000
68035  28.518  5.520  -29.764 0.0000000000
68945  28.085  6.096  -29.633 0.0000000000
70669  28.884  8.241  -29.288 0.0000000000
69868  29.983  7.015  -29.762 0.0000000000
117783  30.314  7.795  -29.753 0.0000000000
69884  30.972  7.805  -31.057 0.0000000000
125352  30.707  8.064  -30.477 0.0000000000
73229  27.943  11.105  -28.392 0.0000000000
72344  28.565  10.384  -28.481 0.0000000000
122762  29.293  10.587  -28.828 0.0000000000
72361  30.343  9.998  -30.572 0.0000000000
71542  30.297  9.343  -32.206 0.0000000000
115799  21.738  17.394  -29.115 0.0000000000
115357  22.977  17.331  -28.339 0.0000000000
77913  22.477  16.547  -28.450 0.0000000000
78614  24.187  17.341  -28.135 0.0000000000
80832  23.989  20.504  -33.411 0.0000000000
81566  23.667  21.323  -33.548 0.0000000000
80820  24.660  21.031  -31.754 0.0000000000
80808  25.193  20.196  -30.461 0.0000000000
79337  26.312  18.429  -30.846 0.0000000000
80057  25.717  19.195  -29.788 0.0000000000
78622  26.254  17.710  -29.335 0.0000000000
110726  26.022  17.171  -28.577 0.0000000000
77921  26.719  16.998  -28.948 0.0000000000
77909  26.540  16.421  -28.597 0.0000000000
78621  27.001  17.110  -29.651 0.0000000000
77939  26.845  16.580  -31.750 0.0000000000
77938  27.376  16.567  -31.079 0.0000000000
77127  27.153  15.774  -31.483 0.0000000000
76116  27.635  14.884  -31.260 0.0000000000
58625  23.653  -4.842  -27.851 0.0000000000
61548  25.119  -1.339  -29.587 0.0000000000
61528  25.010  -2.041  -29.394 0.0000000000
59534  26.326  -3.095  -27.218 0.0000000000
127458  25.584  -3.495  -27.666 0.0000000000
58623  25.164  -4.174  -27.299 0.0000000000
65135  30.198  3.289  -30.150 0.0000000000
65136  29.287  2.919  -29.767 0.0000000000
65152  31.149  2.660  -30.158 0.0000000000
74138  25.875  12.795  -28.164 0.0000000000
75143  25.586  13.680  -28.044 0.0000000000
120338  26.320  14.306  -28.269 0.0000000000
113872  26.973  14.969  -28.425 0.0000000000
64279  25.649  1.900  -30.939 0.0000000000
64263  26.024  1.310  -30.421 0.0000000000
65139  26.159  2.266  -30.011 0.0000000000
65138  27.063  2.428  -29.599 0.0000000000
114409  27.653  1.732  -29.416 0.0000000000
56641  23.418  -6.695  -25.720 0.0000000000
55611  23.570  -7.629  -24.654 0.0000000000
56630  23.990  -7.069  -25.097 0.0000000000
56629  24.947  -6.777  -24.832 0.0000000000
68061  31.567  5.949  -31.419 0.0000000000
123836  31.497  5.127  -31.205 0.0000000000
69857  25.959  7.150  -29.484 0.0000000000
69856  26.774  6.975  -29.367 0.0000000000
69854  28.360  6.870  -29.530 0.0000000000
69855  27.566  7.334  -29.335 0.0000000000
127876  29.362  8.911  -29.249 0.0000000000
129056  29.230  12.271  -29.261 0.0000000000
73228  29.394  11.259  -29.211 0.0000000000
73246  29.403  11.666  -30.043 0.0000000000
72373  29.505  11.235  -31.021 0.0000000000
79328  24.099  18.792  -28.493 0.0000000000
80077  24.771  19.774  -32.010 0.0000000000
80070  25.424  19.606  -31.193 0.0000000000
79338  25.856  18.720  -31.601 0.0000000000
114279  26.361  17.885  -31.487 0.0000000000
118641  26.709  17.702  -30.927 0.0000000000
78640  26.439  17.280  -32.027 0.0000000000
78641  25.814  17.239  -32.751 0.0000000000
61526  26.572  -1.443  -28.319 0.0000000000
60530  26.253  -2.191  -28.245 0.0000000000
60514  26.740  -2.547  -27.671 0.0000000000
55613  21.726  -7.590  -24.810 0.0000000000
114930  22.697  -6.956  -25.818 0.0000000000
57655  23.684  -6.030  -26.112 0.0000000000
128515  24.026  -5.612  -26.550 0.0000000000
114299  26.811  9.545  -28.616 0.0000000000
72346  26.251  10.261  -28.381 0.0000000000
73230  26.804  11.098  -28.429 0.0000000000
73215  28.332  11.871  -28.471 0.0000000000
74137  26.868  12.660  -28.385 0.0000000000
74136  27.864  12.578  -28.464 0.0000000000
124956  28.622  12.494  -28.642 0.0000000000
75150  28.979  13.032  -29.494 0.0000000000
74160  28.688  13.270  -30.439 0.0000000000
75175  28.343  13.302  -31.398 0.0000000000
80800  21.956  21.099  -29.809 0.0000000000
81534  22.828  21.384  -29.973 0.0000000000
62449  24.836  -0.795  -30.127 0.0000000000
62429  25.569  -0.776  -29.573 0.0000000000
63335  26.486  0.698  -29.838 0.0000000000
62448  26.067  -0.051  -29.702 0.0000000000
62428  26.382  -0.719  -28.819 0.0000000000
62427  27.192  -0.589  -28.364 0.0000000000
62415  27.901  -0.782  -27.924 0.0000000000
129110  28.434  -0.999  -27.780 0.0000000000
67079  28.901  4.035  -30.242 0.0000000000
66071  28.397  3.437  -29.890 0.0000000000
66081  29.767  3.919  -30.416 0.0000000000
66080  30.640  3.772  -30.552 0.0000000000
66079  31.402  3.638  -30.888 0.0000000000
66091  31.415  4.248  -31.263 0.0000000000
116372  31.740  3.436  -31.506 0.0000000000
65167  32.065  2.623  -32.014 0.0000000000
111702  25.487  3.096  -30.957 0.0000000000
128125  26.223  3.554  -30.453 0.0000000000
125627  26.659  3.918  -30.314 0.0000000000
67091  25.857  4.403  -30.660 0.0000000000
67090  27.397  4.390  -30.037 0.0000000000
67089  28.484  4.669  -30.029 0.0000000000
68045  29.317  5.208  -29.988 0.0000000000
68958  29.669  6.126  -29.880 0.0000000000
69869  29.198  6.749  -29.697 0.0000000000
68957  30.689  6.252  -30.299 0.0000000000
68956  30.987  7.015  -30.870 0.0000000000
69883  31.493  7.538  -31.820 0.0000000000
71505  28.025  9.576  -28.507 0.0000000000
71504  29.190  9.688  -28.884 0.0000000000
71521  30.175  9.352  -29.546 0.0000000000
120955  30.415  9.986  -29.883 0.0000000000
70685  30.614  8.736  -30.793 0.0000000000
111771  30.611  8.770  -31.671 0.0000000000
77099  24.446  15.681  -28.359 0.0000000000
81546  23.466  21.774  -30.712 0.0000000000
81545  24.191  21.349  -31.204 0.0000000000
80810  23.840  21.098  -30.323 0.0000000000
80798  24.489  20.504  -29.822 0.0000000000
80059  24.747  20.112  -29.003 0.0000000000
80050  24.685  19.431  -28.705 0.0000000000
80062  25.662  19.582  -30.413 0.0000000000
79327  25.104  18.646  -28.584 0.0000000000
118487  24.592  18.035  -28.244 0.0000000000
78613  25.176  17.377  -28.140 0.0000000000
77911  24.820  16.609  -28.045 0.0000000000
114655  25.248  16.002  -28.152 0.0000000000
114515  25.951  15.846  -28.352 0.0000000000
123080  26.767  15.697  -28.470 0.0000000000
77096  27.312  15.586  -28.760 0.0000000000
78626  27.172  17.190  -30.609 0.0000000000
77931  27.454  16.339  -30.089 0.0000000000
77124  27.866  15.463  -30.107 0.0000000000
76108  28.046  15.011  -30.637 0.0000000000
75176  27.904  14.031  -31.446 0.0000000000
58613  24.006  -5.227  -27.244 0.0000000000
57671  24.625  -5.320  -26.510 0.0000000000
59550  24.201  -3.183  -28.467 0.0000000000
60531  25.507  -2.492  -28.730 0.0000000000
60515  25.172  -3.112  -28.374 0.0000000000
59535  24.679  -3.719  -27.894 0.0000000000
58612  24.781  -4.763  -26.908 0.0000000000
108350  29.367  1.397  -29.073 0.0000000000
64278  31.031  1.837  -29.843 0.0000000000
64259  30.221  1.494  -29.246 0.0000000000
63332  28.867  0.924  -28.832 0.0000000000
63320  29.178  0.213  -28.547 0.0000000000
64261  28.585  1.595  -29.281 0.0000000000
66072  27.464  3.721  -29.967 0.0000000000
66082  26.002  3.769  -30.720 0.0000000000
68037  26.688  5.480  -29.685 0.0000000000
68046  26.969  4.881  -29.949 0.0000000000
68947  26.343  6.220  -29.541 0.0000000000
68972  31.256  6.386  -30.912 0.0000000000
69853  29.344  7.526  -29.543 0.0000000000
69867  30.687  7.370  -30.197 0.0000000000
70668  29.946  8.399  -29.464 0.0000000000
70670  27.886  8.124  -29.116 0.0000000000
71520  30.546  9.376  -30.203 0.0000000000
74147  28.970  12.769  -28.876 0.0000000000
75151  28.608  13.413  -29.119 0.0000000000
76098  28.273  14.032  -29.480 0.0000000000
76107  28.257  14.645  -30.047 0.0000000000
77098  25.315  15.320  -28.132 0.0000000000
77111  27.775  15.125  -29.391 0.0000000000
77944  26.188  16.513  -32.413 0.0000000000
79332  25.642  18.549  -29.243 0.0000000000
79334  26.124  18.435  -30.000 0.0000000000
79343  25.424  18.599  -32.536 0.0000000000
80058  25.292  19.437  -29.107 0.0000000000
80819  24.842  20.232  -31.346 0.0000000000
80839  23.063  20.857  -34.507 0.0000000000
109169  28.946  11.211  -28.517 0.0000000000
112156  30.240  2.417  -29.659 0.0000000000
113533  27.565  15.800  -29.412 0.0000000000
114546  31.211  3.269  -30.486 0.0000000000
115695  25.147  1.680  -31.377 0.0000000000
124135  26.838  -0.990  -28.339 0.0000000000
125921  25.966  18.966  -30.426 0.0000000000
128495  25.127  17.980  -28.357 0.0000000000
129541  30.775  8.341  -31.190 0.0000000000
129715  27.061  16.066  -28.628 0.0000000000
