#!ascii label  , from subject sub1 vox2ras=TkReg
729
49449  20.870  -13.339  -19.408 0.1428571492
123050  20.054  -13.620  -19.552 0.1428571492
50494  20.485  -12.368  -20.481 0.1428571492
123673  21.568  -13.553  -18.861 0.1428571492
50475  21.139  -12.886  -20.058 0.2857142985
50476  19.997  -13.135  -20.122 0.1428571492
50474  22.127  -12.518  -19.775 0.1428571492
51574  21.136  -11.331  -21.484 0.5714285970
50492  22.414  -11.775  -20.163 0.1428571492
124826  23.708  -10.891  -20.854 0.2857142985
51556  23.356  -11.360  -20.310 0.2857142985
115854  24.371  -10.490  -21.052 0.1428571492
54593  25.198  -7.965  -22.874 0.2857142985
54576  24.733  -8.505  -22.408 0.1428571492
54577  23.834  -8.677  -22.657 0.2857142985
116743  25.653  -6.719  -24.260 0.2857142985
55595  25.660  -7.524  -23.341 0.2857142985
110065  25.995  -5.611  -25.431 0.2857142985
57635  25.775  -6.282  -24.827 0.2857142985
58610  26.472  -4.438  -26.301 0.2857142985
61510  27.105  -1.938  -27.900 0.8571428657
60499  27.134  -2.816  -26.949 0.4285714328
58597  27.163  -4.676  -25.708 0.2857142985
62426  28.629  -0.426  -28.164 0.7142857313
129110  28.434  -0.999  -27.780 0.7142857313
61509  28.096  -1.551  -27.611 0.7142857313
60514  26.740  -2.547  -27.671 0.7142857313
63331  29.696  0.809  -28.820 0.8571428657
63320  29.178  0.213  -28.547 0.5714285970
63321  28.356  0.369  -28.624 0.8571428657
62415  27.901  -0.782  -27.924 0.7142857313
61525  27.302  -1.229  -28.003 0.7142857313
64277  31.851  1.956  -30.545 0.4285714328
64259  30.221  1.494  -29.246 0.7142857313
63332  28.867  0.924  -28.832 0.8571428657
66099  31.884  3.247  -32.574 0.2857142985
116372  31.740  3.436  -31.506 0.5714285970
65152  31.149  2.660  -30.158 0.8571428657
65151  31.940  2.877  -30.836 0.7142857313
64260  29.342  2.053  -29.455 0.8571428657
66112  31.639  3.963  -32.947 0.1428571492
66111  31.807  3.049  -33.966 0.1428571492
117752  31.659  3.904  -32.015 0.4285714328
66079  31.402  3.638  -30.888 0.5714285970
65135  30.198  3.289  -30.150 0.8571428657
108951  31.502  6.080  -34.163 0.1428571492
67130  31.590  4.103  -34.145 0.1428571492
67123  31.460  4.802  -33.067 0.1428571492
120738  31.615  4.593  -32.023 0.4285714328
66080  30.640  3.772  -30.552 0.8571428657
111687  31.315  7.527  -34.492 0.1428571492
108949  31.595  6.958  -34.379 0.1428571492
69899  31.558  7.462  -33.648 0.1428571492
108811  31.586  5.725  -33.123 0.1428571492
110116  31.733  6.272  -32.246 0.4285714328
123836  31.497  5.127  -31.205 0.5714285970
67100  31.231  4.828  -30.537 0.7142857313
66081  29.767  3.919  -30.416 0.8571428657
70715  31.317  8.129  -33.654 0.1428571492
70710  30.744  8.628  -32.748 0.1428571492
70709  31.334  7.998  -32.635 0.1428571492
69883  31.493  7.538  -31.820 0.5714285970
68062  31.243  5.633  -30.635 0.8571428657
67087  30.452  4.393  -30.441 0.8571428657
68044  30.409  5.286  -30.186 0.8571428657
70716  30.630  8.664  -34.002 0.1428571492
71552  30.095  9.279  -33.359 0.2857142985
111771  30.611  8.770  -31.671 0.8571428657
68956  30.987  7.015  -30.870 0.8571428657
68061  31.567  5.949  -31.419 0.7142857313
109268  30.482  6.744  -30.055 0.8571428657
72383  29.259  10.594  -32.003 0.1428571492
72384  28.534  11.011  -32.941 0.1428571492
72382  30.041  9.952  -31.603 0.4285714328
120955  30.415  9.986  -29.883 0.8571428657
70685  30.614  8.736  -30.793 0.8571428657
117783  30.314  7.795  -29.753 0.8571428657
69868  29.983  7.015  -29.762 0.8571428657
128559  29.887  10.509  -31.045 0.4285714328
71521  30.175  9.352  -29.546 0.8571428657
70686  30.570  8.617  -29.887 0.8571428657
127876  29.362  8.911  -29.249 0.8571428657
73260  28.660  11.523  -31.956 0.1428571492
74174  28.451  12.379  -31.658 0.2857142985
72373  29.505  11.235  -31.021 0.5714285970
73246  29.403  11.666  -30.043 0.8571428657
72362  29.902  10.703  -30.146 0.8571428657
72343  29.825  10.279  -29.413 0.8571428657
122762  29.293  10.587  -28.828 0.8571428657
71504  29.190  9.688  -28.884 0.8571428657
75183  28.027  12.791  -32.120 0.2857142985
127309  28.719  12.669  -30.916 0.7142857313
74173  28.871  11.917  -30.902 0.5714285970
74159  29.042  12.492  -30.108 0.8571428657
74146  29.065  12.020  -28.757 0.8571428657
73215  28.332  11.871  -28.471 0.8571428657
72344  28.565  10.384  -28.481 0.8571428657
74160  28.688  13.270  -30.439 0.8571428657
75164  28.531  13.754  -29.938 0.8571428657
124956  28.622  12.494  -28.642 0.8571428657
75141  27.511  13.323  -28.560 0.7142857313
74136  27.864  12.578  -28.464 0.7142857313
76115  28.321  14.192  -30.793 0.8571428657
129761  27.996  14.494  -29.312 0.8571428657
75140  28.406  13.103  -28.687 0.8571428657
76099  27.544  14.707  -28.826 0.8571428657
77096  27.312  15.586  -28.760 0.8571428657
114271  27.192  14.141  -28.525 0.7142857313
77938  27.376  16.567  -31.079 0.7142857313
77931  27.454  16.339  -30.089 0.8571428657
78626  27.172  17.190  -30.609 0.8571428657
78621  27.001  17.110  -29.651 0.8571428657
79337  26.312  18.429  -30.846 0.7142857313
76086  27.965  13.888  -28.885 0.8571428657
77920  27.217  16.401  -28.986 0.8571428657
78651  23.859  18.075  -34.058 0.1428571492
118641  26.709  17.702  -30.927 0.8571428657
114279  26.361  17.885  -31.487 0.7142857313
79338  25.856  18.720  -31.601 0.7142857313
78627  26.615  17.760  -30.266 0.8571428657
79376  22.448  18.867  -35.453 0.1428571492
120084  24.833  19.137  -32.695 0.5714285970
80078  24.435  19.748  -32.977 0.5714285970
80832  23.989  20.504  -33.411 0.5714285970
80086  23.870  19.593  -33.706 0.1428571492
117209  21.207  19.936  -35.852 0.1428571492
81566  23.667  21.323  -33.548 0.5714285970
81586  20.045  21.786  -36.507 0.1428571492
81587  19.256  22.021  -37.434 0.1428571492
80840  22.338  20.750  -35.004 0.1428571492
82347  19.221  22.957  -37.286 0.1428571492
80833  23.564  20.919  -34.061 0.5714285970
82346  20.359  22.695  -36.103 0.1428571492
120110  18.741  23.712  -37.739 0.1428571492
83113  18.870  23.963  -37.070 0.1428571492
113815  20.662  -13.760  -18.810 0.1428571492
48435  20.439  -14.559  -18.608 0.1428571492
50493  21.491  -12.200  -20.377 0.2857142985
124384  22.534  -11.304  -20.635 0.2857142985
54575  25.611  -8.359  -22.218 0.2857142985
54560  25.218  -8.947  -21.726 0.2857142985
53573  24.281  -9.094  -21.942 0.1428571492
58598  25.805  -4.991  -26.040 0.2857142985
60513  27.566  -2.234  -27.380 0.4285714328
59522  26.829  -3.607  -26.663 0.5714285970
123831  30.554  0.568  -29.156 0.2857142985
64291  32.285  1.864  -31.603 0.1428571492
122993  31.053  4.158  -30.714 0.7142857313
69906  30.915  7.997  -34.512 0.1428571492
70698  31.142  8.271  -31.821 0.8571428657
69884  30.972  7.805  -31.057 0.8571428657
70669  28.884  8.241  -29.288 0.8571428657
75175  28.343  13.302  -31.398 0.8571428657
77126  27.647  15.695  -30.831 0.8571428657
78633  26.953  17.255  -31.337 0.8571428657
78634  25.903  17.959  -32.264 0.7142857313
112348  24.326  18.863  -33.466 0.2857142985
126690  22.891  20.077  -34.726 0.1428571492
80847  21.514  20.677  -35.439 0.1428571492
81600  18.439  22.232  -38.285 0.1428571492
124813  19.700  -14.828  -18.761 0.1428571492
51557  21.768  -11.551  -20.738 0.4285714328
52556  23.359  -10.458  -21.331 0.2857142985
51573  22.122  -11.067  -21.213 0.4285714328
53574  23.798  -9.797  -21.607 0.1428571492
55577  26.029  -7.847  -22.606 0.2857142985
56613  26.058  -6.998  -23.661 0.2857142985
55609  25.265  -7.233  -24.062 0.2857142985
55596  24.813  -7.740  -23.681 0.2857142985
59534  26.326  -3.095  -27.218 0.7142857313
68085  31.518  5.501  -35.051 0.1428571492
69912  30.684  7.461  -35.805 0.1428571492
71553  29.214  9.763  -33.859 0.1428571492
71543  29.714  9.942  -32.720 0.2857142985
72390  29.130  10.492  -33.193 0.1428571492
71533  30.428  9.380  -31.159 0.8571428657
68958  29.669  6.126  -29.880 0.8571428657
68045  29.317  5.208  -29.988 1.0000000000
73268  28.033  11.528  -32.776 0.1428571492
74180  28.003  12.088  -32.389 0.1428571492
75184  27.338  13.328  -31.991 0.2857142985
73216  27.321  11.881  -28.312 0.8571428657
75176  27.904  14.031  -31.446 0.5714285970
77127  27.153  15.774  -31.483 0.5714285970
77939  26.845  16.580  -31.750 0.5714285970
78640  26.439  17.280  -32.027 0.7142857313
124734  24.983  18.530  -33.134 0.4285714328
78649  25.112  17.226  -33.344 0.2857142985
79354  24.707  18.011  -33.506 0.2857142985
111028  23.648  18.896  -33.973 0.1428571492
82337  21.907  22.026  -34.825 0.2857142985
80098  22.174  19.819  -35.475 0.1428571492
81579  21.028  21.561  -35.680 0.1428571492
82338  21.367  22.092  -35.299 0.1428571492
83106  20.352  23.742  -36.060 0.1428571492
80848  20.572  20.787  -35.942 0.1428571492
83114  18.776  24.533  -37.841 0.1428571492
83107  18.992  24.610  -36.930 0.1428571492
83121  18.953  24.452  -38.178 0.1428571492
76125  27.047  14.174  -31.761 0.4285714328
76117  26.793  15.007  -31.875 0.4285714328
77133  25.940  15.839  -32.613 0.4285714328
77945  25.595  16.391  -33.159 0.4285714328
78641  25.814  17.239  -32.751 0.5714285970
79353  25.452  17.989  -33.081 0.5714285970
49448  21.799  -13.062  -19.360 0.1428571492
49431  19.730  -14.056  -18.985 0.1428571492
50495  19.427  -12.290  -20.428 0.2857142985
50473  23.242  -12.166  -19.603 0.1428571492
52540  22.960  -10.909  -20.944 0.1428571492
62427  27.192  -0.589  -28.364 0.7142857313
64278  31.031  1.837  -29.843 0.8571428657
108350  29.367  1.397  -29.073 0.8571428657
65167  32.065  2.623  -32.014 0.5714285970
66091  31.415  4.248  -31.263 0.5714285970
68988  31.655  6.699  -33.217 0.2857142985
117099  31.422  5.103  -34.124 0.1428571492
68071  31.640  5.423  -32.119 0.1428571492
71542  30.297  9.343  -32.206 0.5714285970
68957  30.689  6.252  -30.299 0.8571428657
125352  30.707  8.064  -30.477 0.8571428657
72361  30.343  9.998  -30.572 0.8571428657
129056  29.230  12.271  -29.261 0.8571428657
73228  29.394  11.259  -29.211 0.8571428657
73229  27.943  11.105  -28.392 0.8571428657
75150  28.979  13.032  -29.494 0.8571428657
76108  28.046  15.011  -30.637 0.8571428657
77124  27.866  15.463  -30.107 0.8571428657
79365  23.209  18.620  -34.736 0.1428571492
80077  24.771  19.774  -32.010 0.5714285970
80108  19.860  19.916  -35.867 0.1428571492
81572  22.509  21.509  -34.669 0.4285714328
81588  18.149  21.700  -37.636 0.1428571492
80856  19.336  20.951  -36.760 0.1428571492
81578  21.778  21.432  -35.091 0.1428571492
54559  26.105  -8.863  -21.774 0.1428571492
76116  27.635  14.884  -31.260 0.5714285970
114078  22.565  -10.601  -21.466 0.4285714328
56629  24.947  -6.777  -24.832 0.5714285970
82333  21.412  22.854  -35.038 0.1428571492
55611  23.570  -7.629  -24.654 0.5714285970
55612  22.640  -7.636  -24.723 0.5714285970
55613  21.726  -7.590  -24.810 0.2857142985
56640  24.283  -6.400  -25.525 0.5714285970
114930  22.697  -6.956  -25.818 0.5714285970
54597  21.515  -8.637  -23.912 0.4285714328
56641  23.418  -6.695  -25.720 0.5714285970
111380  20.938  -7.429  -24.740 0.2857142985
55622  22.259  -7.248  -25.331 0.4285714328
57670  25.195  -5.009  -26.382 0.4285714328
128515  24.026  -5.612  -26.550 0.5714285970
56649  22.711  -6.356  -26.387 0.5714285970
57672  22.312  -5.569  -27.072 0.4285714328
58612  24.781  -4.763  -26.908 0.5714285970
58624  24.327  -4.531  -27.639 0.5714285970
117731  23.304  -5.715  -26.888 0.4285714328
58623  25.164  -4.174  -27.299 0.7142857313
59536  23.694  -4.075  -28.207 0.4285714328
127458  25.584  -3.495  -27.666 0.4285714328
56642  21.928  -6.713  -25.860 0.4285714328
55623  21.372  -7.034  -25.216 0.2857142985
55624  20.460  -6.844  -24.864 0.2857142985
60531  25.507  -2.492  -28.730 0.7142857313
60550  24.240  -2.074  -29.533 0.4285714328
61548  25.119  -1.339  -29.587 0.7142857313
61549  24.466  -1.423  -29.825 0.5714285970
62449  24.836  -0.795  -30.127 0.7142857313
62450  24.044  -0.808  -30.414 0.2857142985
111760  26.062  -2.993  -28.189 0.5714285970
60530  26.253  -2.191  -28.245 0.5714285970
61528  25.010  -2.041  -29.394 0.7142857313
62448  26.067  -0.051  -29.702 0.7142857313
63336  25.708  0.559  -30.457 0.7142857313
64263  26.024  1.310  -30.421 0.7142857313
64280  25.438  1.121  -31.042 0.7142857313
63354  24.439  0.910  -30.873 0.4285714328
65154  25.325  2.417  -31.272 0.4285714328
112898  27.772  -0.104  -28.437 0.5714285970
62428  26.382  -0.719  -28.819 0.5714285970
120293  27.675  0.481  -28.956 0.5714285970
64262  26.817  1.522  -29.671 0.5714285970
65139  26.159  2.266  -30.011 0.7142857313
65153  25.830  2.906  -30.586 0.7142857313
125627  26.659  3.918  -30.314 0.7142857313
111702  25.487  3.096  -30.957 0.7142857313
66083  25.324  3.605  -30.889 0.5714285970
67091  25.857  4.403  -30.660 0.5714285970
65136  29.287  2.919  -29.767 0.7142857313
65137  28.258  2.491  -29.576 0.5714285970
65138  27.063  2.428  -29.599 0.5714285970
108737  27.559  3.097  -29.801 0.7142857313
67090  27.397  4.390  -30.037 0.8571428657
65168  25.151  2.837  -31.311 0.4285714328
109505  27.766  4.980  -29.966 0.7142857313
68047  26.166  4.829  -30.166 0.7142857313
68036  27.552  5.501  -29.698 0.7142857313
68048  25.560  5.012  -30.385 0.5714285970
68038  25.890  5.470  -29.813 0.7142857313
66073  26.623  3.220  -30.034 0.7142857313
67089  28.484  4.669  -30.029 0.8571428657
68035  28.518  5.520  -29.764 0.8571428657
68946  27.321  6.326  -29.489 0.7142857313
68948  25.734  6.196  -29.652 0.5714285970
70672  25.728  8.170  -29.351 0.2857142985
67088  29.529  4.542  -30.229 0.7142857313
68945  28.085  6.096  -29.633 0.7142857313
71506  25.674  9.547  -28.653 0.7142857313
68959  28.755  6.261  -29.656 0.7142857313
69854  28.360  6.870  -29.530 0.8571428657
69856  26.774  6.975  -29.367 0.8571428657
71505  28.025  9.576  -28.507 0.8571428657
69855  27.566  7.334  -29.335 0.8571428657
115348  26.278  8.801  -29.020 0.5714285970
115866  27.338  8.804  -28.976 0.8571428657
114299  26.811  9.545  -28.616 0.8571428657
115977  28.391  7.628  -29.375 0.8571428657
120548  28.470  8.851  -28.911 0.8571428657
72346  26.251  10.261  -28.381 0.8571428657
72345  27.425  10.305  -28.392 0.8571428657
73230  26.804  11.098  -28.429 0.8571428657
73231  25.604  11.118  -28.499 0.7142857313
113872  26.973  14.969  -28.425 0.7142857313
77097  26.124  15.100  -28.310 0.7142857313
123080  26.767  15.697  -28.470 0.5714285970
116875  24.739  14.872  -28.183 0.7142857313
114515  25.951  15.846  -28.352 0.7142857313
77909  26.540  16.421  -28.597 0.7142857313
77921  26.719  16.998  -28.948 0.8571428657
126246  25.569  17.887  -28.675 0.7142857313
77911  24.820  16.609  -28.045 0.7142857313
80050  24.685  19.431  -28.705 0.7142857313
80059  24.747  20.112  -29.003 0.7142857313
79328  24.099  18.792  -28.493 0.5714285970
80057  25.717  19.195  -29.788 0.7142857313
80797  25.359  20.005  -29.667 0.7142857313
80051  23.684  19.787  -28.637 0.5714285970
80798  24.489  20.504  -29.822 0.4285714328
80060  23.778  20.425  -29.166 0.5714285970
80062  25.662  19.582  -30.413 0.5714285970
120170  22.870  18.895  -28.582 0.5714285970
80809  24.436  20.635  -30.856 0.5714285970
80810  23.840  21.098  -30.323 0.5714285970
121044  23.560  20.815  -29.692 0.5714285970
80791  22.885  20.341  -29.047 0.4285714328
80052  22.182  19.717  -29.071 0.5714285970
119378  21.507  18.942  -29.156 0.4285714328
80800  21.956  21.099  -29.809 0.5714285970
80799  22.844  20.870  -29.383 0.5714285970
81545  24.191  21.349  -31.204 0.5714285970
80053  20.789  19.695  -29.564 0.4285714328
78616  19.990  18.220  -30.230 0.4285714328
80792  21.657  20.470  -29.588 0.5714285970
80802  20.132  21.625  -29.743 0.4285714328
114409  27.653  1.732  -29.416 0.5714285970
81536  20.432  21.627  -30.082 0.2857142985
80801  20.877  20.979  -30.014 0.4285714328
80794  20.395  20.776  -29.355 0.2857142985
55598  23.089  -8.122  -24.158 0.5714285970
54596  22.539  -8.544  -23.689 0.5714285970
56639  25.153  -6.093  -25.453 0.2857142985
54607  22.086  -8.014  -24.220 0.5714285970
57653  25.221  -5.478  -25.963 0.2857142985
57654  24.475  -5.775  -25.971 0.5714285970
54608  21.093  -7.998  -24.362 0.2857142985
56650  21.642  -6.057  -26.418 0.4285714328
57685  23.141  -5.225  -27.591 0.4285714328
58625  23.653  -4.842  -27.851 0.5714285970
56643  20.813  -6.338  -25.681 0.2857142985
57673  21.433  -5.399  -26.712 0.2857142985
59550  24.201  -3.183  -28.467 0.5714285970
62414  29.082  -1.132  -27.743 0.2857142985
119479  23.135  -1.655  -29.713 0.2857142985
62468  24.963  0.488  -30.776 0.7142857313
69869  29.198  6.749  -29.697 0.8571428657
70671  26.766  7.940  -29.249 0.7142857313
75142  26.555  13.472  -28.341 0.7142857313
120338  26.320  14.306  -28.269 0.7142857313
75143  25.586  13.680  -28.044 0.7142857313
118487  24.592  18.035  -28.244 0.7142857313
80069  26.015  19.171  -30.923 0.5714285970
80808  25.193  20.196  -30.461 0.5714285970
80070  25.424  19.606  -31.193 0.5714285970
80820  24.660  21.031  -31.754 0.5714285970
81534  22.828  21.384  -29.973 0.5714285970
81547  22.361  22.069  -30.444 0.2857142985
112147  23.076  -4.649  -28.071 0.4285714328
63333  27.997  1.009  -29.171 0.7142857313
61526  26.572  -1.443  -28.319 0.5714285970
66070  29.285  3.570  -30.091 0.7142857313
67079  28.901  4.035  -30.242 0.7142857313
66071  28.397  3.437  -29.890 0.7142857313
78622  26.254  17.710  -29.335 0.8571428657
73217  26.259  11.936  -28.342 0.7142857313
63322  26.944  0.125  -29.012 0.5714285970
56630  23.990  -7.069  -25.097 0.5714285970
55621  23.105  -7.211  -25.221 0.5714285970
57655  23.684  -6.030  -26.112 0.5714285970
53602  22.027  -9.102  -23.362 0.5714285970
57671  24.625  -5.320  -26.510 0.5714285970
58613  24.006  -5.227  -27.244 0.5714285970
59535  24.679  -3.719  -27.894 0.5714285970
60515  25.172  -3.112  -28.374 0.5714285970
60532  24.736  -2.644  -29.049 0.7142857313
61550  23.719  -1.482  -29.921 0.4285714328
60551  23.545  -2.024  -29.528 0.4285714328
112059  23.809  -2.595  -29.083 0.4285714328
61527  25.727  -1.537  -28.862 0.7142857313
62429  25.569  -0.776  -29.573 0.7142857313
120035  25.319  -0.166  -30.302 0.7142857313
63334  27.277  0.794  -29.470 0.7142857313
63335  26.486  0.698  -29.838 0.7142857313
64279  25.649  1.900  -30.939 0.7142857313
129013  27.462  1.204  -29.479 0.5714285970
128125  26.223  3.554  -30.453 0.7142857313
124451  26.444  4.379  -30.351 0.7142857313
67080  28.101  4.064  -29.988 0.5714285970
67092  25.062  4.461  -30.674 0.2857142985
69857  25.959  7.150  -29.484 0.5714285970
111680  25.074  7.504  -29.477 0.2857142985
77910  25.636  16.566  -28.296 0.7142857313
110726  26.022  17.171  -28.577 0.7142857313
79327  25.104  18.646  -28.584 0.8571428657
81546  23.466  21.774  -30.712 0.7142857313
81535  21.462  21.538  -30.183 0.5714285970
80793  20.835  20.313  -29.776 0.4285714328
58614  21.592  -4.890  -27.130 0.1428571492
129224  22.533  -4.277  -27.921 0.4285714328
118666  19.969  -11.772  -20.744 0.4285714328
56627  27.157  -6.318  -24.054 0.1428571492
57634  26.565  -5.858  -24.611 0.1428571492
59521  27.656  -3.343  -26.455 0.1428571492
57652  26.860  -5.174  -25.062 0.1428571492
57633  27.438  -5.605  -24.466 0.1428571492
59520  28.471  -3.198  -26.403 0.1428571492
58609  27.422  -4.144  -26.197 0.1428571492
60498  27.967  -2.634  -26.774 0.1428571492
61524  30.215  -1.044  -27.971 0.2857142985
62447  30.884  -0.157  -29.248 0.1428571492
74137  26.868  12.660  -28.385 0.5714285970
84646  20.631  26.225  -37.262 0.1428571492
85328  20.709  27.178  -35.878 0.1428571492
75152  23.747  13.172  -28.392 0.4285714328
76087  25.417  14.537  -28.033 0.5714285970
76088  23.863  14.863  -28.565 0.4285714328
128526  20.183  25.621  -33.169 0.2857142985
83082  22.694  23.974  -32.288 0.2857142985
81554  23.941  22.060  -31.570 0.2857142985
83092  22.549  23.874  -33.441 0.2857142985
115159  21.225  14.286  -29.283 0.1428571492
77099  24.446  15.681  -28.359 0.5714285970
78613  25.176  17.377  -28.140 0.5714285970
83083  21.882  24.600  -31.634 0.2857142985
81553  24.474  21.707  -31.887 0.4285714328
77101  22.051  15.753  -28.609 0.4285714328
115357  22.977  17.331  -28.339 0.5714285970
111358  22.418  23.912  -31.254 0.2857142985
77102  21.301  16.681  -29.193 0.4285714328
115799  21.738  17.394  -29.115 0.2857142985
83064  20.426  23.332  -30.198 0.1428571492
82303  22.276  22.685  -30.662 0.1428571492
82313  21.832  23.344  -30.579 0.1428571492
77922  20.205  16.825  -29.916 0.1428571492
78615  20.967  18.171  -29.623 0.4285714328
82293  19.767  22.043  -29.968 0.1428571492
83856  20.510  24.479  -31.188 0.1428571492
77915  19.636  17.487  -30.203 0.2857142985
82294  19.782  22.213  -29.749 0.2857142985
81521  20.501  21.765  -28.053 0.1428571492
82304  19.728  22.713  -29.979 0.1428571492
83074  20.133  23.986  -30.430 0.1428571492
119158  19.927  22.808  -29.523 0.1428571492
83055  19.998  23.288  -29.953 0.1428571492
83049  20.204  23.477  -29.154 0.1428571492
51575  19.999  -11.406  -21.540 0.4285714328
52571  19.976  -10.549  -22.276 0.2857142985
56628  26.315  -6.425  -24.048 0.1428571492
58596  28.071  -4.398  -25.567 0.1428571492
60512  28.400  -2.097  -27.233 0.1428571492
74139  24.839  13.012  -28.228 0.2857142985
111283  25.225  19.183  -31.988 0.4285714328
82325  22.911  23.014  -33.665 0.2857142985
83866  21.914  24.765  -32.981 0.2857142985
83858  19.120  24.942  -31.173 0.2857142985
52560  19.528  -10.730  -21.855 0.2857142985
109190  24.802  -9.660  -21.363 0.1428571492
55594  26.644  -7.493  -23.052 0.1428571492
63319  30.023  0.027  -28.820 0.1428571492
61508  28.876  -1.728  -27.503 0.1428571492
74148  25.223  12.083  -28.413 0.4285714328
77112  21.614  15.005  -28.760 0.2857142985
115362  23.489  18.070  -28.284 0.5714285970
124222  24.053  21.125  -32.866 0.4285714328
84616  19.922  25.404  -32.545 0.2857142985
117899  20.840  25.361  -33.153 0.2857142985
119211  22.019  24.459  -34.035 0.2857142985
84626  20.218  25.456  -34.111 0.2857142985
84634  20.155  25.505  -34.426 0.1428571492
118376  20.198  26.839  -34.853 0.1428571492
83889  19.675  25.020  -36.613 0.1428571492
83840  20.030  24.306  -30.428 0.2857142985
83867  19.712  24.824  -31.549 0.2857142985
83880  19.965  24.958  -35.194 0.1428571492
125986  20.047  26.459  -37.193 0.1428571492
83099  21.130  23.695  -35.092 0.1428571492
83888  20.425  24.429  -35.763 0.1428571492
63330  31.494  0.177  -29.727 0.2857142985
82331  23.341  22.152  -33.678 0.4285714328
84627  19.649  25.884  -33.222 0.2857142985
83098  22.030  23.495  -34.298 0.2857142985
83093  21.184  24.225  -34.650 0.1428571492
52558  20.484  -10.978  -22.064 0.4285714328
51558  20.821  -11.816  -20.913 0.4285714328
62425  29.612  -0.459  -28.268 0.4285714328
123703  24.712  20.389  -31.836 0.4285714328
81560  23.736  21.769  -32.817 0.2857142985
82332  22.574  22.399  -34.343 0.2857142985
75144  24.472  14.023  -28.324 0.4285714328
114655  25.248  16.002  -28.152 0.5714285970
77912  23.742  16.501  -28.375 0.5714285970
82318  24.130  22.126  -32.150 0.2857142985
81527  20.154  21.634  -29.014 0.2857142985
127375  20.892  22.370  -30.244 0.2857142985
74138  25.875  12.795  -28.164 0.5714285970
78614  24.187  17.341  -28.135 0.5714285970
114669  22.305  18.136  -28.745 0.5714285970
82302  23.159  22.468  -31.016 0.2857142985
82312  22.747  23.112  -31.118 0.2857142985
60497  28.829  -2.583  -26.744 0.1428571492
113821  20.927  25.034  -32.141 0.2857142985
83081  23.100  23.215  -32.311 0.2857142985
82324  23.393  22.633  -32.774 0.2857142985
77100  23.238  15.695  -28.379 0.4285714328
83073  21.416  24.144  -30.738 0.1428571492
77913  22.477  16.547  -28.450 0.4285714328
77113  20.959  15.865  -29.245 0.2857142985
77914  20.605  17.505  -29.898 0.4285714328
51576  19.484  -11.132  -21.582 0.2857142985
117275  24.178  12.262  -28.449 0.2857142985
83875  21.231  25.038  -34.076 0.2857142985
125609  20.411  24.850  -34.789 0.2857142985
84641  20.290  25.608  -36.064 0.1428571492
125050  25.327  6.620  -29.616 0.2857142985
85288  19.217  26.746  -31.434 0.1428571492
128063  18.834  25.668  -32.513 0.1428571492
114840  19.188  27.788  -31.755 0.1428571492
84580  20.787  24.652  -29.470 0.1428571492
85296  20.200  26.988  -31.438 0.1428571492
85297  18.004  26.459  -31.091 0.1428571492
85312  18.275  26.880  -32.171 0.1428571492
84593  20.270  24.819  -30.104 0.1428571492
84592  21.209  25.339  -29.688 0.1428571492
124648  18.898  25.839  -30.836 0.1428571492
85286  21.208  26.571  -30.776 0.1428571492
85949  20.500  27.687  -32.187 0.1428571492
84603  18.730  25.472  -30.930 0.1428571492
85287  19.929  26.135  -30.829 0.1428571492
107316  23.707  26.811  -30.134 0.1428571492
85295  21.182  27.259  -31.386 0.1428571492
68960  25.197  5.789  -29.941 0.2857142985
84591  22.167  25.535  -29.559 0.1428571492
85285  22.816  26.831  -30.393 0.1428571492
107680  20.396  28.123  -32.823 0.1428571492
59523  25.994  -3.890  -26.958 0.2857142985
124953  18.198  25.646  -31.360 0.1428571492
85311  18.651  27.500  -33.124 0.1428571492
85950  18.420  27.791  -31.722 0.1428571492
85964  18.643  28.115  -32.765 0.1428571492
118701  22.178  26.593  -30.483 0.1428571492
84590  23.144  25.369  -29.784 0.1428571492
58611  25.570  -4.540  -26.630 0.4285714328
54578  22.951  -8.917  -23.016 0.4285714328
53587  23.348  -9.324  -22.305 0.2857142985
54595  23.474  -8.454  -23.484 0.2857142985
55597  24.041  -8.149  -24.104 0.2857142985
53575  22.689  -9.986  -21.928 0.2857142985
55610  24.456  -7.468  -24.435 0.2857142985
53588  22.408  -9.440  -22.667 0.4285714328
54594  24.335  -8.206  -23.183 0.1428571492
76089  22.631  14.912  -28.324 0.2857142985
52570  20.770  -10.333  -22.486 0.2857142985
52569  21.696  -9.946  -22.520 0.2857142985
53589  20.875  -9.661  -22.926 0.2857142985
111423  21.617  -9.457  -22.983 0.2857142985
59551  23.296  -3.261  -28.748 0.2857142985
60533  22.952  -2.351  -29.214 0.2857142985
62469  24.246  0.132  -30.598 0.1428571492
64282  24.023  1.321  -31.063 0.1428571492
64281  24.573  1.505  -31.351 0.2857142985
67101  24.565  3.833  -31.137 0.1428571492
69870  24.558  6.642  -29.595 0.1428571492
70673  24.759  8.494  -29.330 0.1428571492
71507  24.962  9.195  -29.019 0.1428571492
70674  23.843  8.639  -29.401 0.1428571492
72347  24.654  9.868  -28.677 0.1428571492
72348  23.801  9.769  -28.833 0.1428571492
75153  22.571  13.288  -28.351 0.1428571492
76100  23.241  14.074  -28.347 0.1428571492
75154  21.561  13.443  -28.757 0.1428571492
79329  20.297  18.888  -29.994 0.1428571492
109809  19.977  19.417  -29.946 0.1428571492
78617  19.406  18.058  -29.805 0.1428571492
80054  19.892  19.738  -28.904 0.1428571492
111939  20.402  19.982  -29.563 0.1428571492
123499  25.391  10.278  -28.507 0.2857142985
116618  23.866  10.563  -28.646 0.1428571492
76101  22.101  14.159  -28.469 0.1428571492
51559  19.306  -11.507  -20.916 0.2857142985
58626  22.422  -4.887  -27.632 0.2857142985
59537  22.902  -3.902  -28.368 0.2857142985
59552  22.569  -3.108  -28.697 0.2857142985
64293  24.122  1.789  -31.485 0.1428571492
67093  24.134  4.768  -31.066 0.1428571492
68049  24.737  5.238  -30.472 0.1428571492
69871  23.605  6.715  -29.655 0.1428571492
69858  23.989  7.774  -29.565 0.1428571492
71509  23.353  9.286  -29.410 0.1428571492
73232  24.552  11.390  -28.600 0.1428571492
117865  21.914  12.573  -28.501 0.1428571492
79330  19.610  18.832  -30.033 0.1428571492
111535  22.138  -3.546  -27.936 0.2857142985
52557  21.651  -10.646  -21.922 0.2857142985
64292  24.677  2.265  -31.525 0.1428571492
127541  25.477  8.841  -29.099 0.1428571492
116513  24.826  10.703  -28.681 0.1428571492
53590  20.147  -9.864  -22.694 0.2857142985
60534  22.142  -2.366  -28.932 0.1428571492
69859  23.108  7.605  -29.826 0.1428571492
129092  19.059  -11.467  -20.552 0.1428571492
52541  19.247  -10.965  -21.150 0.1428571492
51560  19.091  -10.736  -20.112 0.1428571492
53604  20.279  -9.212  -23.236 0.1428571492
123201  31.838  1.297  -30.228 0.1428571492
63352  32.135  0.524  -30.372 0.1428571492
76135  26.230  14.309  -32.977 0.1428571492
51538  18.822  -12.113  -20.384 0.1428571492
53591  19.685  -9.978  -22.215 0.1428571492
53603  21.067  -9.190  -23.499 0.1428571492
55614  20.154  -7.538  -24.340 0.1428571492
75185  26.712  13.758  -32.480 0.1428571492
116601  25.749  14.836  -33.174 0.1428571492
74181  27.377  12.516  -32.597 0.1428571492
64276  32.302  0.965  -31.233 0.1428571492
54598  20.447  -8.471  -23.801 0.1428571492
52559  19.747  -11.041  -21.983 0.1428571492
124726  19.266  -10.233  -20.541 0.1428571492
63351  32.337  0.131  -31.241 0.1428571492
63353  31.185  1.003  -29.687 0.1428571492
64261  28.585  1.595  -29.281 0.8571428657
66072  27.464  3.721  -29.967 0.5714285970
66082  26.002  3.769  -30.720 0.7142857313
66092  24.849  3.055  -31.318 0.4285714328
68037  26.688  5.480  -29.685 0.7142857313
68046  26.969  4.881  -29.949 0.7142857313
68947  26.343  6.220  -29.541 0.5714285970
68971  31.564  6.730  -31.590 0.4285714328
68972  31.256  6.386  -30.912 0.7142857313
68981  31.712  6.951  -32.263 0.2857142985
69853  29.344  7.526  -29.543 0.8571428657
69867  30.687  7.370  -30.197 0.8571428657
69872  22.723  6.948  -30.056 0.1428571492
69892  31.533  7.399  -32.767 0.1428571492
70668  29.946  8.399  -29.464 0.8571428657
70670  27.886  8.124  -29.116 0.7142857313
71508  24.214  9.189  -29.089 0.1428571492
71520  30.546  9.376  -30.203 0.8571428657
74147  28.970  12.769  -28.876 0.8571428657
75151  28.608  13.413  -29.119 0.8571428657
76098  28.273  14.032  -29.480 0.8571428657
76107  28.257  14.645  -30.047 0.8571428657
76126  26.571  14.463  -32.296 0.1428571492
77098  25.315  15.320  -28.132 0.7142857313
77111  27.775  15.125  -29.391 0.8571428657
77132  26.471  15.787  -32.094 0.4285714328
77139  26.117  15.096  -32.527 0.1428571492
77944  26.188  16.513  -32.413 0.5714285970
79332  25.642  18.549  -29.243 0.7142857313
79334  26.124  18.435  -30.000 0.7142857313
79343  25.424  18.599  -32.536 0.5714285970
80058  25.292  19.437  -29.107 0.7142857313
80091  23.338  19.446  -34.325 0.1428571492
80819  24.842  20.232  -31.346 0.5714285970
80825  24.517  20.635  -32.398 0.4285714328
80839  23.063  20.857  -34.507 0.5714285970
81559  24.442  21.527  -32.202 0.4285714328
81571  23.260  21.571  -34.253 0.4285714328
82311  23.365  22.720  -31.814 0.2857142985
82348  18.458  22.813  -37.955 0.1428571492
82354  18.940  22.765  -38.342 0.1428571492
82355  18.329  22.627  -38.081 0.1428571492
82356  17.658  21.999  -38.156 0.1428571492
83065  19.897  23.434  -29.979 0.1428571492
83072  22.913  23.400  -31.750 0.2857142985
83091  22.932  23.318  -32.912 0.2857142985
83848  19.220  24.919  -30.937 0.2857142985
83857  19.647  24.500  -30.940 0.2857142985
84600  22.929  26.011  -30.315 0.1428571492
84601  21.738  26.036  -30.076 0.1428571492
84602  19.608  25.343  -30.595 0.1428571492
84604  18.139  26.154  -30.830 0.1428571492
84610  18.590  25.360  -31.126 0.1428571492
84611  18.097  25.831  -30.995 0.1428571492
84617  18.794  25.265  -31.709 0.2857142985
84618  18.294  25.883  -32.040 0.1428571492
84628  18.718  26.334  -32.766 0.1428571492
85294  22.179  27.391  -31.001 0.1428571492
85303  18.050  26.214  -31.459 0.1428571492
85320  20.271  26.146  -34.990 0.1428571492
85333  20.326  26.823  -37.102 0.1428571492
85944  18.154  26.870  -31.307 0.1428571492
85956  18.339  28.182  -32.144 0.1428571492
85957  18.327  27.260  -31.649 0.1428571492
85965  18.253  27.804  -32.318 0.1428571492
109169  28.946  11.211  -28.517 0.8571428657
112156  30.240  2.417  -29.659 0.8571428657
112325  20.714  25.652  -30.373 0.1428571492
113533  27.565  15.800  -29.412 0.8571428657
114546  31.211  3.269  -30.486 0.5714285970
115695  25.147  1.680  -31.377 0.7142857313
118173  31.396  7.755  -33.175 0.1428571492
120706  23.478  20.216  -34.137 0.1428571492
121692  22.855  19.376  -34.954 0.1428571492
124135  26.838  -0.990  -28.339 0.5714285970
125921  25.966  18.966  -30.426 0.7142857313
126279  24.647  -0.214  -30.495 0.2857142985
126840  17.908  22.148  -38.165 0.1428571492
128495  25.127  17.980  -28.357 0.7142857313
128738  24.935  1.126  -31.177 0.4285714328
129541  30.775  8.341  -31.190 0.8571428657
129715  27.061  16.066  -28.628 0.5714285970
