#!ascii label  , from subject sub1 vox2ras=TkReg
1084
44837  -17.982  -55.469  90.893 0.0000000000
57249  -44.374  -44.877  80.793 0.0000000000
64534  -49.788  -37.279  76.736 0.0000000000
130632  -55.646  -40.420  68.458 0.0000000000
57220  -38.499  -45.415  81.869 0.0000000000
147680  -54.238  -35.130  73.135 0.0000000000
62876  -53.924  -39.194  58.698 0.0000000000
67668  -57.452  -34.480  57.624 0.0000000000
53195  -47.864  -48.660  79.782 0.0000000000
56136  -50.252  -45.107  76.851 0.0000000000
60481  -48.208  -42.191  78.590 0.0000000000
47559  -20.670  -53.253  93.920 0.0000000000
45757  -24.497  -55.758  91.601 0.0000000000
45783  -28.981  -56.188  89.254 0.0000000000
131537  -33.132  -54.041  88.957 0.0000000000
134968  -34.105  -49.098  88.082 0.0000000000
54973  -37.384  -45.616  86.904 0.0000000000
141432  -42.527  -47.993  84.205 0.0000000000
62712  -51.171  -39.416  71.353 0.0000000000
69812  -58.395  -32.144  58.911 0.0000000000
55012  -46.700  -46.024  81.348 0.0000000000
56059  -48.612  -45.830  79.989 0.0000000000
57251  -46.775  -44.647  80.333 0.0000000000
145032  -20.330  -53.184  91.277 0.0000000000
46676  -22.424  -54.325  92.822 0.0000000000
54990  -32.918  -46.347  85.506 0.0000000000
54971  -35.177  -46.818  86.657 0.0000000000
58320  -34.908  -45.155  84.818 0.0000000000
127325  -42.004  -46.204  81.255 0.0000000000
57175  -41.466  -45.048  83.832 0.0000000000
56043  -43.737  -45.510  82.831 0.0000000000
53179  -44.820  -48.589  82.272 0.0000000000
61570  -50.867  -40.759  76.660 0.0000000000
60563  -50.345  -41.497  74.166 0.0000000000
128965  -50.405  -38.235  74.624 0.0000000000
65561  -55.942  -36.827  70.645 0.0000000000
62705  -55.242  -39.803  72.393 0.0000000000
60624  -56.469  -42.005  69.897 0.0000000000
57430  -56.422  -44.755  67.435 0.0000000000
62864  -56.579  -39.717  59.461 0.0000000000
137882  -54.743  -40.846  60.992 0.0000000000
57217  -35.350  -45.703  81.820 0.0000000000
68648  -55.557  -35.674  67.100 0.0000000000
64783  -55.754  -37.191  57.537 0.0000000000
63816  -58.354  -38.294  58.468 0.0000000000
67653  -60.009  -33.866  57.868 0.0000000000
48967  -47.700  -51.049  77.572 0.0000000000
54110  -50.015  -46.988  78.066 0.0000000000
58369  -49.897  -43.781  78.305 0.0000000000
45751  -19.470  -54.986  92.878 0.0000000000
43867  -25.483  -57.194  90.246 0.0000000000
45775  -26.727  -55.604  90.949 0.0000000000
42936  -27.781  -57.526  89.273 0.0000000000
42939  -29.436  -57.470  89.142 0.0000000000
44869  -31.798  -56.059  88.607 0.0000000000
46721  -34.570  -54.455  88.278 0.0000000000
132097  -34.624  -52.106  87.799 0.0000000000
139778  -36.147  -50.112  86.902 0.0000000000
57172  -38.510  -44.529  84.650 0.0000000000
54049  -39.783  -46.852  86.081 0.0000000000
52191  -40.644  -48.438  83.340 0.0000000000
49951  -42.802  -50.257  82.221 0.0000000000
145802  -45.348  -51.024  79.739 0.0000000000
63615  -52.672  -37.485  72.706 0.0000000000
129329  -52.649  -42.151  63.124 0.0000000000
58567  -54.606  -43.509  66.530 0.0000000000
136353  -17.812  -55.020  92.460 0.0000000000
57206  -46.062  -44.868  81.672 0.0000000000
57227  -46.749  -44.790  81.099 0.0000000000
57250  -45.820  -44.565  80.436 0.0000000000
56040  -32.900  -45.941  83.300 0.0000000000
57157  -33.104  -45.394  85.030 0.0000000000
58330  -33.589  -45.562  83.836 0.0000000000
57224  -43.685  -45.326  81.411 0.0000000000
57187  -43.024  -45.342  82.614 0.0000000000
57204  -44.095  -44.811  82.238 0.0000000000
55010  -45.164  -46.384  82.479 0.0000000000
62675  -50.952  -40.041  75.825 0.0000000000
140001  -50.910  -38.078  76.611 0.0000000000
63671  -56.050  -39.157  69.089 0.0000000000
62720  -56.330  -39.658  70.430 0.0000000000
128952  -56.421  -41.434  68.876 0.0000000000
58540  -56.555  -43.528  68.692 0.0000000000
59622  -55.900  -42.711  67.915 0.0000000000
62848  -58.187  -39.994  60.261 0.0000000000
61760  -57.797  -40.609  60.750 0.0000000000
61748  -59.463  -40.843  61.295 0.0000000000
66685  -55.075  -35.168  57.093 0.0000000000
147421  -56.597  -35.684  57.401 0.0000000000
64784  -56.864  -37.226  57.713 0.0000000000
127281  -57.243  -36.283  57.492 0.0000000000
65734  -58.973  -36.508  57.715 0.0000000000
66688  -58.334  -34.839  57.575 0.0000000000
69827  -59.066  -32.607  58.568 0.0000000000
51146  -48.037  -49.744  78.613 0.0000000000
52291  -49.246  -49.404  77.255 0.0000000000
152163  -48.666  -48.075  79.004 0.0000000000
58355  -48.834  -44.143  79.233 0.0000000000
57255  -49.410  -45.030  79.132 0.0000000000
59462  -48.928  -42.722  79.043 0.0000000000
60501  -49.555  -41.551  78.002 0.0000000000
60499  -48.340  -41.521  78.318 0.0000000000
44823  -20.479  -55.899  92.494 0.0000000000
45740  -20.894  -54.737  93.489 0.0000000000
45756  -23.548  -55.487  91.778 0.0000000000
46705  -27.661  -55.060  89.548 0.0000000000
45776  -27.198  -55.909  90.368 0.0000000000
43855  -26.718  -56.853  90.192 0.0000000000
128426  -28.546  -57.385  89.420 0.0000000000
42946  -28.843  -57.937  89.103 0.0000000000
44858  -29.345  -56.950  89.442 0.0000000000
45794  -32.935  -54.728  88.704 0.0000000000
45801  -33.095  -55.232  88.339 0.0000000000
45795  -33.575  -54.584  88.575 0.0000000000
52127  -33.110  -49.049  87.866 0.0000000000
51016  -33.637  -50.546  87.651 0.0000000000
50998  -34.568  -50.577  87.888 0.0000000000
49902  -35.223  -52.240  88.132 0.0000000000
50999  -35.385  -50.984  87.817 0.0000000000
51001  -36.652  -51.153  87.247 0.0000000000
53125  -35.433  -49.720  87.331 0.0000000000
138975  -36.102  -46.057  86.807 0.0000000000
54045  -34.782  -47.199  86.488 0.0000000000
54980  -36.216  -46.282  86.317 0.0000000000
54047  -38.080  -46.401  86.099 0.0000000000
57182  -37.197  -44.766  83.455 0.0000000000
57183  -38.502  -44.871  83.862 0.0000000000
54998  -42.007  -46.326  83.685 0.0000000000
145428  -40.802  -44.970  85.266 0.0000000000
54060  -41.472  -46.910  85.164 0.0000000000
53144  -39.908  -47.830  85.108 0.0000000000
53156  -41.786  -48.712  83.896 0.0000000000
52194  -42.841  -49.067  83.527 0.0000000000
52251  -46.058  -49.010  80.893 0.0000000000
51106  -45.336  -50.391  81.192 0.0000000000
51125  -46.463  -50.309  79.413 0.0000000000
48937  -46.646  -51.612  78.612 0.0000000000
48723  -19.564  -52.699  93.450 0.0000000000
48701  -19.390  -53.034  94.612 0.0000000000
46672  -19.244  -53.986  93.848 0.0000000000
54137  -49.874  -46.891  76.639 0.0000000000
56168  -49.642  -45.288  75.431 0.0000000000
60580  -49.934  -41.050  73.200 0.0000000000
67469  -52.962  -34.894  74.146 0.0000000000
64552  -52.668  -36.576  73.807 0.0000000000
64560  -53.788  -36.945  73.213 0.0000000000
60595  -55.499  -41.549  72.226 0.0000000000
143144  -54.844  -41.138  72.575 0.0000000000
60714  -55.331  -42.096  62.177 0.0000000000
137180  -54.274  -41.781  62.048 0.0000000000
145041  -54.184  -42.818  63.184 0.0000000000
58579  -53.021  -42.721  64.975 0.0000000000
58601  -54.504  -43.608  64.515 0.0000000000
57456  -55.804  -44.663  65.438 0.0000000000
69825  -56.379  -32.347  58.672 0.0000000000
68732  -57.900  -33.187  58.174 0.0000000000
70692  -57.123  -31.109  59.558 0.0000000000
71546  -57.747  -30.225  60.620 0.0000000000
54091  -47.291  -47.625  80.641 0.0000000000
54096  -48.275  -47.044  79.675 0.0000000000
55018  -47.903  -46.188  80.365 0.0000000000
57252  -47.865  -44.836  79.960 0.0000000000
58365  -47.980  -43.681  79.159 0.0000000000
127018  -21.107  -52.878  92.845 0.0000000000
47561  -21.849  -54.000  93.183 0.0000000000
47580  -23.368  -55.099  91.292 0.0000000000
54037  -32.994  -47.751  87.479 0.0000000000
54032  -33.956  -48.182  87.093 0.0000000000
56004  -33.265  -46.258  86.475 0.0000000000
56015  -34.591  -45.682  85.970 0.0000000000
57151  -36.630  -44.736  86.432 0.0000000000
127066  -40.454  -45.386  81.904 0.0000000000
127347  -39.670  -45.144  83.066 0.0000000000
128823  -41.735  -45.756  82.804 0.0000000000
56041  -42.025  -45.844  82.745 0.0000000000
147386  -43.232  -46.614  83.128 0.0000000000
133311  -43.532  -47.987  82.939 0.0000000000
54078  -44.654  -47.083  82.584 0.0000000000
54084  -46.033  -47.281  81.859 0.0000000000
48745  -19.230  -52.765  91.783 0.0000000000
127280  -49.825  -42.900  76.641 0.0000000000
130802  -50.127  -42.931  75.298 0.0000000000
60547  -50.858  -41.347  75.906 0.0000000000
61606  -50.414  -40.031  74.963 0.0000000000
62688  -50.262  -39.038  73.205 0.0000000000
66504  -55.182  -35.554  72.046 0.0000000000
64576  -54.874  -37.144  72.386 0.0000000000
63635  -55.885  -38.740  71.259 0.0000000000
140276  -56.219  -40.884  71.149 0.0000000000
62877  -55.003  -39.107  58.833 0.0000000000
61769  -53.986  -39.970  59.797 0.0000000000
62846  -56.140  -40.264  60.091 0.0000000000
61745  -56.436  -41.117  61.353 0.0000000000
57271  -43.848  -45.628  79.591 0.0000000000
57269  -41.799  -46.053  79.847 0.0000000000
150470  -50.458  -36.268  76.052 0.0000000000
68587  -53.824  -34.608  71.951 0.0000000000
68603  -55.085  -34.896  70.274 0.0000000000
67534  -56.020  -36.086  69.300 0.0000000000
63669  -55.814  -38.082  68.406 0.0000000000
63825  -54.896  -37.785  57.776 0.0000000000
134232  -56.473  -38.464  58.488 0.0000000000
63815  -57.393  -38.451  58.451 0.0000000000
62867  -59.581  -39.313  59.913 0.0000000000
67652  -58.892  -34.104  57.711 0.0000000000
66669  -59.791  -34.787  57.684 0.0000000000
51197  -49.145  -49.858  76.843 0.0000000000
53224  -49.855  -48.610  77.038 0.0000000000
55052  -51.163  -46.103  77.177 0.0000000000
54098  -49.266  -46.420  79.209 0.0000000000
56083  -49.837  -45.079  78.146 0.0000000000
57296  -50.097  -44.061  77.494 0.0000000000
140730  -49.864  -42.478  77.446 0.0000000000
62648  -49.720  -40.111  77.455 0.0000000000
57294  -46.073  -45.463  78.581 0.0000000000
58390  -47.010  -44.236  77.750 0.0000000000
128784  -47.001  -41.667  77.153 0.0000000000
44821  -18.430  -55.120  91.784 0.0000000000
126198  -19.859  -55.802  91.985 0.0000000000
42953  -25.844  -57.303  88.827 0.0000000000
130597  -23.938  -55.008  90.451 0.0000000000
47590  -24.887  -55.221  90.702 0.0000000000
45767  -25.814  -55.540  91.529 0.0000000000
131493  -26.897  -57.122  89.501 0.0000000000
42957  -30.490  -57.543  87.857 0.0000000000
42949  -31.441  -57.361  88.180 0.0000000000
47662  -33.579  -53.450  88.153 0.0000000000
48813  -34.093  -52.747  87.385 0.0000000000
48775  -34.403  -53.476  88.486 0.0000000000
48776  -34.905  -53.027  88.354 0.0000000000
47643  -35.636  -53.681  87.843 0.0000000000
53131  -35.027  -48.424  86.886 0.0000000000
125946  -35.039  -44.863  83.055 0.0000000000
58322  -36.900  -44.224  85.057 0.0000000000
127962  -37.681  -44.725  86.415 0.0000000000
57174  -40.171  -44.695  84.613 0.0000000000
57154  -39.650  -44.937  85.928 0.0000000000
137548  -38.520  -46.148  86.219 0.0000000000
54058  -39.475  -47.330  85.772 0.0000000000
53154  -39.547  -48.044  84.380 0.0000000000
48901  -43.157  -50.896  80.641 0.0000000000
51093  -44.010  -50.029  82.248 0.0000000000
48887  -44.112  -50.992  80.878 0.0000000000
47773  -44.867  -51.912  79.113 0.0000000000
46775  -45.381  -52.377  78.486 0.0000000000
45750  -18.276  -54.433  93.023 0.0000000000
64544  -51.512  -37.052  75.015 0.0000000000
63607  -51.617  -37.296  73.375 0.0000000000
62701  -51.409  -38.642  72.142 0.0000000000
63617  -54.257  -38.629  72.758 0.0000000000
61634  -53.752  -39.824  72.036 0.0000000000
61652  -51.926  -40.045  70.838 0.0000000000
64647  -55.137  -37.571  66.771 0.0000000000
62744  -54.417  -40.085  67.761 0.0000000000
61743  -53.496  -40.847  61.096 0.0000000000
60726  -52.100  -41.277  61.966 0.0000000000
60685  -52.032  -41.551  65.442 0.0000000000
59630  -53.466  -42.154  66.414 0.0000000000
60674  -54.843  -42.093  67.359 0.0000000000
58554  -55.333  -43.986  67.038 0.0000000000
44836  -16.756  -55.654  90.947 0.0000000000
151399  -45.391  -44.663  81.496 0.0000000000
57226  -46.008  -44.494  81.089 0.0000000000
129795  -45.202  -44.492  80.976 0.0000000000
56039  -32.550  -46.096  82.773 0.0000000000
57181  -33.207  -45.748  84.061 0.0000000000
58338  -33.111  -45.843  82.317 0.0000000000
57225  -44.612  -44.657  81.550 0.0000000000
57205  -44.963  -44.835  82.113 0.0000000000
64528  -50.057  -37.913  77.089 0.0000000000
63587  -50.491  -38.674  76.509 0.0000000000
64535  -50.496  -37.470  76.851 0.0000000000
62736  -55.671  -39.980  68.729 0.0000000000
142372  -56.002  -40.460  68.773 0.0000000000
61677  -56.054  -41.022  68.377 0.0000000000
60651  -56.284  -41.698  68.498 0.0000000000
60650  -56.061  -41.709  67.955 0.0000000000
129174  -59.157  -39.839  60.433 0.0000000000
61761  -58.798  -40.464  60.789 0.0000000000
148429  -56.556  -33.418  57.815 0.0000000000
66687  -56.801  -34.973  57.551 0.0000000000
147428  -57.425  -35.376  57.534 0.0000000000
65751  -58.169  -35.883  57.569 0.0000000000
51127  -47.799  -49.415  79.346 0.0000000000
52278  -48.453  -49.283  78.409 0.0000000000
53201  -48.218  -48.841  79.295 0.0000000000
138531  -48.176  -43.178  79.171 0.0000000000
58366  -48.581  -43.256  79.189 0.0000000000
59461  -48.361  -42.703  78.970 0.0000000000
60482  -48.555  -42.159  78.608 0.0000000000
46664  -20.603  -53.974  93.415 0.0000000000
46681  -23.707  -55.316  91.344 0.0000000000
44827  -23.887  -56.110  92.218 0.0000000000
132661  -28.701  -55.210  89.286 0.0000000000
45782  -27.952  -55.871  89.725 0.0000000000
44846  -27.500  -56.414  90.021 0.0000000000
44857  -28.317  -56.748  89.587 0.0000000000
46713  -32.520  -54.489  88.803 0.0000000000
46714  -33.511  -54.148  88.844 0.0000000000
52128  -33.711  -49.331  88.064 0.0000000000
50997  -33.915  -50.086  88.076 0.0000000000
52129  -34.234  -49.706  88.047 0.0000000000
52130  -34.877  -50.058  87.620 0.0000000000
52131  -35.748  -50.396  87.353 0.0000000000
53124  -34.769  -49.301  87.561 0.0000000000
56008  -36.744  -45.556  86.836 0.0000000000
54972  -36.591  -45.911  86.807 0.0000000000
54981  -37.233  -46.009  86.565 0.0000000000
54056  -36.945  -46.493  85.851 0.0000000000
57197  -37.405  -44.904  82.616 0.0000000000
57198  -38.237  -45.068  82.483 0.0000000000
54069  -42.148  -47.191  84.416 0.0000000000
54993  -41.698  -46.362  84.559 0.0000000000
148842  -41.416  -47.628  84.800 0.0000000000
53146  -41.978  -48.142  84.438 0.0000000000
52193  -42.209  -49.130  83.482 0.0000000000
53194  -47.316  -48.451  80.335 0.0000000000
52266  -46.505  -49.732  80.155 0.0000000000
136509  -47.092  -49.781  79.558 0.0000000000
51126  -47.265  -50.191  78.834 0.0000000000
48712  -20.753  -52.936  93.832 0.0000000000
134262  -20.009  -52.869  94.075 0.0000000000
48702  -20.177  -53.103  94.329 0.0000000000
47553  -20.119  -53.380  94.135 0.0000000000
56154  -50.056  -45.393  76.385 0.0000000000
55078  -49.772  -46.066  76.097 0.0000000000
57330  -49.755  -44.487  76.250 0.0000000000
61632  -49.895  -40.231  72.206 0.0000000000
60591  -49.694  -41.050  72.233 0.0000000000
61650  -50.359  -39.802  71.261 0.0000000000
147245  -50.965  -39.894  70.738 0.0000000000
67470  -53.624  -35.042  73.601 0.0000000000
65529  -53.639  -36.161  73.878 0.0000000000
65536  -54.108  -36.375  73.433 0.0000000000
62875  -52.786  -39.252  58.686 0.0000000000
59678  -55.879  -42.617  62.634 0.0000000000
59677  -54.982  -42.805  62.779 0.0000000000
130131  -54.699  -43.312  63.523 0.0000000000
55017  -47.252  -46.697  80.896 0.0000000000
56057  -47.377  -45.772  80.746 0.0000000000
129165  -47.273  -44.785  80.438 0.0000000000
57228  -47.482  -45.143  80.655 0.0000000000
58353  -47.592  -44.584  79.602 0.0000000000
58364  -47.544  -44.396  79.226 0.0000000000
47588  -23.151  -54.811  91.233 0.0000000000
54989  -32.623  -46.952  84.804 0.0000000000
54977  -32.781  -47.059  85.928 0.0000000000
53136  -32.670  -47.788  87.082 0.0000000000
54044  -32.812  -47.061  86.769 0.0000000000
54038  -33.042  -47.163  87.199 0.0000000000
56013  -33.203  -46.051  86.207 0.0000000000
57171  -34.113  -45.514  84.813 0.0000000000
57148  -34.292  -45.634  85.604 0.0000000000
57149  -35.072  -45.218  85.909 0.0000000000
57140  -35.535  -45.409  86.200 0.0000000000
57160  -35.598  -44.769  85.642 0.0000000000
57222  -41.129  -46.012  81.573 0.0000000000
57201  -41.132  -45.562  82.421 0.0000000000
127326  -41.890  -45.991  82.122 0.0000000000
57188  -43.520  -45.078  82.554 0.0000000000
56042  -42.888  -45.555  82.733 0.0000000000
56035  -42.263  -46.091  82.927 0.0000000000
55004  -43.591  -46.259  82.922 0.0000000000
54077  -43.764  -47.049  82.841 0.0000000000
55005  -44.270  -46.308  82.725 0.0000000000
55011  -46.029  -46.402  82.038 0.0000000000
54083  -45.451  -47.112  82.372 0.0000000000
55016  -46.635  -46.832  81.651 0.0000000000
54090  -46.650  -47.443  81.307 0.0000000000
128165  -19.971  -52.904  91.883 0.0000000000
59497  -50.063  -42.052  76.691 0.0000000000
131002  -50.340  -42.058  76.254 0.0000000000
60532  -50.678  -41.352  76.494 0.0000000000
62683  -50.276  -39.044  75.338 0.0000000000
61605  -50.051  -39.711  73.963 0.0000000000
62682  -49.943  -38.895  74.300 0.0000000000
65560  -55.767  -36.517  71.028 0.0000000000
64586  -55.773  -37.149  71.202 0.0000000000
64587  -55.957  -37.971  70.967 0.0000000000
61661  -56.362  -41.087  70.313 0.0000000000
140820  -56.311  -40.288  70.763 0.0000000000
60623  -56.450  -41.749  70.790 0.0000000000
59562  -56.424  -42.289  71.181 0.0000000000
151219  -56.703  -43.462  69.528 0.0000000000
63793  -56.007  -39.035  58.976 0.0000000000
62863  -55.542  -39.661  59.484 0.0000000000
60730  -56.998  -41.451  61.993 0.0000000000
57270  -42.834  -45.822  79.905 0.0000000000
130928  -54.247  -34.690  71.254 0.0000000000
68634  -54.474  -35.261  67.854 0.0000000000
66540  -56.266  -36.095  68.475 0.0000000000
137538  -56.172  -36.851  68.374 0.0000000000
65599  -56.102  -36.915  67.572 0.0000000000
139229  -54.906  -35.915  57.032 0.0000000000
65747  -54.181  -36.432  57.122 0.0000000000
143452  -54.830  -37.086  57.388 0.0000000000
63814  -55.499  -38.470  58.374 0.0000000000
64766  -56.077  -37.821  58.039 0.0000000000
64767  -57.684  -37.738  58.052 0.0000000000
152441  -56.888  -37.939  58.156 0.0000000000
63795  -58.028  -39.062  58.914 0.0000000000
63796  -59.102  -38.809  59.077 0.0000000000
63817  -59.226  -38.109  58.533 0.0000000000
69826  -57.484  -32.499  58.827 0.0000000000
142877  -58.378  -32.749  58.510 0.0000000000
68734  -59.772  -33.292  58.321 0.0000000000
129213  -59.499  -33.930  57.783 0.0000000000
48983  -47.824  -50.907  77.059 0.0000000000
50034  -48.326  -50.422  76.824 0.0000000000
135704  -48.734  -50.011  77.113 0.0000000000
53209  -49.130  -48.789  77.897 0.0000000000
52300  -49.791  -49.593  77.059 0.0000000000
54117  -50.109  -47.702  77.487 0.0000000000
145825  -51.077  -47.520  76.927 0.0000000000
54111  -51.000  -47.134  77.294 0.0000000000
55025  -48.663  -45.779  79.967 0.0000000000
134359  -48.772  -46.355  79.660 0.0000000000
55026  -49.200  -45.899  79.600 0.0000000000
146775  -49.531  -44.296  78.693 0.0000000000
56082  -49.581  -45.346  78.816 0.0000000000
57276  -50.093  -44.273  78.060 0.0000000000
56101  -50.047  -44.752  77.472 0.0000000000
58378  -50.106  -43.529  77.806 0.0000000000
59488  -49.848  -42.821  77.238 0.0000000000
59476  -50.060  -43.057  77.947 0.0000000000
61555  -48.683  -40.847  78.084 0.0000000000
61556  -49.312  -40.765  77.961 0.0000000000
127241  -18.922  -54.840  92.434 0.0000000000
44822  -19.263  -55.223  92.011 0.0000000000
45764  -19.792  -55.487  92.560 0.0000000000
44812  -20.971  -55.649  92.929 0.0000000000
47562  -22.420  -54.150  93.000 0.0000000000
45742  -21.992  -54.982  92.674 0.0000000000
143410  -24.772  -57.284  89.938 0.0000000000
150545  -25.083  -57.361  89.429 0.0000000000
42952  -25.206  -57.326  88.972 0.0000000000
42942  -25.534  -57.325  89.564 0.0000000000
140877  -24.800  -55.020  90.398 0.0000000000
47589  -24.116  -55.226  90.806 0.0000000000
44844  -26.271  -55.880  91.371 0.0000000000
147407  -26.060  -56.227  91.491 0.0000000000
137401  -26.273  -56.507  91.078 0.0000000000
43869  -27.624  -57.240  89.503 0.0000000000
43868  -26.674  -57.096  89.840 0.0000000000
42943  -26.409  -57.218  89.313 0.0000000000
42944  -27.382  -57.423  89.039 0.0000000000
42955  -27.716  -57.646  88.463 0.0000000000
42019  -29.038  -57.946  88.722 0.0000000000
144931  -29.346  -57.619  88.974 0.0000000000
42020  -29.574  -57.705  88.264 0.0000000000
42947  -29.906  -57.496  88.610 0.0000000000
44868  -31.117  -56.541  89.102 0.0000000000
43885  -31.596  -56.937  88.605 0.0000000000
43898  -31.968  -57.327  88.209 0.0000000000
44880  -32.401  -56.410  88.135 0.0000000000
44881  -33.951  -55.024  88.023 0.0000000000
129311  -33.171  -55.790  87.800 0.0000000000
44882  -34.399  -55.501  87.447 0.0000000000
45802  -34.708  -54.943  87.727 0.0000000000
49910  -34.308  -51.016  87.879 0.0000000000
49920  -34.026  -51.585  87.437 0.0000000000
48795  -34.208  -53.086  88.063 0.0000000000
48778  -35.940  -52.387  88.145 0.0000000000
47625  -35.455  -53.109  88.202 0.0000000000
47644  -36.220  -53.009  87.900 0.0000000000
46723  -36.008  -54.252  87.373 0.0000000000
51017  -36.445  -50.589  87.161 0.0000000000
49921  -36.646  -51.789  86.957 0.0000000000
51031  -36.944  -50.905  86.882 0.0000000000
54965  -33.950  -47.841  86.823 0.0000000000
138114  -34.778  -48.753  87.216 0.0000000000
54039  -34.610  -48.063  86.764 0.0000000000
58340  -34.722  -45.366  82.459 0.0000000000
57195  -35.228  -44.956  82.336 0.0000000000
58333  -37.820  -44.698  84.089 0.0000000000
126383  -37.077  -44.566  84.323 0.0000000000
58323  -37.680  -44.309  84.872 0.0000000000
58304  -37.159  -44.295  86.016 0.0000000000
58314  -38.258  -44.441  85.309 0.0000000000
57184  -40.346  -44.803  83.685 0.0000000000
133388  -40.950  -44.729  84.182 0.0000000000
54985  -40.805  -45.660  85.493 0.0000000000
56018  -40.216  -45.005  85.826 0.0000000000
54984  -39.949  -45.937  85.730 0.0000000000
56017  -39.442  -45.202  86.017 0.0000000000
54983  -39.146  -46.095  85.984 0.0000000000
54048  -38.988  -46.766  86.093 0.0000000000
53155  -40.466  -48.132  84.152 0.0000000000
147526  -39.946  -48.265  83.775 0.0000000000
51070  -42.417  -49.996  82.765 0.0000000000
49960  -43.235  -50.489  81.606 0.0000000000
53170  -44.031  -48.559  82.788 0.0000000000
52233  -43.956  -49.339  82.686 0.0000000000
52234  -44.613  -49.587  82.216 0.0000000000
49972  -45.086  -50.875  80.475 0.0000000000
136593  -44.541  -50.756  81.252 0.0000000000
49971  -44.571  -50.995  80.487 0.0000000000
141113  -44.387  -51.125  80.113 0.0000000000
48920  -44.845  -51.584  79.470 0.0000000000
151826  -44.940  -52.237  78.782 0.0000000000
47775  -45.520  -52.069  79.020 0.0000000000
48938  -47.458  -51.144  78.238 0.0000000000
47804  -46.540  -52.167  78.251 0.0000000000
48966  -47.478  -51.625  77.725 0.0000000000
151848  -19.619  -54.380  93.494 0.0000000000
45738  -19.106  -54.399  93.248 0.0000000000
59520  -50.462  -42.159  74.695 0.0000000000
136750  -49.893  -43.420  74.864 0.0000000000
58433  -50.085  -42.869  74.443 0.0000000000
66452  -51.276  -35.885  75.570 0.0000000000
64537  -51.176  -37.013  75.583 0.0000000000
64558  -52.344  -36.868  73.349 0.0000000000
63614  -51.723  -37.809  72.638 0.0000000000
63631  -52.630  -38.248  72.203 0.0000000000
139985  -55.279  -39.044  72.181 0.0000000000
63618  -54.697  -38.203  72.642 0.0000000000
62691  -54.772  -39.098  72.564 0.0000000000
61635  -54.396  -40.609  72.412 0.0000000000
60592  -53.752  -40.790  71.877 0.0000000000
61633  -52.904  -39.957  71.430 0.0000000000
60609  -52.824  -40.974  71.132 0.0000000000
63681  -55.060  -38.111  67.463 0.0000000000
129901  -53.759  -39.782  67.031 0.0000000000
61757  -53.837  -40.437  60.360 0.0000000000
60713  -53.446  -42.018  62.567 0.0000000000
141371  -52.616  -41.755  62.424 0.0000000000
60712  -51.970  -41.726  62.758 0.0000000000
60702  -51.509  -41.292  63.212 0.0000000000
59660  -51.871  -41.994  63.768 0.0000000000
60684  -51.632  -41.176  64.868 0.0000000000
59653  -52.186  -42.246  64.745 0.0000000000
59644  -53.782  -43.079  66.041 0.0000000000
59643  -53.115  -42.497  65.760 0.0000000000
60673  -54.031  -41.630  66.951 0.0000000000
59631  -54.233  -42.645  66.791 0.0000000000
59632  -54.928  -43.091  67.260 0.0000000000
56051  -46.298  -45.423  81.801 0.0000000000
56056  -46.893  -45.097  81.465 0.0000000000
56022  -32.944  -46.069  84.793 0.0000000000
56023  -33.069  -45.713  85.509 0.0000000000
57169  -33.145  -45.511  84.683 0.0000000000
57170  -33.519  -45.465  84.482 0.0000000000
58319  -34.216  -45.319  84.286 0.0000000000
57223  -42.799  -45.972  81.832 0.0000000000
57202  -42.573  -45.741  82.497 0.0000000000
57203  -43.335  -45.096  82.312 0.0000000000
56049  -44.178  -44.958  82.517 0.0000000000
56050  -44.670  -45.548  82.523 0.0000000000
129874  -45.559  -45.509  82.158 0.0000000000
140294  -50.682  -40.141  76.675 0.0000000000
141293  -50.863  -40.140  76.255 0.0000000000
62668  -50.522  -39.424  76.297 0.0000000000
63593  -50.737  -38.536  76.194 0.0000000000
63599  -50.736  -38.183  75.458 0.0000000000
64609  -56.388  -38.015  69.710 0.0000000000
63651  -56.226  -38.360  70.538 0.0000000000
142368  -56.253  -39.125  69.530 0.0000000000
61670  -56.279  -40.372  69.417 0.0000000000
138369  -56.456  -42.162  69.318 0.0000000000
59598  -56.530  -42.793  69.306 0.0000000000
60652  -56.453  -42.321  68.968 0.0000000000
59612  -56.382  -42.682  68.659 0.0000000000
58555  -55.923  -43.863  67.710 0.0000000000
62865  -57.609  -39.656  59.516 0.0000000000
62847  -57.184  -40.193  60.129 0.0000000000
129101  -56.024  -35.041  57.389 0.0000000000
65749  -56.279  -36.493  57.390 0.0000000000
65750  -57.944  -36.864  57.787 0.0000000000
64768  -58.623  -37.486  58.107 0.0000000000
66668  -58.919  -35.534  57.554 0.0000000000
70710  -58.471  -31.399  59.438 0.0000000000
150351  -59.483  -32.978  58.469 0.0000000000
68735  -60.453  -33.107  58.474 0.0000000000
49997  -47.746  -50.370  78.186 0.0000000000
50020  -48.543  -50.041  77.345 0.0000000000
51147  -48.286  -49.704  77.900 0.0000000000
53208  -48.781  -48.911  78.349 0.0000000000
53203  -48.955  -48.147  78.586 0.0000000000
57253  -48.565  -44.870  79.530 0.0000000000
56067  -49.113  -45.648  79.592 0.0000000000
58367  -49.162  -43.424  79.107 0.0000000000
59463  -49.500  -42.944  78.669 0.0000000000
148334  -49.772  -42.504  78.023 0.0000000000
60483  -49.188  -42.219  78.494 0.0000000000
60500  -48.867  -41.445  78.332 0.0000000000
45739  -20.050  -54.909  93.450 0.0000000000
45752  -20.243  -55.547  93.084 0.0000000000
135484  -20.726  -55.296  93.337 0.0000000000
45753  -21.382  -55.256  93.146 0.0000000000
43853  -25.558  -57.032  90.908 0.0000000000
44845  -26.809  -56.306  90.563 0.0000000000
43856  -27.512  -56.896  89.812 0.0000000000
42937  -28.521  -57.690  89.311 0.0000000000
42938  -28.957  -57.626  89.272 0.0000000000
130693  -29.892  -56.955  89.574 0.0000000000
44870  -32.463  -55.470  88.434 0.0000000000
46715  -34.212  -54.307  88.607 0.0000000000
52141  -32.648  -49.246  87.278 0.0000000000
51015  -33.080  -50.120  87.152 0.0000000000
52142  -33.335  -49.655  87.781 0.0000000000
49913  -36.248  -51.691  87.808 0.0000000000
52143  -35.913  -49.864  87.134 0.0000000000
54979  -35.711  -46.265  86.660 0.0000000000
54046  -35.343  -46.742  86.130 0.0000000000
129465  -36.884  -46.845  84.986 0.0000000000
139220  -37.765  -46.798  85.517 0.0000000000
57218  -36.245  -45.372  81.638 0.0000000000
126028  -35.957  -44.929  82.190 0.0000000000
125900  -37.987  -44.857  83.252 0.0000000000
56033  -41.634  -45.288  83.915 0.0000000000
57164  -41.258  -44.899  84.524 0.0000000000
56025  -41.432  -45.537  84.784 0.0000000000
54992  -41.306  -46.223  85.224 0.0000000000
54991  -40.675  -46.663  85.626 0.0000000000
54059  -40.266  -47.390  85.666 0.0000000000
53145  -40.702  -47.845  84.968 0.0000000000
142164  -41.243  -48.192  84.268 0.0000000000
52192  -41.237  -48.538  83.596 0.0000000000
148297  -41.749  -49.018  83.379 0.0000000000
51058  -42.025  -49.530  83.135 0.0000000000
51071  -43.035  -49.962  82.777 0.0000000000
53187  -45.768  -48.222  81.435 0.0000000000
52250  -45.359  -49.457  81.591 0.0000000000
135642  -46.003  -49.880  80.938 0.0000000000
51107  -45.717  -50.438  80.138 0.0000000000
49983  -45.833  -50.927  79.254 0.0000000000
48922  -46.105  -51.505  78.959 0.0000000000
49984  -46.574  -50.952  78.845 0.0000000000
49996  -47.277  -50.799  78.643 0.0000000000
140182  -18.782  -52.562  93.017 0.0000000000
48711  -19.343  -52.785  94.198 0.0000000000
46663  -19.567  -53.667  94.111 0.0000000000
59519  -50.158  -42.171  73.695 0.0000000000
132759  -49.782  -41.820  72.717 0.0000000000
67461  -52.377  -34.966  74.917 0.0000000000
65519  -52.321  -36.207  74.669 0.0000000000
65528  -53.039  -36.310  74.301 0.0000000000
64553  -53.446  -36.551  73.651 0.0000000000
64559  -53.255  -37.051  73.122 0.0000000000
139825  -55.854  -41.056  72.014 0.0000000000
149394  -55.372  -40.421  72.424 0.0000000000
60728  -55.070  -41.405  61.677 0.0000000000
146891  -54.178  -41.265  61.529 0.0000000000
138306  -54.291  -42.309  62.645 0.0000000000
60703  -53.530  -42.444  63.276 0.0000000000
59661  -52.823  -42.465  64.014 0.0000000000
59654  -53.719  -43.027  64.074 0.0000000000
58587  -53.753  -43.284  65.156 0.0000000000
58580  -54.526  -43.774  65.593 0.0000000000
149268  -55.143  -44.175  65.525 0.0000000000
68731  -56.965  -33.049  58.296 0.0000000000
68749  -57.298  -33.683  57.808 0.0000000000
70709  -57.753  -31.682  59.349 0.0000000000
70693  -57.815  -30.823  59.788 0.0000000000
70694  -58.407  -30.598  60.040 0.0000000000
54095  -47.866  -47.831  80.017 0.0000000000
54092  -47.827  -46.914  80.215 0.0000000000
55024  -48.402  -46.145  80.155 0.0000000000
55019  -48.478  -45.822  80.138 0.0000000000
56058  -48.074  -45.725  80.339 0.0000000000
57229  -48.289  -45.452  80.075 0.0000000000
58354  -48.155  -44.039  79.252 0.0000000000
59460  -48.130  -42.844  79.034 0.0000000000
47560  -21.101  -53.777  93.429 0.0000000000
48725  -21.180  -52.957  93.355 0.0000000000
48726  -21.717  -53.587  93.102 0.0000000000
47570  -22.588  -54.201  92.663 0.0000000000
47571  -23.016  -54.684  92.167 0.0000000000
47641  -32.758  -53.882  88.737 0.0000000000
52140  -32.281  -48.577  86.901 0.0000000000
53130  -32.799  -48.426  87.456 0.0000000000
53121  -33.205  -48.370  87.836 0.0000000000
53122  -33.681  -48.565  87.827 0.0000000000
54031  -33.236  -47.966  87.490 0.0000000000
54964  -33.499  -47.466  86.939 0.0000000000
54970  -34.105  -46.844  86.472 0.0000000000
56024  -33.454  -45.759  85.534 0.0000000000
56005  -33.900  -46.209  86.235 0.0000000000
56006  -34.878  -46.109  86.278 0.0000000000
56007  -35.887  -45.858  86.725 0.0000000000
57141  -36.351  -45.202  86.553 0.0000000000
57142  -37.036  -44.962  87.032 0.0000000000
57221  -39.821  -45.313  81.634 0.0000000000
57199  -39.172  -45.250  82.277 0.0000000000
127327  -39.931  -45.126  82.278 0.0000000000
57200  -40.463  -45.136  82.764 0.0000000000
57185  -41.061  -44.987  83.276 0.0000000000
57186  -42.255  -45.722  82.727 0.0000000000
57176  -41.681  -45.683  83.126 0.0000000000
56034  -41.821  -46.056  83.171 0.0000000000
54999  -42.664  -46.687  83.479 0.0000000000
54070  -42.700  -47.529  83.860 0.0000000000
53158  -42.976  -48.249  83.637 0.0000000000
54082  -44.233  -47.831  82.589 0.0000000000
152285  -44.907  -47.671  82.363 0.0000000000
53180  -45.354  -47.748  81.988 0.0000000000
53188  -46.638  -48.278  80.841 0.0000000000
128259  -19.387  -52.716  92.489 0.0000000000
48724  -20.403  -52.825  93.448 0.0000000000
58405  -49.750  -43.492  76.419 0.0000000000
58419  -49.780  -43.624  76.027 0.0000000000
128629  -50.080  -42.822  76.023 0.0000000000
59508  -50.559  -42.112  75.545 0.0000000000
60564  -50.760  -41.240  74.986 0.0000000000
61594  -50.951  -40.686  75.629 0.0000000000
136938  -50.259  -40.610  74.094 0.0000000000
61619  -49.922  -39.934  73.155 0.0000000000
62700  -50.417  -39.400  72.193 0.0000000000
66486  -54.896  -35.605  72.401 0.0000000000
65537  -54.640  -36.306  72.740 0.0000000000
65551  -55.159  -36.145  72.229 0.0000000000
63633  -55.371  -38.148  72.141 0.0000000000
62706  -55.769  -39.634  71.826 0.0000000000
63643  -56.031  -38.868  71.089 0.0000000000
131149  -56.001  -39.949  71.646 0.0000000000
61637  -55.994  -40.594  71.715 0.0000000000
138699  -54.505  -39.642  59.343 0.0000000000
62845  -54.945  -40.081  60.219 0.0000000000
61758  -55.783  -40.659  60.812 0.0000000000
61759  -56.769  -40.658  60.778 0.0000000000
61744  -55.634  -41.103  61.355 0.0000000000
60729  -56.038  -41.501  61.844 0.0000000000
60715  -56.599  -42.063  62.365 0.0000000000
146652  -44.278  -45.188  80.095 0.0000000000
129627  -44.946  -44.740  80.254 0.0000000000
57272  -44.599  -45.214  79.581 0.0000000000
57244  -38.906  -45.762  81.279 0.0000000000
57246  -40.383  -45.921  81.056 0.0000000000
57247  -41.264  -46.216  80.628 0.0000000000
129416  -42.132  -46.140  80.458 0.0000000000
127065  -42.895  -46.007  80.882 0.0000000000
57248  -43.737  -45.658  80.422 0.0000000000
65503  -49.200  -37.011  76.239 0.0000000000
65505  -50.337  -36.891  76.387 0.0000000000
66450  -50.289  -35.896  75.637 0.0000000000
66462  -50.842  -35.388  75.077 0.0000000000
68543  -52.990  -33.920  73.964 0.0000000000
68557  -53.573  -33.893  73.441 0.0000000000
67479  -54.363  -34.795  72.624 0.0000000000
67504  -54.984  -35.006  71.801 0.0000000000
67505  -55.360  -35.437  71.344 0.0000000000
66527  -55.637  -35.949  70.823 0.0000000000
132134  -55.376  -35.411  69.921 0.0000000000
66535  -55.979  -36.405  69.888 0.0000000000
65600  -56.171  -37.202  69.259 0.0000000000
63670  -56.162  -38.483  68.890 0.0000000000
62746  -55.367  -39.484  68.545 0.0000000000
64782  -53.955  -37.283  57.310 0.0000000000
63813  -54.400  -38.553  58.220 0.0000000000
63794  -57.031  -39.177  58.826 0.0000000000
62866  -58.625  -39.480  59.684 0.0000000000
62849  -59.957  -39.740  60.661 0.0000000000
67651  -58.153  -33.906  57.819 0.0000000000
137768  -59.228  -34.781  57.580 0.0000000000
68733  -58.939  -33.338  58.214 0.0000000000
51181  -49.332  -49.817  77.118 0.0000000000
52305  -49.821  -49.571  76.935 0.0000000000
53231  -49.822  -48.488  76.802 0.0000000000
54125  -50.171  -47.675  76.779 0.0000000000
129713  -51.157  -46.754  76.877 0.0000000000
126124  -51.097  -45.805  76.845 0.0000000000
54097  -48.761  -47.281  79.138 0.0000000000
55040  -49.668  -46.387  78.527 0.0000000000
56068  -49.374  -45.593  79.345 0.0000000000
55030  -49.575  -46.052  79.061 0.0000000000
55041  -50.268  -46.301  77.819 0.0000000000
135189  -50.180  -45.546  77.565 0.0000000000
56117  -50.665  -45.256  76.999 0.0000000000
57309  -49.929  -44.335  77.031 0.0000000000
128657  -49.755  -43.750  76.776 0.0000000000
60516  -50.416  -41.468  76.862 0.0000000000
60502  -49.907  -41.687  77.302 0.0000000000
61558  -50.572  -40.832  77.078 0.0000000000
64527  -49.366  -37.899  77.030 0.0000000000
57273  -45.500  -44.930  79.588 0.0000000000
57274  -46.540  -44.821  79.540 0.0000000000
57295  -47.005  -44.824  78.526 0.0000000000
58376  -47.474  -44.035  78.444 0.0000000000
58377  -47.831  -43.360  78.791 0.0000000000
59475  -47.856  -42.437  78.365 0.0000000000
60497  -47.185  -41.879  77.945 0.0000000000
60498  -47.839  -41.635  78.156 0.0000000000
64533  -48.957  -37.592  76.588 0.0000000000
44838  -19.136  -55.378  91.325 0.0000000000
46674  -21.427  -54.259  93.284 0.0000000000
45741  -21.681  -54.751  93.137 0.0000000000
47581  -24.466  -55.340  91.021 0.0000000000
46686  -25.120  -55.628  91.285 0.0000000000
45766  -25.195  -55.775  91.518 0.0000000000
126761  -25.988  -57.122  90.325 0.0000000000
42935  -26.125  -57.264  89.881 0.0000000000
42945  -28.582  -57.970  89.042 0.0000000000
44859  -30.082  -56.772  89.568 0.0000000000
43871  -29.881  -57.113  89.434 0.0000000000
43883  -30.205  -57.239  89.035 0.0000000000
42948  -30.757  -57.329  88.349 0.0000000000
44894  -33.041  -56.782  87.484 0.0000000000
49928  -33.810  -52.182  86.794 0.0000000000
47642  -33.693  -53.770  88.696 0.0000000000
47623  -33.802  -53.895  88.809 0.0000000000
47624  -34.393  -53.761  88.629 0.0000000000
145762  -35.017  -53.356  88.319 0.0000000000
146069  -34.842  -54.005  88.299 0.0000000000
46722  -35.079  -54.305  87.800 0.0000000000
53123  -34.281  -48.740  87.663 0.0000000000
53132  -35.651  -49.010  87.224 0.0000000000
138030  -35.901  -49.086  86.978 0.0000000000
145161  -35.100  -48.550  86.575 0.0000000000
52158  -35.599  -49.025  86.598 0.0000000000
58339  -34.004  -45.814  82.423 0.0000000000
58331  -34.286  -45.389  83.329 0.0000000000
126477  -35.088  -45.119  84.078 0.0000000000
58341  -35.741  -44.804  82.916 0.0000000000
127734  -35.849  -44.823  84.373 0.0000000000
58321  -35.500  -44.845  84.869 0.0000000000
58303  -36.541  -44.273  86.080 0.0000000000
57152  -37.135  -44.613  86.557 0.0000000000
57143  -37.676  -44.966  87.085 0.0000000000
139019  -38.818  -45.125  83.185 0.0000000000
133585  -39.370  -44.829  84.074 0.0000000000
57173  -39.274  -44.542  85.007 0.0000000000
150211  -40.708  -44.798  84.869 0.0000000000
57163  -40.056  -44.841  85.416 0.0000000000
57162  -39.078  -44.811  85.605 0.0000000000
126047  -38.848  -45.109  86.068 0.0000000000
57153  -38.214  -45.010  86.824 0.0000000000
54982  -37.974  -45.803  86.713 0.0000000000
54057  -38.654  -47.084  85.667 0.0000000000
53143  -39.057  -47.729  85.154 0.0000000000
53169  -43.466  -48.852  83.225 0.0000000000
52214  -43.236  -49.541  83.086 0.0000000000
51092  -43.420  -50.281  82.077 0.0000000000
51094  -44.731  -50.230  81.846 0.0000000000
148280  -44.084  -50.473  81.822 0.0000000000
49961  -43.927  -50.616  81.594 0.0000000000
46782  -45.039  -52.690  78.062 0.0000000000
47791  -46.326  -52.086  78.619 0.0000000000
47803  -46.027  -52.229  78.344 0.0000000000
58434  -49.744  -43.782  75.495 0.0000000000
64536  -50.896  -37.474  76.478 0.0000000000
64543  -50.987  -37.675  75.836 0.0000000000
64550  -51.129  -37.355  74.970 0.0000000000
65527  -52.131  -36.551  74.450 0.0000000000
64551  -51.619  -36.802  74.122 0.0000000000
63606  -50.969  -37.517  74.336 0.0000000000
144545  -50.716  -38.054  73.463 0.0000000000
64561  -54.257  -37.105  72.861 0.0000000000
136363  -53.988  -37.699  72.941 0.0000000000
63616  -53.699  -37.961  72.751 0.0000000000
62689  -54.012  -38.889  72.724 0.0000000000
63632  -53.420  -38.225  72.511 0.0000000000
62702  -52.792  -39.056  71.713 0.0000000000
62713  -52.051  -39.354  71.433 0.0000000000
65613  -55.917  -36.781  66.965 0.0000000000
64635  -55.436  -37.618  67.341 0.0000000000
62745  -54.810  -39.038  67.937 0.0000000000
128835  -55.191  -40.136  68.314 0.0000000000
61768  -53.025  -40.110  59.784 0.0000000000
61756  -52.686  -40.458  60.478 0.0000000000
61755  -51.705  -40.355  60.607 0.0000000000
60727  -53.170  -41.434  61.831 0.0000000000
61742  -52.371  -40.863  61.243 0.0000000000
61741  -51.731  -40.683  61.405 0.0000000000
61707  -52.012  -40.679  65.435 0.0000000000
60671  -52.437  -40.953  66.187 0.0000000000
59642  -52.530  -42.205  65.455 0.0000000000
60686  -52.695  -41.728  66.078 0.0000000000
61696  -53.099  -40.373  66.595 0.0000000000
61697  -53.838  -40.654  67.044 0.0000000000
60660  -54.655  -41.122  67.475 0.0000000000
60661  -55.501  -41.520  67.747 0.0000000000
134810  -55.589  -42.319  67.626 0.0000000000
59621  -55.501  -43.249  67.604 0.0000000000
57429  -55.994  -44.540  67.093 0.0000000000
141233  -55.153  -44.168  66.147 0.0000000000
57444  -55.863  -44.693  66.429 0.0000000000
57445  -56.570  -45.100  66.743 0.0000000000
43870  -29.346  -57.318  89.269 0.0000000000
44829  -25.806  -56.042  91.568 0.0000000000
46783  -45.531  -52.563  77.798 0.0000000000
46784  -45.966  -52.327  77.834 0.0000000000
47579  -22.759  -53.997  92.497 0.0000000000
47774  -45.217  -52.022  79.021 0.0000000000
47789  -45.338  -52.240  78.816 0.0000000000
47790  -45.731  -52.227  78.802 0.0000000000
47805  -47.149  -52.206  77.860 0.0000000000
47820  -47.191  -52.018  77.493 0.0000000000
47821  -47.522  -51.480  77.280 0.0000000000
47834  -47.547  -51.472  76.696 0.0000000000
48713  -21.210  -53.449  93.497 0.0000000000
48722  -18.729  -52.597  93.877 0.0000000000
48734  -20.256  -52.805  92.682 0.0000000000
48746  -20.906  -52.963  91.915 0.0000000000
48777  -35.298  -52.620  88.221 0.0000000000
48796  -34.891  -52.619  88.168 0.0000000000
48904  -45.211  -51.198  79.885 0.0000000000
48921  -45.598  -51.490  79.277 0.0000000000
48936  -46.028  -52.045  78.992 0.0000000000
48950  -47.064  -51.780  78.363 0.0000000000
48951  -47.492  -51.417  77.996 0.0000000000
48952  -47.818  -50.584  77.762 0.0000000000
48999  -47.758  -50.974  76.421 0.0000000000
49903  -35.674  -51.993  88.120 0.0000000000
49912  -35.790  -51.495  87.897 0.0000000000
49970  -43.209  -50.707  81.189 0.0000000000
50008  -48.243  -50.051  77.657 0.0000000000
51072  -43.465  -49.898  82.573 0.0000000000
51163  -48.868  -49.677  77.250 0.0000000000
51164  -49.768  -49.934  77.156 0.0000000000
51182  -49.876  -49.954  76.972 0.0000000000
52157  -32.672  -49.782  86.653 0.0000000000
52213  -42.604  -49.621  83.183 0.0000000000
52252  -46.687  -49.022  80.463 0.0000000000
52267  -47.308  -49.230  80.054 0.0000000000
52277  -48.308  -49.242  78.967 0.0000000000
52290  -48.777  -49.343  77.794 0.0000000000
53157  -42.410  -48.628  83.935 0.0000000000
53196  -48.320  -48.068  79.365 0.0000000000
53202  -48.574  -48.695  78.888 0.0000000000
53215  -49.649  -48.567  77.318 0.0000000000
53216  -50.608  -47.933  77.059 0.0000000000
53225  -50.520  -47.955  76.958 0.0000000000
54033  -34.405  -48.391  87.190 0.0000000000
54076  -43.149  -47.343  83.330 0.0000000000
54104  -49.288  -47.147  78.552 0.0000000000
54126  -50.963  -47.314  76.707 0.0000000000
54968  -33.085  -46.553  86.833 0.0000000000
54969  -33.219  -46.587  86.813 0.0000000000
54978  -32.982  -46.316  86.285 0.0000000000
55003  -42.982  -46.087  82.901 0.0000000000
55031  -49.813  -45.737  78.354 0.0000000000
55079  -50.810  -46.373  76.630 0.0000000000
56009  -37.416  -45.213  87.051 0.0000000000
56010  -37.943  -45.249  87.065 0.0000000000
56014  -33.710  -45.938  85.971 0.0000000000
56016  -38.495  -45.445  86.340 0.0000000000
56026  -41.668  -46.021  83.959 0.0000000000
56032  -33.157  -45.885  84.151 0.0000000000
56169  -49.648  -44.597  75.588 0.0000000000
57150  -35.961  -44.682  86.063 0.0000000000
57158  -33.835  -45.609  85.130 0.0000000000
57159  -34.829  -45.264  85.315 0.0000000000
57161  -38.271  -44.830  85.991 0.0000000000
57180  -33.065  -45.733  83.444 0.0000000000
57193  -32.509  -45.398  82.544 0.0000000000
57196  -36.564  -44.818  82.794 0.0000000000
57230  -48.847  -45.502  79.697 0.0000000000
57254  -49.153  -44.836  79.338 0.0000000000
57275  -49.657  -44.658  78.521 0.0000000000
57320  -49.867  -44.353  76.679 0.0000000000
58305  -37.702  -44.460  85.802 0.0000000000
58310  -35.588  -44.744  85.302 0.0000000000
58311  -36.059  -44.294  85.690 0.0000000000
58312  -36.645  -44.073  85.626 0.0000000000
58313  -37.381  -44.224  85.445 0.0000000000
58329  -33.094  -45.832  83.223 0.0000000000
58332  -35.586  -44.861  83.634 0.0000000000
58356  -49.303  -44.259  79.005 0.0000000000
58368  -49.555  -43.656  78.656 0.0000000000
58391  -49.835  -43.557  77.175 0.0000000000
58509  -56.616  -43.177  69.773 0.0000000000
58525  -56.642  -43.274  69.431 0.0000000000
58539  -56.188  -43.221  68.277 0.0000000000
58541  -56.553  -42.963  68.993 0.0000000000
59464  -49.846  -43.201  78.292 0.0000000000
59581  -56.530  -42.767  69.624 0.0000000000
59611  -56.191  -42.337  68.226 0.0000000000
60596  -56.141  -41.342  71.533 0.0000000000
60640  -56.442  -41.160  69.442 0.0000000000
60672  -53.145  -41.237  66.626 0.0000000000
60697  -51.691  -41.729  64.613 0.0000000000
61557  -50.006  -40.831  77.511 0.0000000000
61584  -51.046  -40.710  76.206 0.0000000000
61620  -54.806  -40.381  72.581 0.0000000000
61636  -55.773  -40.366  72.064 0.0000000000
61662  -56.352  -40.364  69.974 0.0000000000
61678  -56.212  -40.956  68.603 0.0000000000
61679  -56.351  -40.794  69.037 0.0000000000
61687  -55.146  -40.773  67.948 0.0000000000
61688  -55.794  -40.962  68.172 0.0000000000
62703  -53.631  -38.888  72.142 0.0000000000
62704  -54.205  -39.725  72.629 0.0000000000
62707  -55.970  -39.353  71.438 0.0000000000
62714  -56.175  -39.588  71.187 0.0000000000
62721  -56.293  -39.734  69.737 0.0000000000
62728  -56.034  -39.934  69.159 0.0000000000
62737  -55.801  -39.789  68.873 0.0000000000
62755  -52.570  -40.113  65.984 0.0000000000
62758  -54.239  -39.193  67.361 0.0000000000
62862  -53.448  -39.712  59.200 0.0000000000
63634  -55.667  -38.924  71.623 0.0000000000
63652  -56.376  -38.475  69.903 0.0000000000
63659  -56.325  -38.520  69.368 0.0000000000
63682  -55.384  -38.394  68.090 0.0000000000
63812  -53.219  -38.588  58.201 0.0000000000
64529  -50.700  -38.060  77.011 0.0000000000
64577  -55.396  -37.127  71.834 0.0000000000
64578  -55.708  -38.046  71.471 0.0000000000
64597  -56.102  -37.477  70.604 0.0000000000
64598  -56.315  -37.785  70.180 0.0000000000
64619  -55.949  -37.390  68.006 0.0000000000
64620  -56.155  -37.650  68.695 0.0000000000
64621  -56.356  -37.890  69.275 0.0000000000
64636  -55.786  -37.239  67.336 0.0000000000
64648  -55.583  -37.157  66.642 0.0000000000
65506  -50.846  -36.578  76.005 0.0000000000
65507  -51.395  -36.369  75.484 0.0000000000
65552  -55.452  -36.318  71.632 0.0000000000
65572  -56.160  -37.124  70.310 0.0000000000
65573  -56.314  -37.445  69.811 0.0000000000
65586  -56.159  -36.863  69.895 0.0000000000
65748  -55.303  -36.525  57.244 0.0000000000
66451  -50.880  -35.795  75.748 0.0000000000
66463  -51.416  -35.349  75.357 0.0000000000
66465  -52.687  -35.688  74.541 0.0000000000
66474  -53.437  -35.759  74.128 0.0000000000
66475  -53.994  -35.770  73.621 0.0000000000
66485  -54.499  -35.742  73.051 0.0000000000
66505  -55.428  -35.817  71.539 0.0000000000
66517  -55.663  -36.158  71.044 0.0000000000
66528  -55.843  -36.433  70.571 0.0000000000
66541  -56.130  -36.577  69.244 0.0000000000
66548  -56.206  -36.278  67.526 0.0000000000
66556  -55.878  -36.278  66.706 0.0000000000
66686  -55.734  -35.834  57.214 0.0000000000
67477  -53.463  -34.207  73.762 0.0000000000
67478  -53.970  -34.363  73.302 0.0000000000
67493  -54.858  -35.187  72.141 0.0000000000
67494  -55.143  -35.315  71.908 0.0000000000
67515  -55.384  -35.387  70.651 0.0000000000
67516  -55.736  -35.970  70.115 0.0000000000
67524  -55.673  -35.673  69.314 0.0000000000
67667  -56.475  -34.195  57.573 0.0000000000
68558  -54.088  -34.121  72.880 0.0000000000
68576  -53.977  -34.352  72.419 0.0000000000
68577  -54.452  -34.748  72.178 0.0000000000
68588  -54.285  -34.667  71.922 0.0000000000
68589  -54.699  -34.718  71.588 0.0000000000
68590  -55.116  -34.829  71.188 0.0000000000
68602  -54.737  -34.645  70.870 0.0000000000
68635  -55.272  -35.409  67.855 0.0000000000
128083  -36.207  -44.364  85.162 0.0000000000
128754  -33.583  -45.774  83.063 0.0000000000
129104  -55.664  -39.038  68.740 0.0000000000
130696  -18.885  -52.836  94.569 0.0000000000
131329  -33.026  -45.365  84.922 0.0000000000
131544  -55.912  -40.542  68.605 0.0000000000
132649  -54.235  -35.184  68.483 0.0000000000
133890  -39.256  -45.452  81.611 0.0000000000
133961  -45.240  -51.768  79.231 0.0000000000
134444  -19.592  -52.899  91.189 0.0000000000
135203  -55.466  -42.263  72.139 0.0000000000
135442  -49.638  -44.745  74.845 0.0000000000
135504  -55.937  -37.190  70.869 0.0000000000
135615  -49.477  -47.896  77.962 0.0000000000
135843  -48.167  -50.445  77.319 0.0000000000
136587  -53.653  -33.795  72.937 0.0000000000
138353  -55.890  -41.776  71.803 0.0000000000
139992  -55.639  -37.694  67.830 0.0000000000
140074  -56.139  -40.221  71.427 0.0000000000
140593  -36.449  -44.600  84.568 0.0000000000
140908  -49.846  -42.090  76.978 0.0000000000
140966  -50.653  -39.284  75.849 0.0000000000
141049  -56.358  -39.058  70.147 0.0000000000
142024  -41.561  -45.545  83.139 0.0000000000
142588  -56.052  -35.722  67.858 0.0000000000
145101  -36.343  -44.753  83.717 0.0000000000
146924  -56.228  -39.069  70.762 0.0000000000
147346  -33.320  -45.348  84.887 0.0000000000
147466  -56.047  -35.875  67.078 0.0000000000
147852  -19.990  -53.721  93.811 0.0000000000
148029  -56.005  -36.727  70.328 0.0000000000
148692  -33.560  -48.838  87.994 0.0000000000
148873  -46.288  -49.426  80.565 0.0000000000
149426  -53.409  -42.906  65.489 0.0000000000
149714  -34.420  -49.532  87.896 0.0000000000
149719  -55.817  -36.516  70.796 0.0000000000
150131  -40.948  -47.348  85.370 0.0000000000
150169  -54.593  -35.266  72.613 0.0000000000
150725  -50.610  -37.193  76.403 0.0000000000
151258  -55.902  -39.126  68.940 0.0000000000
151490  -32.952  -47.199  87.136 0.0000000000
151978  -56.028  -35.805  68.673 0.0000000000
152059  -47.168  -51.429  78.426 0.0000000000
