#!ascii label  , from subject sub1 vox2ras=TkReg
1707
149099  -41.849  -10.786  48.312 0.0000000000
88804  -53.505  -12.047  32.592 0.0000000000
93760  -49.796  -5.804  53.717 0.0000000000
88707  -52.057  -13.058  42.175 0.0000000000
86769  -50.503  -14.799  52.494 0.0000000000
135955  -48.472  -7.288  40.195 0.0000000000
98159  -51.893  -0.040  42.728 0.0000000000
138079  -43.567  1.799  42.420 0.0000000000
88566  -42.948  -12.655  59.164 0.0000000000
87779  -46.062  -13.492  45.559 0.0000000000
144263  -48.156  -12.387  40.287 0.0000000000
92311  -44.700  -8.526  44.612 0.0000000000
98060  -52.058  -0.669  55.239 0.0000000000
96722  -53.548  -2.875  48.574 0.0000000000
96710  -49.026  -2.288  49.824 0.0000000000
97499  -45.886  -0.975  43.476 0.0000000000
100936  -45.414  3.397  49.245 0.0000000000
89763  -49.386  -11.056  31.710 0.0000000000
91430  -40.922  -8.976  52.777 0.0000000000
93058  -44.708  -7.476  51.090 0.0000000000
90609  -54.572  -9.464  44.675 0.0000000000
87765  -50.367  -13.045  48.000 0.0000000000
85836  -45.369  -15.899  49.304 0.0000000000
84845  -44.080  -16.168  54.793 0.0000000000
90703  -49.597  -10.602  34.379 0.0000000000
93166  -50.503  -6.308  33.780 0.0000000000
144849  -48.358  -4.469  46.637 0.0000000000
96051  -51.064  -3.208  41.473 0.0000000000
96816  -51.177  -2.786  35.881 0.0000000000
98267  -47.140  0.164  34.194 0.0000000000
98242  -42.046  -0.314  35.407 0.0000000000
89597  -44.179  -11.956  47.133 0.0000000000
90596  -45.171  -10.827  44.835 0.0000000000
140174  -43.598  -9.033  46.221 0.0000000000
144782  -50.934  2.628  53.993 0.0000000000
98074  -50.505  -0.794  53.414 0.0000000000
127202  -48.742  1.157  52.481 0.0000000000
98805  -45.964  0.359  50.882 0.0000000000
88801  -50.743  -12.577  32.592 0.0000000000
93022  -40.457  -7.093  56.413 0.0000000000
93038  -43.103  -7.230  54.976 0.0000000000
87740  -50.886  -13.570  50.066 0.0000000000
86799  -48.184  -14.911  48.716 0.0000000000
85824  -48.585  -15.098  51.225 0.0000000000
86724  -43.952  -14.668  56.761 0.0000000000
131158  -38.780  -15.570  52.912 0.0000000000
88622  -38.020  -12.385  52.546 0.0000000000
88617  -35.870  -12.957  53.439 0.0000000000
89697  -52.682  -11.854  39.115 0.0000000000
91553  -47.784  -9.678  40.112 0.0000000000
88760  -48.478  -11.884  37.427 0.0000000000
91571  -48.484  -9.764  36.970 0.0000000000
92414  -49.524  -8.318  34.311 0.0000000000
93144  -49.627  -7.305  37.433 0.0000000000
93054  -47.256  -7.075  52.006 0.0000000000
94498  -46.539  -5.417  49.432 0.0000000000
94501  -49.107  -5.442  50.175 0.0000000000
98128  -53.418  -1.045  45.063 0.0000000000
143348  -52.939  -2.535  44.761 0.0000000000
97530  -53.355  -0.468  41.677 0.0000000000
129926  -51.302  -2.405  38.676 0.0000000000
98896  -51.901  0.431  37.772 0.0000000000
97571  -49.820  -0.931  36.380 0.0000000000
98882  -49.696  0.860  38.229 0.0000000000
98142  -43.048  -0.838  43.598 0.0000000000
98185  -44.137  -0.619  39.941 0.0000000000
98183  -42.358  -0.086  40.245 0.0000000000
98889  -40.776  0.508  36.679 0.0000000000
100299  -43.132  2.734  38.996 0.0000000000
128320  -48.599  -14.209  43.823 0.0000000000
87827  -50.309  -13.256  40.502 0.0000000000
88695  -47.281  -12.449  43.142 0.0000000000
90619  -46.406  -10.161  42.757 0.0000000000
93106  -46.647  -7.453  42.546 0.0000000000
95946  -51.732  -3.174  54.742 0.0000000000
125996  -52.132  -4.580  51.401 0.0000000000
96698  -52.897  -2.742  52.328 0.0000000000
97428  -51.482  -2.041  49.341 0.0000000000
126110  -50.230  -0.882  46.057 0.0000000000
97514  -48.972  -0.830  42.802 0.0000000000
143153  -47.487  -0.798  46.840 0.0000000000
98109  -44.428  -0.688  47.589 0.0000000000
99504  -44.140  1.848  46.412 0.0000000000
90714  -47.474  -10.250  32.903 0.0000000000
91454  -40.810  -9.960  50.736 0.0000000000
93061  -42.504  -7.683  49.399 0.0000000000
91449  -43.226  -9.198  52.156 0.0000000000
92241  -45.150  -8.185  53.849 0.0000000000
93749  -47.454  -6.552  55.736 0.0000000000
95933  -46.846  -4.479  56.615 0.0000000000
95160  -49.081  -4.598  56.961 0.0000000000
89642  -53.206  -11.362  43.207 0.0000000000
129097  -52.435  -10.950  46.096 0.0000000000
87791  -51.235  -13.268  44.902 0.0000000000
86817  -48.285  -14.556  46.313 0.0000000000
86807  -45.465  -14.396  47.693 0.0000000000
87702  -50.783  -14.090  55.963 0.0000000000
87654  -46.058  -12.836  58.435 0.0000000000
86728  -47.445  -14.498  56.514 0.0000000000
148487  -47.931  -15.417  53.776 0.0000000000
84878  -45.265  -16.664  51.646 0.0000000000
88640  -40.856  -12.280  49.570 0.0000000000
90733  -54.429  -9.942  32.050 0.0000000000
134084  -50.433  -12.563  38.428 0.0000000000
89730  -51.372  -11.391  35.084 0.0000000000
90731  -52.590  -10.555  31.348 0.0000000000
90728  -50.033  -9.512  31.328 0.0000000000
92435  -49.057  -8.074  31.610 0.0000000000
93905  -49.703  -6.205  31.923 0.0000000000
132961  -44.070  -5.974  47.200 0.0000000000
94537  -45.685  -5.921  44.956 0.0000000000
94555  -47.616  -5.122  42.888 0.0000000000
145627  -50.650  -4.179  47.241 0.0000000000
147741  -50.145  -3.613  44.647 0.0000000000
94573  -49.178  -5.236  40.445 0.0000000000
94589  -50.814  -4.558  37.806 0.0000000000
95349  -51.569  -4.754  34.938 0.0000000000
93886  -49.134  -6.277  35.049 0.0000000000
98204  -47.524  -0.427  39.164 0.0000000000
98914  -44.916  -0.180  34.407 0.0000000000
96810  -42.696  -1.936  35.312 0.0000000000
97560  -40.645  -1.539  36.468 0.0000000000
98214  -38.625  -0.604  37.326 0.0000000000
89595  -43.026  -11.033  47.595 0.0000000000
90585  -43.598  -10.335  46.686 0.0000000000
90574  -43.035  -10.233  47.264 0.0000000000
100212  -50.222  2.257  53.220 0.0000000000
100210  -47.924  3.178  52.303 0.0000000000
88803  -52.082  -12.904  32.875 0.0000000000
86777  -50.780  -14.473  51.634 0.0000000000
85831  -49.306  -14.597  50.946 0.0000000000
86776  -49.802  -14.844  51.931 0.0000000000
85799  -38.331  -15.840  54.075 0.0000000000
86757  -36.700  -14.195  53.411 0.0000000000
88720  -52.852  -12.054  41.668 0.0000000000
134173  -52.344  -12.381  40.937 0.0000000000
91543  -48.089  -8.793  40.009 0.0000000000
141843  -48.299  -9.464  38.754 0.0000000000
92369  -48.574  -8.719  38.863 0.0000000000
92380  -49.284  -8.195  37.275 0.0000000000
93136  -48.896  -7.882  38.808 0.0000000000
93764  -48.564  -6.613  52.402 0.0000000000
93778  -48.567  -6.200  51.172 0.0000000000
94484  -49.824  -5.703  51.315 0.0000000000
98135  -52.147  -0.204  44.293 0.0000000000
97517  -53.631  -0.822  43.434 0.0000000000
98841  -53.166  0.291  42.284 0.0000000000
98192  -53.031  -0.095  40.268 0.0000000000
98860  -52.480  0.886  40.493 0.0000000000
99568  -51.054  1.374  38.008 0.0000000000
98859  -51.434  0.590  40.107 0.0000000000
98834  -42.580  0.306  43.598 0.0000000000
98168  -42.794  -0.582  41.899 0.0000000000
98846  -42.350  0.719  41.992 0.0000000000
99550  -42.228  1.463  39.871 0.0000000000
99544  -43.685  2.180  40.718 0.0000000000
150076  -47.158  -13.837  44.345 0.0000000000
87809  -47.720  -13.280  43.208 0.0000000000
88684  -46.349  -12.664  44.426 0.0000000000
91504  -45.023  -9.235  44.318 0.0000000000
90618  -45.744  -10.136  43.407 0.0000000000
91512  -45.581  -9.245  43.678 0.0000000000
145831  -46.351  -8.898  42.754 0.0000000000
93097  -45.534  -7.634  43.816 0.0000000000
129494  -52.227  -2.086  55.434 0.0000000000
96676  -52.602  -3.141  53.456 0.0000000000
149307  -52.109  -1.845  53.693 0.0000000000
97414  -49.802  -1.990  51.569 0.0000000000
96703  -51.188  -2.327  51.247 0.0000000000
96717  -49.900  -2.300  49.489 0.0000000000
97448  -50.574  -1.430  47.786 0.0000000000
97436  -49.193  -1.393  48.120 0.0000000000
128472  -48.708  -0.869  46.479 0.0000000000
129386  -48.007  -1.545  48.825 0.0000000000
99488  -45.141  2.262  50.185 0.0000000000
98102  -45.151  -0.470  49.690 0.0000000000
143420  -44.297  0.892  48.824 0.0000000000
98812  -43.710  0.624  47.409 0.0000000000
100232  -44.689  2.291  48.082 0.0000000000
89762  -48.611  -10.965  32.326 0.0000000000
126254  -40.975  -9.516  52.195 0.0000000000
92259  -42.151  -9.064  51.450 0.0000000000
91441  -42.617  -9.178  52.473 0.0000000000
93025  -43.553  -6.686  55.854 0.0000000000
92240  -44.333  -8.388  53.656 0.0000000000
140523  -45.343  -7.498  54.644 0.0000000000
93040  -46.613  -7.548  54.389 0.0000000000
93748  -46.044  -6.621  56.023 0.0000000000
95957  -46.384  -3.421  54.788 0.0000000000
95170  -48.095  -4.621  57.369 0.0000000000
96654  -48.897  -2.772  56.096 0.0000000000
96641  -49.842  -2.539  56.067 0.0000000000
98049  -49.207  -0.934  56.330 0.0000000000
133234  -54.399  -9.854  43.120 0.0000000000
90621  -54.125  -9.944  44.096 0.0000000000
89598  -51.983  -11.327  47.470 0.0000000000
88663  -51.231  -12.193  46.969 0.0000000000
88673  -52.169  -11.854  45.412 0.0000000000
139414  -50.362  -13.449  46.295 0.0000000000
87780  -49.696  -14.104  45.949 0.0000000000
87772  -49.707  -13.797  46.868 0.0000000000
85837  -46.721  -15.830  49.232 0.0000000000
85844  -46.447  -15.211  48.161 0.0000000000
86797  -45.656  -15.023  48.186 0.0000000000
87652  -44.241  -12.907  58.493 0.0000000000
86726  -45.780  -14.592  56.748 0.0000000000
85793  -45.665  -15.290  55.540 0.0000000000
85795  -47.355  -15.259  55.149 0.0000000000
85809  -46.175  -15.784  53.894 0.0000000000
84864  -46.424  -15.888  53.082 0.0000000000
84862  -44.774  -16.515  53.386 0.0000000000
89577  -40.212  -11.595  50.526 0.0000000000
88629  -39.573  -12.396  51.293 0.0000000000
91604  -55.147  -9.096  33.173 0.0000000000
88726  -48.700  -12.728  40.467 0.0000000000
88739  -50.537  -12.685  39.313 0.0000000000
127540  -49.571  -12.725  39.145 0.0000000000
89728  -48.763  -11.247  35.889 0.0000000000
135602  -49.940  -11.965  35.730 0.0000000000
89744  -51.096  -11.248  33.893 0.0000000000
90705  -51.843  -10.370  32.760 0.0000000000
89756  -50.973  -10.417  32.715 0.0000000000
90730  -51.788  -10.455  30.968 0.0000000000
90716  -50.621  -9.854  31.673 0.0000000000
93159  -49.957  -7.411  34.514 0.0000000000
92428  -49.296  -8.106  31.748 0.0000000000
93170  -50.006  -6.374  31.923 0.0000000000
93177  -49.063  -6.821  31.571 0.0000000000
93171  -50.386  -5.846  32.670 0.0000000000
144877  -43.856  -7.201  50.493 0.0000000000
146765  -42.861  -6.962  47.895 0.0000000000
93786  -44.110  -6.244  48.936 0.0000000000
94511  -47.205  -4.758  47.501 0.0000000000
94510  -46.325  -4.880  47.433 0.0000000000
134998  -46.794  -4.889  46.028 0.0000000000
151652  -46.770  -5.306  43.899 0.0000000000
95271  -48.023  -4.606  44.734 0.0000000000
130473  -52.930  -3.951  50.408 0.0000000000
126810  -51.353  -4.436  49.209 0.0000000000
95243  -52.360  -3.750  48.057 0.0000000000
96761  -52.126  -2.666  42.804 0.0000000000
129722  -51.496  -3.292  44.992 0.0000000000
144047  -51.110  -3.388  42.881 0.0000000000
95292  -49.623  -4.045  42.375 0.0000000000
95301  -50.171  -3.946  40.727 0.0000000000
95319  -50.031  -4.771  39.503 0.0000000000
95320  -50.544  -4.282  38.925 0.0000000000
96807  -51.424  -2.674  36.678 0.0000000000
96086  -51.504  -3.524  36.432 0.0000000000
151547  -51.306  -4.255  35.429 0.0000000000
94610  -50.745  -4.751  34.428 0.0000000000
95340  -50.314  -4.454  35.612 0.0000000000
94601  -49.178  -5.380  36.198 0.0000000000
96089  -49.794  -3.827  36.174 0.0000000000
98260  -48.458  0.052  34.911 0.0000000000
96814  -48.663  -2.087  36.732 0.0000000000
150760  -47.256  -0.916  43.412 0.0000000000
98188  -48.050  -0.658  40.528 0.0000000000
98170  -46.639  -0.672  41.410 0.0000000000
98218  -43.633  -0.555  38.086 0.0000000000
126180  -44.643  -0.336  37.676 0.0000000000
126179  -43.844  -0.231  35.934 0.0000000000
131134  -43.217  -1.010  34.047 0.0000000000
97589  -42.220  -0.978  34.473 0.0000000000
96809  -42.007  -2.080  35.939 0.0000000000
98254  -41.430  -0.846  34.887 0.0000000000
99565  -40.469  1.887  38.105 0.0000000000
137990  -39.421  0.485  36.653 0.0000000000
127368  -38.656  0.267  37.272 0.0000000000
98212  -37.865  -0.282  38.594 0.0000000000
88661  -44.900  -12.606  46.382 0.0000000000
88683  -45.719  -12.108  44.812 0.0000000000
128418  -44.395  -11.220  46.184 0.0000000000
130107  -44.513  -9.957  45.485 0.0000000000
92301  -44.180  -8.508  45.193 0.0000000000
144517  -51.046  -0.257  54.199 0.0000000000
99468  -50.528  1.368  53.444 0.0000000000
150738  -49.701  0.095  52.998 0.0000000000
98093  -48.634  -0.599  52.090 0.0000000000
97413  -47.661  -1.409  50.962 0.0000000000
98799  -47.607  0.468  51.738 0.0000000000
100218  -46.519  3.124  51.255 0.0000000000
128838  -50.207  -12.096  32.271 0.0000000000
151832  -40.043  -7.743  54.211 0.0000000000
92249  -42.225  -8.364  53.489 0.0000000000
93036  -41.144  -7.218  55.451 0.0000000000
87757  -50.580  -13.146  48.676 0.0000000000
86800  -49.431  -14.186  48.285 0.0000000000
86790  -49.634  -14.207  49.116 0.0000000000
85839  -48.128  -15.255  49.632 0.0000000000
84893  -46.559  -16.278  49.926 0.0000000000
87671  -43.025  -13.389  57.948 0.0000000000
144860  -42.290  -15.662  55.810 0.0000000000
86774  -39.546  -14.755  52.024 0.0000000000
87729  -38.922  -13.318  52.014 0.0000000000
151904  -37.787  -13.929  52.586 0.0000000000
88618  -36.455  -12.553  53.051 0.0000000000
89682  -47.606  -11.433  39.879 0.0000000000
88750  -47.886  -12.227  38.942 0.0000000000
89705  -47.779  -11.113  38.077 0.0000000000
90675  -48.034  -10.624  37.412 0.0000000000
90692  -48.829  -10.430  35.539 0.0000000000
136793  -49.497  -9.798  33.582 0.0000000000
147987  -49.107  -8.846  35.924 0.0000000000
92392  -49.388  -8.184  36.259 0.0000000000
93160  -50.469  -6.709  35.679 0.0000000000
93053  -46.463  -7.301  51.638 0.0000000000
93783  -45.234  -6.141  50.019 0.0000000000
128075  -47.143  -6.173  50.908 0.0000000000
94499  -47.503  -5.375  49.637 0.0000000000
95233  -48.811  -4.632  48.316 0.0000000000
97451  -53.545  -2.062  47.605 0.0000000000
96005  -53.259  -2.632  46.228 0.0000000000
96738  -53.680  -1.766  45.169 0.0000000000
96763  -53.393  -1.562  43.068 0.0000000000
96771  -52.244  -1.985  41.377 0.0000000000
96065  -51.256  -2.683  39.511 0.0000000000
97547  -52.488  -1.014  39.849 0.0000000000
97553  -51.536  -1.107  38.097 0.0000000000
151493  -51.148  -0.929  36.841 0.0000000000
96815  -50.446  -2.052  36.255 0.0000000000
98908  -51.076  0.481  36.669 0.0000000000
99592  -49.546  0.776  36.207 0.0000000000
98893  -48.607  0.843  36.783 0.0000000000
97497  -44.319  -1.307  43.535 0.0000000000
97526  -45.033  -0.780  41.380 0.0000000000
97525  -44.203  -1.091  41.818 0.0000000000
98201  -42.973  -0.620  39.854 0.0000000000
98216  -42.392  -0.133  38.225 0.0000000000
98230  -41.415  0.098  36.129 0.0000000000
98199  -41.791  0.299  38.480 0.0000000000
99558  -41.416  2.155  38.511 0.0000000000
139055  -41.392  2.810  38.405 0.0000000000
87811  -50.457  -13.800  42.792 0.0000000000
147140  -50.723  -13.381  41.120 0.0000000000
145000  -49.708  -13.560  42.171 0.0000000000
88706  -48.252  -12.678  42.141 0.0000000000
88717  -47.957  -12.210  41.637 0.0000000000
89628  -46.120  -11.858  44.054 0.0000000000
89651  -46.870  -11.002  42.495 0.0000000000
90628  -47.287  -10.859  41.696 0.0000000000
90636  -47.213  -10.200  41.483 0.0000000000
92341  -47.222  -8.972  41.392 0.0000000000
93113  -47.654  -7.306  41.213 0.0000000000
94477  -50.895  -4.721  53.816 0.0000000000
94486  -51.305  -5.157  52.203 0.0000000000
95213  -52.531  -4.079  53.403 0.0000000000
95222  -53.215  -4.001  52.131 0.0000000000
128144  -53.511  -2.800  50.251 0.0000000000
97410  -51.892  -2.191  52.514 0.0000000000
96704  -52.372  -2.547  51.305 0.0000000000
97430  -53.143  -2.152  49.026 0.0000000000
140501  -52.196  -1.540  47.954 0.0000000000
97478  -51.867  -0.659  45.705 0.0000000000
98134  -51.117  -0.195  44.626 0.0000000000
98143  -50.038  -0.729  43.273 0.0000000000
97489  -49.646  -0.908  44.969 0.0000000000
126467  -47.961  -1.056  44.899 0.0000000000
97473  -46.638  -1.212  45.612 0.0000000000
97424  -46.195  -1.300  49.223 0.0000000000
97443  -45.904  -1.280  47.306 0.0000000000
97472  -45.626  -1.363  45.677 0.0000000000
98125  -44.042  -1.108  45.801 0.0000000000
98824  -43.341  0.287  45.676 0.0000000000
99517  -43.796  1.781  44.381 0.0000000000
91460  -40.901  -10.132  49.816 0.0000000000
92274  -41.699  -8.840  48.930 0.0000000000
92265  -41.797  -8.779  50.625 0.0000000000
92266  -42.692  -8.486  51.101 0.0000000000
92267  -44.163  -8.025  51.333 0.0000000000
92250  -43.045  -8.561  53.318 0.0000000000
138918  -44.212  -8.738  52.848 0.0000000000
92262  -44.964  -8.478  52.022 0.0000000000
92254  -46.194  -8.005  52.782 0.0000000000
93045  -48.023  -7.111  53.824 0.0000000000
127089  -48.651  -6.453  54.041 0.0000000000
94434  -45.718  -5.477  57.540 0.0000000000
94436  -47.237  -5.215  58.262 0.0000000000
94450  -48.696  -5.236  57.274 0.0000000000
94464  -49.420  -5.408  55.937 0.0000000000
95171  -50.181  -4.163  56.332 0.0000000000
96656  -51.191  -2.022  55.970 0.0000000000
98045  -51.716  -0.231  57.303 0.0000000000
89654  -53.350  -11.394  42.259 0.0000000000
132699  -52.763  -12.270  43.102 0.0000000000
148860  -53.130  -10.324  46.839 0.0000000000
90598  -53.531  -10.265  45.434 0.0000000000
89621  -53.115  -10.917  45.071 0.0000000000
88686  -52.341  -12.290  44.605 0.0000000000
87803  -51.774  -13.323  43.576 0.0000000000
86834  -50.163  -14.147  44.307 0.0000000000
143701  -48.915  -14.481  44.975 0.0000000000
86821  -46.565  -14.074  45.668 0.0000000000
86809  -48.457  -14.453  47.220 0.0000000000
127205  -46.855  -14.593  46.896 0.0000000000
87771  -45.877  -13.770  46.210 0.0000000000
87769  -44.746  -13.151  46.974 0.0000000000
87656  -47.960  -12.894  58.246 0.0000000000
87673  -44.762  -13.472  57.912 0.0000000000
87675  -46.585  -13.494  57.892 0.0000000000
87677  -48.360  -13.330  57.618 0.0000000000
86730  -49.045  -14.363  56.241 0.0000000000
86748  -48.826  -15.191  54.782 0.0000000000
85813  -49.334  -15.304  53.425 0.0000000000
149354  -48.395  -15.381  52.764 0.0000000000
84874  -46.951  -16.193  51.647 0.0000000000
84886  -45.198  -16.581  50.654 0.0000000000
89584  -41.061  -11.532  49.221 0.0000000000
90555  -40.410  -10.780  50.333 0.0000000000
90551  -40.374  -10.646  51.298 0.0000000000
130439  -40.275  -9.734  52.518 0.0000000000
142803  -39.428  -8.562  53.488 0.0000000000
90721  -55.325  -9.746  32.766 0.0000000000
89758  -54.619  -10.635  32.437 0.0000000000
89757  -53.958  -11.030  31.992 0.0000000000
88728  -50.857  -12.947  39.923 0.0000000000
88753  -51.848  -12.272  38.976 0.0000000000
88762  -49.936  -12.514  37.430 0.0000000000
89717  -51.560  -11.888  36.783 0.0000000000
89732  -52.911  -10.850  35.612 0.0000000000
90706  -52.759  -10.130  33.091 0.0000000000
90732  -53.669  -10.343  31.716 0.0000000000
88813  -53.176  -11.429  31.711 0.0000000000
152705  -52.060  -11.475  31.004 0.0000000000
89771  -50.672  -11.025  31.001 0.0000000000
148190  -49.990  -10.791  31.185 0.0000000000
91602  -49.514  -8.785  32.585 0.0000000000
91623  -49.357  -8.951  31.506 0.0000000000
90736  -49.002  -9.514  31.184 0.0000000000
91628  -48.094  -8.691  31.197 0.0000000000
92427  -47.866  -8.106  31.574 0.0000000000
93168  -47.724  -7.541  32.892 0.0000000000
92279  -42.658  -8.368  47.452 0.0000000000
93067  -43.136  -7.441  47.150 0.0000000000
93075  -44.195  -7.109  46.166 0.0000000000
94504  -45.126  -5.437  48.523 0.0000000000
93805  -44.956  -6.027  46.067 0.0000000000
129911  -45.080  -6.404  45.337 0.0000000000
93822  -45.864  -6.815  43.662 0.0000000000
148963  -46.667  -6.127  42.874 0.0000000000
93114  -48.059  -6.791  41.033 0.0000000000
95224  -50.711  -4.992  50.341 0.0000000000
95234  -49.842  -4.654  48.659 0.0000000000
143283  -50.026  -4.388  46.958 0.0000000000
96003  -51.790  -3.480  46.365 0.0000000000
95263  -50.379  -3.818  45.987 0.0000000000
95261  -48.876  -4.397  45.390 0.0000000000
95281  -48.847  -4.164  43.628 0.0000000000
94564  -48.454  -5.290  41.500 0.0000000000
93845  -48.500  -6.611  40.539 0.0000000000
93853  -49.400  -6.265  39.202 0.0000000000
93879  -50.884  -5.934  35.905 0.0000000000
96074  -50.914  -3.723  38.226 0.0000000000
94597  -51.487  -4.688  36.118 0.0000000000
93889  -51.549  -5.114  34.609 0.0000000000
93907  -50.463  -5.612  33.166 0.0000000000
132413  -49.356  -6.312  32.588 0.0000000000
139770  -49.337  -3.077  36.590 0.0000000000
98190  -49.757  -0.376  40.558 0.0000000000
98222  -48.206  -0.084  38.514 0.0000000000
98892  -47.376  0.614  36.643 0.0000000000
129896  -46.137  -0.578  39.078 0.0000000000
98891  -46.525  0.366  36.963 0.0000000000
131281  -46.309  0.453  35.006 0.0000000000
97581  -45.008  -1.227  34.059 0.0000000000
96802  -44.035  -2.609  36.497 0.0000000000
96080  -43.212  -3.277  37.665 0.0000000000
98902  -40.102  0.021  35.886 0.0000000000
129651  -39.118  -0.805  36.970 0.0000000000
100271  -44.953  2.414  42.836 0.0000000000
100281  -45.055  2.608  41.530 0.0000000000
100300  -44.361  3.288  39.610 0.0000000000
101022  -43.536  3.514  38.906 0.0000000000
101014  -41.358  3.546  38.978 0.0000000000
89590  -42.396  -11.234  48.021 0.0000000000
90568  -42.297  -10.312  47.873 0.0000000000
138590  -52.815  -12.421  32.367 0.0000000000
86770  -51.467  -14.377  52.283 0.0000000000
86778  -51.689  -13.870  51.517 0.0000000000
85798  -37.619  -15.655  54.637 0.0000000000
88719  -52.214  -12.667  41.563 0.0000000000
92350  -48.221  -8.018  40.209 0.0000000000
92360  -48.465  -8.341  39.565 0.0000000000
93128  -48.656  -7.570  39.634 0.0000000000
93759  -49.149  -6.318  53.152 0.0000000000
93765  -49.316  -6.277  52.200 0.0000000000
94479  -49.947  -5.837  51.983 0.0000000000
98145  -51.975  -0.143  43.504 0.0000000000
98146  -53.149  -0.004  43.102 0.0000000000
98840  -52.675  0.393  42.076 0.0000000000
98849  -53.032  0.634  41.347 0.0000000000
98848  -52.477  0.651  41.328 0.0000000000
98847  -51.713  0.488  41.020 0.0000000000
99526  -42.800  1.033  43.462 0.0000000000
98839  -42.518  0.489  42.884 0.0000000000
99534  -42.849  1.279  42.539 0.0000000000
99543  -42.772  1.404  41.465 0.0000000000
99535  -43.390  1.711  41.774 0.0000000000
136389  -46.592  -13.567  44.819 0.0000000000
88671  -45.889  -12.894  45.175 0.0000000000
92312  -45.338  -8.480  44.041 0.0000000000
92320  -45.928  -8.500  43.318 0.0000000000
93091  -44.991  -7.760  44.464 0.0000000000
97380  -52.202  -1.465  55.476 0.0000000000
148914  -52.331  -2.051  54.758 0.0000000000
97386  -52.066  -1.535  54.463 0.0000000000
97421  -48.959  -2.074  50.946 0.0000000000
96711  -49.776  -2.361  50.515 0.0000000000
97426  -49.309  -1.874  48.822 0.0000000000
141798  -48.677  -1.549  48.595 0.0000000000
97425  -48.429  -2.021  49.234 0.0000000000
100226  -44.986  2.745  49.484 0.0000000000
144803  -44.700  2.095  49.668 0.0000000000
100228  -44.556  2.296  48.987 0.0000000000
99493  -44.343  1.572  48.493 0.0000000000
100229  -45.227  2.989  48.521 0.0000000000
131388  -49.405  -12.326  33.140 0.0000000000
89755  -49.049  -11.683  32.799 0.0000000000
148779  -48.285  -11.544  33.254 0.0000000000
91440  -41.797  -9.265  52.360 0.0000000000
91431  -41.952  -8.889  52.895 0.0000000000
93746  -43.926  -6.546  57.076 0.0000000000
93026  -44.504  -6.801  55.466 0.0000000000
93747  -44.743  -6.434  56.875 0.0000000000
142245  -45.358  -6.710  55.686 0.0000000000
152431  -45.413  -6.399  56.751 0.0000000000
96664  -48.488  -2.223  55.754 0.0000000000
97369  -49.156  -1.713  56.052 0.0000000000
91514  -54.874  -9.280  43.789 0.0000000000
145087  -50.843  -12.715  46.649 0.0000000000
128064  -50.343  -13.228  47.179 0.0000000000
87764  -49.841  -13.672  47.744 0.0000000000
151462  -46.062  -16.054  49.396 0.0000000000
139287  -46.025  -15.596  48.760 0.0000000000
85843  -45.152  -15.294  48.742 0.0000000000
85835  -44.620  -15.694  49.272 0.0000000000
87651  -43.382  -12.882  58.547 0.0000000000
85781  -45.043  -15.153  55.897 0.0000000000
85792  -44.818  -15.663  55.079 0.0000000000
85800  -45.858  -15.591  54.729 0.0000000000
84855  -45.286  -16.113  54.103 0.0000000000
84854  -44.480  -16.275  54.162 0.0000000000
87731  -40.089  -13.808  51.000 0.0000000000
152573  -39.762  -12.998  50.910 0.0000000000
87730  -39.446  -13.315  51.520 0.0000000000
90695  -53.490  -10.154  34.913 0.0000000000
88738  -48.638  -12.595  39.742 0.0000000000
90693  -49.219  -10.746  35.222 0.0000000000
89742  -49.582  -11.253  35.223 0.0000000000
89743  -50.297  -10.974  34.108 0.0000000000
90704  -50.138  -10.145  33.186 0.0000000000
148643  -50.555  -6.798  34.816 0.0000000000
93165  -49.845  -7.082  33.134 0.0000000000
93781  -43.712  -6.662  49.509 0.0000000000
93782  -44.426  -6.483  49.808 0.0000000000
95239  -47.759  -4.583  47.045 0.0000000000
94519  -46.968  -4.787  46.746 0.0000000000
95248  -47.624  -4.554  46.183 0.0000000000
94530  -47.080  -4.802  45.329 0.0000000000
95260  -47.951  -4.520  45.464 0.0000000000
95989  -53.040  -3.620  49.463 0.0000000000
95237  -52.551  -3.844  48.809 0.0000000000
95992  -53.227  -3.416  48.491 0.0000000000
96044  -51.517  -3.003  42.331 0.0000000000
96043  -50.806  -3.479  42.199 0.0000000000
96049  -50.201  -3.814  42.062 0.0000000000
96050  -50.430  -3.656  41.396 0.0000000000
95311  -50.351  -4.072  39.922 0.0000000000
96056  -50.682  -3.401  40.559 0.0000000000
97573  -51.221  -2.288  36.263 0.0000000000
96817  -51.457  -3.225  35.974 0.0000000000
96826  -51.353  -3.810  35.730 0.0000000000
95347  -50.856  -4.465  35.066 0.0000000000
95341  -50.883  -3.839  35.622 0.0000000000
96090  -50.467  -3.022  35.985 0.0000000000
98268  -47.843  0.554  34.667 0.0000000000
97584  -48.142  -0.372  35.200 0.0000000000
97583  -47.326  -0.619  35.182 0.0000000000
98258  -46.783  -0.197  34.174 0.0000000000
129211  -46.598  -0.813  43.079 0.0000000000
97528  -47.388  -0.768  41.855 0.0000000000
97527  -46.609  -0.731  42.264 0.0000000000
98232  -43.256  -0.221  36.974 0.0000000000
98243  -42.931  -0.339  35.728 0.0000000000
98256  -42.734  -0.642  34.703 0.0000000000
98255  -42.029  -0.739  34.713 0.0000000000
98241  -41.342  -0.413  35.352 0.0000000000
98878  -39.194  0.685  37.249 0.0000000000
89617  -44.737  -11.768  45.877 0.0000000000
89606  -44.418  -11.891  46.576 0.0000000000
90586  -44.256  -10.347  46.165 0.0000000000
91488  -43.799  -9.706  46.318 0.0000000000
145235  -44.055  -9.325  45.719 0.0000000000
99469  -50.965  1.530  53.945 0.0000000000
127573  -50.867  2.127  53.683 0.0000000000
149398  -49.868  1.936  52.865 0.0000000000
99479  -50.184  1.689  53.064 0.0000000000
98792  -49.370  0.594  52.784 0.0000000000
98086  -49.320  -0.494  52.648 0.0000000000
98791  -48.709  0.171  52.378 0.0000000000
127511  -48.118  -0.153  51.861 0.0000000000
99485  -47.935  1.239  51.976 0.0000000000
100927  -47.108  3.652  51.742 0.0000000000
100219  -47.347  2.668  51.810 0.0000000000
100934  -45.912  3.555  50.616 0.0000000000
145222  -51.296  -12.936  33.037 0.0000000000
93035  -39.936  -7.450  55.078 0.0000000000
142802  -40.686  -7.669  54.410 0.0000000000
147276  -40.565  -7.383  55.311 0.0000000000
87749  -51.293  -13.130  49.636 0.0000000000
87748  -50.724  -13.367  49.357 0.0000000000
87747  -50.231  -13.652  49.077 0.0000000000
86791  -50.188  -13.978  49.798 0.0000000000
85830  -48.725  -14.904  50.326 0.0000000000
85829  -47.987  -15.522  50.555 0.0000000000
85838  -47.369  -15.843  49.832 0.0000000000
84888  -47.113  -16.216  50.755 0.0000000000
127255  -40.110  -16.422  53.146 0.0000000000
84867  -39.292  -16.052  53.129 0.0000000000
85817  -39.381  -15.523  52.492 0.0000000000
86767  -38.760  -14.815  52.513 0.0000000000
86766  -37.922  -14.487  52.759 0.0000000000
87716  -36.686  -13.354  52.947 0.0000000000
90646  -47.636  -10.560  40.321 0.0000000000
89694  -47.671  -11.380  38.930 0.0000000000
90656  -47.725  -10.560  39.525 0.0000000000
91563  -48.304  -9.699  37.912 0.0000000000
90683  -48.443  -10.575  36.385 0.0000000000
91579  -48.713  -9.662  35.945 0.0000000000
93151  -49.742  -7.401  36.512 0.0000000000
93776  -46.463  -6.728  51.127 0.0000000000
93768  -47.200  -6.603  51.477 0.0000000000
94491  -48.501  -5.856  50.624 0.0000000000
94500  -48.359  -5.364  49.921 0.0000000000
142488  -48.114  -4.907  48.969 0.0000000000
94506  -48.984  -4.890  49.339 0.0000000000
97480  -53.457  -1.612  45.835 0.0000000000
146783  -53.721  -1.926  45.867 0.0000000000
97481  -53.651  -1.563  45.133 0.0000000000
97516  -53.457  -0.709  42.663 0.0000000000
130685  -53.696  -1.099  43.449 0.0000000000
97515  -53.215  -1.320  42.259 0.0000000000
139741  -52.669  -1.772  42.030 0.0000000000
97529  -52.869  -1.223  41.481 0.0000000000
96778  -52.377  -1.525  40.631 0.0000000000
97539  -53.003  -0.639  40.826 0.0000000000
98885  -52.369  0.650  38.834 0.0000000000
135142  -52.621  -0.283  39.570 0.0000000000
98223  -52.162  -0.152  38.235 0.0000000000
97561  -51.337  -1.559  36.979 0.0000000000
130768  -51.481  -0.444  37.351 0.0000000000
98248  -51.058  -0.357  36.667 0.0000000000
98235  -51.452  0.205  37.060 0.0000000000
98883  -50.587  1.127  38.484 0.0000000000
99577  -50.787  1.295  37.162 0.0000000000
99567  -50.289  1.236  37.661 0.0000000000
99575  -48.982  0.940  36.367 0.0000000000
98894  -49.410  1.024  37.292 0.0000000000
97485  -43.739  -1.156  43.999 0.0000000000
97509  -44.211  -1.260  42.667 0.0000000000
97496  -43.512  -1.214  43.128 0.0000000000
98167  -42.303  0.123  41.324 0.0000000000
133986  -42.891  -0.381  40.913 0.0000000000
98217  -42.942  -0.516  38.797 0.0000000000
98200  -42.342  -0.215  39.255 0.0000000000
98867  -41.913  0.409  39.465 0.0000000000
98856  -41.754  1.207  39.348 0.0000000000
150107  -41.902  2.151  39.121 0.0000000000
100308  -42.512  3.098  38.655 0.0000000000
86844  -49.199  -14.144  43.372 0.0000000000
86854  -49.703  -13.973  42.910 0.0000000000
86853  -49.016  -13.666  42.707 0.0000000000
148156  -47.819  -12.779  42.682 0.0000000000
87810  -48.321  -13.219  42.652 0.0000000000
88718  -48.622  -12.829  41.336 0.0000000000
88705  -47.688  -12.234  42.373 0.0000000000
89618  -45.213  -11.527  45.201 0.0000000000
89627  -45.574  -11.318  44.454 0.0000000000
133965  -46.351  -10.758  43.135 0.0000000000
89652  -47.501  -11.579  42.009 0.0000000000
90627  -46.868  -10.239  42.109 0.0000000000
92321  -46.450  -8.246  42.697 0.0000000000
139167  -46.715  -8.839  42.099 0.0000000000
134098  -46.942  -8.070  42.123 0.0000000000
92342  -47.401  -8.414  41.191 0.0000000000
93107  -47.222  -7.357  41.931 0.0000000000
95201  -51.318  -4.088  54.142 0.0000000000
95212  -51.693  -4.362  53.520 0.0000000000
95202  -51.926  -3.929  53.921 0.0000000000
96689  -52.801  -3.019  52.946 0.0000000000
95972  -53.014  -3.755  52.865 0.0000000000
95981  -54.017  -3.022  52.034 0.0000000000
130436  -53.798  -3.118  51.794 0.0000000000
96706  -53.834  -2.878  51.885 0.0000000000
98075  -50.733  -0.808  53.714 0.0000000000
131371  -51.392  -1.702  53.138 0.0000000000
97396  -50.908  -1.431  53.197 0.0000000000
96713  -51.413  -2.371  50.184 0.0000000000
128511  -51.806  -2.486  51.015 0.0000000000
96714  -52.307  -2.386  50.355 0.0000000000
97429  -52.413  -2.005  49.401 0.0000000000
97439  -52.769  -1.758  48.559 0.0000000000
97438  -51.839  -1.641  48.733 0.0000000000
97459  -50.395  -1.073  46.941 0.0000000000
97449  -51.386  -1.402  47.223 0.0000000000
133888  -51.115  -0.936  46.277 0.0000000000
97477  -50.947  -0.554  45.415 0.0000000000
139891  -50.113  -0.737  45.400 0.0000000000
97490  -50.348  -0.462  44.773 0.0000000000
134460  -48.146  -0.854  47.087 0.0000000000
97475  -48.381  -0.889  45.705 0.0000000000
127793  -47.893  -0.807  46.333 0.0000000000
97474  -47.517  -1.009  45.610 0.0000000000
127346  -47.115  -0.965  46.308 0.0000000000
98091  -46.634  -0.304  51.024 0.0000000000
97419  -46.571  -1.261  49.980 0.0000000000
98098  -46.202  -0.617  50.489 0.0000000000
98105  -44.592  -0.481  48.465 0.0000000000
97423  -45.320  -0.882  49.044 0.0000000000
98106  -45.328  -0.980  48.014 0.0000000000
97456  -45.503  -1.355  46.549 0.0000000000
97455  -44.817  -1.292  46.199 0.0000000000
97471  -44.630  -1.350  45.312 0.0000000000
98116  -44.253  -0.883  46.688 0.0000000000
99496  -43.672  1.197  46.798 0.0000000000
98819  -43.508  0.480  46.567 0.0000000000
137885  -43.525  1.163  45.996 0.0000000000
99510  -43.361  1.026  44.950 0.0000000000
99511  -43.849  1.707  45.318 0.0000000000
89754  -47.788  -10.914  32.907 0.0000000000
91613  -47.104  -9.579  33.163 0.0000000000
91461  -41.286  -9.366  50.199 0.0000000000
92260  -43.086  -9.160  51.744 0.0000000000
132473  -43.589  -8.614  51.626 0.0000000000
125887  -43.712  -8.920  52.036 0.0000000000
92238  -42.618  -7.704  54.162 0.0000000000
92252  -44.863  -8.548  52.945 0.0000000000
152133  -44.877  -8.540  52.421 0.0000000000
92258  -45.539  -8.291  52.431 0.0000000000
92253  -45.672  -8.225  53.293 0.0000000000
93028  -46.708  -6.905  55.315 0.0000000000
93044  -47.210  -7.471  53.621 0.0000000000
93029  -47.370  -7.113  54.621 0.0000000000
93755  -48.140  -6.618  54.925 0.0000000000
95943  -46.665  -3.984  55.628 0.0000000000
131412  -45.386  -5.047  56.734 0.0000000000
95168  -46.221  -4.980  57.410 0.0000000000
94435  -46.487  -5.232  58.006 0.0000000000
95157  -46.774  -4.959  58.329 0.0000000000
95159  -48.438  -4.922  57.592 0.0000000000
94437  -48.149  -5.130  57.851 0.0000000000
94438  -48.812  -4.997  57.320 0.0000000000
94452  -49.385  -4.690  56.720 0.0000000000
95184  -50.283  -4.447  55.784 0.0000000000
95161  -49.764  -3.997  56.593 0.0000000000
97355  -50.215  -1.514  56.473 0.0000000000
96642  -50.432  -1.861  56.158 0.0000000000
97356  -50.867  -1.188  57.176 0.0000000000
96644  -51.730  -1.436  56.625 0.0000000000
98044  -51.332  -0.292  57.405 0.0000000000
133233  -54.885  -9.366  42.247 0.0000000000
90620  -53.656  -10.557  43.652 0.0000000000
90629  -53.766  -10.684  42.773 0.0000000000
89653  -52.997  -11.892  42.474 0.0000000000
89608  -52.089  -10.969  46.685 0.0000000000
90575  -52.535  -10.671  47.151 0.0000000000
90587  -52.703  -10.598  46.443 0.0000000000
90588  -53.318  -10.242  46.238 0.0000000000
90597  -52.895  -10.652  45.776 0.0000000000
89620  -52.561  -11.210  45.540 0.0000000000
88685  -51.698  -12.601  45.210 0.0000000000
88696  -51.861  -12.997  44.393 0.0000000000
88697  -52.397  -12.711  43.759 0.0000000000
129325  -51.346  -13.451  44.192 0.0000000000
87802  -50.872  -13.788  43.607 0.0000000000
87790  -50.802  -13.663  44.448 0.0000000000
125982  -48.993  -14.502  45.692 0.0000000000
86823  -49.576  -14.317  45.052 0.0000000000
86822  -48.195  -14.531  45.389 0.0000000000
86816  -47.293  -14.602  46.071 0.0000000000
136790  -48.969  -14.509  48.736 0.0000000000
130467  -48.703  -14.511  48.064 0.0000000000
85853  -46.070  -14.846  47.759 0.0000000000
85854  -46.886  -14.851  47.599 0.0000000000
131608  -46.177  -14.559  47.237 0.0000000000
86815  -46.376  -14.337  46.504 0.0000000000
86814  -45.638  -14.092  46.930 0.0000000000
87770  -45.283  -13.394  46.646 0.0000000000
87763  -45.065  -13.694  47.348 0.0000000000
86741  -50.310  -14.648  55.179 0.0000000000
88569  -45.489  -12.435  59.161 0.0000000000
147616  -46.485  -12.341  59.148 0.0000000000
88570  -47.483  -12.301  58.784 0.0000000000
87655  -47.037  -12.955  58.438 0.0000000000
86706  -43.475  -14.011  57.354 0.0000000000
87672  -43.876  -13.510  57.947 0.0000000000
86707  -44.368  -14.136  57.378 0.0000000000
86727  -46.617  -14.565  56.666 0.0000000000
86709  -46.163  -14.178  57.426 0.0000000000
86710  -47.034  -13.997  57.220 0.0000000000
87676  -47.487  -13.439  57.769 0.0000000000
87692  -47.874  -13.891  57.059 0.0000000000
87693  -48.702  -13.813  56.946 0.0000000000
86729  -48.241  -14.415  56.369 0.0000000000
85802  -47.649  -15.380  54.385 0.0000000000
85796  -48.114  -15.250  54.994 0.0000000000
85803  -48.337  -15.367  54.229 0.0000000000
85804  -48.912  -15.347  54.036 0.0000000000
85812  -48.553  -15.400  53.431 0.0000000000
85811  -47.863  -15.427  53.168 0.0000000000
84872  -45.867  -16.500  52.479 0.0000000000
144540  -46.661  -16.107  52.354 0.0000000000
84879  -46.201  -16.542  51.785 0.0000000000
131767  -45.834  -16.566  51.190 0.0000000000
87739  -41.420  -13.711  49.681 0.0000000000
128352  -42.357  -13.885  49.358 0.0000000000
146180  -41.278  -12.921  49.423 0.0000000000
88641  -41.470  -12.364  48.997 0.0000000000
89583  -40.451  -11.512  49.842 0.0000000000
89576  -39.952  -11.510  51.163 0.0000000000
150764  -40.280  -11.148  50.925 0.0000000000
88623  -38.457  -12.943  52.273 0.0000000000
148630  -38.589  -12.293  52.220 0.0000000000
89565  -38.414  -11.696  52.313 0.0000000000
91439  -39.018  -10.037  52.679 0.0000000000
152237  -39.549  -9.732  52.741 0.0000000000
91428  -38.842  -9.304  53.194 0.0000000000
90708  -55.635  -10.063  33.486 0.0000000000
90722  -55.595  -9.413  33.328 0.0000000000
91616  -54.878  -9.514  32.406 0.0000000000
90720  -54.829  -9.823  32.279 0.0000000000
89767  -54.196  -10.209  31.866 0.0000000000
132280  -49.986  -13.423  41.297 0.0000000000
87828  -51.186  -13.135  40.628 0.0000000000
129508  -51.136  -12.470  38.918 0.0000000000
126100  -48.483  -12.361  38.130 0.0000000000
88761  -49.017  -12.443  37.318 0.0000000000
89716  -50.843  -11.925  35.888 0.0000000000
129886  -51.744  -11.661  35.867 0.0000000000
89731  -52.211  -11.174  35.300 0.0000000000
90694  -52.762  -10.469  34.514 0.0000000000
89745  -51.927  -10.821  34.160 0.0000000000
90718  -52.892  -10.210  31.774 0.0000000000
89765  -53.153  -10.674  31.418 0.0000000000
88820  -52.600  -11.096  31.083 0.0000000000
90740  -52.043  -10.754  30.756 0.0000000000
90729  -50.818  -10.136  31.194 0.0000000000
90739  -51.286  -10.569  30.858 0.0000000000
90738  -50.284  -10.247  31.050 0.0000000000
91601  -49.224  -9.251  34.140 0.0000000000
91630  -49.050  -9.073  31.241 0.0000000000
91629  -48.549  -8.839  31.226 0.0000000000
91622  -48.515  -9.322  31.350 0.0000000000
93182  -48.457  -7.540  31.466 0.0000000000
93176  -48.161  -7.315  31.817 0.0000000000
141485  -47.615  -7.887  32.345 0.0000000000
93169  -48.673  -6.678  32.162 0.0000000000
92271  -42.032  -8.272  49.153 0.0000000000
92275  -42.197  -8.701  48.288 0.0000000000
93064  -42.364  -7.928  48.443 0.0000000000
93788  -43.436  -6.566  47.566 0.0000000000
93795  -43.828  -6.844  46.736 0.0000000000
93074  -43.670  -7.645  46.270 0.0000000000
94497  -45.593  -5.526  49.362 0.0000000000
94505  -45.996  -5.125  48.493 0.0000000000
94518  -46.138  -5.124  46.380 0.0000000000
132208  -45.646  -5.217  46.896 0.0000000000
94528  -45.560  -5.680  45.761 0.0000000000
93814  -45.294  -6.813  44.445 0.0000000000
93815  -45.852  -6.161  44.211 0.0000000000
94547  -47.315  -5.025  43.769 0.0000000000
133173  -47.176  -5.898  42.439 0.0000000000
93837  -47.581  -6.539  41.698 0.0000000000
94563  -47.815  -5.609  41.945 0.0000000000
94494  -51.332  -5.067  51.539 0.0000000000
94493  -50.680  -5.351  51.057 0.0000000000
95225  -51.366  -4.856  50.833 0.0000000000
95235  -50.854  -4.403  48.451 0.0000000000
126796  -50.278  -4.427  47.742 0.0000000000
96014  -53.040  -2.591  45.426 0.0000000000
96004  -52.690  -3.206  46.680 0.0000000000
140760  -52.426  -3.047  45.877 0.0000000000
96021  -50.913  -3.492  44.611 0.0000000000
96013  -50.986  -3.591  45.475 0.0000000000
96012  -50.303  -3.695  45.317 0.0000000000
95262  -49.707  -4.033  45.747 0.0000000000
127247  -49.547  -3.947  45.016 0.0000000000
95272  -48.789  -4.246  44.481 0.0000000000
95273  -49.508  -3.761  44.168 0.0000000000
94565  -48.946  -4.814  40.996 0.0000000000
95299  -48.952  -4.583  41.868 0.0000000000
94572  -48.719  -5.729  40.800 0.0000000000
93846  -49.050  -5.911  39.993 0.0000000000
94582  -50.326  -5.069  38.694 0.0000000000
94588  -50.040  -5.764  38.585 0.0000000000
147124  -50.516  -5.302  38.001 0.0000000000
94596  -50.981  -5.149  37.090 0.0000000000
139246  -51.009  -3.053  38.665 0.0000000000
96075  -51.287  -3.074  37.609 0.0000000000
95342  -51.537  -4.509  35.609 0.0000000000
95334  -51.565  -4.143  36.207 0.0000000000
94604  -51.611  -5.007  35.243 0.0000000000
146518  -51.613  -4.956  34.719 0.0000000000
93899  -51.387  -5.124  34.017 0.0000000000
94619  -51.156  -5.098  33.608 0.0000000000
93887  -50.126  -5.511  34.159 0.0000000000
94618  -50.824  -5.176  33.438 0.0000000000
93896  -49.335  -6.250  33.762 0.0000000000
93164  -48.370  -6.952  33.558 0.0000000000
137441  -49.724  -2.380  36.547 0.0000000000
125947  -49.299  -1.460  36.448 0.0000000000
96805  -47.721  -2.345  36.892 0.0000000000
96806  -48.416  -3.094  37.105 0.0000000000
98157  -49.841  -0.765  42.080 0.0000000000
148079  -50.042  -0.492  41.232 0.0000000000
98173  -49.231  -0.703  41.293 0.0000000000
144939  -47.466  -0.563  40.105 0.0000000000
98205  -48.379  -0.398  39.626 0.0000000000
98880  -47.931  0.440  37.436 0.0000000000
98221  -47.368  -0.176  38.254 0.0000000000
98186  -45.095  -0.647  40.474 0.0000000000
98169  -45.887  -0.649  40.946 0.0000000000
98202  -45.213  -0.574  39.489 0.0000000000
98245  -44.820  -0.021  36.280 0.0000000000
98234  -45.606  0.066  37.290 0.0000000000
98890  -45.877  0.416  36.088 0.0000000000
98904  -45.309  0.211  35.070 0.0000000000
98265  -45.583  -0.448  34.143 0.0000000000
98926  -44.864  -0.432  34.037 0.0000000000
96822  -43.093  -1.461  34.448 0.0000000000
96801  -43.247  -2.459  36.219 0.0000000000
149735  -43.498  -2.882  37.064 0.0000000000
144312  -42.911  -2.788  36.975 0.0000000000
96799  -41.479  -2.148  36.599 0.0000000000
96798  -41.035  -2.180  37.418 0.0000000000
98903  -40.652  0.086  35.883 0.0000000000
98888  -39.995  0.529  36.410 0.0000000000
98887  -38.866  0.199  36.690 0.0000000000
98229  -38.966  -0.278  36.560 0.0000000000
97551  -38.951  -1.165  37.715 0.0000000000
100291  -45.919  3.405  40.439 0.0000000000
100290  -44.799  2.939  40.301 0.0000000000
100301  -45.330  3.586  40.287 0.0000000000
101016  -43.887  3.514  39.197 0.0000000000
101021  -42.908  3.694  38.848 0.0000000000
89596  -43.683  -11.711  47.437 0.0000000000
89605  -43.992  -11.209  46.757 0.0000000000
132709  -43.501  -10.910  47.164 0.0000000000
91475  -43.188  -9.370  46.814 0.0000000000
100203  -50.612  2.636  53.680 0.0000000000
142863  -49.569  2.527  53.110 0.0000000000
129981  -48.176  2.111  52.334 0.0000000000
100920  -48.528  3.773  52.780 0.0000000000
100919  -47.713  4.175  52.271 0.0000000000
101626  -47.619  5.072  52.129 0.0000000000
88802  -51.625  -12.623  32.361 0.0000000000
93011  -39.898  -6.674  57.493 0.0000000000
87732  -51.118  -13.910  50.816 0.0000000000
86785  -49.903  -14.337  50.483 0.0000000000
130848  -50.088  -14.423  51.098 0.0000000000
149227  -49.541  -14.665  51.428 0.0000000000
85825  -49.102  -14.876  51.714 0.0000000000
85808  -38.551  -15.714  53.495 0.0000000000
85816  -38.137  -15.267  53.118 0.0000000000
86758  -37.327  -14.869  53.418 0.0000000000
89663  -53.433  -11.439  41.419 0.0000000000
89672  -52.882  -11.905  40.836 0.0000000000
88730  -52.394  -12.229  40.369 0.0000000000
147831  -48.005  -9.846  39.310 0.0000000000
91554  -48.231  -9.132  39.467 0.0000000000
147111  -48.575  -9.063  38.258 0.0000000000
92379  -48.760  -9.004  37.551 0.0000000000
137880  -48.983  -8.489  38.163 0.0000000000
92370  -49.334  -7.882  38.037 0.0000000000
133995  -49.465  -7.208  38.263 0.0000000000
93763  -48.056  -6.762  52.012 0.0000000000
93769  -47.951  -6.522  51.576 0.0000000000
93770  -48.715  -6.424  51.708 0.0000000000
93779  -49.143  -6.142  51.294 0.0000000000
94492  -49.178  -5.871  50.827 0.0000000000
98127  -52.844  -0.402  44.927 0.0000000000
98137  -53.554  -0.741  44.360 0.0000000000
98136  -53.077  -0.239  43.999 0.0000000000
98161  -53.418  -0.158  42.661 0.0000000000
98175  -53.449  -0.094  42.060 0.0000000000
98193  -53.420  0.032  40.947 0.0000000000
98862  -53.283  0.468  41.110 0.0000000000
98872  -52.696  0.852  39.801 0.0000000000
99570  -52.297  1.017  39.119 0.0000000000
98884  -52.000  1.019  38.147 0.0000000000
98871  -51.963  1.112  39.418 0.0000000000
98870  -50.998  0.845  39.238 0.0000000000
98858  -50.391  0.201  39.893 0.0000000000
98132  -42.691  -0.199  44.052 0.0000000000
98155  -42.838  -0.832  42.748 0.0000000000
98141  -42.569  -0.312  43.221 0.0000000000
98154  -42.417  -0.155  42.363 0.0000000000
98857  -42.160  0.609  40.319 0.0000000000
128477  -42.274  1.026  41.012 0.0000000000
99551  -42.836  1.895  40.270 0.0000000000
86843  -47.735  -13.996  43.912 0.0000000000
87801  -48.423  -13.773  43.248 0.0000000000
87800  -47.004  -13.262  43.872 0.0000000000
88694  -46.656  -12.381  43.732 0.0000000000
90606  -44.847  -10.058  44.687 0.0000000000
90607  -45.384  -10.517  44.147 0.0000000000
146252  -45.245  -9.840  43.988 0.0000000000
91513  -46.092  -9.387  43.050 0.0000000000
91523  -46.549  -9.520  42.439 0.0000000000
93098  -46.155  -7.606  43.201 0.0000000000
96665  -52.015  -2.621  55.028 0.0000000000
95958  -52.208  -3.639  54.050 0.0000000000
96675  -52.287  -2.641  54.432 0.0000000000
97387  -52.387  -2.390  53.798 0.0000000000
97408  -50.025  -1.393  52.526 0.0000000000
134531  -50.843  -1.660  52.651 0.0000000000
97415  -50.653  -1.963  51.945 0.0000000000
96712  -50.589  -2.405  50.267 0.0000000000
96718  -50.706  -2.221  49.361 0.0000000000
97437  -50.820  -1.762  48.599 0.0000000000
97427  -50.123  -2.054  48.780 0.0000000000
141183  -49.944  -1.668  48.220 0.0000000000
97447  -49.776  -1.207  47.553 0.0000000000
97458  -49.574  -0.960  46.698 0.0000000000
97446  -48.962  -1.126  47.338 0.0000000000
97435  -48.321  -1.189  48.005 0.0000000000
97434  -47.432  -1.338  48.308 0.0000000000
139499  -45.504  1.434  50.674 0.0000000000
98097  -45.440  -0.201  50.272 0.0000000000
98804  -45.107  0.635  50.373 0.0000000000
98807  -44.512  0.478  49.337 0.0000000000
98810  -44.314  0.191  48.689 0.0000000000
143731  -43.747  -0.226  47.145 0.0000000000
98813  -44.057  0.777  48.176 0.0000000000
99497  -44.148  1.545  47.518 0.0000000000
100240  -44.785  2.349  47.181 0.0000000000
91446  -40.861  -9.800  51.603 0.0000000000
91455  -41.339  -9.301  51.106 0.0000000000
91447  -41.600  -9.359  51.831 0.0000000000
91448  -42.524  -9.320  51.973 0.0000000000
92239  -43.515  -8.085  53.889 0.0000000000
93039  -43.960  -7.477  54.603 0.0000000000
133793  -44.712  -7.770  54.371 0.0000000000
93042  -45.910  -7.976  54.170 0.0000000000
93027  -46.050  -7.293  54.963 0.0000000000
129383  -46.790  -6.447  56.556 0.0000000000
95169  -47.146  -4.701  57.799 0.0000000000
95934  -47.658  -4.255  56.653 0.0000000000
95935  -48.483  -3.923  56.587 0.0000000000
96640  -49.236  -3.309  56.413 0.0000000000
95924  -49.492  -3.747  56.587 0.0000000000
96655  -49.557  -2.097  56.055 0.0000000000
97370  -49.816  -1.189  56.501 0.0000000000
91524  -55.219  -9.007  42.967 0.0000000000
89607  -51.650  -11.636  46.836 0.0000000000
89619  -52.033  -11.423  46.114 0.0000000000
88672  -51.501  -12.181  46.138 0.0000000000
87773  -51.082  -13.052  45.785 0.0000000000
86824  -50.402  -13.691  45.248 0.0000000000
86818  -49.079  -14.360  46.571 0.0000000000
85846  -47.423  -15.460  49.029 0.0000000000
85845  -47.300  -15.198  48.285 0.0000000000
150853  -46.795  -15.507  48.650 0.0000000000
128692  -44.992  -14.644  48.302 0.0000000000
85779  -43.524  -15.182  56.171 0.0000000000
86725  -44.890  -14.685  56.635 0.0000000000
85780  -44.350  -15.253  56.064 0.0000000000
148951  -45.506  -14.918  56.158 0.0000000000
85782  -46.193  -14.941  56.049 0.0000000000
86737  -47.026  -15.016  55.939 0.0000000000
85794  -46.499  -15.297  55.329 0.0000000000
85801  -46.791  -15.454  54.522 0.0000000000
85810  -47.146  -15.477  53.662 0.0000000000
84863  -45.579  -16.312  53.267 0.0000000000
84871  -44.987  -16.622  52.539 0.0000000000
146246  -41.262  -14.391  50.166 0.0000000000
87738  -40.695  -13.810  50.272 0.0000000000
87745  -40.740  -13.050  49.860 0.0000000000
88634  -40.356  -12.308  50.136 0.0000000000
87737  -40.189  -13.073  50.414 0.0000000000
88633  -39.961  -12.322  50.713 0.0000000000
89572  -39.392  -11.716  51.647 0.0000000000
91603  -54.290  -9.502  34.016 0.0000000000
91615  -54.485  -9.514  32.621 0.0000000000
87826  -49.373  -13.161  40.780 0.0000000000
88727  -49.692  -12.927  39.903 0.0000000000
88782  -49.312  -11.716  35.998 0.0000000000
88770  -49.633  -12.237  36.521 0.0000000000
89729  -50.445  -11.521  34.991 0.0000000000
90717  -51.802  -10.104  31.408 0.0000000000
140769  -49.588  -8.265  33.247 0.0000000000
92422  -49.685  -7.448  32.035 0.0000000000
138274  -49.494  -7.064  31.620 0.0000000000
93183  -48.785  -7.558  31.499 0.0000000000
93913  -49.836  -6.442  31.857 0.0000000000
93906  -50.266  -5.980  32.175 0.0000000000
93057  -42.885  -7.700  50.363 0.0000000000
93065  -42.706  -7.249  48.586 0.0000000000
93062  -43.099  -7.124  49.519 0.0000000000
93785  -43.306  -6.599  48.576 0.0000000000
93789  -43.859  -5.933  48.051 0.0000000000
131630  -47.126  -5.084  48.444 0.0000000000
94529  -46.253  -5.280  45.501 0.0000000000
94538  -46.405  -5.417  44.562 0.0000000000
94539  -47.220  -4.890  44.520 0.0000000000
151711  -47.621  -4.781  44.251 0.0000000000
127386  -52.183  -4.452  50.580 0.0000000000
95230  -51.357  -4.570  50.016 0.0000000000
126906  -52.194  -4.196  49.561 0.0000000000
95236  -51.772  -4.133  48.622 0.0000000000
95242  -51.341  -3.995  47.730 0.0000000000
96022  -52.572  -2.644  44.201 0.0000000000
143288  -51.764  -3.113  44.159 0.0000000000
96032  -51.062  -3.407  43.619 0.0000000000
96031  -50.289  -3.537  43.883 0.0000000000
95282  -49.598  -3.796  43.295 0.0000000000
96042  -50.402  -3.610  42.921 0.0000000000
95300  -49.661  -4.188  41.378 0.0000000000
95310  -49.659  -4.567  40.403 0.0000000000
135737  -49.508  -5.180  39.940 0.0000000000
96793  -51.325  -2.108  37.815 0.0000000000
96091  -51.514  -3.978  35.790 0.0000000000
96096  -51.441  -4.452  35.367 0.0000000000
94611  -51.209  -4.829  34.105 0.0000000000
94602  -49.972  -5.146  35.527 0.0000000000
93878  -49.406  -5.678  35.426 0.0000000000
95339  -49.192  -4.608  36.408 0.0000000000
97570  -48.843  -0.529  35.820 0.0000000000
97569  -48.270  -0.951  36.138 0.0000000000
96813  -47.557  -1.418  36.230 0.0000000000
97501  -48.091  -0.867  43.324 0.0000000000
97513  -48.133  -0.860  42.347 0.0000000000
98171  -47.412  -0.722  40.980 0.0000000000
98187  -46.693  -0.642  40.537 0.0000000000
127269  -44.436  -0.567  38.801 0.0000000000
98233  -44.033  -0.210  37.021 0.0000000000
98244  -44.468  -0.210  34.995 0.0000000000
98257  -44.243  -0.474  34.225 0.0000000000
147858  -43.426  -0.787  34.186 0.0000000000
97567  -41.941  -1.559  35.141 0.0000000000
97566  -41.195  -1.484  35.568 0.0000000000
127195  -40.790  -0.879  35.267 0.0000000000
99574  -40.369  1.022  37.378 0.0000000000
99573  -39.856  1.019  37.208 0.0000000000
98228  -38.493  -0.160  37.116 0.0000000000
98213  -38.359  -0.519  37.958 0.0000000000
98877  -38.390  0.029  37.928 0.0000000000
98865  -38.103  0.574  38.721 0.0000000000
87778  -45.520  -13.096  45.925 0.0000000000
88670  -45.314  -12.337  45.573 0.0000000000
90595  -44.704  -10.815  45.512 0.0000000000
91503  -44.443  -9.281  44.937 0.0000000000
98066  -51.520  -0.753  54.481 0.0000000000
98781  -51.227  0.828  54.365 0.0000000000
98780  -50.699  0.540  53.856 0.0000000000
98779  -50.379  0.149  53.491 0.0000000000
140020  -50.602  2.035  53.339 0.0000000000
98793  -50.009  0.789  53.112 0.0000000000
98087  -50.073  -0.440  53.103 0.0000000000
98094  -48.998  -1.383  51.864 0.0000000000
150683  -48.372  -1.593  51.165 0.0000000000
132206  -48.149  -1.025  51.603 0.0000000000
98092  -47.366  -0.535  51.384 0.0000000000
98798  -46.823  0.416  51.378 0.0000000000
147641  -47.489  1.868  51.857 0.0000000000
136139  -46.803  2.125  51.419 0.0000000000
99489  -46.327  1.342  51.223 0.0000000000
100224  -45.878  2.453  50.830 0.0000000000
100223  -45.414  3.087  50.079 0.0000000000
100933  -45.688  3.845  49.846 0.0000000000
88810  -49.664  -11.881  32.450 0.0000000000
92247  -40.214  -8.226  53.555 0.0000000000
92248  -41.287  -8.274  53.508 0.0000000000
92237  -41.678  -7.638  54.346 0.0000000000
93037  -42.124  -6.903  55.491 0.0000000000
93023  -41.337  -6.696  56.784 0.0000000000
93024  -42.812  -6.653  56.193 0.0000000000
88657  -50.918  -12.542  48.223 0.0000000000
87756  -50.039  -13.647  48.487 0.0000000000
86789  -48.849  -14.685  49.437 0.0000000000
86784  -49.463  -14.486  50.023 0.0000000000
84892  -45.672  -16.384  49.905 0.0000000000
135505  -42.217  -13.201  58.007 0.0000000000
86705  -42.607  -13.794  57.328 0.0000000000
86723  -43.070  -14.442  56.711 0.0000000000
142247  -41.845  -14.930  56.274 0.0000000000
85778  -42.679  -14.988  56.202 0.0000000000
85790  -43.070  -15.710  55.655 0.0000000000
135609  -39.696  -14.090  51.637 0.0000000000
87724  -39.204  -13.987  52.091 0.0000000000
87723  -38.396  -13.825  52.376 0.0000000000
87722  -37.669  -13.295  52.572 0.0000000000
87717  -37.295  -14.042  52.850 0.0000000000
88621  -37.163  -12.516  52.741 0.0000000000
139986  -47.770  -11.937  40.468 0.0000000000
88737  -47.832  -12.227  39.727 0.0000000000
88749  -47.654  -11.892  39.379 0.0000000000
89706  -48.077  -11.359  37.558 0.0000000000
90666  -47.906  -10.371  38.560 0.0000000000
89715  -48.370  -11.327  36.824 0.0000000000
90702  -49.209  -10.159  34.724 0.0000000000
91590  -49.003  -9.753  35.141 0.0000000000
92403  -49.134  -9.072  35.174 0.0000000000
92391  -48.959  -8.942  36.684 0.0000000000
92404  -49.485  -8.250  35.345 0.0000000000
133711  -49.899  -7.464  35.548 0.0000000000
93059  -45.585  -7.312  51.202 0.0000000000
93774  -44.955  -6.891  50.558 0.0000000000
93775  -45.794  -6.597  50.623 0.0000000000
94488  -46.052  -5.775  50.191 0.0000000000
94489  -46.934  -5.745  50.278 0.0000000000
93777  -47.884  -6.163  51.088 0.0000000000
94490  -47.787  -5.766  50.478 0.0000000000
95232  -47.915  -4.659  47.939 0.0000000000
95240  -48.591  -4.517  47.344 0.0000000000
147767  -53.501  -2.463  48.024 0.0000000000
95993  -53.427  -2.916  47.818 0.0000000000
96728  -53.712  -2.145  46.503 0.0000000000
96737  -53.670  -2.119  45.749 0.0000000000
96745  -53.503  -2.195  44.978 0.0000000000
97491  -53.738  -1.358  44.566 0.0000000000
96746  -53.666  -1.670  44.501 0.0000000000
135886  -53.298  -2.253  44.278 0.0000000000
96762  -52.823  -2.172  42.745 0.0000000000
138381  -52.178  -2.374  42.146 0.0000000000
96770  -51.635  -2.636  41.465 0.0000000000
96057  -51.224  -2.919  40.840 0.0000000000
96777  -51.670  -2.374  40.518 0.0000000000
96786  -51.870  -1.956  39.658 0.0000000000
97546  -51.809  -1.631  38.884 0.0000000000
97572  -50.809  -1.751  36.241 0.0000000000
127052  -50.538  -0.750  36.475 0.0000000000
144772  -49.925  -0.240  36.281 0.0000000000
99585  -51.042  1.126  36.783 0.0000000000
98907  -50.451  0.725  36.457 0.0000000000
98920  -49.814  0.252  36.181 0.0000000000
98919  -48.974  0.712  35.493 0.0000000000
98918  -48.426  1.069  34.957 0.0000000000
98906  -47.956  1.232  35.053 0.0000000000
97498  -45.155  -1.315  43.920 0.0000000000
97511  -45.829  -0.800  42.670 0.0000000000
147658  -45.010  -0.967  42.234 0.0000000000
97538  -44.233  -0.796  40.962 0.0000000000
97508  -43.450  -1.054  42.288 0.0000000000
97524  -43.496  -0.799  41.437 0.0000000000
128342  -43.575  -0.641  39.117 0.0000000000
132166  -42.910  -0.383  37.899 0.0000000000
98231  -42.341  -0.139  36.838 0.0000000000
98215  -41.643  0.228  37.367 0.0000000000
98879  -41.095  0.827  37.664 0.0000000000
98866  -41.437  1.068  38.553 0.0000000000
99566  -40.897  1.704  38.009 0.0000000000
100315  -40.799  2.934  38.361 0.0000000000
131756  -51.468  -13.484  42.635 0.0000000000
87820  -51.482  -13.209  41.529 0.0000000000
130972  -50.661  -13.520  41.919 0.0000000000
87818  -48.855  -13.180  42.086 0.0000000000
87819  -49.287  -13.249  41.521 0.0000000000
129905  -48.153  -12.287  40.912 0.0000000000
89639  -46.634  -11.600  43.277 0.0000000000
89638  -45.925  -11.030  43.707 0.0000000000
89640  -47.232  -11.752  42.683 0.0000000000
89662  -47.733  -11.507  41.213 0.0000000000
89671  -47.664  -11.174  40.652 0.0000000000
90637  -47.563  -10.571  41.007 0.0000000000
150711  -47.572  -10.102  40.604 0.0000000000
91533  -46.961  -9.584  41.741 0.0000000000
91534  -47.446  -9.693  40.989 0.0000000000
135285  -47.652  -8.778  40.628 0.0000000000
92349  -47.632  -7.934  40.812 0.0000000000
93121  -48.118  -7.317  40.631 0.0000000000
94476  -50.462  -5.441  53.285 0.0000000000
94480  -50.590  -5.552  52.415 0.0000000000
94481  -51.199  -5.074  52.974 0.0000000000
95216  -51.937  -4.539  52.813 0.0000000000
95220  -52.050  -4.591  52.103 0.0000000000
95214  -52.922  -3.896  53.171 0.0000000000
95217  -52.721  -4.187  52.794 0.0000000000
95226  -52.980  -4.258  51.323 0.0000000000
148830  -53.422  -3.296  50.299 0.0000000000
95990  -53.604  -3.107  49.355 0.0000000000
97397  -51.409  -1.380  53.807 0.0000000000
138746  -52.163  -2.225  53.042 0.0000000000
147867  -52.305  -2.415  52.461 0.0000000000
97409  -51.426  -1.900  52.626 0.0000000000
97416  -51.779  -2.327  51.869 0.0000000000
96705  -53.162  -2.685  51.647 0.0000000000
129489  -53.066  -2.585  50.783 0.0000000000
96719  -53.073  -2.386  49.843 0.0000000000
152139  -53.450  -2.416  48.639 0.0000000000
97440  -53.310  -2.035  48.279 0.0000000000
97450  -53.207  -1.712  47.625 0.0000000000
97461  -53.126  -1.513  46.623 0.0000000000
135582  -51.315  -1.528  48.098 0.0000000000
97460  -52.088  -1.228  46.431 0.0000000000
97479  -52.743  -0.997  45.674 0.0000000000
98126  -51.917  -0.327  45.130 0.0000000000
126004  -51.064  -0.292  43.392 0.0000000000
98158  -50.912  -0.457  42.468 0.0000000000
98144  -50.541  -0.166  44.106 0.0000000000
127264  -49.067  -0.861  43.706 0.0000000000
97476  -49.356  -0.879  45.797 0.0000000000
145257  -48.852  -1.109  45.020 0.0000000000
97488  -48.432  -1.004  44.228 0.0000000000
97500  -47.574  -1.059  44.077 0.0000000000
126535  -47.022  -1.191  44.771 0.0000000000
148885  -46.475  -1.212  44.451 0.0000000000
97420  -47.357  -1.560  50.152 0.0000000000
128326  -47.139  -1.529  49.230 0.0000000000
97433  -46.594  -1.356  48.529 0.0000000000
98103  -45.777  -0.895  49.818 0.0000000000
145835  -45.890  -1.180  48.590 0.0000000000
97444  -46.804  -0.915  47.033 0.0000000000
97457  -46.277  -1.254  46.416 0.0000000000
97487  -45.326  -1.361  44.753 0.0000000000
97486  -44.453  -1.354  44.422 0.0000000000
97470  -43.865  -1.225  44.921 0.0000000000
98133  -43.241  -0.721  44.478 0.0000000000
98115  -43.642  -0.421  46.230 0.0000000000
98124  -43.457  -0.596  45.349 0.0000000000
98123  -42.862  0.025  44.873 0.0000000000
98829  -42.812  0.565  44.213 0.0000000000
99516  -43.192  1.246  44.099 0.0000000000
99527  -43.477  1.649  43.324 0.0000000000
90562  -41.303  -10.637  48.979 0.0000000000
145158  -41.704  -10.130  48.484 0.0000000000
91467  -41.410  -9.544  49.192 0.0000000000
92270  -41.655  -8.759  49.691 0.0000000000
137259  -42.193  -8.230  50.070 0.0000000000
152547  -43.395  -7.943  51.121 0.0000000000
91432  -42.654  -8.897  52.949 0.0000000000
91433  -43.222  -9.001  52.672 0.0000000000
92251  -43.738  -8.762  53.088 0.0000000000
92256  -43.749  -8.900  52.456 0.0000000000
92261  -44.299  -8.545  51.835 0.0000000000
93051  -44.953  -8.073  51.548 0.0000000000
93052  -45.678  -7.959  51.802 0.0000000000
93047  -46.372  -7.772  52.151 0.0000000000
93043  -46.414  -7.861  53.509 0.0000000000
93048  -46.879  -7.556  52.742 0.0000000000
93049  -47.800  -7.111  52.747 0.0000000000
93758  -48.422  -6.738  53.141 0.0000000000
93756  -49.265  -6.074  54.201 0.0000000000
93724  -45.915  -5.742  57.472 0.0000000000
93725  -46.896  -5.863  57.542 0.0000000000
93736  -47.586  -6.146  56.966 0.0000000000
95158  -47.594  -5.152  58.138 0.0000000000
93726  -47.640  -5.533  57.707 0.0000000000
93750  -48.227  -6.133  56.143 0.0000000000
93751  -48.950  -6.045  55.277 0.0000000000
94473  -49.621  -5.629  54.830 0.0000000000
94474  -50.247  -5.211  54.303 0.0000000000
95200  -50.609  -4.352  54.795 0.0000000000
95945  -50.933  -3.262  55.246 0.0000000000
95925  -50.017  -2.956  56.000 0.0000000000
95937  -50.677  -2.812  55.652 0.0000000000
95938  -51.389  -2.602  55.382 0.0000000000
96657  -52.057  -2.094  55.970 0.0000000000
97371  -52.134  -1.480  56.244 0.0000000000
129887  -52.298  -0.766  56.203 0.0000000000
98747  -51.585  0.502  57.487 0.0000000000
151421  -54.347  -10.211  42.381 0.0000000000
137241  -53.924  -10.847  41.981 0.0000000000
88708  -52.549  -12.520  42.311 0.0000000000
87804  -52.310  -13.046  42.913 0.0000000000
90608  -53.557  -10.479  44.558 0.0000000000
135743  -53.163  -11.111  44.215 0.0000000000
89629  -52.707  -11.527  44.809 0.0000000000
89641  -52.806  -11.862  43.965 0.0000000000
86845  -49.980  -14.172  43.516 0.0000000000
86833  -49.274  -14.339  44.219 0.0000000000
86832  -48.333  -14.380  44.519 0.0000000000
86831  -47.374  -14.294  44.911 0.0000000000
86810  -49.212  -14.205  47.460 0.0000000000
86798  -47.862  -14.761  47.822 0.0000000000
86808  -47.598  -14.564  47.006 0.0000000000
88656  -44.431  -12.606  47.025 0.0000000000
88655  -44.061  -12.532  47.500 0.0000000000
88648  -43.579  -12.500  47.907 0.0000000000
86760  -51.173  -14.649  53.128 0.0000000000
88557  -47.975  -11.791  59.250 0.0000000000
88571  -48.404  -12.270  58.546 0.0000000000
88584  -48.812  -12.653  57.998 0.0000000000
87674  -45.667  -13.483  57.932 0.0000000000
86708  -45.290  -14.202  57.433 0.0000000000
87678  -49.169  -13.205  57.489 0.0000000000
87694  -49.531  -13.768  56.853 0.0000000000
86731  -49.910  -14.287  56.099 0.0000000000
86738  -47.803  -14.919  55.768 0.0000000000
86740  -49.372  -14.757  55.387 0.0000000000
86750  -50.361  -14.856  54.341 0.0000000000
86759  -50.229  -15.047  53.478 0.0000000000
86768  -49.764  -15.155  52.755 0.0000000000
85820  -49.064  -15.235  52.587 0.0000000000
85819  -48.484  -15.259  52.085 0.0000000000
84873  -47.197  -15.586  52.825 0.0000000000
151774  -47.311  -15.775  52.210 0.0000000000
85823  -47.780  -15.627  51.566 0.0000000000
135179  -46.461  -16.447  51.205 0.0000000000
84887  -46.139  -16.484  50.604 0.0000000000
84891  -44.826  -16.312  49.811 0.0000000000
132880  -44.186  -16.595  53.509 0.0000000000
84870  -44.187  -16.805  52.629 0.0000000000
84877  -44.438  -16.821  51.727 0.0000000000
83934  -43.758  -17.047  51.619 0.0000000000
84885  -44.348  -16.560  50.349 0.0000000000
89589  -41.728  -11.597  48.484 0.0000000000
88628  -39.048  -12.553  51.837 0.0000000000
90546  -39.622  -10.384  52.331 0.0000000000
91429  -39.875  -9.043  52.992 0.0000000000
92235  -38.487  -7.911  54.385 0.0000000000
93034  -39.004  -7.570  55.241 0.0000000000
93021  -39.525  -7.334  56.437 0.0000000000
89746  -55.025  -11.184  33.359 0.0000000000
89759  -55.248  -10.311  32.875 0.0000000000
88805  -54.263  -11.604  32.942 0.0000000000
133657  -51.802  -12.740  40.965 0.0000000000
88729  -51.773  -12.612  40.278 0.0000000000
88741  -52.166  -12.267  39.720 0.0000000000
88740  -51.411  -12.566  39.513 0.0000000000
127710  -48.635  -12.600  38.935 0.0000000000
88751  -49.297  -12.663  38.199 0.0000000000
89718  -52.392  -11.477  36.237 0.0000000000
90707  -53.543  -9.789  33.529 0.0000000000
90719  -53.770  -9.904  32.158 0.0000000000
89766  -53.653  -10.564  31.642 0.0000000000
132717  -52.335  -12.144  31.693 0.0000000000
88812  -51.551  -12.091  31.548 0.0000000000
88819  -51.460  -11.287  30.932 0.0000000000
88811  -50.784  -11.810  31.580 0.0000000000
89764  -50.083  -11.472  31.616 0.0000000000
90715  -49.888  -9.434  32.201 0.0000000000
91614  -49.519  -8.927  31.660 0.0000000000
91624  -49.849  -9.622  31.214 0.0000000000
90737  -49.511  -9.743  31.154 0.0000000000
89770  -49.543  -10.199  31.187 0.0000000000
90727  -48.901  -10.229  31.477 0.0000000000
90726  -48.236  -10.159  32.174 0.0000000000
91621  -47.762  -9.217  32.027 0.0000000000
92433  -48.340  -8.160  31.329 0.0000000000
92421  -47.353  -8.621  32.657 0.0000000000
91468  -41.910  -9.444  48.349 0.0000000000
91474  -42.518  -9.402  47.614 0.0000000000
151529  -42.623  -7.510  47.865 0.0000000000
92280  -43.282  -8.357  46.555 0.0000000000
92290  -43.738  -8.408  45.834 0.0000000000
93083  -44.190  -7.664  45.575 0.0000000000
93090  -44.488  -7.919  44.931 0.0000000000
94503  -44.462  -5.741  48.491 0.0000000000
94508  -44.601  -5.579  47.787 0.0000000000
94509  -45.426  -5.237  47.635 0.0000000000
93797  -44.879  -5.590  46.855 0.0000000000
93796  -44.404  -6.363  46.415 0.0000000000
93813  -44.677  -7.197  45.039 0.0000000000
93828  -46.402  -6.785  43.028 0.0000000000
94546  -46.356  -5.984  43.600 0.0000000000
94485  -50.646  -5.534  51.727 0.0000000000
94502  -49.937  -5.371  50.490 0.0000000000
95229  -50.604  -4.743  49.483 0.0000000000
141535  -49.799  -5.069  49.695 0.0000000000
95241  -49.487  -4.504  47.580 0.0000000000
127739  -49.205  -4.424  46.667 0.0000000000
95995  -52.963  -3.343  47.543 0.0000000000
95994  -52.003  -3.569  47.182 0.0000000000
95252  -51.157  -3.809  46.838 0.0000000000
129540  -51.627  -3.357  45.630 0.0000000000
96002  -51.040  -3.713  46.122 0.0000000000
95251  -50.489  -4.029  46.555 0.0000000000
95250  -49.855  -4.181  46.332 0.0000000000
143321  -49.277  -4.344  46.042 0.0000000000
95249  -48.573  -4.430  46.050 0.0000000000
95280  -48.065  -4.669  43.851 0.0000000000
95291  -48.925  -4.303  42.759 0.0000000000
94556  -48.309  -4.896  42.311 0.0000000000
93838  -48.222  -6.142  41.237 0.0000000000
93852  -48.803  -6.796  39.769 0.0000000000
93137  -49.184  -7.062  39.066 0.0000000000
93860  -49.729  -6.449  38.433 0.0000000000
94581  -49.685  -5.492  39.307 0.0000000000
96064  -50.744  -3.410  39.413 0.0000000000
95329  -51.343  -3.926  37.144 0.0000000000
95333  -51.324  -4.476  36.837 0.0000000000
94603  -51.294  -5.306  36.110 0.0000000000
93880  -51.436  -5.406  35.275 0.0000000000
93888  -51.180  -5.822  34.603 0.0000000000
93898  -51.010  -5.420  33.449 0.0000000000
93897  -50.240  -5.802  32.728 0.0000000000
96085  -48.750  -3.825  36.832 0.0000000000
126745  -50.855  -0.312  41.557 0.0000000000
98206  -49.425  -0.203  39.720 0.0000000000
98189  -48.836  -0.615  40.517 0.0000000000
98868  -49.088  0.227  38.851 0.0000000000
98881  -48.809  0.666  37.891 0.0000000000
138617  -48.015  0.901  36.367 0.0000000000
135629  -47.719  1.012  35.619 0.0000000000
136079  -45.836  -0.749  41.815 0.0000000000
98203  -46.787  -0.580  39.637 0.0000000000
98219  -45.420  -0.393  38.418 0.0000000000
98220  -46.434  -0.157  38.081 0.0000000000
98905  -46.867  0.663  35.852 0.0000000000
98916  -46.635  0.366  34.413 0.0000000000
97591  -45.877  -0.464  34.121 0.0000000000
137102  -45.519  -0.897  34.097 0.0000000000
96825  -45.048  -1.677  35.249 0.0000000000
97580  -44.304  -1.055  33.721 0.0000000000
96824  -44.303  -1.564  34.491 0.0000000000
96812  -44.441  -2.180  35.644 0.0000000000
96800  -42.258  -2.527  36.854 0.0000000000
143172  -42.155  -3.209  38.288 0.0000000000
98913  -40.762  -0.452  35.496 0.0000000000
97564  -40.244  -0.677  35.832 0.0000000000
98901  -39.432  0.158  36.309 0.0000000000
98240  -39.766  -0.294  36.061 0.0000000000
97558  -39.807  -0.829  36.352 0.0000000000
98198  -37.879  -0.787  38.681 0.0000000000
129088  -46.377  4.150  48.671 0.0000000000
100241  -45.037  2.562  46.361 0.0000000000
100260  -44.604  2.305  45.566 0.0000000000
151045  -44.364  2.182  44.824 0.0000000000
134952  -44.659  2.333  43.977 0.0000000000
143335  -44.155  2.136  43.470 0.0000000000
100282  -46.017  2.917  41.833 0.0000000000
100270  -44.161  2.190  42.591 0.0000000000
100280  -44.116  2.221  41.576 0.0000000000
137514  -44.045  2.769  39.382 0.0000000000
144621  -43.933  3.275  38.881 0.0000000000
100309  -43.409  3.343  38.785 0.0000000000
100317  -43.101  3.544  38.812 0.0000000000
101026  -41.463  3.347  38.688 0.0000000000
85807  -37.763  -15.580  53.833 0.0000000000
85818  -39.992  -16.038  52.490 0.0000000000
86739  -48.570  -14.833  55.603 0.0000000000
86742  -51.211  -14.395  55.203 0.0000000000
86749  -49.607  -15.115  54.386 0.0000000000
86786  -50.429  -14.076  50.457 0.0000000000
87650  -42.609  -12.866  58.612 0.0000000000
88769  -48.867  -11.845  36.636 0.0000000000
89695  -48.012  -11.754  38.168 0.0000000000
90561  -40.695  -10.877  49.591 0.0000000000
91617  -55.182  -9.413  32.814 0.0000000000
92236  -39.413  -7.926  54.184 0.0000000000
92257  -44.352  -8.683  52.354 0.0000000000
92330  -47.125  -8.459  41.676 0.0000000000
92331  -47.342  -7.931  41.480 0.0000000000
92434  -48.635  -8.335  31.394 0.0000000000
93734  -45.134  -6.151  57.414 0.0000000000
93735  -45.979  -6.242  57.163 0.0000000000
93737  -48.221  -5.580  57.157 0.0000000000
93738  -48.814  -5.559  56.500 0.0000000000
93766  -49.908  -5.927  52.716 0.0000000000
93771  -49.394  -6.111  51.668 0.0000000000
93804  -44.572  -6.805  45.772 0.0000000000
93829  -46.905  -6.682  42.384 0.0000000000
94451  -49.171  -5.133  56.800 0.0000000000
94465  -49.755  -4.833  56.287 0.0000000000
94496  -44.771  -5.820  49.238 0.0000000000
94517  -45.439  -5.515  46.373 0.0000000000
94554  -46.858  -5.490  43.171 0.0000000000
94612  -51.490  -4.909  34.351 0.0000000000
95156  -46.301  -5.219  57.816 0.0000000000
95167  -45.610  -5.400  57.367 0.0000000000
95172  -50.513  -3.556  55.845 0.0000000000
95185  -50.676  -3.926  55.583 0.0000000000
95186  -51.375  -3.700  54.653 0.0000000000
95203  -52.596  -3.835  53.558 0.0000000000
95218  -53.073  -4.019  52.852 0.0000000000
95221  -52.865  -4.220  52.123 0.0000000000
95227  -53.439  -3.658  51.259 0.0000000000
95290  -48.334  -4.607  43.086 0.0000000000
95348  -51.443  -4.686  34.820 0.0000000000
95923  -48.831  -4.368  56.948 0.0000000000
95926  -50.546  -2.335  55.901 0.0000000000
95936  -50.244  -3.355  56.006 0.0000000000
95947  -52.310  -3.252  54.199 0.0000000000
95959  -52.644  -3.790  53.473 0.0000000000
95973  -53.454  -3.286  52.329 0.0000000000
95980  -53.414  -3.469  52.333 0.0000000000
95982  -54.297  -3.023  52.085 0.0000000000
95984  -53.702  -3.301  51.994 0.0000000000
95985  -54.074  -3.017  52.038 0.0000000000
95986  -54.005  -2.942  51.971 0.0000000000
95988  -53.643  -3.024  51.204 0.0000000000
95996  -53.354  -2.765  47.028 0.0000000000
96033  -51.667  -3.075  43.227 0.0000000000
96643  -51.082  -1.542  56.644 0.0000000000
96697  -52.349  -2.506  52.041 0.0000000000
96699  -53.926  -2.953  51.969 0.0000000000
96700  -54.394  -2.992  52.127 0.0000000000
96702  -50.433  -2.301  51.134 0.0000000000
96707  -54.264  -2.976  52.039 0.0000000000
96715  -53.536  -2.886  51.296 0.0000000000
96720  -53.459  -2.616  49.265 0.0000000000
96723  -53.571  -2.360  47.299 0.0000000000
96752  -52.352  -2.671  43.465 0.0000000000
96753  -53.087  -2.293  43.557 0.0000000000
96754  -53.577  -1.679  43.802 0.0000000000
96792  -41.846  -2.668  37.516 0.0000000000
97357  -51.410  -0.935  57.312 0.0000000000
97358  -52.006  -0.894  56.936 0.0000000000
97411  -54.220  -2.971  52.031 0.0000000000
97432  -46.110  -1.153  48.028 0.0000000000
97442  -45.008  -1.274  47.095 0.0000000000
97445  -47.498  -0.920  47.499 0.0000000000
97462  -53.738  -1.906  46.786 0.0000000000
97502  -49.830  -0.691  44.218 0.0000000000
97503  -53.906  -1.147  44.017 0.0000000000
97510  -45.059  -1.147  43.079 0.0000000000
97512  -47.334  -0.797  42.719 0.0000000000
97554  -52.211  -0.748  38.947 0.0000000000
97565  -40.483  -1.052  35.782 0.0000000000
97578  -41.561  -1.089  34.738 0.0000000000
97590  -45.136  -0.882  33.785 0.0000000000
98099  -46.899  -1.068  50.742 0.0000000000
98101  -44.693  -0.273  49.243 0.0000000000
98108  -43.923  -0.063  47.986 0.0000000000
98138  -53.756  -1.158  44.581 0.0000000000
98147  -53.517  -0.542  43.559 0.0000000000
98148  -53.991  -0.986  44.064 0.0000000000
98156  -48.865  -0.883  41.979 0.0000000000
98160  -52.770  0.237  42.915 0.0000000000
98172  -48.259  -0.847  41.361 0.0000000000
98174  -51.809  0.134  41.865 0.0000000000
98184  -43.515  -0.667  40.645 0.0000000000
98191  -50.706  -0.044  40.714 0.0000000000
98207  -52.719  0.423  39.728 0.0000000000
98246  -49.167  0.067  35.664 0.0000000000
98247  -50.528  0.066  36.413 0.0000000000
98253  -40.337  -0.447  35.700 0.0000000000
98259  -47.628  -0.043  34.534 0.0000000000
98264  -44.134  -0.802  33.870 0.0000000000
98266  -46.510  -0.047  34.074 0.0000000000
98771  -51.773  0.143  54.789 0.0000000000
98800  -48.240  0.596  52.041 0.0000000000
98803  -44.676  0.804  49.875 0.0000000000
98808  -44.842  0.100  49.860 0.0000000000
98850  -53.327  0.253  41.817 0.0000000000
98861  -52.918  0.778  40.500 0.0000000000
98869  -50.021  0.534  39.077 0.0000000000
98873  -53.070  0.517  40.439 0.0000000000
98895  -51.471  0.777  37.321 0.0000000000
98915  -45.699  0.033  34.329 0.0000000000
98917  -47.355  0.809  34.883 0.0000000000
98927  -46.358  0.078  34.137 0.0000000000
98928  -47.126  0.467  34.373 0.0000000000
99478  -49.638  1.425  52.822 0.0000000000
99487  -44.815  1.477  50.105 0.0000000000
99491  -44.471  1.408  49.364 0.0000000000
99552  -52.537  0.946  39.985 0.0000000000
99559  -51.317  1.191  38.702 0.0000000000
99569  -51.711  1.160  38.500 0.0000000000
99576  -49.950  1.187  36.844 0.0000000000
99578  -51.383  1.201  37.622 0.0000000000
99583  -48.349  1.096  35.665 0.0000000000
99584  -50.306  1.077  36.594 0.0000000000
99589  -47.830  1.044  34.822 0.0000000000
99590  -48.233  1.202  35.093 0.0000000000
99591  -48.851  1.050  35.565 0.0000000000
100310  -44.043  3.413  39.173 0.0000000000
100316  -42.384  3.465  38.829 0.0000000000
100921  -49.315  3.401  53.200 0.0000000000
101020  -42.173  3.540  38.878 0.0000000000
101633  -47.009  4.596  51.645 0.0000000000
102333  -47.159  5.423  51.367 0.0000000000
126017  -48.160  -1.999  50.264 0.0000000000
126104  -45.993  -0.711  40.005 0.0000000000
126466  -46.698  -1.108  43.917 0.0000000000
127082  -46.854  -0.427  38.845 0.0000000000
127144  -45.962  -1.214  44.232 0.0000000000
127423  -47.864  -15.482  52.455 0.0000000000
128609  -46.182  -1.275  44.917 0.0000000000
128756  -52.727  -0.038  43.565 0.0000000000
129439  -49.982  -4.995  55.358 0.0000000000
129943  -48.628  0.585  34.966 0.0000000000
130959  -47.164  1.243  51.637 0.0000000000
132204  -42.642  -2.383  36.292 0.0000000000
134029  -46.729  -1.128  47.782 0.0000000000
134358  -43.605  -0.479  34.818 0.0000000000
136300  -49.155  1.951  52.785 0.0000000000
137544  -51.073  -0.778  57.462 0.0000000000
138224  -44.787  -0.819  33.785 0.0000000000
138241  -51.236  -0.019  44.020 0.0000000000
138904  -51.107  -2.962  40.168 0.0000000000
140257  -51.273  -2.051  52.148 0.0000000000
142336  -51.035  -1.298  36.496 0.0000000000
143598  -47.570  -4.683  45.032 0.0000000000
143834  -50.274  -5.085  50.004 0.0000000000
144332  -52.449  -1.446  47.193 0.0000000000
144476  -45.791  3.936  49.106 0.0000000000
144577  -46.488  -6.195  50.675 0.0000000000
145016  -47.114  0.211  37.495 0.0000000000
147021  -52.163  -2.827  45.018 0.0000000000
147027  -49.541  0.964  36.279 0.0000000000
147732  -50.521  -1.199  53.053 0.0000000000
149139  -44.591  -16.764  51.031 0.0000000000
149251  -51.128  -3.326  35.711 0.0000000000
149456  -50.767  -4.259  47.771 0.0000000000
149733  -44.605  -2.487  36.453 0.0000000000
149932  -50.217  -12.209  36.156 0.0000000000
150017  -42.696  -0.930  34.343 0.0000000000
150771  -51.900  -2.210  49.830 0.0000000000
150959  -43.650  1.543  44.874 0.0000000000
151078  -49.171  -1.000  44.422 0.0000000000
151257  -47.761  -1.870  49.554 0.0000000000
151900  -52.428  -0.115  38.934 0.0000000000
152147  -52.347  -0.507  45.342 0.0000000000
152262  -53.416  0.089  41.532 0.0000000000
152329  -48.203  -12.445  39.357 0.0000000000
