#!ascii label  , from subject sub1 vox2ras=TkReg
2008
136187  -46.621  -53.090  74.184 0.0000000000
148548  -35.528  -55.569  85.616 0.0000000000
58664  -53.623  -43.504  58.548 0.0000000000
53322  -39.274  -47.801  64.878 0.0000000000
53273  -51.278  -47.874  69.577 0.0000000000
53178  -37.991  -48.717  82.830 0.0000000000
43101  -31.536  -58.853  76.018 0.0000000000
50102  -34.199  -51.569  70.435 0.0000000000
126972  -26.404  -57.649  87.115 0.0000000000
62834  -59.960  -40.257  61.134 0.0000000000
138560  -28.496  -60.029  81.732 0.0000000000
50139  -43.518  -52.026  68.644 0.0000000000
54234  -45.234  -46.943  67.287 0.0000000000
55131  -46.429  -46.739  71.110 0.0000000000
48935  -43.521  -51.404  79.700 0.0000000000
51193  -37.491  -49.723  75.945 0.0000000000
50085  -40.887  -51.435  72.169 0.0000000000
128896  -37.430  -51.617  65.636 0.0000000000
64773  -61.996  -37.498  58.999 0.0000000000
42026  -31.184  -58.048  87.283 0.0000000000
43973  -27.700  -57.202  82.678 0.0000000000
43016  -33.551  -58.876  82.922 0.0000000000
56335  -52.864  -45.332  63.363 0.0000000000
141628  -35.457  -51.164  84.942 0.0000000000
43042  -35.693  -58.369  80.950 0.0000000000
47784  -34.874  -53.238  79.437 0.0000000000
47853  -31.694  -53.662  74.532 0.0000000000
43894  -21.997  -56.674  88.808 0.0000000000
57359  -55.668  -44.307  71.798 0.0000000000
55245  -58.683  -46.345  64.963 0.0000000000
59662  -55.661  -43.266  63.127 0.0000000000
58648  -58.883  -43.156  60.181 0.0000000000
60760  -61.115  -41.248  57.288 0.0000000000
127656  -22.948  -57.142  81.980 0.0000000000
40141  -29.721  -60.913  79.022 0.0000000000
47888  -45.393  -53.215  71.512 0.0000000000
50125  -46.350  -51.597  70.067 0.0000000000
52325  -46.565  -49.706  73.940 0.0000000000
46798  -44.750  -53.379  76.923 0.0000000000
48997  -42.452  -52.537  75.688 0.0000000000
47869  -43.847  -52.649  73.013 0.0000000000
125863  -42.640  -52.274  69.890 0.0000000000
145010  -52.384  -42.292  56.128 0.0000000000
59727  -54.107  -41.959  56.912 0.0000000000
43908  -33.068  -57.790  87.179 0.0000000000
42063  -32.571  -58.511  85.348 0.0000000000
41065  -34.455  -58.969  85.315 0.0000000000
56329  -40.605  -45.528  63.222 0.0000000000
54215  -48.151  -47.340  68.104 0.0000000000
56295  -46.338  -45.240  65.553 0.0000000000
56284  -49.377  -45.701  66.363 0.0000000000
57492  -50.325  -44.097  63.119 0.0000000000
55209  -51.845  -46.185  66.855 0.0000000000
53164  -35.393  -48.106  83.202 0.0000000000
48884  -34.570  -52.186  82.438 0.0000000000
51120  -34.952  -50.114  80.348 0.0000000000
50075  -36.219  -51.225  73.121 0.0000000000
50041  -34.270  -51.249  75.388 0.0000000000
49037  -32.375  -51.738  72.445 0.0000000000
52391  -37.942  -50.242  64.857 0.0000000000
54206  -57.268  -46.734  68.508 0.0000000000
58607  -60.334  -43.382  63.624 0.0000000000
58624  -62.118  -42.902  61.532 0.0000000000
60747  -60.083  -41.980  58.589 0.0000000000
60739  -62.576  -41.914  60.011 0.0000000000
63829  -63.535  -39.029  56.601 0.0000000000
43896  -23.871  -56.798  87.849 0.0000000000
149383  -22.058  -56.629  85.455 0.0000000000
42999  -24.430  -56.788  84.930 0.0000000000
43058  -29.055  -57.789  79.795 0.0000000000
44020  -25.826  -57.313  79.586 0.0000000000
42120  -26.398  -59.398  80.134 0.0000000000
42161  -33.367  -58.759  78.429 0.0000000000
39095  -32.671  -60.767  79.270 0.0000000000
41181  -30.793  -60.089  76.428 0.0000000000
52377  -41.091  -49.248  66.669 0.0000000000
54252  -42.048  -46.659  66.391 0.0000000000
139117  -43.941  -49.627  68.236 0.0000000000
52359  -47.567  -49.738  68.974 0.0000000000
55155  -49.015  -46.957  70.717 0.0000000000
51105  -40.514  -49.971  81.189 0.0000000000
51143  -38.233  -49.804  79.032 0.0000000000
51162  -40.597  -50.215  77.906 0.0000000000
131948  -39.266  -51.487  74.321 0.0000000000
128989  -37.024  -51.603  70.989 0.0000000000
51281  -35.727  -50.549  67.478 0.0000000000
128117  -38.990  -51.357  68.311 0.0000000000
49130  -39.729  -52.112  67.138 0.0000000000
63798  -61.147  -38.663  59.619 0.0000000000
142370  -59.516  -35.665  57.625 0.0000000000
42968  -28.625  -57.955  87.567 0.0000000000
43938  -26.769  -57.001  84.844 0.0000000000
42992  -29.332  -57.955  85.301 0.0000000000
43976  -31.233  -57.118  82.245 0.0000000000
43041  -31.288  -58.820  80.607 0.0000000000
56313  -43.407  -45.215  64.468 0.0000000000
56375  -50.918  -45.067  60.338 0.0000000000
56378  -53.500  -45.576  60.592 0.0000000000
47682  -37.314  -53.562  86.171 0.0000000000
43004  -36.627  -57.596  84.270 0.0000000000
46761  -36.510  -54.900  83.408 0.0000000000
45850  -35.675  -55.872  79.618 0.0000000000
44963  -33.654  -55.735  77.516 0.0000000000
50005  -36.143  -50.986  78.046 0.0000000000
46795  -34.137  -54.074  76.651 0.0000000000
45860  -31.623  -55.587  75.727 0.0000000000
53230  -49.372  -48.496  76.242 0.0000000000
48797  -36.439  -52.318  87.641 0.0000000000
54054  -35.033  -47.316  85.482 0.0000000000
54068  -38.001  -47.254  84.793 0.0000000000
55106  -49.034  -45.951  74.159 0.0000000000
58487  -48.459  -43.435  70.693 0.0000000000
58523  -50.793  -43.392  69.740 0.0000000000
60610  -53.651  -41.771  71.745 0.0000000000
55137  -53.820  -46.386  71.077 0.0000000000
134888  -55.326  -47.090  68.180 0.0000000000
55242  -56.030  -46.548  64.502 0.0000000000
56381  -55.700  -45.029  61.162 0.0000000000
57474  -58.228  -44.718  64.878 0.0000000000
56369  -58.294  -44.990  62.157 0.0000000000
58647  -56.204  -42.961  59.446 0.0000000000
60744  -57.179  -41.803  58.367 0.0000000000
61782  -63.656  -40.952  57.776 0.0000000000
44914  -19.450  -56.250  85.513 0.0000000000
43071  -20.541  -57.452  78.133 0.0000000000
43970  -25.092  -57.266  82.339 0.0000000000
133010  -23.284  -56.981  78.871 0.0000000000
146361  -34.606  -60.480  82.069 0.0000000000
40106  -31.745  -60.406  80.442 0.0000000000
40104  -29.412  -60.861  81.065 0.0000000000
39093  -26.922  -62.154  79.011 0.0000000000
47881  -46.320  -53.185  72.641 0.0000000000
49048  -46.232  -52.630  72.250 0.0000000000
144774  -46.617  -51.728  73.838 0.0000000000
144104  -46.173  -53.452  75.341 0.0000000000
142471  -44.142  -53.010  74.711 0.0000000000
47871  -45.785  -53.598  73.770 0.0000000000
152286  -44.658  -53.279  71.800 0.0000000000
58663  -52.773  -43.863  58.371 0.0000000000
144096  -52.887  -42.808  57.232 0.0000000000
60765  -53.714  -41.658  56.258 0.0000000000
58684  -54.058  -42.787  58.153 0.0000000000
43910  -34.192  -57.199  86.189 0.0000000000
128901  -34.293  -58.229  86.022 0.0000000000
42983  -35.873  -58.297  85.149 0.0000000000
55255  -38.769  -46.810  63.406 0.0000000000
55257  -40.056  -46.232  63.761 0.0000000000
53297  -50.260  -47.638  68.453 0.0000000000
55206  -49.027  -46.204  67.019 0.0000000000
54239  -50.434  -46.750  67.194 0.0000000000
55224  -50.884  -45.743  66.127 0.0000000000
54219  -51.463  -47.190  67.988 0.0000000000
53177  -36.900  -48.471  82.549 0.0000000000
52246  -35.566  -48.884  81.819 0.0000000000
52247  -36.130  -49.122  81.095 0.0000000000
49056  -34.894  -51.636  71.386 0.0000000000
50083  -34.347  -51.336  72.583 0.0000000000
136743  -33.090  -51.473  70.841 0.0000000000
50099  -31.715  -51.732  70.292 0.0000000000
53321  -38.410  -49.073  64.628 0.0000000000
52405  -36.929  -49.408  63.083 0.0000000000
53337  -37.827  -48.025  63.313 0.0000000000
60719  -60.385  -41.965  62.516 0.0000000000
137919  -61.122  -41.012  61.702 0.0000000000
59695  -62.378  -42.370  60.628 0.0000000000
61751  -61.657  -40.743  61.028 0.0000000000
127356  -25.123  -57.150  87.451 0.0000000000
42987  -24.207  -56.740  85.952 0.0000000000
42988  -24.769  -56.730  85.933 0.0000000000
42122  -28.737  -59.232  80.471 0.0000000000
42121  -27.518  -59.041  80.040 0.0000000000
42101  -27.956  -59.808  81.062 0.0000000000
41129  -25.987  -60.550  81.893 0.0000000000
41111  -27.443  -60.773  82.448 0.0000000000
150415  -32.642  -58.701  77.236 0.0000000000
41184  -32.681  -59.490  77.258 0.0000000000
147522  -31.308  -59.109  75.784 0.0000000000
50156  -42.147  -51.416  67.677 0.0000000000
52367  -42.471  -49.817  67.507 0.0000000000
51285  -43.577  -50.590  68.283 0.0000000000
52341  -46.798  -49.735  70.799 0.0000000000
50126  -47.060  -50.823  69.635 0.0000000000
52342  -47.683  -49.308  70.516 0.0000000000
52346  -48.857  -48.952  69.767 0.0000000000
143842  -47.039  -46.598  70.133 0.0000000000
49981  -41.905  -50.577  80.390 0.0000000000
49994  -40.943  -50.489  79.360 0.0000000000
48933  -42.034  -51.446  79.046 0.0000000000
49014  -41.539  -52.227  74.394 0.0000000000
48995  -40.754  -52.019  74.902 0.0000000000
49030  -39.812  -51.717  73.495 0.0000000000
49042  -38.424  -51.762  72.788 0.0000000000
49060  -38.684  -51.661  71.997 0.0000000000
50121  -37.651  -51.037  70.229 0.0000000000
144362  -39.905  -50.823  70.677 0.0000000000
49087  -42.749  -52.499  69.219 0.0000000000
49116  -40.970  -52.314  68.154 0.0000000000
49117  -41.526  -52.297  67.916 0.0000000000
50187  -39.953  -51.059  66.536 0.0000000000
42033  -29.571  -57.974  87.382 0.0000000000
131963  -29.063  -58.121  85.949 0.0000000000
42981  -30.374  -58.298  86.555 0.0000000000
43003  -33.040  -58.536  84.434 0.0000000000
43960  -31.556  -57.695  83.950 0.0000000000
43978  -32.522  -57.911  82.684 0.0000000000
44007  -31.240  -57.987  80.738 0.0000000000
43024  -31.991  -58.563  80.987 0.0000000000
54232  -43.408  -46.982  67.315 0.0000000000
55219  -42.727  -46.107  65.611 0.0000000000
55221  -44.537  -45.849  66.255 0.0000000000
57468  -47.263  -44.569  64.483 0.0000000000
57487  -45.378  -44.686  63.532 0.0000000000
57508  -46.256  -44.407  62.455 0.0000000000
129790  -52.162  -44.911  63.978 0.0000000000
56362  -50.787  -44.740  61.063 0.0000000000
56351  -52.137  -45.141  61.763 0.0000000000
56376  -51.800  -45.383  60.183 0.0000000000
131849  -53.350  -45.831  62.014 0.0000000000
49943  -35.998  -52.512  85.684 0.0000000000
47731  -36.657  -54.650  84.638 0.0000000000
48873  -35.996  -53.463  84.447 0.0000000000
48915  -34.838  -52.510  80.530 0.0000000000
46765  -35.057  -53.941  81.489 0.0000000000
46773  -35.096  -54.291  79.266 0.0000000000
45853  -35.060  -55.783  78.743 0.0000000000
134204  -35.022  -54.974  78.074 0.0000000000
130386  -38.064  -49.789  77.734 0.0000000000
51158  -36.849  -50.194  78.169 0.0000000000
51192  -36.625  -50.316  76.697 0.0000000000
49010  -33.112  -52.132  75.113 0.0000000000
48993  -34.151  -52.293  76.212 0.0000000000
46815  -32.589  -53.948  75.837 0.0000000000
133040  -32.789  -54.637  76.247 0.0000000000
51300  -36.399  -51.117  66.728 0.0000000000
54066  -36.032  -47.055  84.361 0.0000000000
51058  -42.025  -49.530  83.135 0.0000000000
54146  -49.005  -47.381  74.815 0.0000000000
59541  -49.781  -42.545  73.069 0.0000000000
60608  -49.762  -40.694  71.292 0.0000000000
59595  -49.597  -42.385  69.589 0.0000000000
61651  -51.191  -40.605  70.261 0.0000000000
58468  -54.804  -43.465  72.316 0.0000000000
58489  -53.744  -43.410  71.538 0.0000000000
129274  -54.789  -45.226  71.635 0.0000000000
54193  -54.321  -47.238  69.645 0.0000000000
54176  -55.639  -47.038  70.604 0.0000000000
54244  -58.028  -47.239  66.720 0.0000000000
54254  -57.061  -47.259  66.233 0.0000000000
55243  -56.951  -46.550  64.335 0.0000000000
141385  -55.741  -45.822  62.487 0.0000000000
55278  -57.279  -46.001  62.956 0.0000000000
57494  -57.342  -44.317  63.984 0.0000000000
58621  -60.449  -44.198  61.681 0.0000000000
56357  -60.235  -44.898  63.418 0.0000000000
57549  -59.120  -44.083  61.411 0.0000000000
57528  -57.606  -44.410  61.224 0.0000000000
138984  -58.008  -43.141  59.931 0.0000000000
59709  -56.715  -42.117  58.715 0.0000000000
59710  -57.605  -42.138  58.794 0.0000000000
135981  -60.726  -41.487  57.953 0.0000000000
61780  -59.120  -40.747  57.333 0.0000000000
61791  -59.706  -40.468  56.603 0.0000000000
64752  -61.270  -38.136  59.272 0.0000000000
62869  -62.566  -39.466  59.596 0.0000000000
63801  -62.405  -38.684  59.477 0.0000000000
43951  -22.801  -56.730  83.792 0.0000000000
44930  -21.053  -56.593  84.045 0.0000000000
43967  -21.073  -56.827  82.414 0.0000000000
148690  -20.198  -56.861  80.627 0.0000000000
43998  -21.145  -56.681  80.200 0.0000000000
43955  -27.020  -57.108  83.747 0.0000000000
43954  -26.099  -57.182  83.406 0.0000000000
43972  -26.780  -57.199  82.599 0.0000000000
128780  -24.500  -57.080  79.530 0.0000000000
138952  -23.385  -61.612  79.504 0.0000000000
43028  -36.704  -57.880  82.390 0.0000000000
41117  -35.825  -59.377  82.897 0.0000000000
41145  -35.440  -60.158  81.298 0.0000000000
39082  -31.211  -60.810  79.126 0.0000000000
39074  -32.526  -60.871  79.882 0.0000000000
40118  -31.086  -60.770  80.099 0.0000000000
40105  -30.563  -60.583  80.519 0.0000000000
40115  -29.266  -61.288  80.121 0.0000000000
39071  -27.030  -62.494  80.548 0.0000000000
47907  -44.224  -52.634  70.147 0.0000000000
49103  -44.916  -52.164  69.556 0.0000000000
49078  -45.436  -52.680  70.529 0.0000000000
135226  -45.828  -51.176  72.063 0.0000000000
53243  -45.905  -48.334  72.380 0.0000000000
47802  -44.581  -52.796  78.269 0.0000000000
48965  -42.891  -52.173  77.194 0.0000000000
142402  -43.653  -53.212  76.586 0.0000000000
47856  -43.155  -52.711  74.815 0.0000000000
49046  -42.409  -52.170  72.617 0.0000000000
50094  -41.484  -51.255  71.074 0.0000000000
49063  -42.799  -52.329  71.641 0.0000000000
49077  -43.646  -52.664  70.704 0.0000000000
61802  -54.820  -40.656  55.758 0.0000000000
152288  -32.280  -58.092  87.363 0.0000000000
130286  -31.446  -58.456  86.775 0.0000000000
41052  -32.840  -58.479  86.580 0.0000000000
41080  -33.761  -59.185  85.188 0.0000000000
42072  -33.917  -59.236  83.483 0.0000000000
147750  -46.963  -46.916  67.716 0.0000000000
56280  -45.937  -45.856  66.224 0.0000000000
55204  -47.117  -46.334  67.087 0.0000000000
56297  -48.149  -45.203  65.893 0.0000000000
57469  -48.129  -44.414  64.373 0.0000000000
57491  -49.400  -44.010  63.294 0.0000000000
56319  -50.296  -44.750  64.776 0.0000000000
127939  -51.231  -44.902  64.626 0.0000000000
56301  -52.317  -45.402  65.397 0.0000000000
51056  -34.931  -49.506  83.836 0.0000000000
49950  -35.369  -51.832  84.088 0.0000000000
51086  -34.579  -50.231  82.504 0.0000000000
126140  -34.391  -50.928  80.947 0.0000000000
49992  -35.087  -51.682  79.715 0.0000000000
131122  -36.811  -50.387  74.568 0.0000000000
50043  -36.031  -50.316  75.149 0.0000000000
50074  -35.237  -50.698  73.646 0.0000000000
49026  -33.368  -51.377  73.692 0.0000000000
49025  -31.832  -52.291  73.383 0.0000000000
47877  -30.407  -53.213  72.839 0.0000000000
49053  -31.325  -52.262  71.848 0.0000000000
50199  -37.627  -51.347  64.732 0.0000000000
145971  -37.015  -51.005  63.794 0.0000000000
138166  -56.565  -43.140  70.464 0.0000000000
145368  -57.206  -46.040  70.196 0.0000000000
58524  -56.856  -43.980  69.299 0.0000000000
56253  -57.245  -45.462  68.311 0.0000000000
56285  -57.890  -45.674  66.808 0.0000000000
60715  -56.599  -42.063  62.365 0.0000000000
59664  -57.703  -42.881  63.212 0.0000000000
59680  -59.182  -42.420  63.039 0.0000000000
58617  -61.412  -43.296  62.840 0.0000000000
58632  -60.803  -43.557  60.928 0.0000000000
59701  -59.598  -42.811  59.777 0.0000000000
59702  -61.295  -42.626  59.554 0.0000000000
59714  -62.014  -42.456  59.191 0.0000000000
60748  -62.399  -41.965  58.512 0.0000000000
65739  -62.341  -37.007  58.405 0.0000000000
64774  -62.576  -37.710  58.671 0.0000000000
64785  -63.256  -37.285  57.333 0.0000000000
43895  -23.105  -56.728  88.555 0.0000000000
43913  -22.287  -56.633  86.882 0.0000000000
43914  -23.215  -56.641  86.462 0.0000000000
133224  -23.707  -56.770  85.153 0.0000000000
43952  -23.686  -57.074  83.763 0.0000000000
43991  -28.940  -56.723  80.820 0.0000000000
43989  -27.150  -57.142  80.825 0.0000000000
44022  -27.305  -57.675  79.799 0.0000000000
43055  -26.344  -57.980  79.452 0.0000000000
42118  -24.762  -59.734  79.695 0.0000000000
41126  -24.049  -61.300  80.698 0.0000000000
42099  -25.006  -60.097  80.722 0.0000000000
43059  -34.863  -58.374  79.626 0.0000000000
40134  -34.460  -60.573  80.253 0.0000000000
41161  -33.552  -60.131  78.699 0.0000000000
40155  -31.607  -60.692  78.380 0.0000000000
40153  -30.631  -60.769  78.225 0.0000000000
53314  -39.909  -48.148  65.602 0.0000000000
54264  -40.121  -47.243  65.132 0.0000000000
140399  -41.468  -48.412  66.596 0.0000000000
53305  -42.996  -47.832  67.461 0.0000000000
53292  -45.124  -48.261  67.891 0.0000000000
147886  -45.000  -50.672  68.996 0.0000000000
52357  -45.827  -49.772  68.808 0.0000000000
53293  -46.000  -48.277  68.161 0.0000000000
53279  -48.087  -48.878  68.809 0.0000000000
52361  -49.366  -48.767  69.692 0.0000000000
54171  -50.644  -47.709  70.822 0.0000000000
51088  -39.807  -49.427  81.718 0.0000000000
52249  -38.531  -49.275  81.295 0.0000000000
51123  -39.482  -50.087  80.271 0.0000000000
51144  -39.210  -50.021  79.068 0.0000000000
132834  -39.057  -49.864  76.561 0.0000000000
50033  -41.641  -51.677  76.539 0.0000000000
50031  -40.179  -51.225  75.676 0.0000000000
50044  -38.745  -50.943  74.865 0.0000000000
50076  -37.928  -51.513  73.397 0.0000000000
132008  -37.010  -52.111  71.780 0.0000000000
50119  -35.699  -51.349  70.405 0.0000000000
50135  -34.757  -50.735  69.083 0.0000000000
51253  -36.249  -50.907  69.433 0.0000000000
51266  -37.631  -50.682  68.131 0.0000000000
143795  -38.390  -51.647  66.946 0.0000000000
50124  -40.414  -51.594  68.998 0.0000000000
50137  -39.630  -51.982  68.033 0.0000000000
136043  -38.697  -51.956  66.430 0.0000000000
143264  -38.772  -51.482  65.526 0.0000000000
52385  -39.032  -49.989  65.770 0.0000000000
62850  -60.569  -39.608  60.443 0.0000000000
145942  -59.629  -38.454  58.872 0.0000000000
64770  -60.195  -37.445  58.502 0.0000000000
65736  -60.428  -36.729  58.235 0.0000000000
66671  -60.631  -35.859  57.991 0.0000000000
137098  -60.801  -34.934  57.757 0.0000000000
42967  -27.830  -57.705  87.669 0.0000000000
128295  -26.404  -57.610  86.661 0.0000000000
42991  -28.175  -57.551  86.062 0.0000000000
152024  -28.131  -57.114  85.254 0.0000000000
43957  -28.946  -57.335  83.649 0.0000000000
43001  -30.751  -58.113  85.465 0.0000000000
43941  -29.983  -57.224  83.859 0.0000000000
43958  -29.541  -57.048  82.778 0.0000000000
43992  -29.845  -56.952  80.898 0.0000000000
43039  -29.844  -58.326  80.173 0.0000000000
42123  -29.699  -59.197  80.633 0.0000000000
55238  -41.290  -46.075  64.761 0.0000000000
56331  -42.323  -45.000  63.501 0.0000000000
137465  -44.884  -45.107  64.821 0.0000000000
57562  -52.594  -45.124  59.387 0.0000000000
57563  -53.209  -44.941  59.467 0.0000000000
45819  -36.893  -54.765  86.008 0.0000000000
44918  -36.481  -56.569  84.711 0.0000000000
144784  -36.774  -55.500  84.884 0.0000000000
129850  -37.511  -56.413  83.830 0.0000000000
44935  -37.048  -56.837  82.244 0.0000000000
47748  -35.184  -53.872  83.005 0.0000000000
45839  -36.229  -55.405  81.878 0.0000000000
44008  -36.197  -56.967  80.443 0.0000000000
44033  -34.509  -57.273  79.157 0.0000000000
44044  -33.558  -57.263  78.360 0.0000000000
44056  -32.591  -57.056  77.305 0.0000000000
125951  -36.804  -49.728  79.609 0.0000000000
51141  -36.211  -50.367  78.954 0.0000000000
48947  -35.788  -51.877  78.359 0.0000000000
48978  -35.279  -51.485  76.939 0.0000000000
47830  -34.820  -52.482  77.401 0.0000000000
47815  -34.951  -53.574  77.795 0.0000000000
142031  -34.056  -54.655  76.979 0.0000000000
45862  -32.876  -55.469  76.529 0.0000000000
51279  -33.854  -50.352  67.277 0.0000000000
47847  -47.455  -51.688  76.012 0.0000000000
49017  -47.664  -50.829  75.503 0.0000000000
43882  -23.575  -56.852  89.465 0.0000000000
42954  -26.755  -57.308  88.567 0.0000000000
126892  -28.153  -58.001  88.846 0.0000000000
42019  -29.038  -57.946  88.722 0.0000000000
43899  -32.448  -57.450  87.650 0.0000000000
44895  -33.712  -56.030  87.306 0.0000000000
45807  -34.856  -55.342  87.134 0.0000000000
46730  -36.778  -54.164  86.804 0.0000000000
47663  -36.777  -53.073  86.999 0.0000000000
49929  -36.607  -52.020  86.881 0.0000000000
51043  -35.492  -50.848  86.115 0.0000000000
52158  -35.599  -49.025  86.598 0.0000000000
52174  -34.836  -49.996  85.608 0.0000000000
53151  -34.811  -47.960  84.022 0.0000000000
54075  -36.505  -47.606  83.709 0.0000000000
53167  -38.355  -48.122  83.423 0.0000000000
52210  -39.032  -48.534  82.956 0.0000000000
145231  -40.550  -49.172  82.233 0.0000000000
49958  -42.175  -50.340  81.701 0.0000000000
46791  -46.129  -52.441  77.323 0.0000000000
52315  -47.623  -49.436  74.697 0.0000000000
53245  -47.227  -47.749  73.856 0.0000000000
55118  -47.539  -46.293  72.877 0.0000000000
58449  -49.736  -43.602  74.161 0.0000000000
132820  -48.914  -43.727  72.757 0.0000000000
56211  -47.068  -45.198  70.971 0.0000000000
56240  -48.206  -44.888  69.879 0.0000000000
56230  -50.313  -45.644  70.461 0.0000000000
55135  -51.656  -46.873  71.213 0.0000000000
59579  -52.237  -42.606  71.000 0.0000000000
57370  -52.819  -44.449  70.873 0.0000000000
54184  -52.531  -47.369  70.617 0.0000000000
54192  -53.377  -47.326  69.696 0.0000000000
55191  -53.888  -46.541  67.522 0.0000000000
126151  -54.178  -46.101  65.005 0.0000000000
135864  -56.591  -47.176  68.278 0.0000000000
136615  -55.524  -46.705  65.767 0.0000000000
55240  -54.124  -46.100  63.984 0.0000000000
55285  -54.483  -45.789  61.909 0.0000000000
56379  -54.193  -45.463  60.863 0.0000000000
129988  -54.463  -44.603  60.149 0.0000000000
57457  -56.770  -45.134  65.953 0.0000000000
56305  -59.117  -45.273  65.450 0.0000000000
58591  -59.024  -44.179  64.044 0.0000000000
56338  -59.782  -45.274  63.907 0.0000000000
55279  -58.195  -45.936  63.233 0.0000000000
56368  -57.347  -45.138  61.760 0.0000000000
134303  -55.937  -44.430  60.590 0.0000000000
58646  -55.389  -43.449  59.498 0.0000000000
59708  -55.890  -42.185  58.568 0.0000000000
60755  -55.899  -41.256  57.269 0.0000000000
143803  -56.019  -40.691  56.521 0.0000000000
60745  -57.999  -41.765  58.445 0.0000000000
61778  -57.357  -40.916  57.247 0.0000000000
145509  -56.671  -40.428  55.910 0.0000000000
61764  -61.945  -39.990  60.549 0.0000000000
60741  -62.987  -41.421  59.257 0.0000000000
60761  -62.925  -41.701  57.693 0.0000000000
62883  -63.619  -40.104  57.121 0.0000000000
60769  -63.354  -41.322  56.804 0.0000000000
61793  -61.828  -41.172  56.167 0.0000000000
44916  -21.312  -56.567  85.607 0.0000000000
43937  -25.285  -56.798  84.685 0.0000000000
140188  -24.427  -57.301  83.232 0.0000000000
43969  -23.702  -57.218  82.610 0.0000000000
43987  -25.574  -56.889  80.323 0.0000000000
127329  -24.723  -56.901  80.256 0.0000000000
126856  -22.979  -57.135  80.913 0.0000000000
44016  -21.648  -56.726  78.721 0.0000000000
42064  -36.657  -59.816  84.755 0.0000000000
140744  -34.802  -59.373  83.770 0.0000000000
40094  -33.748  -60.262  81.958 0.0000000000
39076  -34.022  -61.003  80.661 0.0000000000
40108  -33.701  -60.598  81.346 0.0000000000
41114  -33.084  -60.028  81.637 0.0000000000
144920  -31.473  -60.128  80.767 0.0000000000
41131  -30.135  -60.183  80.810 0.0000000000
41130  -29.074  -60.423  81.464 0.0000000000
41179  -28.558  -60.011  76.764 0.0000000000
41159  -28.347  -60.658  78.223 0.0000000000
40140  -28.711  -61.064  79.031 0.0000000000
39072  -28.112  -62.124  80.701 0.0000000000
137391  -28.428  -62.069  81.369 0.0000000000
40093  -28.067  -61.499  82.266 0.0000000000
47882  -46.657  -52.907  73.469 0.0000000000
49033  -46.651  -52.220  73.657 0.0000000000
49034  -46.832  -51.714  74.365 0.0000000000
47858  -46.573  -53.243  74.827 0.0000000000
46817  -45.722  -53.534  74.659 0.0000000000
147772  -46.222  -53.473  74.345 0.0000000000
47872  -46.281  -53.405  73.493 0.0000000000
150541  -52.577  -43.200  57.485 0.0000000000
58683  -53.115  -43.205  57.811 0.0000000000
59720  -53.673  -42.536  57.400 0.0000000000
44908  -34.689  -56.581  85.945 0.0000000000
43916  -34.906  -57.398  85.767 0.0000000000
44909  -35.328  -56.475  85.517 0.0000000000
54274  -38.982  -47.278  64.122 0.0000000000
147310  -39.409  -46.692  63.785 0.0000000000
54275  -39.695  -46.906  64.397 0.0000000000
125993  -50.780  -47.923  69.301 0.0000000000
54217  -49.973  -47.271  67.875 0.0000000000
54199  -50.961  -47.513  68.576 0.0000000000
53282  -51.321  -47.656  69.023 0.0000000000
53186  -36.553  -48.856  81.857 0.0000000000
52230  -37.675  -48.970  82.056 0.0000000000
49071  -34.571  -51.648  71.021 0.0000000000
53328  -38.619  -48.080  64.373 0.0000000000
53327  -38.099  -48.556  63.901 0.0000000000
54273  -38.382  -47.641  63.702 0.0000000000
54284  -38.150  -47.283  63.140 0.0000000000
61762  -59.555  -40.223  60.897 0.0000000000
61749  -60.334  -40.735  61.486 0.0000000000
142904  -61.771  -41.531  61.477 0.0000000000
61750  -60.858  -40.338  61.179 0.0000000000
42965  -25.998  -57.439  87.831 0.0000000000
42975  -24.700  -56.832  86.567 0.0000000000
42976  -25.613  -57.307  86.783 0.0000000000
42083  -27.716  -60.280  81.948 0.0000000000
146836  -32.047  -58.840  76.491 0.0000000000
42174  -32.396  -58.941  76.701 0.0000000000
42173  -31.816  -58.951  76.247 0.0000000000
49119  -42.622  -51.893  68.070 0.0000000000
51284  -42.720  -50.828  67.942 0.0000000000
139403  -43.280  -51.366  68.324 0.0000000000
53256  -46.104  -48.385  71.449 0.0000000000
53257  -46.818  -48.542  70.915 0.0000000000
54168  -47.260  -47.779  70.659 0.0000000000
54181  -46.631  -46.666  70.650 0.0000000000
48916  -42.605  -51.099  79.839 0.0000000000
49995  -41.631  -50.817  79.619 0.0000000000
48934  -43.017  -51.724  78.978 0.0000000000
49031  -40.833  -51.983  73.619 0.0000000000
49044  -40.231  -51.739  72.967 0.0000000000
49043  -39.050  -51.707  72.770 0.0000000000
49061  -39.693  -51.537  72.203 0.0000000000
50092  -39.345  -51.165  71.441 0.0000000000
50093  -40.375  -51.046  71.339 0.0000000000
141707  -42.882  -52.503  68.895 0.0000000000
148989  -42.084  -52.328  68.479 0.0000000000
49118  -42.193  -52.256  68.053 0.0000000000
50155  -41.892  -51.997  67.688 0.0000000000
152628  -30.125  -58.096  87.067 0.0000000000
42043  -30.111  -58.220  86.967 0.0000000000
42034  -30.882  -58.158  87.082 0.0000000000
43008  -32.914  -58.325  83.455 0.0000000000
43015  -33.021  -58.460  82.531 0.0000000000
43025  -32.575  -58.282  81.787 0.0000000000
42085  -33.216  -59.148  82.056 0.0000000000
54233  -44.346  -46.931  67.346 0.0000000000
55201  -43.958  -46.356  66.806 0.0000000000
55202  -44.837  -46.365  66.847 0.0000000000
57489  -47.539  -44.319  63.610 0.0000000000
126799  -46.891  -44.356  62.940 0.0000000000
56334  -52.145  -44.740  62.920 0.0000000000
56352  -52.819  -45.477  62.388 0.0000000000
142121  -52.795  -45.616  61.631 0.0000000000
56353  -53.425  -45.790  62.843 0.0000000000
49937  -35.717  -51.732  85.995 0.0000000000
48859  -36.375  -53.251  85.315 0.0000000000
49942  -35.576  -51.929  85.076 0.0000000000
48931  -34.968  -52.585  79.817 0.0000000000
47771  -35.015  -53.225  80.545 0.0000000000
45849  -35.286  -55.132  78.915 0.0000000000
46779  -35.107  -54.408  78.230 0.0000000000
51177  -38.028  -49.755  76.876 0.0000000000
136050  -37.390  -49.937  77.559 0.0000000000
150344  -37.191  -49.928  76.902 0.0000000000
47854  -32.272  -53.096  75.101 0.0000000000
47855  -33.144  -53.195  75.869 0.0000000000
133738  -31.994  -54.112  75.211 0.0000000000
134112  -31.497  -54.365  74.760 0.0000000000
50170  -36.427  -51.494  65.761 0.0000000000
50183  -36.122  -51.777  64.594 0.0000000000
61649  -50.379  -40.408  70.594 0.0000000000
58470  -55.698  -43.262  72.009 0.0000000000
59544  -55.056  -42.894  72.396 0.0000000000
58469  -55.169  -43.864  72.326 0.0000000000
57357  -54.824  -44.318  72.042 0.0000000000
57358  -55.133  -44.747  71.844 0.0000000000
55139  -55.161  -46.613  70.983 0.0000000000
56216  -56.160  -45.712  71.328 0.0000000000
54256  -58.246  -47.005  66.088 0.0000000000
54255  -57.803  -47.237  66.184 0.0000000000
55244  -57.897  -46.542  64.705 0.0000000000
55262  -56.776  -46.243  63.370 0.0000000000
55263  -57.617  -46.294  63.764 0.0000000000
59677  -54.982  -42.805  62.779 0.0000000000
58602  -55.385  -43.828  63.903 0.0000000000
58603  -56.392  -43.777  63.511 0.0000000000
58631  -59.831  -43.831  61.274 0.0000000000
57530  -59.659  -44.440  61.827 0.0000000000
127534  -59.053  -43.641  60.834 0.0000000000
150633  -58.366  -43.493  60.516 0.0000000000
59699  -57.635  -42.549  59.278 0.0000000000
59700  -58.594  -42.674  59.534 0.0000000000
61781  -60.194  -40.875  57.333 0.0000000000
61792  -60.876  -40.820  56.544 0.0000000000
64772  -61.421  -37.605  58.831 0.0000000000
64753  -61.769  -38.009  59.438 0.0000000000
63819  -62.232  -37.968  59.402 0.0000000000
44879  -21.247  -56.577  88.173 0.0000000000
149061  -22.373  -56.852  83.122 0.0000000000
43950  -21.727  -56.756  83.283 0.0000000000
43968  -22.080  -57.029  82.442 0.0000000000
43984  -21.282  -56.883  81.057 0.0000000000
43985  -22.139  -57.064  81.457 0.0000000000
126638  -27.427  -57.103  81.696 0.0000000000
41151  -23.631  -60.584  79.396 0.0000000000
43026  -36.056  -58.601  81.457 0.0000000000
42107  -36.120  -59.056  81.746 0.0000000000
42125  -35.676  -59.316  81.230 0.0000000000
40142  -30.463  -60.824  78.873 0.0000000000
40131  -31.046  -60.838  79.268 0.0000000000
40130  -30.701  -60.864  79.313 0.0000000000
40117  -30.454  -60.878  79.985 0.0000000000
40129  -29.982  -60.946  79.611 0.0000000000
47897  -44.550  -52.857  70.699 0.0000000000
47908  -44.815  -52.756  70.357 0.0000000000
47899  -45.681  -52.774  71.136 0.0000000000
50077  -45.759  -51.233  72.888 0.0000000000
51233  -45.868  -50.406  73.299 0.0000000000
52335  -45.721  -49.778  72.543 0.0000000000
52324  -45.963  -49.560  73.212 0.0000000000
46788  -44.698  -53.140  77.645 0.0000000000
47818  -43.834  -53.247  77.453 0.0000000000
47832  -44.125  -53.329  76.375 0.0000000000
135374  -44.308  -52.823  73.804 0.0000000000
47857  -43.438  -52.933  75.207 0.0000000000
47868  -43.431  -52.543  74.017 0.0000000000
133452  -42.627  -52.432  74.177 0.0000000000
49032  -42.936  -52.409  73.277 0.0000000000
49047  -43.268  -52.543  72.295 0.0000000000
135338  -45.126  -53.532  71.983 0.0000000000
47886  -44.218  -52.907  71.171 0.0000000000
47887  -44.853  -53.203  71.318 0.0000000000
47896  -43.963  -52.697  70.406 0.0000000000
59725  -52.021  -42.702  56.582 0.0000000000
60766  -54.460  -41.303  56.383 0.0000000000
42969  -33.094  -58.211  87.085 0.0000000000
42028  -32.808  -58.173  87.188 0.0000000000
42037  -33.361  -58.137  86.905 0.0000000000
41054  -34.039  -58.753  85.824 0.0000000000
151523  -34.158  -59.290  85.086 0.0000000000
148345  -33.590  -58.996  84.559 0.0000000000
56328  -39.747  -45.756  63.106 0.0000000000
54236  -47.722  -46.853  67.554 0.0000000000
56283  -48.541  -45.699  66.522 0.0000000000
131915  -48.899  -45.277  65.925 0.0000000000
57455  -48.742  -44.720  65.171 0.0000000000
56318  -49.530  -44.610  64.797 0.0000000000
56298  -49.670  -45.114  65.552 0.0000000000
55225  -51.658  -45.728  66.171 0.0000000000
138060  -52.037  -45.055  64.812 0.0000000000
55226  -52.599  -45.786  66.133 0.0000000000
134496  -34.963  -48.637  83.701 0.0000000000
128866  -34.694  -49.816  83.221 0.0000000000
52209  -34.992  -48.907  83.133 0.0000000000
52264  -35.281  -49.471  81.100 0.0000000000
51103  -34.636  -50.169  81.430 0.0000000000
136984  -34.782  -50.924  80.135 0.0000000000
126065  -36.953  -51.054  73.659 0.0000000000
50056  -35.933  -50.531  74.217 0.0000000000
49038  -33.451  -51.437  72.395 0.0000000000
130741  -32.648  -51.663  73.226 0.0000000000
146393  -31.555  -52.303  72.448 0.0000000000
51324  -37.967  -51.128  64.711 0.0000000000
51323  -37.467  -51.147  64.377 0.0000000000
51332  -37.524  -50.623  64.256 0.0000000000
59580  -56.534  -42.591  70.224 0.0000000000
58508  -56.843  -43.916  70.034 0.0000000000
58556  -56.451  -44.157  68.109 0.0000000000
57416  -56.824  -44.393  68.643 0.0000000000
57431  -56.818  -45.058  67.838 0.0000000000
56268  -57.447  -45.661  67.459 0.0000000000
56267  -57.070  -45.378  67.111 0.0000000000
61746  -57.396  -41.134  61.329 0.0000000000
60730  -56.998  -41.451  61.993 0.0000000000
60716  -57.626  -41.920  62.429 0.0000000000
59679  -58.258  -42.423  62.934 0.0000000000
60717  -58.581  -41.932  62.483 0.0000000000
59690  -61.843  -42.545  62.019 0.0000000000
59683  -61.468  -42.594  62.677 0.0000000000
58623  -61.684  -43.213  62.051 0.0000000000
58622  -61.167  -43.840  61.598 0.0000000000
58633  -61.850  -43.337  61.074 0.0000000000
58650  -60.574  -42.946  60.072 0.0000000000
59694  -61.444  -43.035  60.289 0.0000000000
59704  -62.296  -42.473  59.824 0.0000000000
59715  -62.642  -42.148  59.135 0.0000000000
65752  -62.134  -36.023  58.152 0.0000000000
65753  -62.820  -36.646  57.801 0.0000000000
142252  -22.947  -56.674  87.157 0.0000000000
130835  -23.721  -56.709  86.933 0.0000000000
43923  -24.092  -56.781  85.394 0.0000000000
148826  -23.978  -56.785  85.644 0.0000000000
43936  -23.970  -56.992  84.709 0.0000000000
139831  -23.563  -56.845  84.484 0.0000000000
44004  -28.543  -57.247  80.202 0.0000000000
44003  -27.689  -57.357  80.173 0.0000000000
43057  -28.099  -57.756  79.709 0.0000000000
42139  -26.723  -58.585  79.650 0.0000000000
42138  -25.993  -58.776  79.527 0.0000000000
42119  -25.505  -59.551  79.982 0.0000000000
42100  -25.811  -60.145  80.867 0.0000000000
142666  -26.308  -61.116  82.685 0.0000000000
41109  -25.670  -61.138  82.304 0.0000000000
42153  -34.367  -58.538  79.219 0.0000000000
42152  -33.900  -59.062  79.071 0.0000000000
41172  -33.440  -59.436  78.489 0.0000000000
41183  -32.219  -59.846  76.847 0.0000000000
41170  -32.532  -60.284  77.737 0.0000000000
41169  -31.641  -60.451  77.492 0.0000000000
40154  -30.971  -60.844  78.270 0.0000000000
146109  -30.369  -60.419  77.191 0.0000000000
145254  -40.430  -49.420  66.315 0.0000000000
53315  -40.685  -48.533  66.155 0.0000000000
52368  -43.263  -49.239  67.806 0.0000000000
52379  -42.701  -48.774  67.440 0.0000000000
53290  -43.517  -48.456  67.678 0.0000000000
53291  -44.329  -48.298  67.761 0.0000000000
52369  -44.597  -48.894  68.180 0.0000000000
49091  -45.747  -52.023  69.723 0.0000000000
50141  -45.463  -51.438  69.402 0.0000000000
50142  -46.345  -51.158  69.552 0.0000000000
51269  -47.418  -50.214  69.352 0.0000000000
51268  -47.044  -50.509  69.112 0.0000000000
52358  -46.894  -49.968  68.677 0.0000000000
52370  -46.479  -49.136  68.426 0.0000000000
53294  -47.290  -49.200  68.537 0.0000000000
134163  -46.899  -48.351  68.246 0.0000000000
54169  -48.648  -47.849  70.789 0.0000000000
52351  -49.380  -48.737  69.742 0.0000000000
53265  -49.821  -48.489  70.366 0.0000000000
150395  -50.056  -48.563  70.076 0.0000000000
54170  -49.876  -47.686  70.932 0.0000000000
51087  -39.570  -49.821  80.879 0.0000000000
51124  -40.177  -50.274  80.520 0.0000000000
138004  -41.163  -50.582  78.487 0.0000000000
51145  -40.254  -50.223  78.925 0.0000000000
51161  -39.576  -49.888  78.213 0.0000000000
51179  -39.844  -49.997  77.254 0.0000000000
48982  -42.622  -52.413  76.409 0.0000000000
48964  -42.138  -51.911  76.846 0.0000000000
48981  -41.700  -52.137  76.086 0.0000000000
50059  -40.064  -51.657  74.545 0.0000000000
50046  -40.450  -51.719  75.225 0.0000000000
50045  -39.686  -51.319  74.985 0.0000000000
51210  -39.207  -50.414  75.591 0.0000000000
129688  -38.364  -51.203  74.194 0.0000000000
50058  -38.829  -51.580  73.721 0.0000000000
50091  -37.339  -52.125  71.841 0.0000000000
148330  -37.329  -52.173  72.075 0.0000000000
49074  -36.921  -51.950  71.615 0.0000000000
49073  -36.361  -51.581  71.485 0.0000000000
50104  -36.371  -51.545  71.126 0.0000000000
50120  -36.680  -51.218  70.310 0.0000000000
50122  -38.710  -50.763  69.465 0.0000000000
51254  -37.198  -50.725  69.248 0.0000000000
50136  -38.192  -50.676  68.826 0.0000000000
50153  -37.785  -51.194  67.215 0.0000000000
128436  -38.391  -51.219  67.731 0.0000000000
50109  -41.881  -51.584  69.943 0.0000000000
50108  -40.813  -51.094  70.062 0.0000000000
49085  -41.203  -51.920  69.072 0.0000000000
138825  -40.249  -52.226  67.733 0.0000000000
49099  -40.186  -52.255  68.067 0.0000000000
49115  -39.658  -52.137  67.575 0.0000000000
50173  -39.228  -52.005  66.442 0.0000000000
140875  -38.630  -51.793  65.762 0.0000000000
50186  -39.305  -51.797  66.006 0.0000000000
52376  -40.611  -50.102  66.621 0.0000000000
52386  -39.882  -50.155  66.115 0.0000000000
132271  -39.832  -49.157  65.933 0.0000000000
64769  -59.484  -37.341  58.271 0.0000000000
65735  -59.809  -36.595  57.955 0.0000000000
66669  -59.791  -34.787  57.684 0.0000000000
67654  -60.241  -34.831  57.738 0.0000000000
141094  -60.518  -33.912  57.790 0.0000000000
42978  -27.883  -57.831  86.926 0.0000000000
43926  -28.741  -57.708  85.239 0.0000000000
134330  -28.451  -57.298  84.474 0.0000000000
43940  -29.189  -57.639  84.555 0.0000000000
42054  -31.917  -58.532  86.266 0.0000000000
42053  -31.075  -58.336  86.314 0.0000000000
137939  -31.636  -58.335  85.479 0.0000000000
43959  -31.003  -57.139  83.447 0.0000000000
43975  -30.217  -56.892  81.911 0.0000000000
43040  -30.580  -58.197  80.449 0.0000000000
42124  -30.482  -59.050  80.613 0.0000000000
54251  -41.246  -46.975  66.118 0.0000000000
54265  -40.838  -46.727  65.398 0.0000000000
55218  -41.672  -46.321  65.582 0.0000000000
56291  -42.876  -45.562  64.911 0.0000000000
56312  -42.614  -45.255  64.295 0.0000000000
56294  -45.286  -45.495  65.643 0.0000000000
56315  -45.675  -44.924  64.864 0.0000000000
128120  -45.575  -44.477  62.783 0.0000000000
57510  -49.775  -44.040  62.280 0.0000000000
56385  -51.042  -45.233  59.586 0.0000000000
56377  -52.720  -45.586  60.392 0.0000000000
56387  -52.293  -45.354  59.714 0.0000000000
56388  -53.036  -45.477  59.908 0.0000000000
46740  -37.189  -54.113  86.213 0.0000000000
44911  -36.701  -55.449  85.024 0.0000000000
46745  -37.170  -54.118  85.852 0.0000000000
46757  -36.765  -55.161  83.795 0.0000000000
126260  -37.264  -55.673  83.963 0.0000000000
46762  -37.079  -55.497  83.398 0.0000000000
129417  -37.226  -56.748  82.800 0.0000000000
128491  -37.173  -55.896  82.895 0.0000000000
48871  -35.037  -52.233  83.365 0.0000000000
48885  -35.005  -53.029  83.160 0.0000000000
48900  -34.937  -53.101  82.247 0.0000000000
45838  -35.539  -54.917  81.155 0.0000000000
46766  -35.412  -54.656  82.076 0.0000000000
45844  -36.073  -55.650  80.648 0.0000000000
45845  -36.520  -56.142  81.378 0.0000000000
44939  -36.220  -56.337  80.417 0.0000000000
44024  -35.620  -57.340  79.921 0.0000000000
44023  -35.104  -56.988  79.418 0.0000000000
44954  -34.078  -55.878  78.085 0.0000000000
44045  -34.046  -56.692  78.747 0.0000000000
44953  -33.679  -56.402  78.179 0.0000000000
44057  -33.146  -56.687  77.813 0.0000000000
136590  -38.690  -49.675  80.407 0.0000000000
51104  -37.718  -49.407  80.515 0.0000000000
128139  -37.849  -49.606  79.736 0.0000000000
49993  -35.666  -51.307  78.813 0.0000000000
48963  -35.779  -51.889  77.810 0.0000000000
50042  -35.152  -50.529  75.160 0.0000000000
50029  -35.653  -50.664  76.040 0.0000000000
48994  -34.767  -51.258  76.227 0.0000000000
47841  -33.908  -53.338  76.320 0.0000000000
48977  -34.633  -52.157  76.873 0.0000000000
47828  -34.479  -53.310  76.874 0.0000000000
47829  -34.737  -53.494  77.371 0.0000000000
46796  -34.595  -54.175  77.062 0.0000000000
45861  -32.274  -55.207  75.990 0.0000000000
44971  -32.061  -56.172  76.381 0.0000000000
44970  -31.275  -56.597  76.018 0.0000000000
145869  -35.061  -50.465  68.166 0.0000000000
51263  -34.263  -50.567  68.226 0.0000000000
51280  -34.877  -50.496  67.356 0.0000000000
42959  -31.932  -57.632  87.802 0.0000000000
46724  -36.481  -53.684  87.325 0.0000000000
133802  -36.789  -54.021  86.900 0.0000000000
47645  -36.692  -53.058  87.247 0.0000000000
51044  -36.676  -51.175  86.605 0.0000000000
138183  -36.467  -50.662  86.753 0.0000000000
54046  -35.343  -46.742  86.130 0.0000000000
137515  -34.986  -47.621  86.099 0.0000000000
53137  -34.960  -48.108  85.918 0.0000000000
52173  -34.819  -48.919  85.686 0.0000000000
53142  -34.600  -47.968  84.955 0.0000000000
52190  -34.864  -48.988  84.575 0.0000000000
54065  -35.121  -47.316  84.578 0.0000000000
129465  -36.884  -46.845  84.986 0.0000000000
54067  -36.991  -47.184  84.289 0.0000000000
53166  -37.296  -48.141  83.270 0.0000000000
53152  -37.667  -47.713  83.952 0.0000000000
53168  -39.269  -48.230  83.681 0.0000000000
52211  -39.908  -48.435  83.153 0.0000000000
52232  -39.809  -48.838  82.472 0.0000000000
127552  -40.661  -48.804  82.733 0.0000000000
51069  -41.900  -49.802  82.727 0.0000000000
51091  -42.322  -50.213  82.311 0.0000000000
49969  -42.776  -50.573  81.273 0.0000000000
47833  -47.156  -51.960  76.897 0.0000000000
52317  -48.698  -49.643  76.059 0.0000000000
51221  -47.997  -50.232  75.080 0.0000000000
138174  -48.751  -48.882  75.786 0.0000000000
54145  -48.301  -47.594  74.310 0.0000000000
55105  -48.312  -46.297  73.706 0.0000000000
54156  -46.803  -47.182  73.064 0.0000000000
56183  -48.446  -45.672  73.286 0.0000000000
148428  -49.373  -42.211  72.301 0.0000000000
58466  -49.115  -42.884  72.514 0.0000000000
58465  -48.635  -43.430  71.773 0.0000000000
57369  -47.825  -44.566  71.321 0.0000000000
133255  -48.236  -43.990  71.271 0.0000000000
57385  -47.548  -44.959  70.331 0.0000000000
58505  -48.372  -43.719  70.094 0.0000000000
59596  -50.559  -42.585  69.587 0.0000000000
57404  -49.595  -44.060  69.474 0.0000000000
143611  -50.327  -43.926  69.623 0.0000000000
136529  -51.271  -45.221  70.650 0.0000000000
60593  -54.516  -41.598  72.237 0.0000000000
60609  -52.824  -40.974  71.132 0.0000000000
59559  -52.817  -42.159  71.393 0.0000000000
56214  -53.808  -45.342  71.255 0.0000000000
137834  -53.143  -43.731  71.077 0.0000000000
131262  -53.137  -45.334  71.122 0.0000000000
151220  -52.654  -45.940  71.146 0.0000000000
130066  -53.085  -46.861  71.032 0.0000000000
54191  -52.635  -47.483  69.417 0.0000000000
129187  -55.175  -47.293  69.142 0.0000000000
54222  -54.224  -46.767  68.291 0.0000000000
141146  -54.472  -46.511  66.847 0.0000000000
127611  -53.556  -46.015  65.987 0.0000000000
55227  -54.548  -46.366  66.002 0.0000000000
55170  -57.304  -46.337  69.205 0.0000000000
55158  -57.059  -46.513  69.878 0.0000000000
54205  -56.890  -47.059  68.546 0.0000000000
55228  -56.369  -46.863  65.490 0.0000000000
54253  -56.199  -47.139  66.355 0.0000000000
144827  -55.582  -46.575  65.055 0.0000000000
55241  -54.956  -46.444  65.214 0.0000000000
129913  -54.936  -46.447  64.345 0.0000000000
55260  -54.557  -46.151  63.371 0.0000000000
55261  -55.448  -46.298  63.579 0.0000000000
55287  -55.980  -45.663  62.119 0.0000000000
55286  -55.237  -45.683  62.039 0.0000000000
56380  -54.887  -45.241  61.125 0.0000000000
57546  -54.423  -45.127  60.627 0.0000000000
57547  -55.057  -44.705  60.706 0.0000000000
57473  -57.068  -44.785  65.013 0.0000000000
57458  -58.048  -45.015  65.754 0.0000000000
56304  -58.563  -45.395  66.074 0.0000000000
57459  -58.948  -44.922  65.473 0.0000000000
59665  -59.208  -42.863  63.496 0.0000000000
58605  -59.065  -43.474  63.711 0.0000000000
58593  -60.123  -43.945  63.944 0.0000000000
57512  -59.286  -44.861  62.310 0.0000000000
139052  -59.815  -45.231  62.918 0.0000000000
56356  -58.762  -45.362  62.786 0.0000000000
56337  -59.076  -45.626  63.573 0.0000000000
56355  -57.787  -45.539  62.507 0.0000000000
58629  -56.821  -44.073  60.524 0.0000000000
57566  -56.102  -43.697  60.009 0.0000000000
58666  -55.566  -42.741  59.004 0.0000000000
59723  -56.320  -41.726  58.140 0.0000000000
60756  -56.832  -41.317  57.640 0.0000000000
59712  -59.311  -42.296  59.156 0.0000000000
60746  -58.930  -41.699  58.631 0.0000000000
61779  -58.126  -40.827  57.252 0.0000000000
61789  -57.605  -40.552  56.470 0.0000000000
63780  -60.917  -39.180  59.957 0.0000000000
62851  -61.056  -39.500  60.316 0.0000000000
62852  -61.584  -39.392  60.296 0.0000000000
61771  -63.221  -40.505  58.824 0.0000000000
61770  -62.587  -40.253  59.902 0.0000000000
60750  -63.369  -41.353  58.312 0.0000000000
60749  -63.060  -41.818  58.363 0.0000000000
60762  -63.386  -41.407  57.615 0.0000000000
63826  -63.241  -38.396  57.694 0.0000000000
62881  -63.340  -39.329  58.103 0.0000000000
139835  -63.794  -41.150  56.204 0.0000000000
60768  -62.648  -41.379  56.358 0.0000000000
43921  -22.406  -56.644  86.017 0.0000000000
44907  -21.377  -56.609  86.488 0.0000000000
43949  -20.555  -56.731  83.098 0.0000000000
44924  -20.213  -56.348  84.480 0.0000000000
43983  -19.569  -56.857  81.389 0.0000000000
130320  -20.386  -56.870  79.619 0.0000000000
139625  -19.416  -57.296  79.883 0.0000000000
43070  -19.885  -58.158  78.174 0.0000000000
137243  -20.494  -57.943  77.577 0.0000000000
151431  -26.589  -57.222  85.641 0.0000000000
148174  -25.902  -57.164  86.042 0.0000000000
43924  -25.977  -56.827  85.211 0.0000000000
128249  -25.290  -57.252  83.263 0.0000000000
150866  -24.387  -57.276  82.201 0.0000000000
44002  -26.845  -57.285  80.143 0.0000000000
43988  -26.332  -57.017  80.583 0.0000000000
44001  -26.099  -56.970  79.851 0.0000000000
44018  -24.057  -57.429  78.942 0.0000000000
148159  -23.744  -57.072  79.438 0.0000000000
43999  -23.809  -57.042  80.199 0.0000000000
127899  -23.041  -56.903  79.862 0.0000000000
44017  -22.272  -56.643  79.311 0.0000000000
132050  -22.537  -57.059  78.194 0.0000000000
152310  -23.736  -61.738  80.592 0.0000000000
43944  -36.752  -57.162  84.242 0.0000000000
42994  -36.628  -58.742  85.026 0.0000000000
42058  -37.101  -59.409  84.836 0.0000000000
140513  -35.101  -60.443  82.109 0.0000000000
41101  -35.500  -59.257  83.659 0.0000000000
41116  -34.781  -59.958  82.711 0.0000000000
41100  -34.305  -59.681  83.069 0.0000000000
41115  -34.254  -60.244  82.362 0.0000000000
39096  -33.513  -60.863  79.709 0.0000000000
39086  -34.292  -60.937  80.493 0.0000000000
39085  -33.807  -61.074  80.146 0.0000000000
40119  -32.218  -60.645  80.285 0.0000000000
134023  -33.094  -60.807  80.347 0.0000000000
40107  -32.591  -60.396  80.660 0.0000000000
41133  -33.165  -60.332  81.212 0.0000000000
41132  -32.410  -59.959  80.927 0.0000000000
137403  -32.458  -59.926  81.024 0.0000000000
40116  -29.624  -61.006  80.518 0.0000000000
41178  -27.568  -60.292  76.511 0.0000000000
41167  -28.960  -60.402  77.617 0.0000000000
41166  -27.920  -60.363  77.418 0.0000000000
40139  -27.052  -61.571  78.499 0.0000000000
40127  -27.723  -61.533  79.190 0.0000000000
40128  -28.489  -61.533  79.922 0.0000000000
39081  -27.451  -62.026  79.829 0.0000000000
39060  -27.011  -62.614  81.464 0.0000000000
145851  -27.845  -62.384  81.243 0.0000000000
39061  -27.839  -62.292  81.825 0.0000000000
39062  -28.275  -61.917  81.949 0.0000000000
145143  -45.688  -53.320  72.140 0.0000000000
47889  -45.998  -52.971  71.829 0.0000000000
49049  -46.507  -52.522  72.894 0.0000000000
50087  -46.373  -51.834  73.199 0.0000000000
51234  -46.611  -50.619  73.990 0.0000000000
46799  -45.349  -53.232  76.597 0.0000000000
46805  -44.950  -53.329  75.970 0.0000000000
46806  -45.584  -53.426  75.378 0.0000000000
135131  -45.021  -53.310  74.212 0.0000000000
47879  -44.121  -52.885  72.017 0.0000000000
128278  -44.732  -53.324  72.612 0.0000000000
47880  -45.637  -53.527  72.817 0.0000000000
58682  -52.283  -43.702  57.686 0.0000000000
125802  -52.608  -42.528  56.710 0.0000000000
59738  -52.960  -41.917  56.197 0.0000000000
59726  -53.349  -42.289  56.758 0.0000000000
59721  -54.524  -42.195  57.644 0.0000000000
136537  -33.660  -57.848  86.801 0.0000000000
42970  -34.468  -57.846  86.037 0.0000000000
42038  -34.354  -58.103  86.050 0.0000000000
42048  -35.275  -58.315  85.408 0.0000000000
53296  -49.464  -47.796  68.485 0.0000000000
54237  -48.604  -46.753  67.552 0.0000000000
54238  -49.528  -46.744  67.429 0.0000000000
55207  -49.861  -46.307  66.746 0.0000000000
55223  -50.159  -45.709  66.168 0.0000000000
141927  -50.469  -46.219  66.589 0.0000000000
54240  -51.231  -46.788  67.335 0.0000000000
55189  -52.024  -46.653  67.504 0.0000000000
53176  -35.937  -48.328  82.401 0.0000000000
130258  -35.389  -48.585  82.532 0.0000000000
127153  -35.985  -51.551  72.098 0.0000000000
50084  -35.407  -51.322  72.651 0.0000000000
49039  -35.048  -51.608  72.069 0.0000000000
49055  -34.087  -51.627  71.431 0.0000000000
128091  -33.006  -51.471  71.538 0.0000000000
49054  -31.963  -51.883  71.718 0.0000000000
49069  -32.338  -51.650  70.952 0.0000000000
52398  -37.690  -49.556  64.191 0.0000000000
53326  -37.476  -48.974  63.504 0.0000000000
61747  -58.426  -41.072  61.289 0.0000000000
60732  -58.994  -41.466  61.883 0.0000000000
60733  -59.908  -41.452  61.888 0.0000000000
60734  -60.739  -41.449  62.133 0.0000000000
59691  -62.196  -42.291  61.440 0.0000000000
58634  -62.312  -42.844  61.031 0.0000000000
60736  -62.313  -41.670  60.891 0.0000000000
42964  -24.395  -56.841  87.203 0.0000000000
42974  -24.195  -56.737  86.453 0.0000000000
43038  -29.175  -58.463  79.944 0.0000000000
43037  -28.361  -58.257  79.658 0.0000000000
42082  -26.915  -60.159  81.035 0.0000000000
41110  -26.841  -60.640  82.197 0.0000000000
41097  -26.903  -60.999  82.770 0.0000000000
43087  -32.862  -58.638  77.806 0.0000000000
42160  -32.918  -59.161  77.838 0.0000000000
42169  -32.727  -58.999  77.069 0.0000000000
42168  -32.366  -59.118  76.638 0.0000000000
41182  -31.498  -60.061  76.611 0.0000000000
131703  -41.517  -50.138  67.066 0.0000000000
52378  -41.889  -49.072  67.095 0.0000000000
51302  -42.075  -50.715  67.468 0.0000000000
131502  -43.163  -49.993  67.981 0.0000000000
51286  -44.285  -50.345  68.568 0.0000000000
50096  -46.869  -50.864  70.644 0.0000000000
50111  -46.986  -51.020  70.006 0.0000000000
51245  -47.114  -50.341  70.506 0.0000000000
51246  -47.624  -49.810  70.224 0.0000000000
51256  -48.062  -49.562  69.917 0.0000000000
51270  -47.919  -49.607  69.533 0.0000000000
148687  -48.294  -49.331  70.066 0.0000000000
53258  -48.108  -48.496  70.580 0.0000000000
54183  -47.623  -46.910  70.279 0.0000000000
49967  -41.162  -50.272  80.852 0.0000000000
49980  -40.956  -50.391  80.107 0.0000000000
147118  -41.472  -51.013  79.003 0.0000000000
48996  -41.661  -52.267  75.287 0.0000000000
49013  -40.380  -51.869  74.176 0.0000000000
49012  -39.479  -51.664  73.811 0.0000000000
49028  -38.629  -51.700  73.185 0.0000000000
49029  -39.052  -51.696  73.247 0.0000000000
126308  -37.946  -51.961  72.244 0.0000000000
49059  -37.978  -51.797  71.628 0.0000000000
50106  -38.317  -51.140  70.736 0.0000000000
128815  -39.125  -50.757  69.868 0.0000000000
49086  -42.025  -52.195  69.092 0.0000000000
49131  -40.374  -52.048  67.354 0.0000000000
50174  -39.802  -51.853  66.757 0.0000000000
50175  -40.562  -51.531  67.114 0.0000000000
50176  -41.477  -51.254  67.345 0.0000000000
42042  -29.334  -58.069  87.286 0.0000000000
42979  -28.802  -58.005  86.800 0.0000000000
42980  -29.638  -58.205  86.662 0.0000000000
42993  -29.947  -58.166  85.879 0.0000000000
43002  -32.182  -58.229  84.413 0.0000000000
43007  -32.206  -57.901  83.508 0.0000000000
143320  -32.093  -57.551  82.138 0.0000000000
43993  -30.822  -57.322  81.250 0.0000000000
43994  -31.725  -57.732  81.448 0.0000000000
55200  -43.055  -46.534  66.506 0.0000000000
55220  -43.670  -45.919  66.004 0.0000000000
56292  -43.508  -45.533  65.220 0.0000000000
56317  -47.021  -44.889  65.159 0.0000000000
57467  -45.913  -44.625  64.090 0.0000000000
128080  -46.687  -44.467  63.852 0.0000000000
57488  -46.101  -44.490  63.265 0.0000000000
57493  -51.213  -44.364  62.974 0.0000000000
138061  -50.754  -44.288  62.035 0.0000000000
57511  -51.551  -44.600  62.243 0.0000000000
57526  -51.388  -44.760  61.565 0.0000000000
56363  -51.568  -45.191  60.943 0.0000000000
56364  -52.368  -45.596  60.972 0.0000000000
126212  -53.223  -45.732  61.193 0.0000000000
48843  -36.594  -53.071  86.035 0.0000000000
47697  -37.168  -53.832  85.821 0.0000000000
48844  -37.000  -53.633  85.729 0.0000000000
47709  -36.600  -53.958  84.936 0.0000000000
47730  -36.146  -54.230  83.875 0.0000000000
48899  -34.659  -52.477  81.420 0.0000000000
47772  -34.995  -53.151  81.409 0.0000000000
46771  -35.226  -54.121  80.507 0.0000000000
45843  -35.489  -55.047  79.984 0.0000000000
45855  -34.564  -55.442  78.012 0.0000000000
51142  -37.216  -49.819  78.927 0.0000000000
51159  -37.673  -49.834  78.292 0.0000000000
51176  -36.698  -50.404  77.426 0.0000000000
50017  -36.087  -51.016  77.338 0.0000000000
49011  -33.808  -51.940  75.453 0.0000000000
48992  -33.634  -52.595  75.856 0.0000000000
47840  -33.416  -53.998  76.307 0.0000000000
150985  -32.277  -54.575  75.737 0.0000000000
49914  -36.543  -51.778  87.335 0.0000000000
51000  -36.091  -51.088  87.472 0.0000000000
54055  -35.812  -46.728  85.318 0.0000000000
52212  -41.417  -49.084  83.038 0.0000000000
54136  -49.675  -47.734  76.308 0.0000000000
53235  -49.278  -47.981  75.494 0.0000000000
55093  -49.432  -46.924  75.638 0.0000000000
56167  -49.328  -45.969  75.132 0.0000000000
126377  -49.470  -45.223  74.500 0.0000000000
59540  -49.456  -41.572  71.757 0.0000000000
145500  -49.044  -42.451  71.214 0.0000000000
59576  -48.714  -42.860  69.956 0.0000000000
59577  -49.337  -41.884  70.193 0.0000000000
60638  -50.396  -41.743  69.701 0.0000000000
60639  -51.137  -41.963  69.794 0.0000000000
60594  -55.035  -41.868  72.516 0.0000000000
59542  -54.237  -42.357  71.964 0.0000000000
59560  -53.561  -42.630  71.724 0.0000000000
58467  -54.341  -43.073  72.040 0.0000000000
56202  -54.381  -44.822  71.510 0.0000000000
56203  -54.254  -45.790  71.355 0.0000000000
146188  -54.121  -46.939  70.415 0.0000000000
54175  -54.620  -46.808  70.610 0.0000000000
54194  -55.238  -47.290  69.895 0.0000000000
151417  -55.713  -47.229  69.433 0.0000000000
54225  -57.816  -47.145  67.245 0.0000000000
152603  -57.654  -47.321  67.131 0.0000000000
54243  -57.524  -47.396  66.818 0.0000000000
150305  -56.680  -46.708  64.971 0.0000000000
147277  -56.246  -46.356  63.733 0.0000000000
55277  -56.424  -45.868  62.711 0.0000000000
58588  -55.189  -44.145  64.860 0.0000000000
58589  -56.161  -44.397  64.329 0.0000000000
57531  -60.802  -44.347  62.125 0.0000000000
57495  -60.530  -44.173  63.421 0.0000000000
127175  -60.124  -44.699  62.238 0.0000000000
57529  -58.626  -44.480  61.730 0.0000000000
150036  -57.960  -44.737  61.741 0.0000000000
57548  -58.376  -43.949  61.088 0.0000000000
58630  -57.666  -43.687  60.543 0.0000000000
128948  -57.019  -43.132  59.914 0.0000000000
59698  -56.857  -42.512  59.224 0.0000000000
132009  -57.217  -42.199  58.856 0.0000000000
60759  -59.600  -41.321  57.980 0.0000000000
61790  -58.644  -40.490  56.555 0.0000000000
63799  -61.582  -38.510  59.698 0.0000000000
63782  -61.796  -38.851  60.016 0.0000000000
63800  -61.943  -38.365  59.812 0.0000000000
62878  -63.036  -39.437  58.826 0.0000000000
63835  -63.627  -39.918  55.907 0.0000000000
138641  -63.943  -40.970  56.090 0.0000000000
148719  -20.701  -56.500  86.902 0.0000000000
131924  -22.117  -56.600  84.141 0.0000000000
43934  -21.874  -56.571  84.882 0.0000000000
130391  -20.609  -56.807  81.582 0.0000000000
44938  -21.302  -56.648  79.422 0.0000000000
43939  -27.645  -57.021  84.610 0.0000000000
126207  -26.099  -57.011  84.325 0.0000000000
43971  -25.922  -57.166  82.449 0.0000000000
44000  -25.345  -56.937  79.662 0.0000000000
43074  -24.281  -58.110  78.509 0.0000000000
44031  -23.579  -57.590  78.212 0.0000000000
41158  -23.020  -60.199  77.797 0.0000000000
40138  -23.321  -60.860  78.737 0.0000000000
39069  -23.421  -62.554  79.987 0.0000000000
42074  -36.547  -57.961  83.509 0.0000000000
42073  -36.190  -58.570  83.771 0.0000000000
42088  -36.249  -58.962  82.935 0.0000000000
41135  -35.619  -60.050  82.011 0.0000000000
41134  -35.141  -60.563  81.546 0.0000000000
39094  -31.709  -60.752  78.873 0.0000000000
39083  -32.000  -60.835  79.512 0.0000000000
40132  -31.608  -60.838  79.674 0.0000000000
38035  -26.586  -63.416  79.180 0.0000000000
39080  -26.752  -62.604  79.576 0.0000000000
49089  -43.840  -52.481  69.630 0.0000000000
49102  -44.072  -52.272  69.318 0.0000000000
132932  -44.482  -52.514  69.858 0.0000000000
49090  -45.222  -52.489  69.993 0.0000000000
49079  -46.029  -52.305  70.658 0.0000000000
49065  -46.142  -52.262  71.488 0.0000000000
50095  -46.264  -51.401  71.432 0.0000000000
50110  -46.412  -51.534  70.715 0.0000000000
51244  -46.359  -50.646  71.256 0.0000000000
147007  -45.898  -49.117  71.925 0.0000000000
54164  -46.159  -47.558  71.654 0.0000000000
47786  -43.854  -51.893  79.110 0.0000000000
48949  -42.906  -52.120  78.087 0.0000000000
47817  -43.451  -52.791  77.754 0.0000000000
47831  -43.303  -52.819  76.850 0.0000000000
47842  -43.128  -53.017  76.026 0.0000000000
47843  -43.444  -53.125  75.850 0.0000000000
130372  -43.105  -52.875  75.439 0.0000000000
49015  -42.465  -52.503  74.962 0.0000000000
128159  -41.929  -52.210  73.502 0.0000000000
49045  -41.372  -51.880  72.927 0.0000000000
49062  -42.001  -51.639  71.958 0.0000000000
49075  -42.412  -51.924  70.854 0.0000000000
49064  -43.552  -52.663  71.400 0.0000000000
47895  -43.327  -52.573  69.983 0.0000000000
49088  -43.324  -52.523  69.422 0.0000000000
60779  -53.374  -41.359  55.549 0.0000000000
42027  -32.130  -58.270  87.238 0.0000000000
42035  -31.763  -58.478  86.965 0.0000000000
42045  -32.141  -58.563  86.775 0.0000000000
42055  -32.658  -58.585  86.161 0.0000000000
42047  -33.702  -58.262  86.456 0.0000000000
41064  -33.312  -58.706  85.926 0.0000000000
42056  -33.239  -58.743  85.423 0.0000000000
149832  -33.170  -58.696  84.985 0.0000000000
43009  -33.463  -58.766  83.794 0.0000000000
54235  -46.180  -46.795  67.376 0.0000000000
55203  -45.637  -46.346  66.827 0.0000000000
141061  -46.322  -46.204  66.785 0.0000000000
56281  -46.769  -45.685  66.405 0.0000000000
55205  -48.111  -46.306  67.038 0.0000000000
56282  -47.654  -45.682  66.529 0.0000000000
56296  -47.278  -45.228  65.817 0.0000000000
57454  -47.760  -44.766  65.184 0.0000000000
57490  -48.466  -44.161  63.418 0.0000000000
57470  -49.032  -44.321  64.216 0.0000000000
57471  -49.909  -44.327  64.072 0.0000000000
56299  -50.608  -45.266  65.465 0.0000000000
57472  -50.730  -44.534  63.898 0.0000000000
133718  -51.512  -44.631  63.689 0.0000000000
56320  -52.856  -45.382  64.406 0.0000000000
51057  -35.035  -50.349  84.795 0.0000000000
152385  -35.541  -51.327  84.398 0.0000000000
144136  -35.285  -50.730  83.942 0.0000000000
49956  -34.819  -51.276  83.138 0.0000000000
49966  -34.232  -51.100  82.034 0.0000000000
52229  -34.931  -49.232  82.464 0.0000000000
140414  -34.285  -51.749  81.485 0.0000000000
49978  -34.575  -51.759  80.624 0.0000000000
48932  -35.310  -52.243  79.028 0.0000000000
51208  -37.681  -50.306  74.852 0.0000000000
50030  -36.590  -50.181  75.712 0.0000000000
50055  -34.569  -50.682  74.401 0.0000000000
50073  -34.355  -50.957  73.507 0.0000000000
50054  -33.833  -51.357  74.613 0.0000000000
49009  -32.418  -52.117  74.204 0.0000000000
47867  -31.801  -52.790  74.278 0.0000000000
47866  -31.345  -53.168  73.887 0.0000000000
47878  -31.078  -52.837  73.113 0.0000000000
49036  -30.860  -52.640  72.353 0.0000000000
146276  -29.839  -52.643  71.538 0.0000000000
126941  -31.489  -51.960  71.208 0.0000000000
50184  -36.939  -51.556  64.917 0.0000000000
50198  -36.213  -51.779  64.338 0.0000000000
50213  -36.938  -51.433  64.322 0.0000000000
50212  -36.320  -51.737  63.899 0.0000000000
51331  -36.367  -51.095  63.367 0.0000000000
52397  -37.230  -49.999  63.650 0.0000000000
51342  -36.751  -50.315  63.197 0.0000000000
59545  -55.989  -42.495  71.748 0.0000000000
58490  -56.189  -43.889  71.520 0.0000000000
57372  -56.313  -44.807  71.210 0.0000000000
57389  -56.794  -44.756  70.376 0.0000000000
56231  -57.151  -45.504  70.057 0.0000000000
56242  -57.420  -45.812  69.033 0.0000000000
147195  -56.744  -43.620  69.068 0.0000000000
136253  -57.187  -44.959  69.093 0.0000000000
56254  -57.519  -46.058  68.304 0.0000000000
56269  -57.671  -46.066  67.644 0.0000000000
55213  -58.436  -46.511  66.336 0.0000000000
55231  -58.641  -46.404  65.708 0.0000000000
59663  -56.711  -42.877  62.995 0.0000000000
136948  -57.386  -42.406  62.762 0.0000000000
152662  -58.793  -42.604  63.254 0.0000000000
59666  -59.867  -42.844  63.461 0.0000000000
60718  -59.518  -41.948  62.458 0.0000000000
59668  -61.199  -42.892  63.152 0.0000000000
58608  -60.929  -43.429  63.233 0.0000000000
57532  -61.253  -43.750  62.294 0.0000000000
58649  -59.801  -43.332  60.502 0.0000000000
135450  -60.402  -42.495  59.279 0.0000000000
59703  -61.819  -42.685  59.827 0.0000000000
59713  -61.325  -42.106  58.707 0.0000000000
141598  -61.926  -41.611  57.751 0.0000000000
65738  -61.662  -36.897  58.464 0.0000000000
144081  -62.894  -37.381  58.009 0.0000000000
43906  -22.271  -56.713  87.811 0.0000000000
140856  -23.507  -56.701  85.769 0.0000000000
43915  -23.912  -56.731  86.132 0.0000000000
43922  -22.788  -56.644  85.341 0.0000000000
43935  -22.859  -56.669  84.655 0.0000000000
135888  -22.954  -56.949  82.977 0.0000000000
126857  -28.359  -56.926  81.659 0.0000000000
43990  -28.046  -56.975  80.834 0.0000000000
44021  -26.603  -57.528  79.757 0.0000000000
43056  -27.323  -58.008  79.468 0.0000000000
43054  -25.560  -58.066  79.269 0.0000000000
41143  -24.359  -60.443  80.275 0.0000000000
41127  -24.758  -60.936  81.205 0.0000000000
41128  -25.376  -60.609  81.632 0.0000000000
42141  -35.017  -58.917  80.551 0.0000000000
41153  -34.748  -59.799  80.361 0.0000000000
42140  -34.472  -59.060  79.784 0.0000000000
41152  -34.322  -59.880  79.576 0.0000000000
143562  -33.372  -60.553  79.142 0.0000000000
41171  -33.235  -59.938  77.898 0.0000000000
40145  -33.046  -60.432  78.507 0.0000000000
39104  -32.246  -60.647  78.632 0.0000000000
40144  -31.027  -60.826  78.783 0.0000000000
40152  -30.212  -60.736  78.538 0.0000000000
151830  -41.162  -47.858  66.229 0.0000000000
54230  -41.711  -47.570  66.615 0.0000000000
53304  -42.187  -48.162  67.049 0.0000000000
54231  -42.477  -47.166  67.096 0.0000000000
54211  -43.922  -47.708  67.576 0.0000000000
54212  -44.787  -47.680  67.511 0.0000000000
50140  -44.474  -51.712  69.119 0.0000000000
51287  -44.831  -49.642  68.650 0.0000000000
51267  -46.095  -50.522  69.139 0.0000000000
135025  -45.488  -48.971  68.346 0.0000000000
54213  -45.590  -47.577  67.691 0.0000000000
54214  -46.470  -47.538  67.946 0.0000000000
137576  -47.708  -48.214  68.424 0.0000000000
53295  -48.586  -47.955  68.506 0.0000000000
52360  -48.401  -49.110  69.365 0.0000000000
53280  -48.962  -48.370  68.971 0.0000000000
129013  -49.823  -48.178  68.940 0.0000000000
53272  -50.520  -48.402  69.957 0.0000000000
53261  -50.893  -47.931  70.547 0.0000000000
52231  -38.814  -48.912  82.214 0.0000000000
126064  -38.901  -49.951  79.739 0.0000000000
49979  -39.904  -50.376  79.810 0.0000000000
51160  -38.583  -49.795  78.341 0.0000000000
51178  -38.837  -49.779  77.517 0.0000000000
51194  -38.389  -49.708  75.976 0.0000000000
151946  -42.401  -51.666  78.375 0.0000000000
50019  -41.853  -51.393  77.225 0.0000000000
50006  -41.385  -50.717  77.531 0.0000000000
50032  -40.961  -51.689  75.991 0.0000000000
51196  -40.755  -50.946  76.310 0.0000000000
51180  -40.832  -50.428  76.936 0.0000000000
51195  -39.993  -50.444  76.348 0.0000000000
51209  -38.290  -50.002  75.324 0.0000000000
50057  -37.554  -50.930  74.136 0.0000000000
49027  -37.132  -51.796  72.726 0.0000000000
49041  -37.763  -51.939  72.521 0.0000000000
130574  -37.135  -52.180  72.096 0.0000000000
49040  -36.506  -51.705  72.290 0.0000000000
49057  -35.790  -51.515  71.496 0.0000000000
49072  -35.359  -51.549  71.182 0.0000000000
50118  -34.838  -51.384  70.030 0.0000000000
137559  -34.194  -51.257  69.708 0.0000000000
51252  -35.440  -50.951  69.559 0.0000000000
51264  -35.806  -50.536  68.547 0.0000000000
51265  -36.788  -50.554  68.394 0.0000000000
51282  -36.522  -50.587  67.562 0.0000000000
51283  -37.198  -50.681  67.597 0.0000000000
50152  -37.144  -51.120  66.861 0.0000000000
137999  -37.858  -51.651  66.344 0.0000000000
129137  -39.864  -50.928  69.790 0.0000000000
50123  -39.617  -51.241  68.866 0.0000000000
49100  -40.702  -52.144  68.458 0.0000000000
50138  -40.129  -51.978  68.384 0.0000000000
50154  -39.041  -51.904  67.374 0.0000000000
50172  -38.087  -51.795  65.933 0.0000000000
50185  -37.871  -51.568  65.280 0.0000000000
50200  -38.263  -51.441  65.159 0.0000000000
51325  -38.582  -50.797  65.190 0.0000000000
51314  -39.262  -51.078  65.753 0.0000000000
52392  -38.466  -49.824  65.301 0.0000000000
53313  -39.075  -48.870  65.315 0.0000000000
62849  -59.957  -39.740  60.661 0.0000000000
62867  -59.581  -39.313  59.913 0.0000000000
63797  -60.041  -38.708  59.359 0.0000000000
130454  -60.700  -38.822  59.627 0.0000000000
63818  -59.938  -38.105  58.689 0.0000000000
64751  -60.655  -38.261  59.085 0.0000000000
64771  -60.839  -37.592  58.675 0.0000000000
137768  -59.228  -34.781  57.580 0.0000000000
66670  -60.089  -35.761  57.739 0.0000000000
65737  -61.015  -36.842  58.393 0.0000000000
135927  -61.322  -35.919  58.198 0.0000000000
66672  -61.462  -35.113  57.786 0.0000000000
67655  -61.094  -34.132  57.701 0.0000000000
42966  -27.006  -57.454  87.768 0.0000000000
42977  -27.039  -57.820  87.001 0.0000000000
42990  -26.989  -57.670  86.281 0.0000000000
43925  -27.333  -57.228  85.520 0.0000000000
43956  -28.051  -57.185  83.650 0.0000000000
127841  -28.628  -57.164  82.666 0.0000000000
150081  -30.483  -58.144  85.941 0.0000000000
43000  -29.964  -57.813  84.929 0.0000000000
43943  -31.379  -58.010  84.769 0.0000000000
43942  -30.774  -57.600  84.430 0.0000000000
43974  -29.284  -56.758  81.664 0.0000000000
129295  -29.235  -57.185  80.345 0.0000000000
44005  -29.833  -57.623  80.312 0.0000000000
132220  -29.144  -59.914  81.443 0.0000000000
42172  -31.166  -58.961  75.497 0.0000000000
55237  -40.501  -46.521  64.518 0.0000000000
55258  -40.929  -45.841  63.944 0.0000000000
55239  -42.110  -45.730  64.931 0.0000000000
56311  -41.755  -45.479  64.163 0.0000000000
56330  -41.458  -45.266  63.321 0.0000000000
56350  -42.047  -44.768  62.712 0.0000000000
55222  -45.257  -45.951  66.385 0.0000000000
56293  -44.322  -45.459  65.475 0.0000000000
56314  -44.127  -45.201  64.660 0.0000000000
152337  -45.284  -44.884  64.229 0.0000000000
57466  -44.697  -44.965  63.910 0.0000000000
56333  -43.977  -44.992  64.005 0.0000000000
127690  -49.910  -44.489  61.263 0.0000000000
56386  -51.651  -45.277  59.438 0.0000000000
56395  -51.954  -45.043  58.915 0.0000000000
57596  -52.090  -44.367  58.232 0.0000000000
57579  -52.613  -44.576  58.891 0.0000000000
57580  -53.294  -44.164  59.034 0.0000000000
147255  -36.571  -54.903  85.876 0.0000000000
132707  -35.969  -55.711  85.236 0.0000000000
44910  -36.663  -55.489  85.003 0.0000000000
44919  -37.016  -55.955  84.642 0.0000000000
43929  -37.264  -56.541  84.157 0.0000000000
46751  -36.996  -55.045  85.201 0.0000000000
45832  -37.394  -55.997  84.051 0.0000000000
43961  -37.127  -57.007  83.861 0.0000000000
43979  -37.158  -57.138  83.283 0.0000000000
43044  -36.727  -57.640  81.979 0.0000000000
43043  -36.310  -57.825  81.420 0.0000000000
48872  -35.384  -52.841  83.947 0.0000000000
47729  -35.592  -53.690  83.663 0.0000000000
139100  -35.830  -54.344  83.398 0.0000000000
47762  -34.987  -53.961  82.277 0.0000000000
47749  -35.734  -54.640  82.859 0.0000000000
46767  -36.594  -55.131  83.007 0.0000000000
45840  -36.838  -56.018  82.307 0.0000000000
44009  -36.540  -57.201  81.154 0.0000000000
43061  -35.938  -57.598  80.663 0.0000000000
43060  -35.454  -58.085  80.114 0.0000000000
133069  -35.074  -57.716  79.475 0.0000000000
43076  -34.579  -58.021  79.063 0.0000000000
44948  -34.666  -56.536  79.012 0.0000000000
44032  -34.119  -57.695  78.733 0.0000000000
128212  -33.527  -58.135  78.328 0.0000000000
44043  -32.910  -57.865  77.779 0.0000000000
43097  -32.278  -58.204  77.100 0.0000000000
43096  -31.662  -58.133  76.632 0.0000000000
52248  -37.220  -49.153  81.217 0.0000000000
51122  -36.662  -49.454  80.380 0.0000000000
51121  -35.808  -49.959  79.817 0.0000000000
51140  -35.283  -50.619  79.533 0.0000000000
47785  -35.071  -52.665  78.318 0.0000000000
127324  -35.987  -50.861  76.738 0.0000000000
48979  -35.539  -51.718  77.408 0.0000000000
47816  -35.002  -52.597  77.675 0.0000000000
46787  -34.939  -54.265  77.514 0.0000000000
146778  -34.613  -54.748  77.486 0.0000000000
152090  -33.866  -55.135  77.175 0.0000000000
46804  -33.475  -54.643  76.634 0.0000000000
45857  -33.511  -55.231  76.951 0.0000000000
44962  -33.078  -56.048  77.082 0.0000000000
44961  -32.578  -56.337  76.782 0.0000000000
44055  -32.099  -57.223  76.835 0.0000000000
44064  -30.958  -57.964  76.162 0.0000000000
47860  -47.088  -51.929  75.253 0.0000000000
49016  -47.128  -51.465  75.013 0.0000000000
48998  -47.529  -51.200  75.695 0.0000000000
148432  -48.495  -50.260  76.511 0.0000000000
51212  -49.175  -49.284  76.621 0.0000000000
43881  -22.691  -56.718  89.551 0.0000000000
145914  -24.084  -56.805  88.789 0.0000000000
150199  -24.240  -57.099  89.504 0.0000000000
43897  -24.702  -57.025  88.227 0.0000000000
144613  -25.371  -57.263  88.279 0.0000000000
42956  -28.427  -57.954  88.254 0.0000000000
42023  -28.725  -58.005  88.506 0.0000000000
42032  -28.936  -57.990  87.723 0.0000000000
42024  -29.246  -57.876  88.044 0.0000000000
42025  -30.091  -57.856  87.442 0.0000000000
42957  -30.490  -57.543  87.857 0.0000000000
42948  -30.757  -57.329  88.349 0.0000000000
42958  -31.549  -57.686  87.619 0.0000000000
42960  -32.614  -58.097  87.296 0.0000000000
43909  -33.581  -56.997  86.808 0.0000000000
44896  -34.266  -56.147  86.615 0.0000000000
44897  -35.034  -55.585  86.126 0.0000000000
45803  -35.371  -54.749  87.274 0.0000000000
45809  -36.147  -54.572  86.731 0.0000000000
45818  -36.859  -54.546  86.277 0.0000000000
46739  -37.121  -54.127  86.389 0.0000000000
47664  -37.272  -53.329  86.349 0.0000000000
48798  -36.645  -52.519  87.119 0.0000000000
48814  -37.113  -52.717  86.606 0.0000000000
48828  -36.951  -52.975  86.684 0.0000000000
49938  -36.285  -52.234  86.411 0.0000000000
125890  -35.514  -49.965  86.406 0.0000000000
54074  -35.491  -47.582  83.849 0.0000000000
147131  -35.847  -47.782  83.440 0.0000000000
53165  -36.281  -48.065  83.111 0.0000000000
53153  -38.674  -47.902  84.272 0.0000000000
51089  -41.004  -49.537  81.790 0.0000000000
51068  -41.309  -49.403  82.496 0.0000000000
51090  -41.786  -49.944  82.167 0.0000000000
49957  -41.505  -50.077  81.518 0.0000000000
49968  -42.112  -50.382  81.140 0.0000000000
49982  -42.715  -50.733  80.673 0.0000000000
48918  -43.746  -51.180  80.221 0.0000000000
48886  -43.627  -50.843  81.080 0.0000000000
48919  -44.253  -51.249  79.923 0.0000000000
47787  -44.003  -51.739  79.428 0.0000000000
141116  -44.438  -52.321  78.721 0.0000000000
46781  -44.811  -52.778  78.173 0.0000000000
46790  -45.663  -52.779  77.166 0.0000000000
46801  -46.197  -52.727  76.712 0.0000000000
47845  -46.749  -53.085  75.508 0.0000000000
50061  -47.311  -51.073  74.936 0.0000000000
51220  -47.244  -50.358  74.562 0.0000000000
128322  -48.680  -48.214  74.912 0.0000000000
147474  -47.856  -48.418  74.498 0.0000000000
53244  -46.916  -48.662  73.946 0.0000000000
130014  -46.220  -47.980  73.272 0.0000000000
54155  -46.208  -47.572  72.469 0.0000000000
55117  -46.553  -46.728  71.988 0.0000000000
57338  -49.669  -44.091  74.840 0.0000000000
56185  -49.581  -44.510  74.221 0.0000000000
58448  -49.445  -43.263  73.373 0.0000000000
57344  -49.259  -44.094  73.572 0.0000000000
57355  -48.870  -44.478  72.935 0.0000000000
56200  -47.851  -45.543  72.485 0.0000000000
56199  -47.124  -45.787  71.824 0.0000000000
55132  -46.689  -46.085  71.232 0.0000000000
56228  -47.017  -45.588  70.456 0.0000000000
57401  -47.494  -45.392  70.179 0.0000000000
56229  -48.274  -45.868  70.228 0.0000000000
58521  -49.131  -43.383  69.479 0.0000000000
56241  -49.242  -45.023  69.855 0.0000000000
125758  -49.534  -46.137  70.506 0.0000000000
55156  -50.371  -46.459  70.861 0.0000000000
55134  -50.765  -47.143  71.115 0.0000000000
53262  -51.679  -47.618  70.593 0.0000000000
60622  -52.070  -40.858  70.428 0.0000000000
139727  -51.585  -41.398  70.160 0.0000000000
146896  -51.821  -42.949  70.537 0.0000000000
58488  -52.895  -42.961  71.347 0.0000000000
58507  -52.346  -43.503  70.807 0.0000000000
57388  -51.899  -44.403  70.603 0.0000000000
56213  -51.943  -46.066  71.028 0.0000000000
54173  -52.138  -47.199  71.061 0.0000000000
53268  -52.036  -47.648  70.190 0.0000000000
53283  -51.896  -47.619  69.169 0.0000000000
54220  -52.256  -47.082  68.102 0.0000000000
54202  -53.500  -47.145  69.044 0.0000000000
54221  -53.183  -46.862  68.232 0.0000000000
55210  -52.755  -46.304  66.792 0.0000000000
56302  -53.263  -45.607  65.239 0.0000000000
149805  -53.628  -45.758  64.463 0.0000000000
54177  -56.378  -46.897  70.325 0.0000000000
54204  -56.231  -47.031  69.120 0.0000000000
127815  -55.894  -47.090  68.647 0.0000000000
54242  -56.771  -47.395  66.948 0.0000000000
54241  -55.899  -47.131  67.180 0.0000000000
55212  -55.323  -46.735  66.600 0.0000000000
56336  -53.511  -45.722  63.691 0.0000000000
55259  -53.922  -45.978  63.259 0.0000000000
56365  -53.819  -45.870  61.716 0.0000000000
130521  -54.003  -45.714  61.239 0.0000000000
55276  -55.070  -45.963  62.666 0.0000000000
56389  -53.808  -45.268  60.116 0.0000000000
57564  -53.884  -44.545  59.563 0.0000000000
57581  -53.972  -43.840  59.163 0.0000000000
56303  -57.553  -45.377  66.448 0.0000000000
55214  -58.869  -45.786  65.971 0.0000000000
130499  -57.239  -43.441  63.423 0.0000000000
58590  -58.356  -44.344  64.202 0.0000000000
144618  -59.948  -44.292  64.189 0.0000000000
57476  -59.653  -44.569  64.457 0.0000000000
57460  -59.393  -44.885  65.044 0.0000000000
56321  -59.641  -45.140  64.784 0.0000000000
55265  -59.242  -45.769  64.470 0.0000000000
55264  -58.492  -46.162  64.102 0.0000000000
56354  -56.841  -45.610  62.284 0.0000000000
56367  -56.312  -45.346  61.656 0.0000000000
57527  -56.616  -44.754  61.149 0.0000000000
57565  -55.232  -44.101  60.114 0.0000000000
58645  -54.579  -43.956  59.563 0.0000000000
58665  -54.625  -43.274  58.864 0.0000000000
59707  -55.010  -42.471  58.384 0.0000000000
59722  -55.414  -41.867  57.898 0.0000000000
60754  -54.921  -41.584  57.100 0.0000000000
61787  -55.274  -40.964  56.500 0.0000000000
59711  -58.296  -42.203  58.961 0.0000000000
60758  -58.542  -41.265  57.928 0.0000000000
60757  -57.649  -41.361  57.801 0.0000000000
61788  -56.702  -40.788  56.890 0.0000000000
62836  -60.762  -39.914  60.697 0.0000000000
61763  -61.238  -39.968  60.665 0.0000000000
138440  -62.406  -41.016  60.306 0.0000000000
62868  -62.114  -39.308  60.264 0.0000000000
149430  -62.631  -41.483  57.082 0.0000000000
63820  -62.844  -38.532  58.753 0.0000000000
145595  -63.491  -40.141  58.116 0.0000000000
61794  -63.760  -41.127  56.875 0.0000000000
60767  -61.857  -41.373  56.832 0.0000000000
44893  -21.388  -56.598  87.317 0.0000000000
44906  -20.327  -56.429  86.152 0.0000000000
44925  -20.958  -56.455  84.855 0.0000000000
43036  -18.833  -58.216  80.028 0.0000000000
125780  -19.235  -57.060  80.695 0.0000000000
43052  -19.246  -58.032  79.137 0.0000000000
42989  -25.213  -56.657  85.439 0.0000000000
139004  -25.495  -57.104  83.954 0.0000000000
43953  -24.790  -57.096  84.076 0.0000000000
143137  -24.197  -57.148  84.178 0.0000000000
126639  -26.554  -57.098  81.583 0.0000000000
127216  -25.737  -57.065  81.412 0.0000000000
127973  -24.902  -57.146  81.305 0.0000000000
43986  -23.900  -57.177  81.358 0.0000000000
126210  -22.094  -56.718  80.403 0.0000000000
151549  -21.715  -56.588  79.848 0.0000000000
44030  -21.364  -57.075  78.044 0.0000000000
44042  -21.986  -57.569  77.435 0.0000000000
44041  -21.035  -57.601  77.411 0.0000000000
40126  -23.632  -61.282  80.090 0.0000000000
43927  -36.085  -57.727  85.036 0.0000000000
42049  -36.487  -58.749  85.042 0.0000000000
41066  -35.521  -58.842  84.858 0.0000000000
41084  -36.523  -59.404  84.696 0.0000000000
41082  -35.843  -59.046  84.316 0.0000000000
41081  -34.723  -59.128  84.650 0.0000000000
130951  -34.152  -59.251  84.094 0.0000000000
41099  -34.036  -59.786  82.845 0.0000000000
42086  -33.649  -59.784  82.500 0.0000000000
40122  -35.006  -60.384  80.842 0.0000000000
40121  -34.698  -60.762  80.866 0.0000000000
40109  -34.259  -60.823  81.216 0.0000000000
39075  -33.350  -60.916  80.337 0.0000000000
40120  -33.597  -60.792  80.836 0.0000000000
40095  -34.234  -60.573  81.776 0.0000000000
42106  -32.676  -59.298  81.284 0.0000000000
42105  -31.920  -59.520  80.775 0.0000000000
42104  -30.898  -59.798  80.989 0.0000000000
42103  -29.917  -59.911  80.969 0.0000000000
42102  -28.576  -60.301  81.839 0.0000000000
41192  -30.459  -59.575  75.570 0.0000000000
41180  -30.075  -59.930  76.229 0.0000000000
128287  -29.226  -59.744  76.049 0.0000000000
144400  -29.578  -60.183  76.947 0.0000000000
128298  -29.914  -60.575  77.860 0.0000000000
41160  -29.355  -60.685  78.418 0.0000000000
130753  -27.378  -60.858  77.994 0.0000000000
145079  -27.822  -61.052  78.649 0.0000000000
133215  -29.253  -61.168  79.558 0.0000000000
39073  -28.843  -61.650  80.788 0.0000000000
39063  -28.855  -61.509  81.273 0.0000000000
40103  -28.651  -61.250  81.684 0.0000000000
41113  -28.400  -60.802  82.058 0.0000000000
42084  -28.132  -60.507  82.138 0.0000000000
41112  -27.803  -61.063  82.472 0.0000000000
41098  -27.198  -61.245  82.855 0.0000000000
39064  -34.461  -60.889  80.906 0.0000000000
39084  -32.986  -60.929  79.873 0.0000000000
39097  -34.094  -61.037  79.963 0.0000000000
40096  -34.701  -60.670  81.641 0.0000000000
40110  -34.760  -60.784  81.215 0.0000000000
40133  -33.950  -60.516  79.444 0.0000000000
40143  -30.834  -60.844  78.787 0.0000000000
41053  -33.445  -58.590  86.094 0.0000000000
41055  -34.883  -58.503  85.402 0.0000000000
41067  -36.702  -60.001  85.057 0.0000000000
41083  -36.521  -59.979  84.743 0.0000000000
41102  -35.785  -59.095  84.170 0.0000000000
41103  -35.899  -58.859  83.914 0.0000000000
41144  -35.057  -60.627  81.150 0.0000000000
41162  -33.896  -59.845  78.999 0.0000000000
41168  -30.972  -60.515  77.376 0.0000000000
41193  -31.081  -59.512  75.936 0.0000000000
41194  -31.750  -59.334  76.307 0.0000000000
42036  -32.546  -58.458  86.889 0.0000000000
42044  -30.796  -58.318  86.801 0.0000000000
42046  -33.113  -58.307  86.821 0.0000000000
42057  -37.049  -59.615  85.158 0.0000000000
42087  -36.038  -59.396  82.191 0.0000000000
42089  -36.514  -58.276  82.936 0.0000000000
42108  -36.386  -58.676  82.302 0.0000000000
42982  -35.055  -58.039  85.611 0.0000000000
42995  -36.657  -58.727  84.791 0.0000000000
43010  -36.469  -57.993  83.887 0.0000000000
43011  -36.808  -57.396  83.746 0.0000000000
43017  -36.871  -57.550  83.031 0.0000000000
43027  -36.430  -58.280  81.855 0.0000000000
43075  -34.051  -58.360  78.762 0.0000000000
43083  -20.260  -58.445  77.385 0.0000000000
43907  -23.174  -56.752  87.648 0.0000000000
43917  -35.547  -57.573  85.381 0.0000000000
43928  -36.474  -57.623  84.546 0.0000000000
43945  -37.220  -56.799  84.042 0.0000000000
43977  -31.805  -57.463  82.983 0.0000000000
43995  -37.022  -57.187  82.506 0.0000000000
44006  -30.478  -57.582  80.688 0.0000000000
44010  -36.824  -57.238  81.819 0.0000000000
44014  -19.890  -57.313  78.882 0.0000000000
44015  -20.758  -56.909  78.765 0.0000000000
44917  -35.937  -56.866  85.172 0.0000000000
44926  -37.203  -56.117  84.373 0.0000000000
44931  -37.456  -56.554  83.955 0.0000000000
44933  -37.442  -56.680  83.691 0.0000000000
44940  -36.583  -56.728  81.134 0.0000000000
44941  -36.836  -56.941  81.658 0.0000000000
44944  -35.256  -56.365  79.282 0.0000000000
44945  -35.741  -56.642  79.797 0.0000000000
45808  -35.450  -54.944  86.652 0.0000000000
45817  -35.945  -54.901  85.934 0.0000000000
45825  -36.780  -54.779  85.646 0.0000000000
45830  -37.089  -55.722  84.436 0.0000000000
45835  -37.383  -55.855  83.694 0.0000000000
45846  -36.845  -56.563  81.931 0.0000000000
45858  -34.189  -55.150  77.425 0.0000000000
46731  -37.173  -53.710  86.392 0.0000000000
46768  -36.789  -55.502  82.751 0.0000000000
46774  -45.109  -52.436  78.532 0.0000000000
46780  -44.343  -53.181  77.852 0.0000000000
46789  -45.136  -53.045  77.430 0.0000000000
46792  -46.636  -52.325  77.102 0.0000000000
46797  -44.197  -53.414  77.203 0.0000000000
46800  -45.923  -53.213  76.239 0.0000000000
46802  -46.845  -52.638  76.335 0.0000000000
46807  -46.435  -53.178  76.016 0.0000000000
46814  -31.822  -54.808  75.407 0.0000000000
46816  -44.922  -53.285  75.064 0.0000000000
47710  -36.736  -53.991  85.248 0.0000000000
47788  -44.946  -52.429  78.596 0.0000000000
47799  -34.896  -53.673  78.564 0.0000000000
47800  -43.649  -52.364  78.478 0.0000000000
47801  -44.011  -53.058  78.190 0.0000000000
47819  -46.624  -52.253  77.723 0.0000000000
47844  -44.085  -53.216  75.519 0.0000000000
47846  -47.109  -52.425  75.717 0.0000000000
47859  -46.861  -52.754  74.929 0.0000000000
47870  -45.137  -53.419  73.383 0.0000000000
47873  -46.780  -52.291  74.365 0.0000000000
47885  -30.116  -52.870  72.174 0.0000000000
47898  -45.105  -53.001  70.887 0.0000000000
47906  -43.734  -52.571  69.897 0.0000000000
48815  -37.440  -52.965  86.062 0.0000000000
48829  -37.331  -53.619  86.062 0.0000000000
48858  -35.723  -52.656  84.789 0.0000000000
48902  -43.650  -50.993  80.676 0.0000000000
48903  -44.048  -51.045  80.601 0.0000000000
48917  -43.097  -50.993  80.243 0.0000000000
48948  -42.337  -51.721  77.636 0.0000000000
48980  -41.003  -52.020  75.520 0.0000000000
49058  -36.644  -51.779  71.698 0.0000000000
49070  -33.821  -51.609  70.976 0.0000000000
49076  -43.094  -52.529  70.702 0.0000000000
49101  -43.385  -52.445  69.039 0.0000000000
49114  -39.259  -52.053  66.968 0.0000000000
49132  -41.112  -51.930  67.526 0.0000000000
49921  -36.646  -51.789  86.957 0.0000000000
49959  -42.758  -50.422  81.753 0.0000000000
50007  -41.767  -51.309  78.209 0.0000000000
50018  -41.414  -50.995  76.656 0.0000000000
50047  -48.214  -50.379  75.949 0.0000000000
50060  -47.006  -51.157  74.304 0.0000000000
50062  -47.863  -50.529  75.350 0.0000000000
50078  -46.307  -51.230  73.617 0.0000000000
50086  -46.206  -51.881  72.324 0.0000000000
50103  -34.986  -51.633  70.778 0.0000000000
50105  -37.504  -51.727  71.287 0.0000000000
50107  -39.125  -50.761  70.714 0.0000000000
50157  -44.015  -51.197  68.637 0.0000000000
50171  -37.057  -51.464  66.232 0.0000000000
51198  -49.787  -49.999  76.799 0.0000000000
51211  -48.814  -49.972  76.463 0.0000000000
51222  -48.341  -50.108  75.697 0.0000000000
51241  -45.632  -50.562  72.269 0.0000000000
51249  -47.401  -50.271  70.123 0.0000000000
51255  -47.506  -50.227  69.767 0.0000000000
51301  -40.813  -50.810  66.945 0.0000000000
52265  -35.711  -49.569  80.492 0.0000000000
52316  -48.399  -49.668  75.352 0.0000000000
52340  -46.038  -49.947  71.521 0.0000000000
52343  -48.855  -48.735  70.127 0.0000000000
52347  -49.643  -48.666  69.986 0.0000000000
52350  -48.744  -49.156  69.738 0.0000000000
52352  -49.854  -48.564  69.893 0.0000000000
53234  -48.284  -48.929  75.053 0.0000000000
53259  -49.272  -48.091  70.764 0.0000000000
53260  -50.236  -48.199  70.708 0.0000000000
53266  -50.336  -48.397  70.263 0.0000000000
53267  -51.223  -47.998  70.141 0.0000000000
53269  -52.824  -47.501  70.025 0.0000000000
53274  -51.970  -47.689  69.744 0.0000000000
53281  -50.154  -48.370  69.563 0.0000000000
54157  -47.803  -46.950  73.732 0.0000000000
54172  -51.346  -47.460  70.952 0.0000000000
54174  -53.966  -46.768  70.708 0.0000000000
54182  -46.813  -46.944  70.310 0.0000000000
54185  -53.413  -47.162  70.489 0.0000000000
54186  -54.661  -47.085  70.314 0.0000000000
54187  -55.380  -47.211  70.303 0.0000000000
54188  -55.917  -47.286  70.167 0.0000000000
54195  -56.428  -47.008  69.633 0.0000000000
54200  -51.721  -47.461  68.568 0.0000000000
54201  -52.502  -47.354  68.756 0.0000000000
54203  -54.522  -47.168  68.904 0.0000000000
54216  -49.078  -47.205  68.094 0.0000000000
54218  -50.751  -47.254  67.859 0.0000000000
54223  -56.341  -47.239  67.724 0.0000000000
54224  -57.157  -47.352  67.526 0.0000000000
54250  -40.646  -47.590  65.792 0.0000000000
55091  -48.662  -46.790  74.258 0.0000000000
55092  -49.119  -46.605  74.774 0.0000000000
55119  -54.906  -46.035  71.478 0.0000000000
55133  -49.969  -46.945  70.871 0.0000000000
55136  -52.464  -46.561  71.134 0.0000000000
55138  -54.460  -46.443  71.038 0.0000000000
55140  -56.162  -46.483  71.034 0.0000000000
55141  -56.799  -46.348  70.457 0.0000000000
55152  -46.697  -46.049  70.787 0.0000000000
55153  -46.858  -46.238  70.342 0.0000000000
55154  -47.288  -46.136  70.189 0.0000000000
55157  -51.095  -46.288  70.992 0.0000000000
55169  -47.064  -45.794  70.236 0.0000000000
55171  -57.426  -46.306  68.596 0.0000000000
55179  -57.600  -46.629  67.826 0.0000000000
55190  -52.929  -46.595  67.483 0.0000000000
55192  -54.921  -46.744  67.456 0.0000000000
55193  -58.067  -46.535  67.047 0.0000000000
55208  -51.051  -46.306  66.693 0.0000000000
55211  -53.674  -46.354  66.745 0.0000000000
55229  -57.299  -46.878  65.392 0.0000000000
55230  -58.129  -46.795  65.547 0.0000000000
55246  -59.156  -45.743  65.304 0.0000000000
55256  -39.420  -46.332  63.415 0.0000000000
55275  -54.063  -46.006  62.496 0.0000000000
56184  -49.156  -45.015  73.600 0.0000000000
56201  -48.497  -45.026  72.660 0.0000000000
56204  -55.145  -45.528  71.641 0.0000000000
56205  -55.623  -45.220  71.552 0.0000000000
56212  -47.720  -45.037  71.813 0.0000000000
56215  -55.521  -46.042  71.482 0.0000000000
56217  -56.762  -45.693  70.709 0.0000000000
56286  -58.402  -45.911  66.536 0.0000000000
56300  -51.414  -45.366  65.435 0.0000000000
56316  -46.473  -44.739  64.676 0.0000000000
56322  -60.107  -44.634  64.119 0.0000000000
56366  -55.447  -45.437  61.617 0.0000000000
57354  -48.351  -44.285  72.071 0.0000000000
57356  -54.467  -43.902  71.869 0.0000000000
57371  -53.723  -44.425  71.228 0.0000000000
57386  -47.991  -44.357  70.611 0.0000000000
57387  -50.294  -44.681  69.951 0.0000000000
57402  -48.145  -44.369  69.957 0.0000000000
57403  -48.778  -44.206  69.566 0.0000000000
57405  -51.051  -44.209  70.081 0.0000000000
57406  -57.058  -44.748  69.710 0.0000000000
57475  -59.084  -44.579  64.806 0.0000000000
57513  -60.434  -44.643  62.737 0.0000000000
57514  -61.004  -43.987  62.801 0.0000000000
58491  -56.540  -43.917  70.793 0.0000000000
58506  -51.567  -43.565  70.235 0.0000000000
58520  -48.589  -43.692  69.764 0.0000000000
58522  -49.983  -43.297  69.347 0.0000000000
58592  -59.657  -43.961  64.048 0.0000000000
58604  -58.149  -43.710  63.617 0.0000000000
58606  -59.750  -43.338  63.793 0.0000000000
58651  -62.121  -42.874  60.416 0.0000000000
59543  -54.733  -42.585  72.317 0.0000000000
59561  -56.333  -43.149  71.343 0.0000000000
59578  -51.707  -42.243  70.400 0.0000000000
59597  -51.298  -42.784  69.961 0.0000000000
59667  -60.595  -42.871  63.314 0.0000000000
59681  -60.080  -42.474  62.930 0.0000000000
59682  -60.913  -42.432  63.006 0.0000000000
60619  -49.826  -41.139  70.435 0.0000000000
60620  -50.374  -41.053  70.059 0.0000000000
60621  -50.958  -41.294  69.855 0.0000000000
60637  -49.811  -41.556  69.921 0.0000000000
60720  -61.071  -41.999  62.616 0.0000000000
60735  -61.505  -41.892  62.088 0.0000000000
61652  -51.926  -40.045  70.838 0.0000000000
62835  -60.364  -40.098  60.956 0.0000000000
63779  -60.346  -39.235  60.022 0.0000000000
63781  -61.365  -39.018  59.955 0.0000000000
125923  -33.078  -60.523  80.791 0.0000000000
126425  -57.973  -45.957  67.066 0.0000000000
126976  -53.292  -46.075  71.212 0.0000000000
127449  -35.973  -59.043  85.115 0.0000000000
127691  -45.142  -44.348  62.340 0.0000000000
128988  -53.787  -47.207  70.141 0.0000000000
129189  -34.920  -49.511  81.824 0.0000000000
129441  -55.358  -40.991  72.467 0.0000000000
130108  -55.871  -47.337  69.892 0.0000000000
130596  -35.470  -59.669  82.774 0.0000000000
130751  -35.815  -59.680  81.652 0.0000000000
131109  -46.447  -47.473  70.910 0.0000000000
131235  -49.428  -41.481  70.920 0.0000000000
131430  -36.836  -55.196  84.531 0.0000000000
133245  -58.531  -42.887  63.406 0.0000000000
133670  -40.821  -52.244  67.764 0.0000000000
134046  -55.967  -46.032  63.057 0.0000000000
134768  -37.099  -56.422  82.534 0.0000000000
135254  -57.419  -45.991  69.751 0.0000000000
135731  -36.198  -55.066  82.577 0.0000000000
135740  -52.312  -45.261  70.941 0.0000000000
136786  -57.429  -47.141  67.676 0.0000000000
137521  -42.776  -52.306  68.486 0.0000000000
137868  -52.169  -41.719  70.839 0.0000000000
138066  -47.505  -50.703  74.904 0.0000000000
139247  -49.886  -42.903  73.767 0.0000000000
139464  -46.470  -49.267  71.114 0.0000000000
140221  -62.110  -38.804  59.997 0.0000000000
140981  -47.996  -50.634  76.150 0.0000000000
141477  -47.280  -52.064  76.350 0.0000000000
142050  -55.042  -46.936  70.544 0.0000000000
142241  -47.312  -47.484  68.086 0.0000000000
143748  -56.267  -42.443  59.026 0.0000000000
143882  -46.104  -48.852  73.293 0.0000000000
143980  -38.605  -51.354  71.365 0.0000000000
145046  -45.658  -53.386  75.890 0.0000000000
145086  -50.437  -47.915  68.968 0.0000000000
145417  -35.688  -51.478  70.983 0.0000000000
146454  -45.781  -52.325  70.144 0.0000000000
146480  -21.442  -56.947  81.802 0.0000000000
146522  -35.273  -59.815  80.878 0.0000000000
146782  -37.268  -49.547  80.071 0.0000000000
147382  -36.762  -56.871  84.361 0.0000000000
147467  -43.916  -48.868  67.974 0.0000000000
147989  -37.426  -56.343  83.439 0.0000000000
148350  -33.901  -59.001  85.636 0.0000000000
148655  -47.779  -44.856  70.008 0.0000000000
149029  -54.697  -45.530  61.484 0.0000000000
149389  -35.268  -54.389  81.416 0.0000000000
149525  -38.842  -48.440  64.796 0.0000000000
149561  -41.383  -52.248  68.570 0.0000000000
150216  -34.394  -51.589  71.874 0.0000000000
150575  -43.570  -52.729  74.576 0.0000000000
150744  -45.854  -49.098  72.692 0.0000000000
150765  -35.213  -50.526  74.361 0.0000000000
151058  -30.414  -56.944  82.872 0.0000000000
151102  -34.373  -54.632  77.192 0.0000000000
151644  -33.825  -58.136  86.483 0.0000000000
151722  -56.964  -46.727  69.184 0.0000000000
151744  -57.280  -45.458  69.558 0.0000000000
151836  -34.735  -50.504  83.247 0.0000000000
152348  -34.438  -56.071  78.533 0.0000000000
