#!ascii label  , from subject sub1 vox2ras=TkReg
1865
62798  -43.806  -40.547  63.423 0.0000000000
74195  -54.340  -27.882  60.694 0.0000000000
67639  -50.334  -34.693  58.928 0.0000000000
133087  -12.976  -55.466  90.707 0.0000000000
60648  -42.985  -41.991  67.488 0.0000000000
127001  -29.192  -54.006  85.904 0.0000000000
57214  -31.892  -45.182  82.034 0.0000000000
56149  -40.578  -47.038  76.125 0.0000000000
57337  -44.773  -45.126  73.885 0.0000000000
48869  -19.784  -54.457  83.077 0.0000000000
126634  -25.276  -54.591  87.852 0.0000000000
127840  -24.942  -53.786  81.999 0.0000000000
55059  -28.971  -46.167  76.329 0.0000000000
55060  -33.228  -47.322  76.552 0.0000000000
65582  -47.692  -37.140  69.930 0.0000000000
128741  -51.449  -36.393  66.820 0.0000000000
142019  -51.759  -31.076  61.275 0.0000000000
64731  -48.306  -38.447  60.017 0.0000000000
75223  -53.854  -27.210  53.197 0.0000000000
133237  -10.680  -58.882  93.885 0.0000000000
62699  -46.490  -39.672  72.112 0.0000000000
65618  -41.894  -37.743  65.865 0.0000000000
49990  -29.452  -52.567  78.790 0.0000000000
52228  -31.674  -50.116  83.158 0.0000000000
62804  -53.534  -38.827  63.641 0.0000000000
78231  -59.799  -23.247  50.092 0.0000000000
55090  -38.394  -47.576  74.237 0.0000000000
56179  -40.350  -46.471  73.441 0.0000000000
135877  -22.756  -53.894  82.848 0.0000000000
56175  -30.582  -46.724  73.541 0.0000000000
55102  -33.909  -47.818  73.694 0.0000000000
55063  -36.769  -47.015  76.390 0.0000000000
64663  -45.730  -39.320  66.627 0.0000000000
64617  -49.459  -38.115  69.163 0.0000000000
62771  -48.403  -39.552  65.390 0.0000000000
73279  -52.520  -28.438  61.176 0.0000000000
69824  -54.195  -31.742  57.808 0.0000000000
75152  -56.656  -27.028  60.002 0.0000000000
140572  -11.801  -57.920  88.594 0.0000000000
44819  -11.965  -56.919  92.315 0.0000000000
149500  -44.539  -43.193  70.682 0.0000000000
60578  -45.967  -41.861  73.042 0.0000000000
61647  -45.067  -40.961  70.263 0.0000000000
139491  -44.122  -38.793  69.357 0.0000000000
63676  -41.326  -39.056  67.276 0.0000000000
126328  -27.727  -54.705  87.073 0.0000000000
47618  -27.694  -54.629  89.063 0.0000000000
48772  -29.055  -53.770  88.103 0.0000000000
47639  -31.031  -53.622  87.919 0.0000000000
48976  -28.027  -53.222  75.963 0.0000000000
127166  -29.477  -50.292  74.163 0.0000000000
57262  -30.523  -45.843  78.887 0.0000000000
53200  -31.457  -48.422  79.635 0.0000000000
54081  -31.921  -47.759  82.713 0.0000000000
52156  -32.394  -49.326  86.476 0.0000000000
48821  -16.523  -53.782  86.928 0.0000000000
48787  -18.146  -52.852  88.334 0.0000000000
129990  -17.938  -52.576  91.868 0.0000000000
65717  -49.717  -36.974  59.243 0.0000000000
65678  -51.280  -36.647  63.178 0.0000000000
66645  -53.966  -36.544  61.523 0.0000000000
81297  -60.785  -21.694  49.747 0.0000000000
46669  -13.129  -55.032  94.236 0.0000000000
56097  -42.601  -45.976  78.698 0.0000000000
56116  -45.746  -45.802  77.528 0.0000000000
56150  -43.167  -46.587  75.169 0.0000000000
56210  -42.839  -46.214  71.476 0.0000000000
48824  -20.183  -54.370  86.505 0.0000000000
148069  -23.142  -54.186  88.676 0.0000000000
47688  -22.678  -53.783  85.211 0.0000000000
134394  -24.897  -53.813  84.328 0.0000000000
145796  -27.355  -54.021  83.610 0.0000000000
55084  -27.952  -46.367  74.066 0.0000000000
58438  -29.153  -44.385  72.909 0.0000000000
58411  -30.264  -45.726  75.706 0.0000000000
57288  -33.012  -45.640  79.282 0.0000000000
140417  -35.897  -46.507  79.218 0.0000000000
56079  -39.881  -46.194  79.670 0.0000000000
133505  -18.268  -54.316  83.141 0.0000000000
148868  -49.077  -36.422  73.148 0.0000000000
66464  -51.952  -35.637  75.220 0.0000000000
67501  -51.216  -35.476  72.381 0.0000000000
67523  -52.924  -35.548  70.079 0.0000000000
69799  -50.859  -32.679  60.370 0.0000000000
65720  -52.426  -36.498  59.153 0.0000000000
140983  -52.603  -33.937  56.996 0.0000000000
38950  -7.517  -62.723  98.420 0.0000000000
62831  -46.492  -40.378  61.721 0.0000000000
131133  -45.975  -36.560  58.088 0.0000000000
69834  -48.421  -32.034  57.701 0.0000000000
71577  -48.948  -31.054  56.926 0.0000000000
72438  -51.206  -30.478  56.477 0.0000000000
73336  -52.931  -29.284  56.056 0.0000000000
132063  -54.712  -28.126  56.507 0.0000000000
74261  -52.117  -28.521  52.842 0.0000000000
44798  -12.239  -57.043  95.657 0.0000000000
43805  -10.695  -58.354  96.865 0.0000000000
41970  -8.763  -59.946  97.955 0.0000000000
62646  -48.573  -40.308  77.709 0.0000000000
59487  -46.639  -43.277  77.039 0.0000000000
61583  -47.133  -41.000  76.031 0.0000000000
151670  -47.645  -38.740  74.533 0.0000000000
65548  -46.647  -37.793  71.415 0.0000000000
65608  -44.509  -38.576  67.928 0.0000000000
63724  -43.118  -39.204  64.867 0.0000000000
47599  -24.699  -54.685  89.755 0.0000000000
47768  -27.422  -53.995  80.141 0.0000000000
47726  -29.934  -54.282  82.907 0.0000000000
53214  -30.746  -49.108  77.207 0.0000000000
49977  -31.028  -51.237  80.971 0.0000000000
48857  -32.230  -53.873  84.514 0.0000000000
48827  -33.617  -52.985  86.544 0.0000000000
45805  -12.962  -56.589  87.450 0.0000000000
46729  -14.374  -54.975  87.495 0.0000000000
135647  -14.503  -53.882  89.988 0.0000000000
65659  -49.740  -37.588  63.546 0.0000000000
67590  -53.662  -36.222  65.349 0.0000000000
62757  -53.919  -38.939  66.656 0.0000000000
61754  -51.345  -40.120  60.886 0.0000000000
76194  -55.630  -25.992  55.429 0.0000000000
77175  -56.695  -24.883  55.157 0.0000000000
147564  -58.083  -23.260  54.154 0.0000000000
78224  -57.727  -24.280  51.134 0.0000000000
80287  -60.006  -22.256  53.526 0.0000000000
55114  -36.318  -48.442  72.637 0.0000000000
55116  -38.399  -47.478  72.186 0.0000000000
55128  -36.500  -47.902  71.178 0.0000000000
55111  -33.006  -47.632  72.597 0.0000000000
55113  -35.281  -48.176  72.710 0.0000000000
55088  -36.591  -48.382  74.372 0.0000000000
63726  -44.911  -39.591  64.829 0.0000000000
62753  -47.156  -39.660  66.112 0.0000000000
62786  -46.493  -39.881  64.600 0.0000000000
74184  -52.832  -27.924  60.811 0.0000000000
71518  -54.378  -30.335  63.209 0.0000000000
72365  -54.989  -29.368  63.662 0.0000000000
74177  -55.676  -27.626  63.170 0.0000000000
75151  -55.968  -27.430  59.744 0.0000000000
45790  -12.535  -56.633  89.827 0.0000000000
44851  -12.063  -57.216  90.351 0.0000000000
45771  -12.314  -56.460  91.689 0.0000000000
59594  -43.848  -42.853  69.226 0.0000000000
59557  -44.908  -42.503  70.793 0.0000000000
60635  -44.461  -41.707  68.469 0.0000000000
136787  -43.631  -40.295  68.540 0.0000000000
61686  -41.773  -40.429  67.310 0.0000000000
152159  -20.770  -53.435  90.318 0.0000000000
140373  -28.716  -54.088  86.568 0.0000000000
48810  -28.989  -53.912  87.862 0.0000000000
48811  -29.067  -53.866  87.815 0.0000000000
48773  -29.808  -54.005  88.025 0.0000000000
47658  -29.865  -54.023  87.046 0.0000000000
133259  -31.872  -45.979  79.858 0.0000000000
55015  -31.831  -46.766  80.932 0.0000000000
56048  -32.487  -45.741  82.004 0.0000000000
54997  -31.912  -47.024  83.985 0.0000000000
126619  -19.262  -53.197  87.460 0.0000000000
127835  -19.409  -52.964  88.961 0.0000000000
48756  -19.272  -52.846  90.443 0.0000000000
62660  -50.343  -39.462  76.598 0.0000000000
66650  -49.824  -36.160  58.851 0.0000000000
65708  -51.161  -36.461  60.931 0.0000000000
66643  -51.235  -35.522  60.698 0.0000000000
56112  -41.498  -46.278  77.248 0.0000000000
56131  -42.354  -46.310  76.946 0.0000000000
126600  -41.567  -46.707  76.305 0.0000000000
147151  -41.146  -46.177  72.210 0.0000000000
56227  -41.424  -45.974  70.718 0.0000000000
57384  -43.167  -45.269  70.070 0.0000000000
129536  -20.644  -54.348  85.051 0.0000000000
48839  -21.238  -54.276  85.402 0.0000000000
48855  -21.092  -54.493  84.602 0.0000000000
47741  -24.104  -53.751  82.096 0.0000000000
149277  -23.894  -53.720  83.516 0.0000000000
47742  -25.291  -53.730  82.763 0.0000000000
146256  -26.263  -53.688  84.253 0.0000000000
47743  -26.168  -53.791  82.841 0.0000000000
129041  -28.308  -44.669  72.587 0.0000000000
56146  -32.255  -47.189  75.297 0.0000000000
57336  -30.231  -46.239  74.909 0.0000000000
57328  -31.274  -46.389  76.235 0.0000000000
57306  -31.589  -46.027  77.752 0.0000000000
56107  -33.074  -47.177  77.631 0.0000000000
56089  -34.164  -46.665  78.900 0.0000000000
55048  -34.994  -46.847  78.258 0.0000000000
56128  -39.147  -47.260  76.581 0.0000000000
56108  -38.140  -46.842  78.051 0.0000000000
56111  -40.157  -46.077  77.764 0.0000000000
56080  -40.869  -45.797  79.242 0.0000000000
48868  -19.240  -54.211  83.125 0.0000000000
66513  -48.176  -36.841  71.173 0.0000000000
66503  -49.634  -35.703  72.623 0.0000000000
66525  -48.896  -36.161  70.806 0.0000000000
64634  -50.622  -37.623  67.950 0.0000000000
65598  -51.674  -37.245  69.378 0.0000000000
67531  -52.600  -36.173  68.325 0.0000000000
68624  -53.868  -35.198  68.811 0.0000000000
67542  -53.005  -35.810  67.258 0.0000000000
70688  -51.116  -31.839  60.087 0.0000000000
68706  -53.180  -33.617  60.468 0.0000000000
69801  -53.539  -32.659  60.578 0.0000000000
68748  -55.682  -33.422  57.540 0.0000000000
70728  -48.612  -31.445  57.339 0.0000000000
71593  -47.429  -31.062  56.033 0.0000000000
72450  -49.483  -31.016  54.840 0.0000000000
148869  -51.084  -30.445  55.585 0.0000000000
72439  -51.860  -30.066  56.201 0.0000000000
72460  -51.961  -29.758  54.431 0.0000000000
73349  -52.726  -29.149  54.375 0.0000000000
43840  -10.300  -58.160  92.381 0.0000000000
144585  -9.572  -59.014  94.725 0.0000000000
46659  -12.944  -54.845  96.166 0.0000000000
45726  -12.613  -56.161  95.194 0.0000000000
45706  -12.508  -56.213  96.849 0.0000000000
43799  -11.357  -58.370  97.693 0.0000000000
41972  -10.495  -59.462  98.478 0.0000000000
42877  -9.352  -59.376  97.618 0.0000000000
41962  -10.045  -60.213  98.905 0.0000000000
40994  -8.931  -61.266  98.842 0.0000000000
56153  -45.440  -45.510  75.826 0.0000000000
128607  -46.030  -45.216  77.037 0.0000000000
58418  -45.646  -44.535  75.570 0.0000000000
61617  -46.403  -41.020  72.426 0.0000000000
60546  -46.141  -41.732  75.153 0.0000000000
62674  -47.233  -40.708  74.297 0.0000000000
135003  -47.489  -40.392  75.082 0.0000000000
63604  -47.021  -39.472  73.321 0.0000000000
64556  -47.140  -38.141  72.720 0.0000000000
64574  -46.454  -38.738  71.700 0.0000000000
64629  -42.552  -38.625  67.350 0.0000000000
65578  -44.410  -38.557  68.918 0.0000000000
152324  -43.049  -38.487  66.565 0.0000000000
64661  -43.518  -38.635  65.986 0.0000000000
64660  -42.498  -37.933  64.977 0.0000000000
127703  -24.060  -54.511  87.831 0.0000000000
47614  -23.474  -54.204  89.233 0.0000000000
132207  -25.369  -54.706  89.548 0.0000000000
48962  -28.745  -52.953  77.500 0.0000000000
48945  -27.888  -53.565  77.986 0.0000000000
48929  -28.959  -53.468  79.113 0.0000000000
47761  -28.986  -53.877  81.378 0.0000000000
48914  -29.540  -53.189  80.389 0.0000000000
55071  -28.294  -46.287  74.977 0.0000000000
54123  -29.550  -47.666  75.372 0.0000000000
54116  -30.283  -47.384  76.827 0.0000000000
138128  -31.690  -49.920  82.189 0.0000000000
52263  -31.358  -49.886  80.391 0.0000000000
51085  -31.983  -50.720  82.296 0.0000000000
49949  -31.964  -52.895  83.057 0.0000000000
49941  -32.056  -51.777  83.983 0.0000000000
48841  -32.496  -53.456  85.218 0.0000000000
138728  -32.279  -51.412  84.724 0.0000000000
128088  -36.812  -44.928  82.018 0.0000000000
147113  -15.681  -54.455  86.785 0.0000000000
48803  -15.514  -53.304  88.498 0.0000000000
47631  -14.280  -54.707  88.457 0.0000000000
150404  -18.347  -52.514  93.340 0.0000000000
62844  -47.322  -39.410  60.965 0.0000000000
63756  -47.679  -39.056  62.435 0.0000000000
64715  -48.156  -38.655  62.027 0.0000000000
66620  -54.662  -35.983  62.420 0.0000000000
66584  -52.012  -36.120  64.657 0.0000000000
65661  -54.599  -36.944  63.786 0.0000000000
64688  -54.643  -37.403  65.177 0.0000000000
62773  -53.006  -39.387  65.475 0.0000000000
63822  -51.742  -37.966  57.789 0.0000000000
146269  -51.151  -38.714  59.278 0.0000000000
62861  -52.350  -39.805  59.195 0.0000000000
74249  -54.038  -27.595  54.022 0.0000000000
75193  -54.970  -27.159  56.100 0.0000000000
75224  -54.418  -26.928  53.853 0.0000000000
76214  -55.553  -24.895  53.651 0.0000000000
77196  -56.054  -24.014  53.702 0.0000000000
78188  -57.912  -23.933  55.133 0.0000000000
78210  -56.730  -23.857  53.348 0.0000000000
78238  -58.135  -24.590  49.034 0.0000000000
77238  -57.138  -24.933  49.364 0.0000000000
125988  -58.493  -24.105  50.747 0.0000000000
79272  -59.277  -23.108  52.270 0.0000000000
80294  -60.120  -22.337  52.288 0.0000000000
80302  -60.564  -21.999  51.631 0.0000000000
80312  -61.943  -22.186  50.892 0.0000000000
130587  -39.379  -47.228  75.131 0.0000000000
56163  -40.562  -46.908  74.220 0.0000000000
56178  -39.170  -47.117  73.465 0.0000000000
55130  -39.106  -47.122  71.668 0.0000000000
47718  -21.394  -54.577  83.166 0.0000000000
56191  -30.886  -46.712  72.466 0.0000000000
56177  -32.351  -47.445  74.254 0.0000000000
131787  -33.937  -47.619  75.251 0.0000000000
141901  -34.853  -47.480  76.679 0.0000000000
126602  -35.906  -48.292  75.327 0.0000000000
55076  -37.782  -47.451  75.307 0.0000000000
64631  -46.561  -38.861  68.357 0.0000000000
134832  -48.202  -37.719  69.215 0.0000000000
63678  -47.636  -39.038  67.889 0.0000000000
63693  -49.306  -38.903  66.876 0.0000000000
64645  -49.851  -37.996  66.446 0.0000000000
72383  -51.984  -29.798  61.079 0.0000000000
69793  -53.743  -31.710  61.347 0.0000000000
141923  -54.084  -30.891  62.165 0.0000000000
70707  -55.150  -30.695  59.251 0.0000000000
76149  -57.488  -25.586  59.592 0.0000000000
44833  -10.671  -57.746  91.568 0.0000000000
44818  -11.361  -57.600  92.547 0.0000000000
58464  -44.807  -44.239  72.458 0.0000000000
130229  -45.549  -43.419  73.599 0.0000000000
134822  -45.213  -42.526  72.502 0.0000000000
60590  -45.792  -41.730  72.030 0.0000000000
61648  -45.565  -40.623  70.893 0.0000000000
63641  -45.358  -39.258  70.377 0.0000000000
133085  -44.703  -39.476  69.713 0.0000000000
63666  -42.843  -39.096  68.159 0.0000000000
64628  -41.786  -38.666  67.105 0.0000000000
47655  -26.837  -54.762  87.063 0.0000000000
127772  -26.665  -55.017  88.730 0.0000000000
47637  -27.785  -54.647  88.699 0.0000000000
47619  -28.410  -54.398  88.738 0.0000000000
47622  -30.842  -54.129  88.471 0.0000000000
50040  -28.809  -51.821  75.103 0.0000000000
51174  -30.151  -51.452  76.823 0.0000000000
56087  -29.859  -46.139  78.103 0.0000000000
54109  -30.750  -47.530  78.317 0.0000000000
55029  -31.208  -47.010  79.403 0.0000000000
138741  -31.667  -48.031  81.091 0.0000000000
52208  -31.813  -49.365  83.616 0.0000000000
132629  -32.202  -50.019  84.649 0.0000000000
53141  -32.420  -48.712  84.819 0.0000000000
48851  -17.364  -54.168  84.875 0.0000000000
48822  -17.160  -53.431  86.390 0.0000000000
48786  -16.536  -52.779  88.838 0.0000000000
48753  -16.596  -52.616  90.108 0.0000000000
48755  -18.309  -52.748  90.355 0.0000000000
142048  -48.787  -37.791  59.643 0.0000000000
64722  -49.628  -37.838  61.177 0.0000000000
64723  -50.245  -37.425  60.783 0.0000000000
66617  -52.859  -36.195  62.648 0.0000000000
63770  -54.255  -37.791  62.049 0.0000000000
76225  -52.607  -26.524  51.781 0.0000000000
148665  -54.596  -26.507  53.041 0.0000000000
76238  -53.735  -26.342  51.224 0.0000000000
78250  -58.694  -23.737  48.448 0.0000000000
79287  -60.123  -22.685  49.973 0.0000000000
79293  -59.867  -22.574  48.417 0.0000000000
140600  -60.215  -21.603  48.091 0.0000000000
46693  -13.748  -54.544  91.366 0.0000000000
46685  -13.022  -54.902  92.565 0.0000000000
57293  -45.055  -45.633  78.970 0.0000000000
56099  -44.435  -45.996  78.443 0.0000000000
131765  -44.547  -46.486  76.926 0.0000000000
56166  -44.337  -45.972  74.548 0.0000000000
126597  -41.859  -46.602  74.644 0.0000000000
56181  -42.984  -46.646  73.662 0.0000000000
56198  -43.831  -45.870  72.592 0.0000000000
57368  -44.038  -44.853  71.393 0.0000000000
58503  -43.654  -44.353  69.719 0.0000000000
48807  -20.013  -54.045  87.334 0.0000000000
48771  -21.439  -53.920  88.589 0.0000000000
149748  -21.367  -54.459  86.874 0.0000000000
47652  -22.977  -54.542  86.968 0.0000000000
47671  -23.787  -53.829  86.272 0.0000000000
47703  -22.480  -53.780  84.350 0.0000000000
47705  -24.223  -53.701  84.879 0.0000000000
126633  -25.287  -53.771  86.003 0.0000000000
47674  -26.395  -54.062  86.158 0.0000000000
127851  -27.379  -53.910  84.970 0.0000000000
127850  -28.240  -54.201  84.727 0.0000000000
57334  -28.032  -45.717  73.972 0.0000000000
57325  -28.725  -45.440  74.379 0.0000000000
58456  -30.065  -43.979  73.078 0.0000000000
58424  -29.766  -45.166  74.061 0.0000000000
58382  -29.481  -45.632  76.104 0.0000000000
58384  -30.500  -45.795  77.340 0.0000000000
133877  -31.799  -45.632  78.752 0.0000000000
58351  -32.987  -45.046  80.148 0.0000000000
57216  -34.422  -45.988  81.773 0.0000000000
57240  -33.742  -45.474  80.523 0.0000000000
56063  -35.950  -45.922  80.389 0.0000000000
56065  -37.669  -46.251  80.586 0.0000000000
55049  -36.372  -46.882  77.778 0.0000000000
56078  -38.411  -46.608  80.066 0.0000000000
56066  -39.271  -46.222  80.446 0.0000000000
57268  -40.931  -46.040  80.042 0.0000000000
48852  -17.624  -54.242  85.041 0.0000000000
65516  -49.127  -36.746  75.394 0.0000000000
66461  -50.031  -35.678  74.897 0.0000000000
132736  -51.529  -34.354  73.962 0.0000000000
68574  -52.662  -34.272  72.708 0.0000000000
65569  -49.832  -36.465  70.806 0.0000000000
67513  -52.307  -35.640  71.282 0.0000000000
68719  -50.475  -33.835  58.940 0.0000000000
67622  -51.591  -34.811  61.009 0.0000000000
149876  -51.855  -33.981  61.155 0.0000000000
66667  -52.147  -35.494  58.036 0.0000000000
64781  -52.940  -37.380  57.252 0.0000000000
68746  -53.487  -33.002  57.298 0.0000000000
66684  -54.106  -35.469  56.829 0.0000000000
62816  -43.879  -40.562  62.195 0.0000000000
62817  -45.485  -40.563  62.306 0.0000000000
127191  -44.801  -40.166  60.573 0.0000000000
63775  -45.311  -39.682  59.729 0.0000000000
63792  -46.699  -38.996  59.218 0.0000000000
64744  -46.966  -38.317  58.877 0.0000000000
65730  -47.478  -36.915  58.442 0.0000000000
66664  -48.771  -36.192  57.740 0.0000000000
67648  -49.084  -35.048  57.681 0.0000000000
128526  -49.670  -33.276  57.514 0.0000000000
69820  -50.236  -32.755  57.819 0.0000000000
70703  -50.616  -31.680  58.321 0.0000000000
71556  -51.313  -30.901  59.187 0.0000000000
126137  -49.153  -31.286  55.566 0.0000000000
72425  -50.497  -30.755  56.842 0.0000000000
72405  -51.762  -30.537  59.299 0.0000000000
127604  -52.385  -29.427  59.585 0.0000000000
73312  -52.732  -29.186  58.977 0.0000000000
73313  -53.716  -28.769  58.867 0.0000000000
74230  -54.954  -28.136  57.569 0.0000000000
127272  -53.710  -28.981  55.755 0.0000000000
73350  -53.582  -28.483  54.318 0.0000000000
148533  -52.718  -28.097  52.895 0.0000000000
75238  -52.266  -26.905  52.092 0.0000000000
45746  -12.557  -56.380  93.428 0.0000000000
136149  -12.215  -57.072  93.904 0.0000000000
43822  -11.490  -57.928  95.254 0.0000000000
148273  -12.414  -56.938  97.136 0.0000000000
43814  -11.221  -58.241  96.220 0.0000000000
43821  -10.638  -58.577  95.764 0.0000000000
42892  -9.202  -59.308  95.976 0.0000000000
138391  -8.439  -59.542  96.509 0.0000000000
41006  -7.624  -60.521  96.905 0.0000000000
39996  -8.178  -61.589  98.483 0.0000000000
63584  -49.290  -38.594  77.199 0.0000000000
59474  -47.251  -42.987  78.024 0.0000000000
59507  -45.925  -42.534  75.381 0.0000000000
59496  -46.623  -42.208  76.623 0.0000000000
62655  -47.412  -40.660  76.953 0.0000000000
152717  -47.991  -39.559  76.408 0.0000000000
64532  -48.396  -38.055  76.126 0.0000000000
64549  -47.882  -37.810  74.102 0.0000000000
65533  -47.407  -37.520  72.270 0.0000000000
138295  -47.242  -37.366  70.676 0.0000000000
64595  -45.535  -38.740  70.278 0.0000000000
65564  -46.042  -38.510  70.089 0.0000000000
132477  -46.906  -38.093  69.294 0.0000000000
64643  -45.369  -39.202  67.257 0.0000000000
64662  -44.390  -39.326  65.575 0.0000000000
148749  -43.202  -40.357  64.296 0.0000000000
61695  -40.793  -40.803  66.292 0.0000000000
62751  -39.992  -39.301  66.059 0.0000000000
64639  -40.064  -38.660  65.688 0.0000000000
64658  -40.430  -38.586  65.482 0.0000000000
64683  -40.428  -38.883  64.723 0.0000000000
64703  -40.874  -39.503  64.716 0.0000000000
63755  -42.353  -40.505  63.908 0.0000000000
62815  -42.967  -40.535  62.884 0.0000000000
133813  -26.077  -54.889  89.708 0.0000000000
126630  -25.412  -53.867  80.318 0.0000000000
47781  -26.773  -54.085  79.564 0.0000000000
47758  -26.285  -53.969  81.397 0.0000000000
47744  -27.555  -53.918  82.131 0.0000000000
47725  -28.848  -54.165  82.946 0.0000000000
47706  -29.889  -54.454  84.452 0.0000000000
54144  -28.428  -47.670  73.718 0.0000000000
52304  -30.226  -49.820  74.864 0.0000000000
51175  -30.510  -51.104  77.685 0.0000000000
53207  -31.058  -48.589  78.671 0.0000000000
147627  -30.897  -50.314  79.227 0.0000000000
147959  -30.324  -51.744  79.969 0.0000000000
48883  -30.631  -52.888  81.648 0.0000000000
47727  -30.981  -53.871  82.922 0.0000000000
47694  -30.888  -54.530  85.381 0.0000000000
47679  -31.836  -54.002  86.497 0.0000000000
47680  -32.803  -53.677  86.738 0.0000000000
45799  -12.574  -57.064  88.772 0.0000000000
45791  -12.907  -55.905  89.333 0.0000000000
46744  -14.292  -55.399  85.270 0.0000000000
46737  -13.742  -55.682  85.659 0.0000000000
46728  -13.956  -55.312  87.871 0.0000000000
46720  -13.693  -55.008  88.753 0.0000000000
140835  -13.917  -54.591  89.964 0.0000000000
47595  -14.297  -54.127  90.767 0.0000000000
48743  -17.298  -52.498  91.558 0.0000000000
135918  -46.946  -39.923  63.140 0.0000000000
63728  -48.576  -38.872  64.547 0.0000000000
65639  -50.345  -37.031  65.076 0.0000000000
65676  -50.240  -37.257  63.338 0.0000000000
66582  -51.452  -36.276  64.805 0.0000000000
67552  -51.717  -36.034  65.795 0.0000000000
67574  -54.393  -35.960  65.902 0.0000000000
146889  -53.216  -36.619  59.952 0.0000000000
63778  -51.556  -38.602  60.483 0.0000000000
62820  -51.535  -39.932  62.339 0.0000000000
74231  -55.667  -27.579  57.572 0.0000000000
75182  -56.344  -26.490  57.719 0.0000000000
76173  -56.648  -25.851  57.340 0.0000000000
133351  -55.337  -25.704  54.764 0.0000000000
76195  -56.288  -25.533  55.602 0.0000000000
77157  -57.640  -24.751  57.289 0.0000000000
77165  -58.133  -24.122  56.903 0.0000000000
78182  -58.932  -23.523  56.548 0.0000000000
78223  -56.553  -24.568  51.963 0.0000000000
78218  -57.610  -23.848  52.404 0.0000000000
79266  -59.292  -22.767  53.634 0.0000000000
80304  -61.461  -21.821  51.085 0.0000000000
134471  -35.834  -48.247  71.839 0.0000000000
137242  -36.757  -48.261  71.896 0.0000000000
133866  -33.835  -47.236  71.952 0.0000000000
134472  -34.778  -47.727  71.899 0.0000000000
63743  -44.115  -40.132  64.314 0.0000000000
62785  -45.728  -39.928  64.470 0.0000000000
62800  -45.227  -40.122  63.980 0.0000000000
127308  -53.541  -27.987  60.410 0.0000000000
74175  -53.984  -27.938  62.130 0.0000000000
74186  -54.622  -27.616  61.519 0.0000000000
74176  -54.817  -27.860  62.704 0.0000000000
74187  -55.394  -27.315  61.371 0.0000000000
74196  -55.203  -27.691  60.438 0.0000000000
45781  -12.776  -55.821  90.086 0.0000000000
45780  -12.422  -56.252  90.736 0.0000000000
150493  -12.763  -55.778  91.370 0.0000000000
60649  -43.778  -42.065  67.821 0.0000000000
147617  -44.149  -42.333  68.525 0.0000000000
135693  -43.180  -41.283  67.758 0.0000000000
61675  -42.276  -41.247  67.528 0.0000000000
126057  -21.368  -53.609  90.098 0.0000000000
143174  -21.194  -53.711  89.334 0.0000000000
47657  -28.886  -54.213  87.404 0.0000000000
47676  -29.213  -54.051  86.893 0.0000000000
48812  -29.650  -53.982  87.852 0.0000000000
136834  -32.699  -46.176  81.149 0.0000000000
56055  -32.515  -46.123  81.398 0.0000000000
57213  -32.356  -45.524  81.981 0.0000000000
57194  -32.427  -45.461  82.237 0.0000000000
143872  -20.035  -53.202  89.096 0.0000000000
147966  -50.004  -35.402  58.598 0.0000000000
66651  -50.264  -35.562  59.397 0.0000000000
67631  -50.695  -35.055  59.986 0.0000000000
56130  -40.721  -46.395  77.087 0.0000000000
134236  -40.558  -46.067  70.990 0.0000000000
149440  -40.967  -46.050  71.525 0.0000000000
132068  -20.779  -54.705  83.661 0.0000000000
148766  -24.530  -53.725  82.637 0.0000000000
127839  -25.801  -53.885  82.037 0.0000000000
125745  -32.594  -47.093  76.038 0.0000000000
56145  -31.922  -46.766  75.936 0.0000000000
56127  -32.255  -46.848  76.833 0.0000000000
138199  -34.058  -47.024  78.005 0.0000000000
55061  -34.051  -47.276  77.048 0.0000000000
56109  -38.860  -46.958  77.381 0.0000000000
56129  -39.844  -46.717  77.027 0.0000000000
132627  -40.997  -46.000  77.863 0.0000000000
127833  -19.626  -54.418  83.878 0.0000000000
66523  -47.861  -37.102  70.624 0.0000000000
66514  -48.772  -36.171  71.377 0.0000000000
142517  -48.333  -36.774  70.451 0.0000000000
65612  -50.968  -36.925  67.380 0.0000000000
66546  -51.532  -36.623  67.597 0.0000000000
66547  -52.016  -36.298  67.310 0.0000000000
136715  -52.588  -36.050  67.572 0.0000000000
67540  -52.272  -36.075  66.836 0.0000000000
70689  -51.445  -31.371  60.728 0.0000000000
69791  -52.242  -32.693  61.374 0.0000000000
69784  -52.094  -31.985  61.988 0.0000000000
129101  -56.024  -35.041  57.389 0.0000000000
127278  -51.091  -30.350  54.475 0.0000000000
73348  -51.310  -29.710  53.596 0.0000000000
43834  -10.127  -58.800  93.200 0.0000000000
42913  -9.222  -58.884  93.258 0.0000000000
42907  -9.985  -59.209  93.989 0.0000000000
45718  -12.729  -55.433  96.589 0.0000000000
45707  -12.828  -55.308  97.362 0.0000000000
40996  -10.493  -60.842  99.376 0.0000000000
57329  -45.026  -45.017  74.934 0.0000000000
58417  -45.553  -44.102  74.963 0.0000000000
61618  -46.579  -40.246  72.888 0.0000000000
61604  -46.906  -40.814  73.770 0.0000000000
62680  -46.965  -40.094  73.479 0.0000000000
133754  -46.685  -39.565  72.831 0.0000000000
63612  -46.796  -39.012  72.772 0.0000000000
65605  -42.109  -38.177  66.565 0.0000000000
65606  -42.815  -38.531  66.920 0.0000000000
65619  -42.450  -38.070  66.131 0.0000000000
65637  -42.948  -38.244  65.891 0.0000000000
65636  -42.421  -37.871  65.462 0.0000000000
47635  -24.607  -54.543  88.250 0.0000000000
47636  -25.488  -54.758  88.697 0.0000000000
50003  -29.419  -52.406  78.013 0.0000000000
48946  -28.783  -53.131  78.325 0.0000000000
48930  -29.540  -52.966  79.602 0.0000000000
48913  -29.060  -53.701  79.943 0.0000000000
56143  -28.600  -46.086  75.666 0.0000000000
54115  -29.525  -46.760  76.245 0.0000000000
51067  -32.206  -50.852  82.953 0.0000000000
49940  -32.072  -51.538  83.239 0.0000000000
51054  -32.067  -50.655  83.630 0.0000000000
51055  -32.165  -50.615  84.294 0.0000000000
57219  -37.632  -45.134  81.931 0.0000000000
48764  -15.486  -52.826  89.429 0.0000000000
63777  -47.802  -39.034  60.404 0.0000000000
63767  -47.817  -38.995  61.287 0.0000000000
64720  -48.339  -38.622  61.031 0.0000000000
63761  -54.623  -37.083  62.738 0.0000000000
65679  -54.339  -36.264  62.744 0.0000000000
131530  -54.263  -38.166  63.906 0.0000000000
62791  -53.648  -38.734  64.679 0.0000000000
62790  -52.815  -39.339  64.514 0.0000000000
63812  -53.219  -38.588  58.201 0.0000000000
62874  -51.815  -39.299  58.801 0.0000000000
75215  -54.548  -27.097  54.709 0.0000000000
78209  -56.001  -23.925  52.958 0.0000000000
78216  -56.174  -24.245  52.500 0.0000000000
78239  -58.990  -23.861  49.312 0.0000000000
126491  -58.552  -24.302  49.872 0.0000000000
78230  -59.303  -23.721  50.226 0.0000000000
79281  -59.288  -23.540  51.246 0.0000000000
79277  -60.020  -22.697  51.512 0.0000000000
80310  -60.416  -22.276  50.717 0.0000000000
56162  -39.200  -47.185  74.343 0.0000000000
55104  -38.446  -47.598  73.118 0.0000000000
150078  -38.390  -47.452  71.578 0.0000000000
56207  -30.975  -46.339  71.415 0.0000000000
55101  -33.145  -47.700  73.476 0.0000000000
55100  -32.056  -47.541  73.283 0.0000000000
125943  -33.384  -47.652  74.159 0.0000000000
55085  -33.275  -47.393  74.830 0.0000000000
55086  -34.190  -47.759  74.451 0.0000000000
55087  -34.807  -47.755  75.223 0.0000000000
126601  -35.362  -48.147  74.432 0.0000000000
55089  -37.535  -47.959  74.635 0.0000000000
132142  -38.588  -47.241  75.071 0.0000000000
64644  -46.146  -39.315  67.595 0.0000000000
64632  -47.187  -38.482  68.522 0.0000000000
63677  -46.899  -38.891  67.635 0.0000000000
62770  -47.609  -39.787  65.427 0.0000000000
63692  -48.460  -39.363  66.876 0.0000000000
63709  -48.871  -39.388  66.092 0.0000000000
152743  -48.899  -38.985  65.389 0.0000000000
73278  -52.070  -28.928  60.758 0.0000000000
71524  -52.735  -30.728  62.346 0.0000000000
72372  -52.773  -29.940  62.408 0.0000000000
71557  -55.363  -30.382  59.954 0.0000000000
70722  -55.684  -31.481  58.968 0.0000000000
70708  -56.133  -30.933  59.520 0.0000000000
75145  -56.809  -26.917  60.956 0.0000000000
76138  -57.367  -26.204  61.257 0.0000000000
76148  -57.187  -26.341  60.244 0.0000000000
129836  -12.006  -57.010  91.042 0.0000000000
44850  -11.082  -57.570  90.657 0.0000000000
44834  -11.605  -57.222  91.639 0.0000000000
128986  -44.437  -44.224  71.821 0.0000000000
58463  -44.765  -43.333  71.981 0.0000000000
148613  -44.749  -43.060  71.264 0.0000000000
60606  -45.014  -41.947  70.091 0.0000000000
60607  -45.363  -41.554  71.069 0.0000000000
61631  -46.079  -40.835  71.570 0.0000000000
132365  -45.413  -40.076  70.236 0.0000000000
62719  -44.809  -40.397  69.536 0.0000000000
62734  -42.361  -39.537  68.005 0.0000000000
62735  -42.983  -39.849  68.238 0.0000000000
145664  -41.972  -39.043  67.803 0.0000000000
150414  -42.404  -38.803  67.725 0.0000000000
125826  -27.567  -54.936  87.853 0.0000000000
48792  -28.938  -53.575  88.224 0.0000000000
47638  -28.666  -54.343  88.576 0.0000000000
149920  -28.873  -53.738  88.471 0.0000000000
48794  -30.041  -53.823  87.830 0.0000000000
48774  -30.894  -53.821  88.300 0.0000000000
128870  -29.532  -50.970  75.062 0.0000000000
50028  -29.438  -51.838  76.003 0.0000000000
56072  -30.194  -46.037  78.819 0.0000000000
55037  -30.063  -46.289  78.518 0.0000000000
55022  -30.668  -46.284  79.144 0.0000000000
55008  -31.999  -47.113  81.639 0.0000000000
54089  -31.740  -47.343  81.037 0.0000000000
147574  -31.848  -47.748  81.799 0.0000000000
53175  -31.768  -48.529  82.354 0.0000000000
53163  -31.875  -48.578  83.180 0.0000000000
54073  -31.961  -47.727  83.566 0.0000000000
54053  -32.591  -47.896  85.361 0.0000000000
144194  -17.654  -53.617  85.582 0.0000000000
48836  -17.475  -53.686  85.580 0.0000000000
48823  -17.731  -53.245  85.830 0.0000000000
128170  -17.247  -52.795  88.459 0.0000000000
48766  -17.101  -52.687  89.373 0.0000000000
48767  -17.987  -52.799  89.584 0.0000000000
145032  -20.330  -53.184  91.277 0.0000000000
64747  -49.186  -37.352  58.990 0.0000000000
64733  -49.590  -37.598  60.018 0.0000000000
65706  -50.053  -37.068  60.070 0.0000000000
66630  -51.831  -36.129  61.231 0.0000000000
65700  -51.457  -36.653  61.680 0.0000000000
66631  -53.185  -35.917  61.853 0.0000000000
66633  -54.820  -35.868  61.766 0.0000000000
64726  -54.189  -37.093  61.542 0.0000000000
126894  -53.260  -26.521  51.662 0.0000000000
78264  -58.377  -23.372  47.662 0.0000000000
78251  -59.524  -23.272  48.765 0.0000000000
78265  -59.279  -23.101  47.987 0.0000000000
47585  -13.664  -54.565  92.145 0.0000000000
46653  -13.650  -54.527  96.930 0.0000000000
57291  -43.172  -45.687  79.158 0.0000000000
57292  -44.023  -45.597  79.109 0.0000000000
56098  -43.467  -46.059  78.599 0.0000000000
56132  -43.006  -46.538  76.034 0.0000000000
143704  -43.430  -46.356  76.918 0.0000000000
144459  -43.579  -46.538  75.563 0.0000000000
56151  -43.978  -46.513  75.149 0.0000000000
143800  -41.349  -46.752  74.261 0.0000000000
126596  -40.992  -46.258  73.637 0.0000000000
138230  -42.074  -46.324  72.213 0.0000000000
126595  -42.473  -46.580  72.938 0.0000000000
56197  -43.114  -46.397  72.259 0.0000000000
151481  -43.312  -46.433  72.969 0.0000000000
57353  -44.241  -45.008  72.160 0.0000000000
57352  -43.728  -45.810  71.740 0.0000000000
58502  -42.789  -44.745  69.389 0.0000000000
48808  -20.783  -54.436  87.090 0.0000000000
48825  -21.158  -54.295  86.195 0.0000000000
48826  -21.989  -54.208  85.728 0.0000000000
48809  -22.055  -54.431  86.678 0.0000000000
47670  -22.897  -54.105  86.147 0.0000000000
143639  -23.368  -54.225  86.640 0.0000000000
47719  -22.226  -53.968  83.498 0.0000000000
137081  -24.026  -53.745  84.069 0.0000000000
47690  -24.402  -53.717  85.729 0.0000000000
127853  -25.039  -53.843  85.108 0.0000000000
144203  -25.775  -53.735  85.409 0.0000000000
134392  -26.940  -53.797  84.296 0.0000000000
127852  -26.513  -53.753  85.094 0.0000000000
147267  -27.853  -54.137  85.579 0.0000000000
57340  -27.768  -45.453  72.780 0.0000000000
58422  -28.568  -45.116  73.436 0.0000000000
57324  -28.339  -45.922  74.858 0.0000000000
57351  -30.226  -45.701  73.074 0.0000000000
57341  -30.112  -45.011  73.429 0.0000000000
57326  -30.124  -45.709  75.278 0.0000000000
58425  -29.966  -45.390  74.734 0.0000000000
58410  -30.090  -45.612  75.454 0.0000000000
58409  -29.764  -45.522  75.388 0.0000000000
58396  -29.976  -45.551  76.092 0.0000000000
58383  -29.774  -45.689  76.643 0.0000000000
58397  -30.365  -45.782  76.408 0.0000000000
57287  -32.010  -45.829  78.533 0.0000000000
57286  -31.685  -45.794  78.250 0.0000000000
58375  -32.289  -45.516  79.016 0.0000000000
146803  -32.021  -45.520  79.159 0.0000000000
57264  -32.859  -45.060  79.361 0.0000000000
57239  -33.298  -45.276  79.954 0.0000000000
57265  -33.228  -45.056  79.734 0.0000000000
56090  -35.108  -46.608  79.100 0.0000000000
56075  -35.440  -46.054  79.765 0.0000000000
56076  -36.329  -46.121  79.703 0.0000000000
56064  -36.815  -46.024  80.360 0.0000000000
55062  -35.822  -47.067  76.793 0.0000000000
150739  -36.125  -46.906  77.326 0.0000000000
130694  -36.612  -46.950  77.137 0.0000000000
143986  -39.073  -46.556  78.840 0.0000000000
56093  -38.390  -46.810  79.012 0.0000000000
140279  -39.155  -46.506  79.472 0.0000000000
57267  -40.146  -46.063  80.409 0.0000000000
138575  -40.473  -45.986  79.714 0.0000000000
148852  -41.946  -45.987  78.847 0.0000000000
56081  -41.551  -45.955  79.341 0.0000000000
57290  -42.335  -45.930  79.287 0.0000000000
48867  -18.231  -54.600  84.209 0.0000000000
126615  -19.540  -54.311  85.877 0.0000000000
131589  -48.927  -36.857  74.543 0.0000000000
66460  -49.398  -36.210  74.580 0.0000000000
66471  -49.535  -36.227  73.547 0.0000000000
67500  -50.192  -35.539  72.542 0.0000000000
67491  -50.246  -35.469  73.138 0.0000000000
67492  -51.083  -35.273  73.112 0.0000000000
148333  -51.879  -34.271  73.688 0.0000000000
68573  -52.062  -34.981  72.902 0.0000000000
64607  -49.036  -37.537  69.928 0.0000000000
64608  -50.073  -37.746  69.730 0.0000000000
129315  -52.356  -36.502  69.531 0.0000000000
65571  -51.893  -36.355  70.838 0.0000000000
67514  -52.806  -35.449  70.858 0.0000000000
68586  -53.130  -34.701  71.925 0.0000000000
68600  -53.669  -34.874  71.177 0.0000000000
128202  -53.875  -34.951  70.487 0.0000000000
152412  -54.827  -35.106  69.045 0.0000000000
134076  -50.628  -33.208  59.552 0.0000000000
145448  -51.251  -33.768  61.056 0.0000000000
68703  -51.118  -32.984  61.061 0.0000000000
68730  -53.064  -33.733  58.556 0.0000000000
67640  -52.597  -34.635  58.470 0.0000000000
130339  -52.264  -34.831  57.648 0.0000000000
65745  -52.010  -36.730  57.337 0.0000000000
66699  -52.652  -35.246  56.828 0.0000000000
70690  -54.022  -31.640  60.035 0.0000000000
70705  -53.462  -31.760  58.880 0.0000000000
69836  -53.715  -32.027  57.609 0.0000000000
67665  -54.209  -34.359  56.718 0.0000000000
149396  -7.139  -61.732  97.943 0.0000000000
39994  -6.556  -62.040  98.000 0.0000000000
38948  -6.305  -62.524  97.992 0.0000000000
140565  -45.059  -39.382  59.000 0.0000000000
133023  -46.149  -39.433  59.918 0.0000000000
63791  -45.880  -39.272  58.963 0.0000000000
64743  -46.292  -38.530  58.491 0.0000000000
65729  -46.660  -37.337  58.487 0.0000000000
65715  -47.453  -37.756  58.907 0.0000000000
134376  -46.833  -36.340  58.001 0.0000000000
66663  -47.859  -36.296  57.711 0.0000000000
127945  -48.173  -35.587  57.594 0.0000000000
67647  -48.029  -34.654  57.647 0.0000000000
68726  -48.940  -33.958  57.539 0.0000000000
69819  -48.670  -32.987  57.557 0.0000000000
140707  -49.289  -32.311  57.796 0.0000000000
71565  -49.445  -31.166  57.518 0.0000000000
70718  -49.221  -31.652  57.831 0.0000000000
71555  -50.941  -31.403  58.322 0.0000000000
71566  -50.386  -31.187  57.767 0.0000000000
72437  -50.179  -30.917  55.863 0.0000000000
72414  -51.035  -31.063  57.558 0.0000000000
139160  -51.555  -30.576  57.287 0.0000000000
73296  -52.392  -30.196  59.133 0.0000000000
73310  -52.347  -30.223  57.915 0.0000000000
73335  -52.484  -29.580  56.770 0.0000000000
73326  -52.710  -29.147  57.763 0.0000000000
128004  -53.129  -28.855  58.356 0.0000000000
73327  -53.439  -28.935  57.438 0.0000000000
73337  -53.747  -29.006  56.524 0.0000000000
73362  -52.085  -29.170  53.589 0.0000000000
73343  -53.288  -29.087  55.118 0.0000000000
135801  -52.784  -28.589  53.558 0.0000000000
74248  -53.388  -27.923  53.408 0.0000000000
41997  -8.662  -59.808  94.060 0.0000000000
46679  -12.991  -54.880  93.406 0.0000000000
45762  -12.788  -55.606  92.982 0.0000000000
45747  -12.845  -55.647  93.794 0.0000000000
45733  -12.605  -56.356  94.258 0.0000000000
44805  -12.188  -57.046  94.777 0.0000000000
44804  -11.783  -57.620  94.344 0.0000000000
44777  -12.487  -57.322  97.391 0.0000000000
42886  -10.663  -58.468  97.593 0.0000000000
147674  -11.167  -58.131  97.303 0.0000000000
151583  -10.647  -58.520  96.332 0.0000000000
42899  -9.782  -58.902  95.460 0.0000000000
42893  -10.006  -58.796  96.369 0.0000000000
41976  -8.464  -59.600  97.184 0.0000000000
41975  -7.961  -59.803  96.884 0.0000000000
41969  -7.903  -60.206  97.547 0.0000000000
41001  -7.632  -61.220  97.924 0.0000000000
140483  -8.376  -60.720  98.294 0.0000000000
39989  -9.465  -61.683  99.110 0.0000000000
62647  -49.087  -40.126  77.783 0.0000000000
62658  -49.463  -39.386  77.324 0.0000000000
62657  -48.930  -39.470  77.539 0.0000000000
56100  -45.264  -45.840  78.212 0.0000000000
57273  -45.500  -44.930  79.588 0.0000000000
57294  -46.073  -45.463  78.581 0.0000000000
58389  -46.352  -44.444  77.030 0.0000000000
57308  -46.514  -45.152  77.713 0.0000000000
58390  -47.010  -44.236  77.750 0.0000000000
59531  -45.483  -42.695  73.144 0.0000000000
59518  -45.756  -43.224  74.579 0.0000000000
59517  -45.822  -42.486  73.860 0.0000000000
61582  -46.581  -41.452  75.634 0.0000000000
60530  -46.234  -41.956  75.930 0.0000000000
60531  -46.757  -41.561  76.352 0.0000000000
128784  -47.001  -41.667  77.153 0.0000000000
61569  -47.068  -41.156  76.891 0.0000000000
61553  -47.283  -41.150  77.711 0.0000000000
63598  -47.601  -39.494  74.707 0.0000000000
63591  -47.817  -39.573  75.617 0.0000000000
64541  -48.080  -38.722  75.289 0.0000000000
63592  -48.271  -38.914  76.213 0.0000000000
65515  -48.488  -37.466  74.874 0.0000000000
138319  -47.911  -38.115  74.731 0.0000000000
64575  -46.810  -37.881  71.952 0.0000000000
65549  -47.119  -37.475  71.603 0.0000000000
65558  -46.588  -37.741  71.044 0.0000000000
63649  -44.633  -38.925  69.788 0.0000000000
63650  -45.488  -38.874  70.410 0.0000000000
64594  -44.730  -38.843  69.739 0.0000000000
65592  -44.943  -38.625  68.653 0.0000000000
65579  -45.519  -38.637  69.356 0.0000000000
65580  -46.815  -38.133  69.729 0.0000000000
65609  -45.533  -38.836  68.398 0.0000000000
65610  -46.421  -38.792  68.843 0.0000000000
65622  -45.026  -38.996  67.659 0.0000000000
64686  -43.433  -38.881  65.366 0.0000000000
128985  -44.090  -39.023  66.023 0.0000000000
63725  -43.897  -39.574  65.060 0.0000000000
62752  -40.704  -39.873  66.442 0.0000000000
64657  -39.675  -38.391  65.061 0.0000000000
65635  -39.943  -38.305  64.830 0.0000000000
64682  -39.749  -38.245  64.120 0.0000000000
64702  -40.106  -38.934  64.024 0.0000000000
47633  -22.395  -54.125  88.423 0.0000000000
127666  -22.047  -53.805  89.380 0.0000000000
47613  -22.803  -53.968  89.120 0.0000000000
47617  -26.875  -54.929  89.288 0.0000000000
47616  -25.913  -54.724  89.059 0.0000000000
47601  -26.771  -54.995  89.549 0.0000000000
47782  -27.624  -54.133  79.360 0.0000000000
47798  -27.328  -54.199  78.736 0.0000000000
47759  -27.244  -53.997  81.200 0.0000000000
47746  -29.432  -53.957  82.188 0.0000000000
47745  -28.466  -53.912  82.179 0.0000000000
132892  -29.247  -54.389  83.914 0.0000000000
129593  -28.141  -47.002  73.648 0.0000000000
53222  -30.259  -48.612  75.508 0.0000000000
138756  -30.517  -49.558  76.106 0.0000000000
52299  -30.559  -50.422  76.906 0.0000000000
51119  -31.083  -50.476  80.780 0.0000000000
51139  -31.094  -50.452  79.929 0.0000000000
51138  -30.715  -51.155  80.315 0.0000000000
127915  -30.462  -51.130  79.439 0.0000000000
49976  -30.602  -51.922  80.535 0.0000000000
49964  -30.058  -52.693  80.977 0.0000000000
49965  -31.047  -52.154  81.125 0.0000000000
48870  -31.186  -52.987  82.293 0.0000000000
47728  -31.617  -54.079  83.779 0.0000000000
47707  -30.775  -54.612  84.491 0.0000000000
47708  -31.551  -54.449  84.695 0.0000000000
47678  -30.883  -54.153  86.326 0.0000000000
47695  -31.833  -54.253  85.489 0.0000000000
48842  -32.894  -53.086  85.928 0.0000000000
52172  -32.509  -49.710  85.534 0.0000000000
51042  -32.434  -50.436  85.038 0.0000000000
51029  -32.744  -50.018  85.872 0.0000000000
147640  -34.932  -45.628  82.061 0.0000000000
45800  -13.040  -56.207  88.465 0.0000000000
48835  -16.932  -53.984  85.889 0.0000000000
140117  -16.085  -54.741  84.896 0.0000000000
47687  -16.013  -54.479  85.881 0.0000000000
130605  -14.984  -54.776  87.170 0.0000000000
47669  -15.093  -55.051  86.153 0.0000000000
46738  -14.343  -55.170  86.456 0.0000000000
131909  -13.968  -55.493  86.749 0.0000000000
47611  -14.237  -54.348  89.349 0.0000000000
46712  -13.491  -54.854  89.328 0.0000000000
134445  -17.763  -52.591  91.003 0.0000000000
134446  -16.978  -52.486  90.860 0.0000000000
65518  -51.827  -36.583  75.096 0.0000000000
135311  -46.387  -40.328  62.713 0.0000000000
62818  -47.139  -39.803  62.310 0.0000000000
64705  -48.146  -38.534  63.015 0.0000000000
63744  -48.582  -38.465  63.702 0.0000000000
64687  -49.126  -38.010  64.031 0.0000000000
64664  -49.236  -38.214  64.937 0.0000000000
65638  -49.775  -37.558  64.470 0.0000000000
65698  -50.212  -37.429  61.751 0.0000000000
64717  -49.590  -37.798  62.260 0.0000000000
65677  -50.690  -36.918  63.299 0.0000000000
66585  -52.671  -36.183  64.772 0.0000000000
147357  -51.573  -36.213  64.571 0.0000000000
67588  -52.124  -35.897  65.240 0.0000000000
66568  -51.727  -36.049  65.417 0.0000000000
67571  -52.302  -35.960  65.796 0.0000000000
132381  -53.008  -36.059  66.057 0.0000000000
67573  -53.882  -36.112  65.869 0.0000000000
63694  -54.152  -38.153  66.015 0.0000000000
64666  -55.272  -37.269  65.968 0.0000000000
63695  -54.490  -38.282  66.993 0.0000000000
147203  -53.024  -35.078  60.207 0.0000000000
137879  -53.015  -35.985  59.918 0.0000000000
61766  -51.131  -39.872  59.943 0.0000000000
145752  -51.009  -38.832  59.867 0.0000000000
62833  -51.143  -39.412  60.429 0.0000000000
63768  -51.546  -39.100  61.313 0.0000000000
62832  -51.419  -39.771  61.426 0.0000000000
74219  -55.523  -27.829  58.340 0.0000000000
74236  -55.424  -27.488  56.844 0.0000000000
75207  -55.173  -26.575  55.716 0.0000000000
133783  -56.007  -26.996  57.213 0.0000000000
75195  -56.153  -26.263  57.046 0.0000000000
76181  -56.404  -25.788  56.447 0.0000000000
76213  -55.277  -25.611  53.469 0.0000000000
77186  -55.773  -24.618  54.001 0.0000000000
77174  -55.789  -25.136  54.780 0.0000000000
77163  -56.964  -25.161  55.992 0.0000000000
77164  -57.596  -24.688  56.415 0.0000000000
77176  -57.439  -24.527  55.573 0.0000000000
78200  -57.669  -23.754  54.382 0.0000000000
78189  -58.671  -23.505  55.500 0.0000000000
78201  -58.305  -23.256  54.665 0.0000000000
79250  -59.589  -23.176  55.784 0.0000000000
79257  -59.165  -22.955  54.967 0.0000000000
77227  -57.768  -24.751  50.173 0.0000000000
140647  -56.933  -25.159  50.187 0.0000000000
130997  -56.277  -25.298  50.584 0.0000000000
77226  -57.036  -24.930  51.171 0.0000000000
130713  -57.257  -24.117  51.800 0.0000000000
134707  -59.697  -22.549  52.929 0.0000000000
147184  -59.015  -23.092  53.047 0.0000000000
79258  -59.744  -22.507  54.430 0.0000000000
80279  -60.307  -22.193  54.225 0.0000000000
80317  -60.484  -21.892  49.629 0.0000000000
80311  -60.754  -21.893  50.746 0.0000000000
55103  -37.643  -48.122  73.744 0.0000000000
55115  -37.504  -48.082  72.628 0.0000000000
55129  -37.602  -47.732  71.554 0.0000000000
56208  -31.519  -46.929  71.673 0.0000000000
129513  -32.933  -47.255  71.898 0.0000000000
55112  -34.085  -47.852  72.821 0.0000000000
127814  -34.764  -47.957  73.604 0.0000000000
127813  -35.834  -48.558  73.530 0.0000000000
129332  -36.758  -48.335  73.393 0.0000000000
63707  -45.336  -39.372  65.737 0.0000000000
63708  -46.217  -39.510  65.977 0.0000000000
62768  -45.899  -39.725  65.172 0.0000000000
62769  -46.750  -39.761  65.369 0.0000000000
148326  -47.194  -39.818  64.821 0.0000000000
73268  -53.624  -28.562  62.620 0.0000000000
71519  -54.816  -29.992  63.650 0.0000000000
72367  -56.028  -28.900  63.412 0.0000000000
74167  -55.927  -27.936  64.076 0.0000000000
74168  -56.626  -27.690  63.975 0.0000000000
75127  -56.125  -27.005  62.615 0.0000000000
75135  -56.067  -27.007  61.594 0.0000000000
75144  -56.102  -27.331  60.662 0.0000000000
44862  -11.896  -57.613  89.490 0.0000000000
59575  -44.414  -42.831  70.006 0.0000000000
60636  -44.624  -42.220  69.204 0.0000000000
61660  -44.809  -41.359  69.366 0.0000000000
61669  -44.207  -40.794  68.891 0.0000000000
61668  -43.908  -41.217  68.121 0.0000000000
149363  -43.220  -40.632  68.150 0.0000000000
62743  -41.858  -39.638  67.594 0.0000000000
48757  -20.181  -53.147  90.518 0.0000000000
47675  -28.105  -54.338  86.537 0.0000000000
47656  -28.616  -54.372  87.435 0.0000000000
48793  -29.262  -53.713  88.056 0.0000000000
47659  -30.764  -53.824  87.342 0.0000000000
57263  -31.248  -45.868  79.314 0.0000000000
55023  -31.541  -46.513  79.964 0.0000000000
56062  -31.770  -46.238  80.172 0.0000000000
56047  -32.259  -46.539  81.520 0.0000000000
133190  -32.020  -47.152  82.272 0.0000000000
55002  -31.963  -46.896  83.151 0.0000000000
56031  -32.595  -46.432  83.828 0.0000000000
48788  -19.009  -52.933  88.235 0.0000000000
127836  -18.524  -52.883  88.969 0.0000000000
48768  -18.920  -52.848  89.693 0.0000000000
48769  -19.769  -52.962  89.721 0.0000000000
65707  -50.548  -36.762  60.513 0.0000000000
65718  -50.115  -36.353  59.762 0.0000000000
132277  -52.446  -35.665  61.099 0.0000000000
139777  -41.920  -45.964  78.006 0.0000000000
56113  -42.923  -46.351  77.927 0.0000000000
150801  -42.278  -46.601  76.207 0.0000000000
126599  -42.211  -46.599  75.440 0.0000000000
149867  -40.299  -46.206  72.039 0.0000000000
56195  -40.628  -46.224  72.883 0.0000000000
127361  -41.785  -46.223  71.454 0.0000000000
57366  -42.499  -45.961  70.661 0.0000000000
57383  -42.119  -45.510  69.917 0.0000000000
48838  -20.498  -54.294  85.658 0.0000000000
48840  -21.866  -54.162  84.936 0.0000000000
47740  -23.245  -53.838  82.138 0.0000000000
134447  -23.759  -53.730  82.912 0.0000000000
47721  -24.574  -53.725  83.417 0.0000000000
134393  -25.671  -53.715  84.647 0.0000000000
47722  -25.628  -53.718  83.682 0.0000000000
47723  -26.553  -53.799  83.592 0.0000000000
143471  -27.016  -53.983  82.863 0.0000000000
56160  -30.632  -46.668  74.418 0.0000000000
57342  -30.273  -45.887  73.859 0.0000000000
56144  -31.005  -46.616  75.280 0.0000000000
152492  -30.518  -46.279  75.536 0.0000000000
57327  -30.632  -46.111  76.015 0.0000000000
57316  -30.638  -45.936  76.458 0.0000000000
57318  -31.657  -46.381  77.201 0.0000000000
57307  -32.293  -46.390  78.180 0.0000000000
57289  -33.448  -46.390  79.586 0.0000000000
56088  -33.217  -46.676  78.651 0.0000000000
55065  -38.298  -47.222  76.537 0.0000000000
55051  -38.000  -47.037  77.316 0.0000000000
56110  -39.518  -46.424  77.785 0.0000000000
56094  -39.703  -46.203  78.636 0.0000000000
147460  -40.299  -45.938  79.149 0.0000000000
56095  -40.540  -45.921  78.542 0.0000000000
56096  -41.298  -45.867  78.642 0.0000000000
127834  -18.915  -54.503  84.331 0.0000000000
126613  -19.828  -54.321  84.913 0.0000000000
66482  -48.705  -36.524  72.450 0.0000000000
66483  -49.488  -36.038  72.717 0.0000000000
66502  -49.140  -36.023  72.142 0.0000000000
66515  -49.439  -35.768  71.910 0.0000000000
143251  -49.618  -35.925  71.258 0.0000000000
64618  -50.440  -37.910  68.834 0.0000000000
147471  -50.897  -37.621  69.350 0.0000000000
65597  -51.243  -37.317  68.401 0.0000000000
66539  -52.022  -36.752  68.345 0.0000000000
132504  -52.856  -35.686  69.218 0.0000000000
68611  -53.294  -35.337  69.485 0.0000000000
67532  -52.963  -35.707  68.306 0.0000000000
68631  -53.101  -35.647  67.952 0.0000000000
146941  -54.102  -35.420  67.222 0.0000000000
68704  -51.781  -33.272  61.282 0.0000000000
69790  -51.739  -32.492  61.329 0.0000000000
68712  -53.535  -33.521  60.161 0.0000000000
68729  -52.975  -33.255  57.907 0.0000000000
69837  -54.819  -32.492  57.531 0.0000000000
131959  -54.641  -33.420  57.131 0.0000000000
67666  -55.359  -34.294  57.300 0.0000000000
78161  -59.005  -23.661  58.974 0.0000000000
66662  -46.163  -35.684  57.808 0.0000000000
70727  -47.748  -31.791  57.144 0.0000000000
71576  -48.048  -31.328  56.642 0.0000000000
143759  -50.381  -30.714  55.005 0.0000000000
72426  -52.043  -30.025  56.984 0.0000000000
72451  -51.836  -30.071  55.296 0.0000000000
73342  -52.592  -29.649  55.183 0.0000000000
42906  -9.086  -59.019  94.088 0.0000000000
42898  -8.998  -59.195  95.042 0.0000000000
130239  -13.052  -55.211  95.195 0.0000000000
45727  -12.787  -55.572  95.847 0.0000000000
45717  -12.452  -56.149  96.150 0.0000000000
44791  -12.302  -56.908  96.342 0.0000000000
43796  -12.147  -58.839  97.712 0.0000000000
42879  -10.915  -58.800  98.155 0.0000000000
42885  -9.980  -58.807  97.224 0.0000000000
42878  -10.138  -58.978  97.975 0.0000000000
41971  -9.644  -59.671  98.322 0.0000000000
41002  -9.217  -60.455  98.641 0.0000000000
40995  -9.694  -61.017  99.189 0.0000000000
39990  -10.052  -61.408  99.368 0.0000000000
134298  -45.280  -46.289  76.990 0.0000000000
56135  -45.627  -45.740  76.638 0.0000000000
57319  -45.881  -44.803  76.331 0.0000000000
58404  -45.992  -43.796  76.394 0.0000000000
60562  -46.327  -41.585  74.086 0.0000000000
61592  -46.785  -41.250  74.698 0.0000000000
61593  -47.095  -41.103  75.157 0.0000000000
62681  -47.342  -40.011  73.979 0.0000000000
63605  -47.357  -39.179  73.940 0.0000000000
64548  -47.507  -38.421  74.039 0.0000000000
63613  -47.184  -38.738  73.255 0.0000000000
64555  -46.692  -38.513  72.235 0.0000000000
140076  -46.488  -38.244  71.570 0.0000000000
63657  -43.607  -38.769  68.790 0.0000000000
64605  -44.119  -38.660  69.170 0.0000000000
64604  -43.717  -38.561  68.496 0.0000000000
65591  -44.029  -38.388  68.175 0.0000000000
65607  -43.607  -38.632  67.347 0.0000000000
65621  -44.218  -38.727  67.273 0.0000000000
65620  -43.574  -38.690  66.648 0.0000000000
135300  -42.960  -37.977  65.177 0.0000000000
64685  -42.570  -38.375  64.848 0.0000000000
133884  -23.242  -54.594  87.888 0.0000000000
47634  -23.843  -54.335  88.525 0.0000000000
47615  -24.458  -54.537  89.190 0.0000000000
47602  -27.429  -54.808  89.341 0.0000000000
46703  -26.787  -54.980  90.169 0.0000000000
50014  -28.742  -52.717  76.546 0.0000000000
48961  -27.983  -53.305  77.065 0.0000000000
48928  -28.202  -53.859  78.785 0.0000000000
47783  -28.319  -53.951  79.616 0.0000000000
47769  -28.358  -53.903  80.610 0.0000000000
47770  -29.115  -53.694  80.654 0.0000000000
48882  -29.808  -53.497  81.564 0.0000000000
54134  -28.319  -46.915  74.422 0.0000000000
135579  -28.899  -46.849  75.186 0.0000000000
54124  -30.065  -47.676  76.073 0.0000000000
53223  -30.467  -48.354  76.477 0.0000000000
127921  -31.513  -49.097  80.407 0.0000000000
128072  -31.404  -49.688  81.225 0.0000000000
133669  -31.511  -50.550  81.520 0.0000000000
49955  -31.437  -51.451  81.668 0.0000000000
143405  -31.206  -52.263  81.802 0.0000000000
49948  -31.655  -51.837  82.472 0.0000000000
138515  -32.250  -53.163  83.872 0.0000000000
49935  -32.367  -52.647  84.546 0.0000000000
49936  -32.740  -52.279  85.210 0.0000000000
47651  -15.749  -54.241  87.676 0.0000000000
47650  -15.141  -54.473  88.216 0.0000000000
47632  -15.005  -54.212  89.068 0.0000000000
47612  -14.657  -53.273  89.652 0.0000000000
47596  -14.344  -53.001  90.376 0.0000000000
48733  -18.652  -52.636  92.191 0.0000000000
152699  -47.036  -39.820  61.466 0.0000000000
140460  -47.484  -39.172  61.778 0.0000000000
64716  -49.033  -38.308  62.594 0.0000000000
66616  -52.108  -36.540  62.938 0.0000000000
66600  -51.698  -36.370  63.888 0.0000000000
66603  -53.925  -36.237  63.109 0.0000000000
66604  -54.088  -36.447  63.642 0.0000000000
66586  -54.360  -36.601  64.419 0.0000000000
65662  -54.741  -36.854  64.890 0.0000000000
64689  -54.694  -37.259  64.438 0.0000000000
63729  -54.097  -37.930  64.970 0.0000000000
62756  -53.293  -39.557  66.338 0.0000000000
64765  -51.569  -37.709  57.983 0.0000000000
64748  -51.515  -37.961  58.652 0.0000000000
140254  -51.524  -38.517  58.569 0.0000000000
62860  -51.613  -39.711  59.396 0.0000000000
61767  -51.910  -40.166  59.817 0.0000000000
140421  -54.559  -27.863  55.499 0.0000000000
147689  -54.825  -26.947  55.448 0.0000000000
76193  -55.009  -26.369  55.098 0.0000000000
77195  -55.778  -24.304  53.342 0.0000000000
77187  -56.337  -24.463  54.426 0.0000000000
77188  -57.113  -24.216  54.808 0.0000000000
78199  -56.827  -23.921  54.125 0.0000000000
141240  -57.527  -23.647  53.744 0.0000000000
140959  -57.042  -24.405  48.485 0.0000000000
141859  -58.308  -23.873  51.799 0.0000000000
135709  -59.980  -22.171  52.849 0.0000000000
81306  -61.268  -21.693  49.311 0.0000000000
81298  -61.453  -21.760  50.278 0.0000000000
146898  -61.865  -21.816  50.026 0.0000000000
56148  -39.703  -47.295  76.007 0.0000000000
127692  -40.225  -47.179  75.183 0.0000000000
147132  -39.814  -47.056  74.497 0.0000000000
144991  -39.805  -46.807  73.779 0.0000000000
56194  -39.824  -46.469  72.897 0.0000000000
56193  -39.151  -47.036  72.567 0.0000000000
56209  -39.798  -46.484  71.422 0.0000000000
48881  -20.512  -54.554  82.683 0.0000000000
47739  -22.203  -54.208  82.008 0.0000000000
47755  -23.691  -53.764  81.532 0.0000000000
47756  -24.436  -53.768  81.327 0.0000000000
57362  -30.074  -44.563  71.595 0.0000000000
57363  -30.448  -45.577  72.069 0.0000000000
56192  -31.919  -47.431  72.293 0.0000000000
129080  -31.195  -47.274  73.120 0.0000000000
56176  -31.141  -47.307  73.920 0.0000000000
56161  -31.412  -47.009  74.649 0.0000000000
55073  -33.288  -47.340  75.661 0.0000000000
55074  -34.197  -47.590  76.070 0.0000000000
55075  -35.310  -47.716  76.022 0.0000000000
126843  -36.310  -47.658  75.973 0.0000000000
127693  -36.943  -48.027  75.330 0.0000000000
143169  -37.110  -47.362  75.856 0.0000000000
55077  -38.173  -47.268  75.712 0.0000000000
56147  -38.897  -47.339  75.855 0.0000000000
65594  -47.100  -37.928  69.008 0.0000000000
65596  -48.047  -36.999  69.952 0.0000000000
64616  -47.421  -37.800  68.938 0.0000000000
63667  -47.970  -38.584  68.612 0.0000000000
63668  -48.956  -38.573  68.572 0.0000000000
63691  -47.487  -39.336  66.974 0.0000000000
63679  -48.572  -39.100  67.798 0.0000000000
63680  -49.411  -38.729  67.752 0.0000000000
136231  -49.837  -38.316  67.268 0.0000000000
65611  -50.326  -37.478  67.087 0.0000000000
65624  -50.826  -36.630  66.510 0.0000000000
71530  -51.950  -30.576  61.411 0.0000000000
71523  -52.109  -31.243  62.037 0.0000000000
70678  -52.666  -31.190  62.139 0.0000000000
130641  -53.493  -30.978  62.279 0.0000000000
70691  -54.336  -30.791  60.695 0.0000000000
71517  -53.849  -30.236  63.207 0.0000000000
70706  -54.534  -30.701  59.644 0.0000000000
70721  -54.513  -31.241  58.738 0.0000000000
131634  -55.249  -32.030  58.315 0.0000000000
69838  -55.991  -32.787  57.987 0.0000000000
75120  -57.248  -26.974  63.825 0.0000000000
76139  -57.796  -25.647  60.556 0.0000000000
152290  -11.479  -57.549  90.087 0.0000000000
132250  -9.971  -57.864  90.748 0.0000000000
43835  -10.934  -58.290  93.304 0.0000000000
58447  -45.161  -44.291  73.256 0.0000000000
58432  -45.405  -44.231  74.148 0.0000000000
129164  -45.130  -43.376  72.810 0.0000000000
59558  -45.062  -42.426  71.675 0.0000000000
62687  -46.406  -40.257  72.046 0.0000000000
62698  -45.978  -39.823  71.238 0.0000000000
63658  -43.938  -38.993  69.367 0.0000000000
62727  -44.074  -39.829  69.129 0.0000000000
62726  -43.506  -39.355  68.698 0.0000000000
142187  -43.092  -38.731  68.037 0.0000000000
64641  -41.455  -38.192  66.287 0.0000000000
47673  -25.582  -54.081  87.009 0.0000000000
126342  -26.216  -54.989  87.847 0.0000000000
48791  -28.524  -54.530  88.005 0.0000000000
47603  -28.406  -54.460  89.067 0.0000000000
47621  -29.702  -54.197  88.201 0.0000000000
50027  -28.602  -52.376  75.805 0.0000000000
50015  -29.452  -52.237  77.066 0.0000000000
50016  -29.933  -51.770  77.638 0.0000000000
147954  -29.656  -46.217  77.459 0.0000000000
143140  -29.950  -46.868  77.354 0.0000000000
55036  -29.770  -46.392  77.845 0.0000000000
54102  -30.629  -46.766  78.766 0.0000000000
54103  -31.247  -47.587  79.042 0.0000000000
132713  -31.526  -47.080  80.318 0.0000000000
54094  -31.457  -47.611  79.909 0.0000000000
53193  -31.613  -48.258  80.448 0.0000000000
53185  -31.539  -48.786  81.131 0.0000000000
53162  -31.648  -49.412  82.870 0.0000000000
147192  -31.636  -49.825  83.428 0.0000000000
147714  -31.819  -50.024  83.861 0.0000000000
52189  -32.131  -49.444  84.320 0.0000000000
148499  -32.423  -49.426  85.050 0.0000000000
54064  -32.282  -47.801  84.385 0.0000000000
133653  -32.373  -48.822  85.917 0.0000000000
48850  -16.889  -54.079  84.953 0.0000000000
141733  -16.621  -52.977  87.261 0.0000000000
48765  -16.179  -52.720  89.438 0.0000000000
48754  -17.438  -52.652  90.199 0.0000000000
48744  -18.665  -52.699  91.254 0.0000000000
64732  -48.918  -38.084  60.601 0.0000000000
65687  -50.928  -37.076  62.297 0.0000000000
65699  -50.817  -37.065  61.316 0.0000000000
65688  -51.664  -36.702  62.339 0.0000000000
66618  -53.558  -36.123  62.747 0.0000000000
64718  -54.501  -37.076  62.130 0.0000000000
136547  -54.224  -38.208  62.535 0.0000000000
75239  -53.454  -26.848  52.286 0.0000000000
76226  -54.316  -26.499  52.001 0.0000000000
134139  -57.766  -23.895  48.103 0.0000000000
78240  -59.708  -23.293  49.553 0.0000000000
128404  -60.058  -22.512  49.137 0.0000000000
80323  -60.184  -21.655  48.606 0.0000000000
79306  -58.966  -22.842  47.247 0.0000000000
79307  -59.853  -22.288  47.775 0.0000000000
148767  -60.411  -21.561  48.921 0.0000000000
46692  -13.163  -55.051  91.576 0.0000000000
47546  -13.440  -54.674  95.671 0.0000000000
56115  -44.887  -46.175  77.642 0.0000000000
56114  -43.934  -46.245  77.762 0.0000000000
56134  -45.064  -46.274  76.285 0.0000000000
56152  -44.656  -46.010  75.455 0.0000000000
126598  -41.238  -47.002  75.166 0.0000000000
56164  -42.581  -46.641  74.517 0.0000000000
56196  -41.466  -46.387  72.947 0.0000000000
56180  -41.883  -46.495  73.814 0.0000000000
56165  -43.518  -46.509  74.412 0.0000000000
56182  -43.930  -46.039  73.559 0.0000000000
57343  -44.427  -45.054  72.992 0.0000000000
58486  -44.366  -43.848  71.148 0.0000000000
58485  -43.932  -44.664  70.516 0.0000000000
58504  -44.185  -43.741  70.258 0.0000000000
59574  -43.871  -43.510  69.656 0.0000000000
59610  -43.486  -42.860  68.375 0.0000000000
128575  -20.609  -53.685  88.830 0.0000000000
48790  -21.585  -54.356  87.595 0.0000000000
143922  -22.453  -54.472  87.513 0.0000000000
47653  -23.827  -54.390  87.060 0.0000000000
47654  -24.668  -54.169  87.416 0.0000000000
48856  -21.662  -54.402  84.090 0.0000000000
47720  -23.201  -53.735  83.700 0.0000000000
47704  -23.343  -53.686  84.619 0.0000000000
47689  -23.545  -53.734  85.484 0.0000000000
47672  -24.580  -53.836  86.587 0.0000000000
149568  -27.278  -54.595  86.504 0.0000000000
47691  -27.257  -54.240  85.817 0.0000000000
126803  -28.525  -53.956  85.716 0.0000000000
58437  -27.544  -44.846  72.002 0.0000000000
56174  -27.577  -45.942  73.500 0.0000000000
56159  -27.950  -46.084  74.336 0.0000000000
56142  -28.335  -46.113  75.108 0.0000000000
56125  -28.579  -45.997  75.632 0.0000000000
58455  -29.769  -43.922  72.624 0.0000000000
58439  -29.915  -44.088  73.451 0.0000000000
57335  -30.042  -45.350  74.355 0.0000000000
58440  -29.791  -44.899  73.790 0.0000000000
58423  -29.125  -44.991  73.869 0.0000000000
132335  -29.521  -45.359  74.620 0.0000000000
57315  -29.016  -45.664  75.351 0.0000000000
126294  -28.974  -45.870  76.214 0.0000000000
57304  -29.446  -45.833  76.805 0.0000000000
57305  -29.942  -45.816  77.375 0.0000000000
57285  -30.472  -45.759  78.148 0.0000000000
58385  -31.019  -45.862  77.289 0.0000000000
58374  -31.122  -45.665  78.067 0.0000000000
58361  -31.134  -45.707  78.790 0.0000000000
58362  -31.937  -45.701  79.459 0.0000000000
143766  -32.695  -46.087  80.190 0.0000000000
132809  -32.961  -46.104  80.994 0.0000000000
58346  -33.698  -46.062  81.522 0.0000000000
58352  -33.204  -46.122  80.669 0.0000000000
127198  -34.541  -46.087  81.398 0.0000000000
57217  -35.350  -45.703  81.820 0.0000000000
57266  -34.006  -46.283  79.964 0.0000000000
57241  -34.776  -46.125  80.759 0.0000000000
125799  -35.792  -46.013  81.251 0.0000000000
57242  -36.499  -45.837  81.066 0.0000000000
149974  -37.175  -45.876  80.986 0.0000000000
57243  -37.887  -45.887  81.410 0.0000000000
55047  -34.925  -47.141  77.416 0.0000000000
143449  -35.695  -46.895  77.664 0.0000000000
56091  -36.601  -46.669  79.017 0.0000000000
55050  -37.222  -46.941  77.734 0.0000000000
56092  -37.395  -46.849  78.644 0.0000000000
56077  -37.349  -46.546  79.652 0.0000000000
146923  -38.440  -46.195  80.801 0.0000000000
57245  -39.668  -45.655  81.112 0.0000000000
57247  -41.264  -46.216  80.628 0.0000000000
48837  -17.789  -53.548  85.657 0.0000000000
48853  -18.329  -54.393  85.055 0.0000000000
65504  -49.831  -36.516  76.077 0.0000000000
66484  -49.852  -35.772  73.156 0.0000000000
66473  -50.490  -35.288  74.290 0.0000000000
67459  -51.464  -34.860  75.037 0.0000000000
67468  -52.366  -34.478  74.417 0.0000000000
65568  -48.808  -36.666  70.419 0.0000000000
66526  -50.612  -36.053  71.201 0.0000000000
65584  -50.802  -37.342  70.209 0.0000000000
67512  -51.419  -35.797  71.631 0.0000000000
68585  -52.501  -34.811  72.280 0.0000000000
68575  -53.393  -34.122  72.560 0.0000000000
68613  -54.159  -35.040  69.768 0.0000000000
132185  -50.607  -34.123  59.922 0.0000000000
67632  -50.969  -34.421  60.737 0.0000000000
67623  -52.658  -34.568  60.739 0.0000000000
66653  -53.217  -35.093  59.820 0.0000000000
67633  -53.473  -34.312  60.080 0.0000000000
150958  -53.088  -34.900  59.290 0.0000000000
65733  -52.042  -36.178  58.378 0.0000000000
64779  -51.809  -37.396  57.615 0.0000000000
63823  -52.516  -37.993  57.671 0.0000000000
63824  -53.650  -37.943  57.696 0.0000000000
69785  -52.796  -31.725  61.487 0.0000000000
69810  -53.552  -32.778  59.838 0.0000000000
68762  -53.027  -33.683  56.851 0.0000000000
67680  -53.339  -34.086  56.647 0.0000000000
66700  -53.321  -34.887  56.663 0.0000000000
142361  -53.284  -36.799  57.001 0.0000000000
133977  -6.805  -61.272  96.938 0.0000000000
62799  -44.798  -40.559  63.312 0.0000000000
138991  -44.529  -40.602  62.568 0.0000000000
126899  -44.728  -40.423  61.656 0.0000000000
62830  -45.669  -40.338  61.195 0.0000000000
146357  -45.686  -39.941  60.439 0.0000000000
62843  -46.519  -39.926  60.788 0.0000000000
63776  -47.039  -39.298  60.088 0.0000000000
64730  -47.562  -38.681  59.468 0.0000000000
64745  -48.099  -37.906  59.324 0.0000000000
65716  -47.972  -37.402  58.772 0.0000000000
64764  -49.001  -37.274  58.401 0.0000000000
65732  -49.285  -36.851  58.276 0.0000000000
66665  -49.476  -35.774  58.098 0.0000000000
67649  -49.930  -34.837  58.023 0.0000000000
68725  -47.870  -33.674  57.652 0.0000000000
68728  -50.301  -34.004  58.102 0.0000000000
143982  -50.225  -33.455  57.737 0.0000000000
69821  -50.564  -33.174  58.353 0.0000000000
151879  -50.686  -32.728  58.896 0.0000000000
132515  -49.994  -31.986  58.152 0.0000000000
147834  -50.831  -32.357  59.403 0.0000000000
70704  -50.961  -31.563  59.083 0.0000000000
71542  -51.412  -31.010  59.900 0.0000000000
71594  -48.394  -31.200  56.040 0.0000000000
72424  -49.474  -31.032  56.495 0.0000000000
71578  -49.869  -30.816  57.169 0.0000000000
71567  -51.299  -31.101  58.391 0.0000000000
72395  -51.686  -30.250  59.890 0.0000000000
72396  -51.852  -29.565  60.303 0.0000000000
72406  -51.943  -29.742  59.914 0.0000000000
73287  -52.081  -28.904  60.168 0.0000000000
73325  -52.555  -29.669  57.529 0.0000000000
73311  -52.674  -29.669  58.533 0.0000000000
73297  -52.430  -28.833  59.833 0.0000000000
73288  -52.614  -28.308  60.227 0.0000000000
74204  -53.711  -28.640  59.661 0.0000000000
74205  -54.520  -28.229  59.915 0.0000000000
74218  -54.615  -28.371  58.796 0.0000000000
73314  -54.043  -28.641  57.996 0.0000000000
73328  -54.265  -28.687  57.086 0.0000000000
73338  -54.246  -28.631  55.972 0.0000000000
74242  -54.030  -28.592  55.197 0.0000000000
74250  -54.222  -27.985  54.728 0.0000000000
75222  -53.022  -27.479  52.619 0.0000000000
76224  -51.929  -26.394  51.624 0.0000000000
45772  -12.788  -55.691  92.126 0.0000000000
45761  -12.472  -56.369  92.600 0.0000000000
44810  -12.080  -57.029  93.059 0.0000000000
44809  -11.657  -57.688  93.559 0.0000000000
43829  -11.230  -58.257  94.193 0.0000000000
44783  -12.856  -56.179  97.472 0.0000000000
44782  -12.119  -57.264  96.812 0.0000000000
43807  -11.892  -57.792  97.267 0.0000000000
43806  -11.504  -57.922  96.827 0.0000000000
44790  -11.933  -57.662  96.192 0.0000000000
43828  -10.497  -58.720  94.793 0.0000000000
42884  -9.259  -59.316  96.790 0.0000000000
150171  -7.384  -60.883  97.363 0.0000000000
39995  -7.363  -62.010  98.288 0.0000000000
39988  -8.677  -61.975  98.844 0.0000000000
62649  -50.359  -40.131  77.092 0.0000000000
63585  -49.985  -38.674  77.017 0.0000000000
57274  -46.540  -44.821  79.540 0.0000000000
138089  -45.806  -43.565  75.594 0.0000000000
59495  -46.104  -42.821  76.201 0.0000000000
143942  -45.896  -42.244  74.648 0.0000000000
150657  -46.970  -42.360  77.355 0.0000000000
60497  -47.185  -41.879  77.945 0.0000000000
61554  -48.076  -41.000  77.945 0.0000000000
62656  -47.926  -40.465  77.439 0.0000000000
62666  -47.547  -40.195  76.239 0.0000000000
134760  -47.850  -39.908  76.960 0.0000000000
138833  -48.390  -39.697  77.322 0.0000000000
152008  -48.679  -38.982  77.272 0.0000000000
63583  -48.687  -38.357  76.947 0.0000000000
64542  -48.643  -37.380  75.844 0.0000000000
65525  -48.497  -37.239  73.962 0.0000000000
129982  -47.450  -38.118  73.512 0.0000000000
64557  -47.859  -37.582  73.190 0.0000000000
65534  -48.141  -37.169  72.539 0.0000000000
65550  -47.919  -37.030  71.792 0.0000000000
65559  -47.526  -37.246  71.148 0.0000000000
65566  -47.655  -37.198  70.187 0.0000000000
63629  -46.291  -39.172  71.533 0.0000000000
64584  -46.124  -38.652  71.141 0.0000000000
149752  -45.988  -38.582  70.771 0.0000000000
64606  -44.918  -38.693  69.606 0.0000000000
64596  -46.190  -38.288  70.776 0.0000000000
65565  -46.768  -37.894  70.448 0.0000000000
149269  -47.318  -37.492  70.094 0.0000000000
65581  -47.371  -37.489  69.664 0.0000000000
64642  -44.371  -38.964  66.756 0.0000000000
125792  -44.894  -39.197  66.347 0.0000000000
60659  -42.062  -42.194  67.281 0.0000000000
62742  -41.252  -39.674  67.058 0.0000000000
63689  -40.640  -39.115  66.762 0.0000000000
63688  -40.304  -38.798  66.258 0.0000000000
64627  -40.984  -38.662  66.667 0.0000000000
64640  -40.719  -38.397  66.080 0.0000000000
65617  -41.291  -38.147  65.771 0.0000000000
65657  -40.044  -38.423  64.608 0.0000000000
65658  -40.894  -38.730  65.174 0.0000000000
64659  -41.908  -37.924  65.324 0.0000000000
64684  -41.738  -38.518  65.061 0.0000000000
64704  -41.863  -39.131  65.017 0.0000000000
63741  -40.493  -40.045  64.012 0.0000000000
130400  -41.433  -40.202  64.498 0.0000000000
63742  -42.504  -39.735  64.872 0.0000000000
151293  -43.087  -40.521  63.730 0.0000000000
126631  -24.664  -53.796  80.524 0.0000000000
47757  -25.414  -53.861  81.151 0.0000000000
127838  -26.675  -53.999  82.081 0.0000000000
47760  -28.118  -53.870  81.514 0.0000000000
47724  -27.882  -54.055  82.903 0.0000000000
134391  -28.171  -54.381  83.735 0.0000000000
47692  -29.157  -54.016  84.990 0.0000000000
47693  -29.947  -54.426  85.229 0.0000000000
52310  -29.812  -49.457  73.950 0.0000000000
54135  -29.081  -47.698  74.441 0.0000000000
53229  -29.900  -48.617  74.500 0.0000000000
51191  -30.187  -50.747  75.901 0.0000000000
50004  -30.084  -51.662  78.509 0.0000000000
54108  -30.347  -47.397  77.672 0.0000000000
53206  -30.789  -48.263  77.818 0.0000000000
52289  -30.676  -49.156  78.064 0.0000000000
52276  -31.271  -49.524  79.532 0.0000000000
51157  -30.870  -49.730  78.625 0.0000000000
132561  -30.663  -50.054  77.861 0.0000000000
51156  -30.602  -50.676  78.557 0.0000000000
49991  -29.958  -52.072  79.397 0.0000000000
132872  -29.953  -52.419  80.160 0.0000000000
47747  -30.357  -53.716  82.211 0.0000000000
130390  -30.450  -54.389  83.701 0.0000000000
47677  -29.962  -54.242  86.157 0.0000000000
47696  -32.407  -53.856  85.958 0.0000000000
47660  -31.924  -53.826  87.448 0.0000000000
49926  -32.793  -51.022  85.421 0.0000000000
49927  -33.269  -51.956  86.094 0.0000000000
46701  -13.057  -55.102  89.801 0.0000000000
45806  -13.507  -56.078  87.152 0.0000000000
46719  -13.280  -55.651  88.237 0.0000000000
46711  -12.964  -55.176  88.961 0.0000000000
46702  -13.488  -54.828  90.682 0.0000000000
47586  -14.361  -54.051  91.723 0.0000000000
48732  -17.266  -52.508  92.389 0.0000000000
144298  -45.649  -40.458  63.213 0.0000000000
62801  -46.247  -40.028  63.705 0.0000000000
62787  -47.898  -39.663  64.655 0.0000000000
62819  -47.571  -39.488  63.088 0.0000000000
63727  -47.952  -39.120  63.815 0.0000000000
64665  -49.767  -37.658  65.479 0.0000000000
65623  -50.157  -37.015  66.083 0.0000000000
64721  -48.996  -38.273  61.670 0.0000000000
65685  -49.625  -37.639  62.992 0.0000000000
66599  -51.132  -36.360  63.943 0.0000000000
66598  -50.848  -36.692  63.977 0.0000000000
65660  -50.452  -37.207  64.127 0.0000000000
66581  -50.925  -36.494  64.821 0.0000000000
66566  -50.858  -36.425  65.686 0.0000000000
66554  -51.447  -36.177  66.058 0.0000000000
67554  -52.624  -36.011  66.579 0.0000000000
67555  -53.217  -35.880  66.765 0.0000000000
67558  -55.601  -35.898  66.463 0.0000000000
65641  -55.286  -36.704  65.709 0.0000000000
65625  -55.648  -36.708  66.339 0.0000000000
66644  -52.967  -35.627  60.895 0.0000000000
65709  -53.529  -36.579  60.533 0.0000000000
64750  -52.783  -37.077  59.739 0.0000000000
64736  -53.576  -36.942  60.351 0.0000000000
145907  -53.758  -37.194  60.899 0.0000000000
64725  -53.612  -37.794  61.348 0.0000000000
63758  -52.285  -38.936  62.119 0.0000000000
62822  -52.746  -39.026  62.902 0.0000000000
62803  -51.618  -39.984  63.183 0.0000000000
148562  -52.293  -39.478  63.616 0.0000000000
62789  -52.114  -39.813  64.357 0.0000000000
133710  -55.357  -27.883  59.340 0.0000000000
75164  -55.933  -27.313  58.864 0.0000000000
75181  -55.971  -27.127  58.045 0.0000000000
75165  -56.387  -26.696  58.524 0.0000000000
133862  -56.889  -26.310  59.182 0.0000000000
76164  -57.302  -25.494  58.646 0.0000000000
76203  -55.084  -26.283  54.145 0.0000000000
76204  -55.363  -25.216  54.229 0.0000000000
150718  -55.990  -25.928  55.976 0.0000000000
76182  -57.041  -25.236  56.874 0.0000000000
137581  -57.682  -24.792  58.168 0.0000000000
77153  -58.273  -24.248  58.569 0.0000000000
77158  -58.126  -24.172  57.738 0.0000000000
78176  -58.718  -23.747  57.364 0.0000000000
78181  -58.026  -23.958  56.057 0.0000000000
78177  -59.493  -23.046  57.575 0.0000000000
129845  -59.771  -22.535  57.399 0.0000000000
78217  -56.733  -23.960  52.554 0.0000000000
78211  -57.526  -23.696  53.077 0.0000000000
147998  -58.321  -23.241  53.565 0.0000000000
79271  -58.329  -23.495  52.742 0.0000000000
129777  -58.792  -22.971  54.236 0.0000000000
135762  -59.957  -22.566  55.319 0.0000000000
151435  -60.791  -21.854  51.519 0.0000000000
81299  -62.012  -21.923  50.693 0.0000000000
38949  -6.855  -62.455  98.217 0.0000000000
43800  -11.988  -58.219  97.572 0.0000000000
46652  -12.945  -54.704  96.961 0.0000000000
46660  -13.497  -54.428  96.359 0.0000000000
47576  -13.516  -54.588  93.042 0.0000000000
53150  -32.070  -48.609  83.976 0.0000000000
53174  -31.607  -49.150  81.912 0.0000000000
55009  -32.295  -46.499  82.159 0.0000000000
55038  -35.911  -46.783  78.493 0.0000000000
55039  -36.696  -46.841  78.338 0.0000000000
55046  -30.005  -46.794  78.180 0.0000000000
55064  -37.380  -47.073  76.858 0.0000000000
55072  -28.783  -46.322  75.706 0.0000000000
56054  -31.969  -46.395  80.744 0.0000000000
56073  -31.107  -46.157  79.408 0.0000000000
56074  -34.277  -46.462  79.818 0.0000000000
56106  -29.265  -46.112  76.793 0.0000000000
56126  -28.816  -46.028  76.162 0.0000000000
56133  -44.075  -46.493  76.030 0.0000000000
57215  -34.158  -46.067  80.627 0.0000000000
57237  -32.132  -46.198  80.728 0.0000000000
57238  -32.179  -46.116  80.365 0.0000000000
57283  -29.759  -45.970  77.460 0.0000000000
57284  -30.010  -45.920  78.222 0.0000000000
57317  -31.106  -46.105  76.852 0.0000000000
57367  -43.475  -45.586  70.905 0.0000000000
58363  -32.652  -45.036  79.524 0.0000000000
60579  -46.600  -41.104  73.210 0.0000000000
61676  -42.459  -40.383  67.905 0.0000000000
61718  -51.643  -40.476  64.539 0.0000000000
61734  -51.551  -40.542  62.783 0.0000000000
61755  -51.705  -40.355  60.607 0.0000000000
62659  -49.902  -39.458  77.110 0.0000000000
62667  -48.233  -39.126  77.017 0.0000000000
62754  -48.118  -39.735  66.140 0.0000000000
62772  -52.236  -39.892  65.143 0.0000000000
62774  -53.685  -38.757  65.721 0.0000000000
62788  -51.705  -40.038  63.883 0.0000000000
62802  -47.230  -39.800  63.965 0.0000000000
62821  -51.897  -39.461  62.703 0.0000000000
62873  -51.220  -39.249  59.298 0.0000000000
63586  -50.242  -38.804  76.689 0.0000000000
63630  -46.574  -39.113  72.199 0.0000000000
63642  -45.870  -39.106  70.945 0.0000000000
63690  -46.576  -39.278  66.789 0.0000000000
63710  -49.352  -38.527  65.867 0.0000000000
63730  -54.603  -37.708  64.022 0.0000000000
63745  -54.839  -37.866  63.322 0.0000000000
63757  -51.676  -39.453  61.973 0.0000000000
63759  -53.654  -38.624  62.782 0.0000000000
63760  -54.709  -37.816  62.682 0.0000000000
63769  -53.448  -38.388  62.060 0.0000000000
63811  -52.150  -38.599  58.260 0.0000000000
64585  -46.306  -38.160  71.160 0.0000000000
64630  -45.869  -39.267  68.135 0.0000000000
64633  -49.922  -38.202  68.114 0.0000000000
64646  -54.644  -37.646  66.105 0.0000000000
64667  -55.488  -37.019  65.989 0.0000000000
64706  -49.140  -38.103  63.288 0.0000000000
64707  -54.671  -36.507  62.468 0.0000000000
64724  -52.518  -38.399  61.300 0.0000000000
64734  -51.759  -38.000  59.570 0.0000000000
64735  -52.874  -37.629  60.495 0.0000000000
64737  -53.943  -36.748  61.122 0.0000000000
64746  -48.581  -37.494  58.877 0.0000000000
64749  -51.880  -37.331  58.973 0.0000000000
64780  -52.135  -37.377  57.414 0.0000000000
65517  -49.656  -36.081  75.384 0.0000000000
65526  -48.985  -36.589  73.868 0.0000000000
65535  -48.557  -36.897  73.203 0.0000000000
65567  -47.952  -36.966  70.287 0.0000000000
65570  -51.048  -36.799  70.845 0.0000000000
65583  -49.717  -37.267  70.331 0.0000000000
65585  -51.639  -36.881  70.170 0.0000000000
65590  -43.281  -38.583  67.758 0.0000000000
65593  -46.111  -38.670  69.124 0.0000000000
65595  -47.523  -37.381  69.495 0.0000000000
65640  -55.052  -37.070  65.375 0.0000000000
65686  -50.072  -37.285  62.740 0.0000000000
65689  -52.321  -36.381  61.934 0.0000000000
65690  -55.024  -35.938  61.983 0.0000000000
65701  -54.891  -36.127  61.637 0.0000000000
65719  -51.698  -37.056  58.261 0.0000000000
65731  -48.492  -36.977  58.162 0.0000000000
65744  -51.738  -37.122  57.742 0.0000000000
65746  -52.567  -36.738  57.033 0.0000000000
65747  -54.181  -36.432  57.122 0.0000000000
65760  -52.470  -36.085  56.954 0.0000000000
65761  -53.133  -35.983  56.757 0.0000000000
66472  -50.051  -35.949  73.984 0.0000000000
66501  -48.554  -36.474  71.758 0.0000000000
66516  -50.321  -35.677  71.783 0.0000000000
66524  -48.282  -36.675  70.726 0.0000000000
66555  -51.787  -36.138  66.366 0.0000000000
66567  -51.518  -36.169  65.469 0.0000000000
66569  -55.439  -36.260  66.087 0.0000000000
66583  -51.747  -36.025  65.142 0.0000000000
66587  -54.912  -36.344  65.451 0.0000000000
66601  -52.615  -36.377  63.725 0.0000000000
66602  -53.305  -36.355  64.042 0.0000000000
66619  -54.605  -35.849  62.099 0.0000000000
66632  -53.814  -36.086  61.615 0.0000000000
66642  -50.689  -35.953  60.231 0.0000000000
66652  -52.816  -35.506  59.077 0.0000000000
66666  -51.891  -36.413  57.781 0.0000000000
66683  -52.281  -35.638  57.343 0.0000000000
67460  -51.986  -34.778  75.214 0.0000000000
67466  -51.113  -34.759  74.448 0.0000000000
67467  -51.761  -34.544  74.457 0.0000000000
67475  -50.864  -34.897  73.734 0.0000000000
67476  -51.646  -34.655  73.518 0.0000000000
67502  -52.047  -35.283  72.051 0.0000000000
67503  -52.662  -35.139  71.615 0.0000000000
67522  -52.613  -35.765  70.286 0.0000000000
67533  -55.547  -35.498  68.598 0.0000000000
67541  -52.778  -35.897  67.395 0.0000000000
67553  -51.957  -35.970  66.111 0.0000000000
67556  -54.162  -35.729  66.455 0.0000000000
67557  -54.984  -35.680  66.380 0.0000000000
67570  -51.830  -35.950  65.568 0.0000000000
67572  -53.432  -36.180  65.664 0.0000000000
67575  -55.066  -35.935  65.869 0.0000000000
67589  -53.286  -36.234  65.031 0.0000000000
67591  -54.397  -36.259  65.477 0.0000000000
67604  -53.657  -36.343  64.415 0.0000000000
67605  -53.914  -36.335  64.907 0.0000000000
67641  -53.313  -34.407  59.446 0.0000000000
67650  -52.489  -33.987  57.595 0.0000000000
67664  -52.463  -34.601  57.129 0.0000000000
67679  -52.803  -34.338  56.778 0.0000000000
68542  -52.225  -34.042  73.910 0.0000000000
68556  -52.206  -34.220  73.307 0.0000000000
68599  -53.487  -35.204  70.318 0.0000000000
68601  -54.253  -34.785  70.533 0.0000000000
68612  -53.605  -35.224  69.835 0.0000000000
68614  -54.501  -35.078  69.238 0.0000000000
68615  -55.120  -35.167  69.321 0.0000000000
68622  -53.184  -35.448  68.732 0.0000000000
68623  -53.377  -35.446  68.367 0.0000000000
68625  -54.868  -35.173  68.619 0.0000000000
68632  -53.322  -35.613  67.540 0.0000000000
68633  -53.779  -35.344  67.885 0.0000000000
68646  -53.672  -35.647  66.984 0.0000000000
68647  -54.741  -35.490  67.123 0.0000000000
68705  -52.463  -33.565  61.049 0.0000000000
68711  -50.851  -33.521  60.585 0.0000000000
68720  -53.476  -33.652  59.601 0.0000000000
68727  -49.824  -34.087  57.627 0.0000000000
68745  -52.949  -33.452  57.326 0.0000000000
68747  -54.024  -32.624  57.212 0.0000000000
68763  -53.728  -33.485  56.838 0.0000000000
69792  -52.968  -32.702  60.861 0.0000000000
69800  -51.289  -32.198  60.847 0.0000000000
69802  -54.068  -31.889  61.126 0.0000000000
69809  -50.616  -32.276  58.511 0.0000000000
69822  -53.146  -32.601  58.628 0.0000000000
69823  -53.777  -31.585  58.309 0.0000000000
69835  -53.267  -32.643  57.800 0.0000000000
70674  -53.708  -30.602  62.881 0.0000000000
70679  -54.118  -30.642  62.712 0.0000000000
70683  -51.796  -31.736  61.351 0.0000000000
70684  -54.086  -31.227  61.568 0.0000000000
70719  -50.038  -31.451  57.963 0.0000000000
70720  -53.354  -31.950  58.196 0.0000000000
71525  -53.284  -30.466  62.896 0.0000000000
71531  -52.256  -30.277  61.892 0.0000000000
71543  -51.719  -30.460  60.611 0.0000000000
71544  -54.796  -30.282  60.446 0.0000000000
72364  -54.386  -29.900  63.516 0.0000000000
72384  -52.272  -29.305  61.630 0.0000000000
72415  -51.890  -30.769  58.254 0.0000000000
73257  -54.261  -29.114  63.338 0.0000000000
73258  -54.868  -28.586  63.388 0.0000000000
73259  -55.563  -28.537  63.708 0.0000000000
73260  -56.150  -28.283  64.027 0.0000000000
73269  -54.230  -28.310  62.931 0.0000000000
73280  -53.161  -27.935  61.663 0.0000000000
73298  -53.011  -28.846  59.353 0.0000000000
74166  -55.359  -28.125  63.528 0.0000000000
74178  -56.441  -27.384  63.722 0.0000000000
74185  -53.687  -27.841  61.258 0.0000000000
75194  -55.754  -26.540  56.317 0.0000000000
78169  -58.864  -23.682  58.108 0.0000000000
79242  -59.861  -22.954  56.692 0.0000000000
79282  -59.907  -23.084  50.647 0.0000000000
80271  -60.281  -22.172  54.995 0.0000000000
80303  -60.623  -21.943  51.628 0.0000000000
80319  -62.037  -21.922  50.232 0.0000000000
81289  -60.923  -21.769  50.855 0.0000000000
126420  -52.788  -36.124  65.433 0.0000000000
126620  -18.597  -52.903  87.525 0.0000000000
127837  -17.784  -52.802  88.957 0.0000000000
128500  -53.607  -35.980  66.250 0.0000000000
128762  -52.983  -29.241  56.930 0.0000000000
129201  -30.043  -45.724  76.847 0.0000000000
131205  -53.194  -35.940  60.605 0.0000000000
132442  -56.928  -28.030  64.015 0.0000000000
133774  -29.968  -45.307  74.917 0.0000000000
133831  -56.790  -26.030  58.193 0.0000000000
134086  -37.539  -47.172  76.063 0.0000000000
134087  -53.456  -35.294  69.170 0.0000000000
135074  -41.213  -40.414  66.810 0.0000000000
135506  -57.206  -25.377  57.744 0.0000000000
135545  -53.174  -35.196  71.016 0.0000000000
136272  -38.967  -46.638  78.274 0.0000000000
137413  -52.293  -29.657  55.967 0.0000000000
137627  -53.960  -31.252  59.026 0.0000000000
138303  -54.664  -37.319  63.469 0.0000000000
139484  -55.310  -27.174  62.165 0.0000000000
141125  -46.944  -37.475  71.200 0.0000000000
141844  -56.341  -26.932  59.237 0.0000000000
141941  -39.611  -46.519  72.131 0.0000000000
142190  -52.320  -28.282  60.420 0.0000000000
142744  -29.512  -46.328  77.038 0.0000000000
143364  -29.508  -53.421  81.004 0.0000000000
143776  -42.850  -38.179  64.900 0.0000000000
143881  -50.308  -35.497  73.610 0.0000000000
144147  -48.294  -37.908  75.383 0.0000000000
144230  -54.563  -34.867  70.090 0.0000000000
144326  -54.426  -38.293  63.118 0.0000000000
144415  -18.047  -52.525  92.785 0.0000000000
144598  -45.800  -44.141  75.990 0.0000000000
144957  -52.977  -33.773  73.334 0.0000000000
145921  -37.041  -45.351  81.503 0.0000000000
145978  -52.303  -28.445  60.273 0.0000000000
146449  -50.980  -39.233  59.745 0.0000000000
147022  -30.603  -48.024  77.184 0.0000000000
147885  -31.674  -48.454  81.651 0.0000000000
147955  -12.943  -55.320  97.950 0.0000000000
148058  -53.991  -36.197  65.605 0.0000000000
148475  -52.950  -35.599  68.998 0.0000000000
148476  -32.966  -44.957  79.746 0.0000000000
148494  -33.071  -46.025  81.480 0.0000000000
149195  -54.284  -28.668  56.512 0.0000000000
149390  -27.609  -54.152  84.261 0.0000000000
149565  -53.170  -30.854  62.635 0.0000000000
150424  -53.886  -35.971  62.081 0.0000000000
150512  -49.151  -35.978  71.327 0.0000000000
150896  -48.040  -39.327  67.432 0.0000000000
151563  -55.088  -36.135  61.994 0.0000000000
152390  -54.101  -32.068  57.459 0.0000000000
152545  -53.029  -38.742  62.462 0.0000000000
152561  -54.373  -37.725  65.564 0.0000000000
152588  -54.857  -34.958  69.730 0.0000000000
152627  -31.607  -47.644  80.551 0.0000000000
152697  -46.905  -38.627  72.728 0.0000000000
152745  -32.453  -45.604  78.996 0.0000000000
