#!ascii label  , from subject sub1 vox2ras=TkReg
1513
102330  -48.984  5.194  52.898 0.0000000000
111522  -49.585  19.310  34.937 0.0000000000
107800  -44.952  14.107  46.072 0.0000000000
104678  -53.014  8.606  39.794 0.0000000000
106761  -46.916  11.853  30.948 0.0000000000
107297  -49.714  12.110  33.315 0.0000000000
103168  -48.535  6.544  32.238 0.0000000000
106129  -47.105  10.180  39.772 0.0000000000
97378  -48.029  -1.641  55.330 0.0000000000
102980  -48.673  6.191  56.323 0.0000000000
114772  -47.207  25.742  39.765 0.0000000000
111553  -43.097  19.042  33.722 0.0000000000
147415  -43.453  13.660  29.782 0.0000000000
127672  -49.101  10.429  50.071 0.0000000000
108535  -45.233  14.236  37.545 0.0000000000
107229  -50.479  13.156  43.096 0.0000000000
103742  -53.341  6.736  47.873 0.0000000000
102400  -50.673  4.066  43.356 0.0000000000
101686  -44.262  4.708  42.905 0.0000000000
101633  -47.009  4.596  51.645 0.0000000000
103939  -45.469  6.452  29.163 0.0000000000
143754  -48.834  7.831  29.236 0.0000000000
101754  -45.679  4.712  30.048 0.0000000000
103893  -44.803  7.482  33.568 0.0000000000
134310  -48.555  2.545  56.352 0.0000000000
131139  -46.084  5.065  55.701 0.0000000000
115311  -44.350  26.488  42.412 0.0000000000
109229  -42.309  15.265  32.060 0.0000000000
105342  -46.314  9.400  49.737 0.0000000000
106640  -47.405  11.353  46.977 0.0000000000
111501  -46.293  20.081  38.514 0.0000000000
145703  -46.817  17.179  35.750 0.0000000000
106156  -52.389  9.982  36.395 0.0000000000
107879  -51.025  13.264  37.551 0.0000000000
138221  -52.895  10.104  40.517 0.0000000000
106095  -52.121  10.068  44.940 0.0000000000
104613  -53.207  8.146  43.924 0.0000000000
101670  -52.538  3.793  45.538 0.0000000000
104612  -51.931  7.829  43.225 0.0000000000
104631  -45.220  9.050  43.025 0.0000000000
109873  -48.621  16.532  31.267 0.0000000000
109208  -50.226  16.190  32.875 0.0000000000
107328  -50.104  12.662  30.577 0.0000000000
105546  -50.574  8.981  32.049 0.0000000000
103860  -50.619  7.547  35.612 0.0000000000
105472  -50.554  8.979  39.083 0.0000000000
104717  -47.724  8.875  36.083 0.0000000000
105499  -44.592  9.255  36.576 0.0000000000
98042  -50.670  -0.876  57.197 0.0000000000
100869  -50.464  2.967  56.671 0.0000000000
147463  -50.243  6.467  54.979 0.0000000000
151461  -41.684  24.946  40.723 0.0000000000
113670  -45.281  23.670  40.206 0.0000000000
113140  -48.598  22.316  38.616 0.0000000000
111536  -47.204  19.855  34.018 0.0000000000
109218  -45.191  15.432  32.545 0.0000000000
106192  -43.755  11.005  31.831 0.0000000000
105570  -42.759  9.507  28.008 0.0000000000
107368  -43.863  12.468  26.244 0.0000000000
104507  -45.838  8.998  53.816 0.0000000000
105305  -48.075  9.584  53.321 0.0000000000
104517  -50.013  9.090  52.225 0.0000000000
108483  -45.684  14.554  41.299 0.0000000000
107898  -47.393  13.032  35.594 0.0000000000
108502  -48.498  14.980  40.307 0.0000000000
144397  -47.777  14.472  44.304 0.0000000000
107221  -49.678  11.999  45.885 0.0000000000
106053  -52.075  10.256  49.465 0.0000000000
103730  -49.546  7.896  49.595 0.0000000000
127363  -49.474  4.687  48.310 0.0000000000
100955  -48.464  3.266  46.055 0.0000000000
100990  -47.396  3.357  43.176 0.0000000000
105388  -48.430  8.532  43.526 0.0000000000
102396  -47.261  5.236  42.912 0.0000000000
152219  -46.049  3.763  40.066 0.0000000000
101629  -49.727  3.928  53.479 0.0000000000
100921  -49.315  3.401  53.200 0.0000000000
101626  -47.619  5.072  52.129 0.0000000000
103205  -44.351  6.168  28.335 0.0000000000
141605  -45.984  4.943  28.392 0.0000000000
102486  -43.909  5.366  29.169 0.0000000000
102447  -43.345  5.152  31.753 0.0000000000
107210  -46.188  12.978  46.399 0.0000000000
111511  -48.404  19.937  37.361 0.0000000000
105488  -53.053  8.740  38.445 0.0000000000
106130  -52.668  9.899  39.100 0.0000000000
105442  -53.194  9.044  40.104 0.0000000000
106106  -53.191  9.551  41.803 0.0000000000
104656  -53.341  8.665  41.268 0.0000000000
103809  -52.847  8.301  43.287 0.0000000000
104654  -52.665  8.676  41.439 0.0000000000
108589  -48.029  14.219  30.832 0.0000000000
109243  -49.383  15.361  30.456 0.0000000000
107327  -48.853  12.416  30.034 0.0000000000
145962  -49.193  6.510  30.638 0.0000000000
104796  -49.955  8.684  30.422 0.0000000000
144778  -50.106  6.907  32.144 0.0000000000
103899  -51.107  7.640  34.093 0.0000000000
103877  -49.436  7.570  34.427 0.0000000000
104736  -49.167  8.071  35.937 0.0000000000
103875  -47.466  7.755  34.115 0.0000000000
104731  -44.646  8.748  35.297 0.0000000000
150839  -48.114  4.162  56.540 0.0000000000
100152  -49.767  2.834  56.678 0.0000000000
144057  -49.672  4.746  56.681 0.0000000000
102282  -50.409  4.967  56.387 0.0000000000
102982  -49.916  6.401  56.353 0.0000000000
114754  -46.984  25.649  42.007 0.0000000000
114189  -45.490  24.937  41.060 0.0000000000
114205  -46.997  24.599  41.092 0.0000000000
113123  -47.492  22.945  39.964 0.0000000000
114210  -47.935  24.101  39.792 0.0000000000
112077  -44.076  20.901  35.152 0.0000000000
112602  -45.837  21.415  35.632 0.0000000000
111534  -44.967  19.674  34.085 0.0000000000
110442  -46.222  17.933  32.670 0.0000000000
110440  -44.109  17.343  33.063 0.0000000000
108601  -43.038  14.202  30.441 0.0000000000
107302  -43.057  12.755  32.147 0.0000000000
107324  -43.014  12.332  30.716 0.0000000000
106220  -43.175  10.083  29.751 0.0000000000
106792  -43.095  11.151  28.570 0.0000000000
106793  -43.184  11.537  27.524 0.0000000000
107973  -44.034  13.147  27.873 0.0000000000
104555  -41.702  8.188  49.945 0.0000000000
104525  -41.506  8.468  52.137 0.0000000000
104527  -43.024  8.825  51.803 0.0000000000
134868  -44.190  8.261  53.607 0.0000000000
105312  -44.335  9.252  51.896 0.0000000000
106048  -47.777  9.998  49.405 0.0000000000
105315  -47.311  9.645  51.212 0.0000000000
106030  -48.622  10.281  51.590 0.0000000000
106012  -49.595  9.707  52.845 0.0000000000
150759  -50.344  10.441  51.190 0.0000000000
108524  -43.656  15.043  38.845 0.0000000000
108498  -44.208  14.682  40.313 0.0000000000
135186  -45.739  14.499  39.926 0.0000000000
107930  -49.613  13.760  32.367 0.0000000000
108559  -48.296  14.222  33.880 0.0000000000
107284  -48.703  12.668  34.378 0.0000000000
107844  -50.850  13.025  40.562 0.0000000000
107856  -49.562  14.257  39.109 0.0000000000
108487  -49.634  15.067  41.392 0.0000000000
109135  -48.476  15.147  41.901 0.0000000000
108462  -49.225  13.998  43.754 0.0000000000
107805  -48.899  13.097  45.044 0.0000000000
134256  -49.908  12.548  44.699 0.0000000000
105377  -53.199  8.912  46.986 0.0000000000
106089  -52.044  10.213  47.034 0.0000000000
104571  -52.956  8.383  48.512 0.0000000000
104560  -51.681  9.095  49.603 0.0000000000
103739  -51.869  7.130  48.574 0.0000000000
103047  -49.460  6.286  48.610 0.0000000000
102351  -51.790  5.032  48.390 0.0000000000
101679  -51.903  3.440  44.134 0.0000000000
100957  -50.781  3.437  46.225 0.0000000000
100984  -50.353  2.910  43.908 0.0000000000
100970  -47.860  3.195  45.253 0.0000000000
100991  -49.235  3.363  43.077 0.0000000000
105454  -48.689  9.919  39.446 0.0000000000
105422  -49.915  9.373  41.428 0.0000000000
126513  -48.010  9.868  41.040 0.0000000000
103094  -44.712  6.440  44.040 0.0000000000
103793  -46.243  7.106  44.269 0.0000000000
102395  -46.329  5.366  43.029 0.0000000000
101693  -46.569  4.210  41.088 0.0000000000
138375  -45.891  4.392  41.105 0.0000000000
101017  -44.776  3.448  39.884 0.0000000000
99460  -51.375  1.681  54.542 0.0000000000
101640  -46.093  4.372  50.345 0.0000000000
105556  -46.131  9.222  30.898 0.0000000000
105572  -48.245  9.208  29.514 0.0000000000
103197  -47.776  6.633  28.965 0.0000000000
102488  -48.030  5.294  28.831 0.0000000000
103180  -47.412  5.897  31.493 0.0000000000
103149  -46.520  7.079  32.877 0.0000000000
150275  -45.276  5.686  31.959 0.0000000000
98762  -48.126  0.713  55.546 0.0000000000
99448  -47.281  2.577  55.414 0.0000000000
102293  -46.735  5.525  55.757 0.0000000000
115954  -46.646  27.045  41.512 0.0000000000
109843  -42.852  16.812  33.166 0.0000000000
134765  -43.443  15.996  29.742 0.0000000000
109255  -44.681  15.433  28.387 0.0000000000
105324  -44.819  8.767  50.393 0.0000000000
106062  -46.578  10.010  48.026 0.0000000000
106081  -48.023  10.750  47.742 0.0000000000
109179  -45.352  15.216  36.056 0.0000000000
106162  -51.536  11.058  35.428 0.0000000000
107264  -50.799  12.442  36.439 0.0000000000
106711  -51.978  11.789  37.052 0.0000000000
106689  -51.768  11.469  39.493 0.0000000000
106670  -51.936  11.702  41.702 0.0000000000
106664  -51.486  11.488  43.734 0.0000000000
106098  -52.736  10.297  43.208 0.0000000000
105383  -53.165  8.703  44.832 0.0000000000
103758  -53.571  7.163  45.677 0.0000000000
101654  -53.338  5.102  47.098 0.0000000000
102387  -53.308  6.003  45.368 0.0000000000
103083  -52.650  6.253  44.714 0.0000000000
103081  -50.978  5.909  44.528 0.0000000000
105419  -46.303  9.815  41.694 0.0000000000
107828  -43.584  13.532  44.124 0.0000000000
111013  -49.670  18.572  33.106 0.0000000000
143188  -49.874  17.931  34.025 0.0000000000
110471  -50.376  17.135  31.797 0.0000000000
143583  -50.280  14.691  31.422 0.0000000000
130779  -50.190  12.257  31.645 0.0000000000
105574  -49.274  10.048  29.773 0.0000000000
106205  -50.146  10.578  30.959 0.0000000000
106184  -50.565  10.751  32.776 0.0000000000
139001  -51.478  9.649  34.221 0.0000000000
147290  -52.166  8.158  35.808 0.0000000000
103840  -51.997  7.922  37.639 0.0000000000
104676  -51.457  8.618  39.314 0.0000000000
104701  -50.737  8.166  37.602 0.0000000000
104699  -49.164  8.741  36.974 0.0000000000
105484  -47.643  9.561  37.333 0.0000000000
146508  -46.493  8.308  34.714 0.0000000000
105500  -45.755  9.382  36.271 0.0000000000
146911  -49.835  0.277  56.492 0.0000000000
140243  -51.231  0.932  57.588 0.0000000000
99441  -52.000  1.553  56.605 0.0000000000
100904  -51.182  3.007  55.162 0.0000000000
101604  -50.780  4.460  55.133 0.0000000000
102318  -49.724  5.430  54.044 0.0000000000
146788  -41.941  23.262  39.610 0.0000000000
113668  -43.079  23.837  40.229 0.0000000000
113132  -44.036  22.276  39.588 0.0000000000
112570  -46.717  21.528  39.252 0.0000000000
112579  -48.101  21.288  38.990 0.0000000000
112596  -49.264  21.170  36.444 0.0000000000
114215  -46.397  24.910  38.330 0.0000000000
113702  -47.565  23.041  37.058 0.0000000000
112594  -48.518  21.834  36.109 0.0000000000
112092  -48.989  20.394  34.860 0.0000000000
111012  -48.151  18.564  33.139 0.0000000000
141462  -46.627  15.719  31.682 0.0000000000
107940  -46.458  13.458  31.698 0.0000000000
108566  -43.177  14.669  33.074 0.0000000000
136215  -44.051  13.119  32.646 0.0000000000
106759  -45.235  11.031  31.917 0.0000000000
104784  -44.887  8.783  30.687 0.0000000000
104801  -43.622  8.390  28.977 0.0000000000
105588  -42.109  9.422  27.054 0.0000000000
106819  -42.002  10.710  26.752 0.0000000000
108636  -45.160  13.847  26.624 0.0000000000
103003  -45.569  6.726  54.508 0.0000000000
103665  -47.255  7.417  55.120 0.0000000000
105313  -45.662  9.207  51.977 0.0000000000
139685  -46.681  9.282  53.982 0.0000000000
104471  -48.367  8.344  55.486 0.0000000000
104473  -49.161  8.566  55.312 0.0000000000
103690  -49.548  7.786  53.870 0.0000000000
103702  -49.306  7.490  52.972 0.0000000000
107830  -45.295  13.847  43.401 0.0000000000
109834  -48.246  16.092  34.574 0.0000000000
108557  -47.046  14.677  34.823 0.0000000000
107886  -46.610  13.442  36.719 0.0000000000
107889  -49.681  12.691  36.826 0.0000000000
107866  -48.332  13.738  38.238 0.0000000000
108527  -47.142  14.128  39.341 0.0000000000
136269  -46.900  14.745  40.840 0.0000000000
150061  -46.790  14.582  42.909 0.0000000000
108438  -46.480  14.411  44.965 0.0000000000
107790  -47.430  13.408  46.059 0.0000000000
106654  -48.755  11.682  46.677 0.0000000000
106624  -49.412  10.763  48.187 0.0000000000
106657  -50.702  11.152  46.046 0.0000000000
106082  -50.531  10.729  47.984 0.0000000000
106051  -50.585  10.614  49.731 0.0000000000
105328  -51.282  9.857  51.095 0.0000000000
104542  -50.121  8.753  50.832 0.0000000000
103714  -48.595  7.297  51.678 0.0000000000
103043  -48.359  7.088  49.962 0.0000000000
102345  -47.758  6.020  49.157 0.0000000000
101644  -47.278  4.325  48.327 0.0000000000
101652  -51.453  4.072  47.792 0.0000000000
100942  -49.036  3.913  47.472 0.0000000000
149297  -46.638  3.352  47.488 0.0000000000
100242  -46.032  2.966  46.264 0.0000000000
100261  -45.280  2.595  44.700 0.0000000000
105423  -50.812  8.939  41.664 0.0000000000
149022  -50.280  8.025  43.232 0.0000000000
103773  -49.407  7.159  44.458 0.0000000000
105387  -47.043  9.137  43.227 0.0000000000
103771  -47.694  7.619  44.420 0.0000000000
102398  -48.975  4.768  43.179 0.0000000000
101695  -47.786  3.945  41.995 0.0000000000
100283  -46.703  3.410  41.633 0.0000000000
101619  -49.483  4.836  53.373 0.0000000000
101628  -49.161  4.355  53.054 0.0000000000
101627  -48.397  4.699  52.636 0.0000000000
102329  -48.240  5.545  52.476 0.0000000000
103217  -43.416  6.723  27.889 0.0000000000
102495  -44.168  5.677  28.414 0.0000000000
102485  -43.430  6.036  28.663 0.0000000000
107209  -45.345  13.119  46.438 0.0000000000
107788  -45.700  13.816  46.214 0.0000000000
111512  -49.130  19.702  36.724 0.0000000000
110969  -49.013  18.931  36.315 0.0000000000
110981  -49.353  18.441  35.618 0.0000000000
104704  -53.034  8.561  38.896 0.0000000000
105473  -53.185  8.792  39.065 0.0000000000
104679  -53.063  8.701  39.932 0.0000000000
104668  -53.350  8.539  40.473 0.0000000000
104667  -53.132  8.797  40.431 0.0000000000
104655  -53.095  8.857  41.349 0.0000000000
104666  -52.740  8.567  40.403 0.0000000000
107941  -47.384  13.435  31.113 0.0000000000
107950  -48.250  13.410  30.499 0.0000000000
106771  -47.890  11.830  30.525 0.0000000000
103182  -49.031  6.452  31.438 0.0000000000
103183  -49.783  6.733  31.222 0.0000000000
103169  -49.528  6.676  32.301 0.0000000000
103912  -50.068  6.964  32.927 0.0000000000
103897  -49.111  7.307  33.622 0.0000000000
103876  -48.454  7.747  34.258 0.0000000000
103896  -48.177  7.371  33.493 0.0000000000
97379  -48.675  -1.308  55.823 0.0000000000
101581  -48.376  4.475  56.502 0.0000000000
138129  -49.140  4.607  56.522 0.0000000000
143333  -48.728  5.167  56.503 0.0000000000
102281  -49.936  5.385  56.686 0.0000000000
102981  -49.376  5.868  56.540 0.0000000000
142849  -47.411  25.833  41.195 0.0000000000
114191  -47.077  25.213  41.621 0.0000000000
114192  -47.281  25.099  41.130 0.0000000000
114206  -47.502  24.564  40.352 0.0000000000
114209  -47.488  24.924  39.724 0.0000000000
112086  -42.424  20.517  34.597 0.0000000000
112076  -42.958  20.991  35.156 0.0000000000
112087  -43.424  20.336  34.675 0.0000000000
112088  -44.530  20.266  34.655 0.0000000000
111533  -43.819  19.641  34.185 0.0000000000
151824  -44.965  18.610  33.137 0.0000000000
111008  -43.346  18.304  33.407 0.0000000000
107949  -42.885  13.247  30.846 0.0000000000
107325  -43.303  12.819  29.840 0.0000000000
106780  -43.284  11.872  29.575 0.0000000000
106781  -43.543  12.618  28.783 0.0000000000
150027  -43.382  11.968  28.444 0.0000000000
108626  -43.843  13.881  28.646 0.0000000000
104569  -42.252  8.433  49.226 0.0000000000
104556  -42.646  8.402  50.279 0.0000000000
104539  -42.469  8.562  51.392 0.0000000000
104540  -43.306  8.649  50.922 0.0000000000
105301  -43.515  9.113  52.182 0.0000000000
126142  -48.345  10.128  50.167 0.0000000000
106037  -48.110  10.036  50.968 0.0000000000
106038  -48.803  10.400  50.825 0.0000000000
129018  -49.286  10.415  51.403 0.0000000000
106039  -49.729  10.506  50.842 0.0000000000
108541  -44.618  14.835  37.217 0.0000000000
108534  -44.614  14.548  37.918 0.0000000000
108525  -44.471  14.663  38.795 0.0000000000
108526  -45.225  14.239  38.439 0.0000000000
107296  -49.396  12.858  33.004 0.0000000000
107295  -49.028  12.893  33.511 0.0000000000
107285  -49.337  12.356  33.911 0.0000000000
151487  -50.873  13.067  41.458 0.0000000000
107850  -50.553  13.947  41.070 0.0000000000
107843  -50.461  13.823  41.942 0.0000000000
108474  -49.609  14.889  42.297 0.0000000000
107832  -49.872  13.848  43.406 0.0000000000
107831  -49.374  13.543  44.171 0.0000000000
107226  -50.055  13.015  43.989 0.0000000000
104573  -53.406  8.257  47.266 0.0000000000
105374  -53.192  8.782  47.946 0.0000000000
103741  -52.999  7.306  48.200 0.0000000000
103733  -52.281  7.864  48.663 0.0000000000
103740  -52.652  6.894  48.338 0.0000000000
103049  -51.430  6.005  48.362 0.0000000000
149210  -52.922  6.139  48.324 0.0000000000
101678  -51.399  3.625  43.649 0.0000000000
130192  -51.341  2.940  44.025 0.0000000000
100993  -50.585  3.362  43.568 0.0000000000
100983  -49.321  2.938  43.562 0.0000000000
101689  -49.909  3.701  43.176 0.0000000000
105453  -47.919  9.964  39.122 0.0000000000
105438  -47.909  10.055  40.083 0.0000000000
106118  -46.961  10.105  40.820 0.0000000000
129989  -44.328  5.518  43.551 0.0000000000
102394  -45.343  5.464  43.274 0.0000000000
102404  -46.057  4.769  42.139 0.0000000000
101687  -45.140  4.785  42.508 0.0000000000
132177  -44.964  4.337  41.630 0.0000000000
101692  -44.045  4.258  42.130 0.0000000000
100192  -51.135  2.251  54.157 0.0000000000
100926  -46.362  4.110  51.174 0.0000000000
101632  -46.608  4.920  50.826 0.0000000000
103930  -46.055  7.192  29.862 0.0000000000
104803  -47.127  7.433  29.557 0.0000000000
103940  -46.659  6.428  28.971 0.0000000000
101764  -45.668  4.622  28.934 0.0000000000
130566  -47.300  5.160  28.369 0.0000000000
101765  -46.535  4.701  29.035 0.0000000000
102478  -47.785  5.434  29.767 0.0000000000
102465  -46.167  5.361  30.818 0.0000000000
102449  -45.940  5.872  31.630 0.0000000000
102464  -45.170  5.193  31.197 0.0000000000
103164  -43.838  5.813  32.393 0.0000000000
99459  -47.039  1.639  54.828 0.0000000000
101589  -46.834  4.652  56.039 0.0000000000
115940  -46.515  27.488  42.072 0.0000000000
109885  -42.930  16.696  30.340 0.0000000000
109893  -43.855  16.874  29.511 0.0000000000
111049  -43.724  18.454  29.596 0.0000000000
106639  -46.501  11.291  46.855 0.0000000000
106079  -46.131  10.537  47.228 0.0000000000
106080  -47.043  10.629  47.417 0.0000000000
136416  -47.449  10.251  48.367 0.0000000000
112052  -45.945  20.375  38.778 0.0000000000
109824  -45.618  15.932  35.785 0.0000000000
106720  -51.969  10.716  36.134 0.0000000000
130038  -51.602  11.555  36.288 0.0000000000
106712  -52.343  10.750  36.913 0.0000000000
138317  -52.835  9.925  39.834 0.0000000000
106690  -52.388  10.694  39.222 0.0000000000
106681  -52.472  10.757  40.049 0.0000000000
106680  -51.857  11.487  40.316 0.0000000000
106671  -52.380  11.086  40.994 0.0000000000
106668  -52.453  11.078  41.970 0.0000000000
106100  -52.913  10.328  42.345 0.0000000000
131021  -53.247  8.766  43.186 0.0000000000
105390  -53.349  9.293  43.299 0.0000000000
139339  -53.243  8.794  44.034 0.0000000000
104580  -53.487  8.281  45.458 0.0000000000
104614  -53.442  7.837  44.717 0.0000000000
103068  -53.507  6.515  45.511 0.0000000000
103799  -53.187  7.398  44.394 0.0000000000
103808  -52.577  7.718  43.598 0.0000000000
103797  -52.773  7.392  44.017 0.0000000000
103776  -52.272  6.977  44.396 0.0000000000
103082  -51.886  6.022  44.654 0.0000000000
103775  -51.294  6.807  44.519 0.0000000000
111027  -49.639  18.222  32.411 0.0000000000
111028  -50.047  18.215  32.653 0.0000000000
109874  -49.699  17.077  31.419 0.0000000000
107952  -49.636  13.979  30.271 0.0000000000
108605  -49.978  15.093  30.782 0.0000000000
131277  -50.140  13.372  30.695 0.0000000000
107942  -50.232  13.875  31.033 0.0000000000
137959  -50.433  12.748  31.013 0.0000000000
104805  -48.571  8.395  29.284 0.0000000000
105573  -48.692  10.144  29.678 0.0000000000
104806  -49.040  8.583  29.352 0.0000000000
104786  -50.349  8.357  31.307 0.0000000000
105557  -50.295  9.491  30.923 0.0000000000
128788  -50.485  10.082  31.887 0.0000000000
106194  -50.259  11.010  31.753 0.0000000000
105547  -50.940  9.612  32.814 0.0000000000
106185  -51.201  10.176  33.610 0.0000000000
105537  -51.327  9.143  33.622 0.0000000000
103879  -51.210  7.602  35.019 0.0000000000
104753  -51.546  7.957  34.625 0.0000000000
103861  -51.415  7.574  35.909 0.0000000000
103850  -52.278  8.007  37.178 0.0000000000
103849  -51.648  7.720  36.777 0.0000000000
104702  -51.560  8.144  38.023 0.0000000000
104720  -50.371  7.946  36.955 0.0000000000
104735  -48.265  8.415  35.657 0.0000000000
105503  -48.234  9.076  36.771 0.0000000000
105485  -48.612  9.388  37.522 0.0000000000
103148  -45.489  7.088  33.004 0.0000000000
103894  -46.225  7.525  33.662 0.0000000000
152583  -45.598  7.683  33.801 0.0000000000
105511  -44.980  8.895  35.974 0.0000000000
105512  -45.580  9.134  35.802 0.0000000000
99450  -48.494  1.559  56.137 0.0000000000
98754  -49.180  0.918  56.471 0.0000000000
99440  -49.246  1.979  56.767 0.0000000000
100153  -50.401  2.463  56.901 0.0000000000
99433  -50.257  1.823  57.044 0.0000000000
100154  -50.895  2.066  57.130 0.0000000000
99435  -51.366  1.273  57.475 0.0000000000
100155  -51.494  1.770  57.036 0.0000000000
132957  -51.893  1.940  55.940 0.0000000000
100879  -51.154  2.925  56.052 0.0000000000
102296  -50.686  5.191  55.697 0.0000000000
102303  -50.583  5.226  55.022 0.0000000000
101603  -50.262  4.836  54.538 0.0000000000
148221  -50.006  6.196  54.358 0.0000000000
114761  -40.930  25.033  40.673 0.0000000000
114199  -40.334  24.478  40.269 0.0000000000
114200  -41.362  24.330  40.251 0.0000000000
113679  -41.377  23.613  39.735 0.0000000000
113667  -42.153  23.833  39.963 0.0000000000
115310  -43.394  26.777  42.384 0.0000000000
115327  -43.531  26.264  41.800 0.0000000000
136967  -45.063  24.274  40.614 0.0000000000
114203  -44.436  24.736  40.788 0.0000000000
113669  -44.189  23.892  40.285 0.0000000000
113681  -43.599  23.115  39.856 0.0000000000
113682  -44.623  23.065  39.753 0.0000000000
113133  -45.084  22.188  39.478 0.0000000000
113683  -45.703  22.962  39.717 0.0000000000
113137  -48.293  22.790  39.528 0.0000000000
112571  -47.620  21.648  39.356 0.0000000000
112580  -48.655  21.517  38.631 0.0000000000
112581  -49.071  21.181  38.082 0.0000000000
112585  -48.996  21.663  37.927 0.0000000000
113693  -47.260  23.773  37.538 0.0000000000
113701  -46.627  23.210  36.972 0.0000000000
112090  -46.763  20.388  34.504 0.0000000000
112603  -47.008  21.508  35.560 0.0000000000
112080  -47.507  20.972  35.070 0.0000000000
112081  -48.664  20.967  35.209 0.0000000000
112091  -47.957  20.437  34.604 0.0000000000
111537  -48.351  19.797  34.174 0.0000000000
111557  -47.685  19.279  33.547 0.0000000000
109860  -45.603  17.114  32.546 0.0000000000
110457  -46.705  17.163  32.322 0.0000000000
148203  -45.862  15.402  31.984 0.0000000000
137174  -46.363  14.934  31.724 0.0000000000
108576  -45.463  14.534  32.296 0.0000000000
109859  -42.556  16.691  32.734 0.0000000000
109844  -43.263  16.299  33.162 0.0000000000
108565  -42.806  15.095  32.975 0.0000000000
107316  -43.563  11.832  31.886 0.0000000000
128239  -43.574  13.018  32.490 0.0000000000
106748  -43.914  11.664  32.173 0.0000000000
106749  -44.459  11.742  32.163 0.0000000000
106193  -44.261  10.911  32.034 0.0000000000
106203  -44.749  10.149  31.678 0.0000000000
106202  -44.034  10.283  31.553 0.0000000000
105571  -43.224  9.332  28.830 0.0000000000
129484  -43.539  9.384  29.945 0.0000000000
127498  -43.080  8.638  28.041 0.0000000000
151329  -43.393  7.991  27.898 0.0000000000
104812  -42.964  8.151  27.674 0.0000000000
134188  -42.481  9.659  27.292 0.0000000000
107354  -43.487  12.231  26.936 0.0000000000
106255  -42.578  10.790  26.905 0.0000000000
106821  -42.996  11.593  26.761 0.0000000000
107366  -42.361  11.404  26.813 0.0000000000
132719  -44.903  14.601  27.538 0.0000000000
103011  -43.963  7.194  53.670 0.0000000000
103688  -44.987  8.731  53.687 0.0000000000
135009  -45.137  8.197  53.937 0.0000000000
103679  -45.773  7.692  54.211 0.0000000000
103004  -46.411  7.006  54.727 0.0000000000
103680  -46.645  7.998  54.514 0.0000000000
105341  -45.507  9.005  49.559 0.0000000000
134003  -44.854  9.056  51.166 0.0000000000
140163  -45.701  9.050  51.227 0.0000000000
143366  -47.715  9.670  52.521 0.0000000000
105304  -47.002  9.519  53.133 0.0000000000
105290  -47.420  9.432  53.903 0.0000000000
105275  -47.581  9.129  54.610 0.0000000000
105276  -48.495  9.232  54.746 0.0000000000
104472  -48.772  8.541  55.503 0.0000000000
105277  -49.124  9.262  54.562 0.0000000000
105306  -49.913  9.482  52.567 0.0000000000
104495  -49.506  8.575  54.200 0.0000000000
138276  -49.638  8.616  53.163 0.0000000000
104508  -49.481  7.868  53.257 0.0000000000
104516  -49.534  8.275  52.606 0.0000000000
108482  -44.743  14.499  41.145 0.0000000000
107838  -44.597  13.832  42.573 0.0000000000
109847  -50.325  16.931  33.182 0.0000000000
110429  -49.566  17.415  34.396 0.0000000000
109198  -49.812  16.615  33.678 0.0000000000
107907  -47.559  13.288  34.936 0.0000000000
108558  -47.550  14.029  34.465 0.0000000000
107906  -47.006  13.723  35.159 0.0000000000
107897  -46.708  13.489  35.910 0.0000000000
107887  -47.256  13.009  36.359 0.0000000000
107256  -50.999  12.973  37.008 0.0000000000
107263  -49.964  12.218  36.223 0.0000000000
107878  -50.300  13.217  37.446 0.0000000000
141436  -49.181  14.731  39.669 0.0000000000
125958  -49.171  13.821  38.105 0.0000000000
108517  -48.576  14.541  39.389 0.0000000000
151892  -47.699  13.674  38.351 0.0000000000
108516  -47.756  14.524  39.788 0.0000000000
108515  -46.785  14.453  40.088 0.0000000000
108501  -47.576  14.832  40.602 0.0000000000
145755  -48.317  14.725  43.513 0.0000000000
126152  -47.532  14.783  43.249 0.0000000000
108460  -46.833  14.475  43.898 0.0000000000
108439  -47.366  14.310  45.265 0.0000000000
107802  -47.071  14.026  45.968 0.0000000000
107803  -47.867  13.849  45.637 0.0000000000
107220  -49.242  12.539  45.418 0.0000000000
107219  -48.698  12.817  45.508 0.0000000000
107213  -49.091  12.241  46.029 0.0000000000
106642  -49.406  11.218  47.346 0.0000000000
106094  -51.616  10.696  44.671 0.0000000000
106662  -51.177  11.398  44.461 0.0000000000
106091  -51.369  10.662  45.556 0.0000000000
106084  -52.288  10.257  48.102 0.0000000000
106083  -51.340  10.560  47.535 0.0000000000
106065  -51.575  10.480  48.684 0.0000000000
129372  -50.786  10.619  48.954 0.0000000000
106052  -51.510  10.472  49.633 0.0000000000
106041  -51.465  10.305  50.459 0.0000000000
105330  -52.029  10.129  50.095 0.0000000000
104559  -51.042  8.653  49.769 0.0000000000
104543  -50.774  9.184  50.584 0.0000000000
148356  -49.411  8.196  50.518 0.0000000000
151391  -49.079  7.907  51.364 0.0000000000
103724  -48.726  7.539  50.718 0.0000000000
103038  -48.073  6.932  50.866 0.0000000000
103729  -48.944  7.637  49.937 0.0000000000
102349  -50.050  5.188  48.487 0.0000000000
103046  -48.539  6.236  48.815 0.0000000000
102348  -48.474  5.259  48.649 0.0000000000
102347  -47.630  5.045  48.883 0.0000000000
129757  -48.441  4.476  48.159 0.0000000000
101661  -52.900  4.698  46.368 0.0000000000
101653  -52.095  4.415  47.463 0.0000000000
100959  -52.200  3.869  46.497 0.0000000000
100956  -49.926  3.377  46.336 0.0000000000
100945  -50.182  3.571  47.326 0.0000000000
127493  -49.169  3.437  46.752 0.0000000000
100941  -47.829  3.800  47.636 0.0000000000
128639  -48.202  3.397  46.977 0.0000000000
149260  -46.310  3.112  47.160 0.0000000000
100954  -47.577  3.152  46.367 0.0000000000
100981  -47.171  3.210  44.362 0.0000000000
100250  -46.169  2.964  45.175 0.0000000000
100262  -46.272  2.992  44.088 0.0000000000
100272  -45.639  2.688  43.423 0.0000000000
104665  -51.723  8.688  40.173 0.0000000000
105456  -50.678  9.176  39.863 0.0000000000
127864  -49.083  9.277  42.106 0.0000000000
105402  -49.909  8.900  42.317 0.0000000000
134861  -49.219  8.260  43.597 0.0000000000
103794  -49.899  7.670  43.910 0.0000000000
104592  -48.910  7.910  44.165 0.0000000000
105398  -45.742  9.500  42.406 0.0000000000
105386  -46.164  9.200  43.195 0.0000000000
103096  -46.678  6.018  43.861 0.0000000000
103077  -47.155  6.852  44.370 0.0000000000
103097  -47.623  5.831  43.946 0.0000000000
103098  -48.578  5.723  43.966 0.0000000000
102397  -48.118  5.014  43.015 0.0000000000
102407  -48.349  4.217  42.637 0.0000000000
102406  -47.626  4.445  42.242 0.0000000000
101700  -46.274  4.083  40.327 0.0000000000
101701  -46.667  3.986  40.817 0.0000000000
101009  -46.319  3.888  40.285 0.0000000000
100282  -46.017  2.917  41.833 0.0000000000
100915  -50.293  3.461  53.837 0.0000000000
100922  -50.028  3.013  53.470 0.0000000000
100211  -48.750  2.803  52.823 0.0000000000
103194  -44.873  6.102  28.534 0.0000000000
103195  -45.998  5.814  28.567 0.0000000000
103206  -45.420  5.495  28.362 0.0000000000
101773  -45.044  4.846  28.302 0.0000000000
101753  -44.965  4.607  29.741 0.0000000000
101743  -44.808  4.803  30.614 0.0000000000
102476  -43.711  5.110  30.292 0.0000000000
106651  -45.809  12.194  46.632 0.0000000000
106652  -46.773  12.122  46.558 0.0000000000
137800  -47.598  19.963  37.828 0.0000000000
110960  -47.394  19.409  37.085 0.0000000000
110418  -47.668  17.088  35.464 0.0000000000
105487  -52.831  9.247  37.704 0.0000000000
106149  -52.658  10.005  37.662 0.0000000000
106150  -52.953  9.297  38.358 0.0000000000
106131  -53.140  9.198  39.599 0.0000000000
142288  -53.085  9.467  40.157 0.0000000000
106105  -52.904  10.265  41.389 0.0000000000
106119  -53.075  9.530  40.772 0.0000000000
147660  -53.334  8.793  41.750 0.0000000000
103810  -53.103  8.598  43.227 0.0000000000
103798  -53.063  7.791  43.841 0.0000000000
104635  -53.274  8.864  42.389 0.0000000000
104634  -52.623  8.455  42.539 0.0000000000
109231  -48.182  15.618  30.964 0.0000000000
137345  -48.966  15.756  30.616 0.0000000000
108590  -48.646  15.045  30.526 0.0000000000
107951  -49.000  13.718  30.302 0.0000000000
107961  -49.356  13.038  30.119 0.0000000000
103199  -48.944  6.673  29.339 0.0000000000
126404  -49.120  7.865  29.448 0.0000000000
103932  -49.763  7.245  30.503 0.0000000000
103924  -50.267  7.367  31.544 0.0000000000
104777  -50.728  7.961  32.282 0.0000000000
104778  -51.165  8.507  32.935 0.0000000000
103913  -50.417  7.388  32.628 0.0000000000
103878  -50.419  7.503  34.524 0.0000000000
103847  -50.036  7.824  36.222 0.0000000000
103859  -49.742  7.726  35.303 0.0000000000
103858  -48.781  7.939  35.107 0.0000000000
104752  -47.873  8.226  34.871 0.0000000000
104749  -45.162  8.292  34.444 0.0000000000
98050  -49.937  -0.530  56.614 0.0000000000
100876  -48.275  3.838  56.497 0.0000000000
100161  -48.882  3.269  56.523 0.0000000000
100877  -48.851  4.133  56.483 0.0000000000
100867  -49.516  3.720  56.603 0.0000000000
101568  -50.271  3.907  56.673 0.0000000000
100878  -50.716  3.439  56.510 0.0000000000
101582  -50.105  4.585  56.694 0.0000000000
102295  -50.336  5.816  56.198 0.0000000000
142016  -50.154  6.552  55.758 0.0000000000
142777  -41.481  25.528  41.076 0.0000000000
114740  -45.369  26.154  42.278 0.0000000000
114753  -44.689  25.458  41.441 0.0000000000
131503  -45.999  25.601  41.743 0.0000000000
114190  -46.677  25.031  41.441 0.0000000000
114204  -46.154  24.310  40.642 0.0000000000
113122  -46.832  22.931  39.908 0.0000000000
113671  -47.059  23.677  40.417 0.0000000000
113684  -48.054  23.392  39.848 0.0000000000
113687  -48.437  23.131  38.754 0.0000000000
112590  -44.216  22.230  36.021 0.0000000000
112591  -45.359  22.012  36.128 0.0000000000
112078  -45.189  20.807  35.187 0.0000000000
112089  -45.648  20.283  34.577 0.0000000000
111535  -46.082  19.770  34.031 0.0000000000
111556  -46.508  19.219  33.550 0.0000000000
111555  -45.435  19.150  33.523 0.0000000000
110441  -45.093  17.876  32.852 0.0000000000
109207  -44.964  16.285  32.711 0.0000000000
109241  -42.463  14.900  31.107 0.0000000000
108587  -42.508  14.301  32.066 0.0000000000
107939  -42.708  13.389  31.813 0.0000000000
136060  -42.912  12.736  31.481 0.0000000000
106758  -43.376  11.210  31.325 0.0000000000
106201  -43.538  10.454  31.200 0.0000000000
106770  -43.185  10.664  30.579 0.0000000000
106208  -42.925  10.876  29.691 0.0000000000
106219  -42.990  10.237  28.686 0.0000000000
106230  -42.820  10.451  27.655 0.0000000000
107343  -43.607  12.414  27.734 0.0000000000
107355  -44.334  12.676  26.905 0.0000000000
105356  -41.683  8.744  48.490 0.0000000000
104568  -41.133  8.368  49.091 0.0000000000
104554  -40.860  7.921  49.867 0.0000000000
128282  -41.695  8.480  51.645 0.0000000000
104505  -43.282  8.701  53.179 0.0000000000
104515  -43.341  9.013  52.794 0.0000000000
104506  -44.069  8.971  53.236 0.0000000000
105289  -45.011  9.179  53.197 0.0000000000
105343  -47.067  9.623  49.845 0.0000000000
105326  -46.587  9.413  50.618 0.0000000000
105327  -47.585  9.736  50.358 0.0000000000
106029  -47.900  9.855  51.767 0.0000000000
106024  -48.492  9.988  52.428 0.0000000000
106011  -49.009  9.826  53.125 0.0000000000
106025  -49.404  10.218  52.219 0.0000000000
106026  -50.196  10.073  52.129 0.0000000000
108513  -44.112  14.790  39.491 0.0000000000
108514  -44.822  14.593  39.736 0.0000000000
108499  -45.227  14.556  40.523 0.0000000000
108569  -49.631  14.399  32.580 0.0000000000
136745  -49.558  15.564  33.348 0.0000000000
108568  -49.154  14.454  33.239 0.0000000000
107917  -48.710  13.454  33.670 0.0000000000
107275  -48.639  12.445  35.320 0.0000000000
107858  -50.503  13.409  39.086 0.0000000000
107868  -50.037  13.797  38.530 0.0000000000
107857  -50.051  13.975  39.289 0.0000000000
108504  -49.832  14.470  39.896 0.0000000000
108503  -49.407  14.994  40.520 0.0000000000
132626  -48.100  15.178  41.159 0.0000000000
109140  -49.128  15.134  41.921 0.0000000000
108473  -48.916  15.026  42.803 0.0000000000
108450  -48.501  14.173  44.268 0.0000000000
107819  -48.693  13.672  44.755 0.0000000000
107820  -49.070  13.346  44.646 0.0000000000
107223  -49.329  12.798  44.934 0.0000000000
107224  -49.797  12.282  45.290 0.0000000000
105379  -52.527  9.340  45.341 0.0000000000
106092  -51.815  9.991  45.938 0.0000000000
105376  -52.520  9.462  46.450 0.0000000000
105373  -52.672  9.513  47.554 0.0000000000
105362  -52.630  9.383  48.610 0.0000000000
105344  -52.010  9.733  49.936 0.0000000000
104561  -52.356  8.844  49.097 0.0000000000
103732  -51.696  8.327  49.063 0.0000000000
103731  -50.986  7.815  48.980 0.0000000000
103737  -50.030  7.275  48.847 0.0000000000
103738  -50.950  6.905  48.491 0.0000000000
103048  -50.454  6.110  48.416 0.0000000000
102350  -50.986  4.979  48.537 0.0000000000
101680  -52.284  3.593  44.947 0.0000000000
100974  -51.987  3.129  45.541 0.0000000000
100973  -51.391  2.982  45.064 0.0000000000
100972  -50.326  3.093  45.146 0.0000000000
126808  -49.355  3.272  45.661 0.0000000000
100971  -48.800  3.153  44.835 0.0000000000
100982  -48.289  3.060  43.929 0.0000000000
127978  -48.322  3.433  42.950 0.0000000000
105455  -49.667  9.520  39.422 0.0000000000
105440  -49.830  9.555  40.498 0.0000000000
105439  -48.890  9.935  40.290 0.0000000000
129169  -49.019  9.745  41.249 0.0000000000
105421  -48.192  9.496  41.902 0.0000000000
104607  -44.773  8.287  43.495 0.0000000000
104608  -45.680  8.522  43.664 0.0000000000
103792  -45.291  7.479  44.071 0.0000000000
103095  -45.721  6.259  43.910 0.0000000000
102405  -46.899  4.620  42.041 0.0000000000
101699  -45.643  4.038  40.333 0.0000000000
101698  -44.608  3.792  40.860 0.0000000000
128406  -51.845  1.060  55.056 0.0000000000
106210  -46.858  10.072  30.692 0.0000000000
144970  -47.738  10.416  30.243 0.0000000000
105563  -46.901  9.115  30.328 0.0000000000
104804  -48.037  7.978  29.268 0.0000000000
103941  -48.471  7.366  29.189 0.0000000000
103196  -46.989  5.808  28.446 0.0000000000
103208  -47.825  5.665  28.575 0.0000000000
103198  -48.598  6.407  29.053 0.0000000000
102479  -48.409  5.789  29.760 0.0000000000
102466  -47.994  5.677  30.705 0.0000000000
103167  -47.649  6.450  32.180 0.0000000000
142637  -47.206  6.795  32.672 0.0000000000
103166  -46.727  6.362  32.092 0.0000000000
137883  -45.825  6.433  32.286 0.0000000000
102448  -44.439  5.420  31.825 0.0000000000
133466  -48.472  -0.047  55.690 0.0000000000
98065  -47.803  -0.112  55.133 0.0000000000
99449  -47.764  1.633  55.438 0.0000000000
100173  -48.004  2.565  55.904 0.0000000000
100171  -46.765  3.352  55.572 0.0000000000
100172  -47.495  3.383  55.989 0.0000000000
100875  -47.718  3.862  56.405 0.0000000000
143428  -47.858  4.831  56.365 0.0000000000
102294  -47.465  5.440  56.086 0.0000000000
115295  -45.289  26.774  43.000 0.0000000000
142037  -46.766  26.547  42.553 0.0000000000
147549  -47.028  26.318  42.168 0.0000000000
115348  -46.909  26.371  40.241 0.0000000000
140997  -42.324  15.834  31.368 0.0000000000
141728  -42.705  15.799  30.546 0.0000000000
109242  -43.272  15.102  30.108 0.0000000000
108613  -43.686  14.478  29.476 0.0000000000
108614  -44.321  14.578  28.462 0.0000000000
109254  -43.986  15.309  29.222 0.0000000000
109894  -44.382  16.163  29.064 0.0000000000
106047  -46.960  9.625  49.004 0.0000000000
146237  -48.139  10.411  48.665 0.0000000000
106049  -48.602  10.363  49.345 0.0000000000
147513  -44.794  15.291  36.563 0.0000000000
108542  -45.361  14.588  36.620 0.0000000000
106741  -50.238  11.577  34.001 0.0000000000
107286  -49.839  11.819  34.459 0.0000000000
106719  -51.059  11.722  35.454 0.0000000000
107265  -51.347  12.383  36.689 0.0000000000
107257  -51.439  12.579  37.266 0.0000000000
106705  -52.352  10.865  37.658 0.0000000000
106697  -51.746  11.553  38.566 0.0000000000
107247  -51.129  12.486  38.967 0.0000000000
107240  -51.274  12.242  40.012 0.0000000000
107232  -51.476  12.120  41.013 0.0000000000
130517  -51.369  12.428  41.937 0.0000000000
151618  -50.739  12.569  43.439 0.0000000000
106667  -51.799  11.821  42.424 0.0000000000
106097  -51.917  10.818  43.833 0.0000000000
133119  -52.455  10.166  44.022 0.0000000000
106101  -53.352  9.765  42.826 0.0000000000
105389  -53.111  9.739  43.400 0.0000000000
105380  -53.083  8.799  45.907 0.0000000000
104576  -53.585  7.830  46.712 0.0000000000
103052  -53.597  6.531  47.257 0.0000000000
102354  -53.601  6.108  47.763 0.0000000000
103060  -53.731  6.319  46.597 0.0000000000
127010  -53.229  5.472  46.180 0.0000000000
102386  -52.850  5.287  45.385 0.0000000000
103099  -53.022  6.966  44.457 0.0000000000
103084  -53.028  6.047  44.928 0.0000000000
102385  -52.570  5.156  44.994 0.0000000000
102384  -52.175  5.110  44.656 0.0000000000
148484  -51.687  5.151  44.439 0.0000000000
102382  -50.414  5.180  44.126 0.0000000000
106117  -46.342  10.316  40.214 0.0000000000
105437  -45.728  10.152  40.926 0.0000000000
105418  -45.460  9.711  41.696 0.0000000000
105397  -44.785  9.297  42.163 0.0000000000
103791  -44.264  7.489  43.824 0.0000000000
134328  -43.778  6.657  43.931 0.0000000000
111539  -49.491  19.288  34.572 0.0000000000
110983  -49.732  18.665  34.562 0.0000000000
111015  -49.962  18.221  33.669 0.0000000000
110444  -50.427  17.352  32.888 0.0000000000
109209  -50.573  16.444  32.513 0.0000000000
109875  -50.101  16.511  31.445 0.0000000000
109221  -50.783  16.125  31.949 0.0000000000
109220  -50.565  15.828  32.202 0.0000000000
108578  -50.176  14.828  32.025 0.0000000000
107307  -49.606  12.928  32.342 0.0000000000
136812  -49.938  12.233  32.401 0.0000000000
106211  -48.183  11.054  30.212 0.0000000000
106782  -48.937  11.713  29.808 0.0000000000
106783  -49.415  11.668  29.911 0.0000000000
148543  -49.513  9.589  29.869 0.0000000000
105575  -49.635  10.189  30.156 0.0000000000
106773  -50.078  11.394  30.786 0.0000000000
106762  -50.279  11.830  31.315 0.0000000000
106751  -50.236  11.609  32.210 0.0000000000
141898  -50.207  11.550  33.103 0.0000000000
106742  -50.782  11.027  33.782 0.0000000000
106172  -51.437  10.500  34.577 0.0000000000
106163  -51.978  10.173  35.529 0.0000000000
105523  -51.541  8.787  34.399 0.0000000000
104754  -51.869  8.440  35.175 0.0000000000
105514  -52.220  9.062  35.894 0.0000000000
104721  -52.654  8.512  37.693 0.0000000000
103841  -52.547  8.296  38.072 0.0000000000
103824  -52.817  8.445  39.110 0.0000000000
104677  -52.505  8.463  39.585 0.0000000000
104689  -51.869  8.339  38.827 0.0000000000
104688  -50.972  8.441  38.425 0.0000000000
104687  -50.293  8.527  37.848 0.0000000000
104719  -49.604  8.237  36.632 0.0000000000
104700  -50.003  8.381  37.229 0.0000000000
105471  -50.003  9.024  38.478 0.0000000000
105470  -48.978  9.675  38.471 0.0000000000
105469  -47.875  9.802  38.192 0.0000000000
106139  -47.064  10.001  38.860 0.0000000000
103895  -47.315  7.226  33.283 0.0000000000
104751  -47.038  8.262  34.786 0.0000000000
104734  -47.375  8.615  35.403 0.0000000000
104750  -45.996  8.591  34.889 0.0000000000
137020  -45.968  9.027  35.344 0.0000000000
104716  -46.931  9.057  35.737 0.0000000000
98059  -49.149  -0.064  56.196 0.0000000000
98745  -50.699  0.069  56.959 0.0000000000
98755  -50.089  1.044  56.761 0.0000000000
98746  -51.214  0.294  57.418 0.0000000000
98748  -51.948  0.428  57.313 0.0000000000
98764  -52.308  0.292  55.824 0.0000000000
99451  -52.187  1.314  55.906 0.0000000000
100193  -51.340  2.382  54.789 0.0000000000
100917  -51.037  2.847  54.426 0.0000000000
100886  -51.077  3.807  55.808 0.0000000000
100903  -50.861  3.518  54.781 0.0000000000
100916  -50.761  3.151  54.158 0.0000000000
101621  -50.470  3.934  54.386 0.0000000000
101620  -49.906  4.359  53.952 0.0000000000
102317  -49.300  5.761  53.366 0.0000000000
114762  -42.234  25.369  40.998 0.0000000000
114764  -43.857  25.198  40.936 0.0000000000
114763  -43.094  25.300  40.832 0.0000000000
114201  -42.430  24.597  40.510 0.0000000000
113131  -43.092  22.390  39.564 0.0000000000
112567  -43.527  21.604  39.279 0.0000000000
112568  -44.498  21.458  39.275 0.0000000000
112569  -45.631  21.281  39.197 0.0000000000
112039  -46.294  20.864  38.951 0.0000000000
113135  -47.260  22.247  39.668 0.0000000000
112040  -47.017  21.194  38.991 0.0000000000
112054  -47.769  20.784  38.713 0.0000000000
111503  -48.190  20.381  38.145 0.0000000000
111508  -49.041  20.386  37.442 0.0000000000
111513  -49.340  20.207  35.529 0.0000000000
114781  -46.910  25.403  38.945 0.0000000000
114216  -47.121  24.831  38.488 0.0000000000
113686  -48.022  23.743  38.237 0.0000000000
113143  -48.279  22.737  37.233 0.0000000000
113153  -47.075  22.599  36.507 0.0000000000
113154  -48.025  22.474  36.553 0.0000000000
113155  -48.696  22.081  36.768 0.0000000000
112595  -49.001  21.437  36.232 0.0000000000
112082  -49.189  20.799  35.459 0.0000000000
112093  -49.239  20.072  35.021 0.0000000000
111538  -49.133  19.592  34.419 0.0000000000
151361  -49.153  18.550  32.945 0.0000000000
111026  -48.693  18.058  32.544 0.0000000000
111011  -46.930  18.600  33.110 0.0000000000
110443  -47.435  17.890  32.724 0.0000000000
109219  -47.536  15.935  31.373 0.0000000000
109230  -47.235  15.269  31.353 0.0000000000
108588  -47.096  14.331  31.432 0.0000000000
107317  -46.694  12.643  31.340 0.0000000000
136386  -43.337  16.957  33.263 0.0000000000
109845  -43.999  16.389  33.157 0.0000000000
109206  -44.315  15.504  32.944 0.0000000000
107916  -43.148  13.529  32.581 0.0000000000
107927  -43.615  13.890  32.987 0.0000000000
107928  -44.610  13.691  32.657 0.0000000000
107305  -44.749  12.717  32.325 0.0000000000
106760  -46.035  11.838  31.680 0.0000000000
134299  -46.429  10.941  31.403 0.0000000000
133854  -45.770  10.096  31.417 0.0000000000
104785  -45.622  8.744  30.752 0.0000000000
104792  -44.701  8.148  30.170 0.0000000000
105553  -43.784  9.737  30.859 0.0000000000
104791  -44.136  8.805  30.254 0.0000000000
104802  -44.260  7.810  29.448 0.0000000000
103937  -43.801  7.452  28.400 0.0000000000
103959  -43.462  6.848  27.907 0.0000000000
106239  -42.412  10.198  26.865 0.0000000000
105597  -41.992  9.920  26.553 0.0000000000
108627  -44.634  13.820  27.514 0.0000000000
107974  -44.879  13.353  26.764 0.0000000000
102301  -45.150  5.928  54.774 0.0000000000
132060  -45.033  6.546  54.368 0.0000000000
102994  -46.031  5.912  55.189 0.0000000000
102995  -46.910  6.410  55.313 0.0000000000
145126  -47.552  6.751  55.518 0.0000000000
147963  -45.035  9.225  51.703 0.0000000000
105302  -45.546  9.319  52.701 0.0000000000
105314  -46.455  9.294  51.581 0.0000000000
105303  -46.297  9.357  52.466 0.0000000000
104491  -46.685  8.812  54.369 0.0000000000
103681  -47.612  8.404  55.064 0.0000000000
102997  -48.561  6.998  55.861 0.0000000000
103667  -48.698  7.803  55.688 0.0000000000
102998  -49.557  7.118  55.733 0.0000000000
103005  -49.777  7.101  55.164 0.0000000000
105278  -49.400  9.098  54.214 0.0000000000
103682  -49.513  7.759  54.638 0.0000000000
103013  -49.752  6.959  54.369 0.0000000000
103012  -49.626  6.367  53.837 0.0000000000
103027  -49.185  6.659  53.288 0.0000000000
107837  -43.523  13.459  42.917 0.0000000000
107829  -44.430  13.610  43.676 0.0000000000
107818  -45.127  13.844  44.397 0.0000000000
110420  -49.345  17.786  35.191 0.0000000000
109826  -47.704  16.391  35.095 0.0000000000
109196  -47.916  15.073  34.233 0.0000000000
109188  -47.318  15.624  34.858 0.0000000000
109825  -46.676  16.196  35.424 0.0000000000
109187  -45.968  15.247  35.543 0.0000000000
108543  -46.104  14.074  36.287 0.0000000000
107885  -45.967  13.904  37.133 0.0000000000
107276  -49.382  12.083  35.126 0.0000000000
107262  -49.074  12.403  36.036 0.0000000000
107888  -48.747  12.773  36.788 0.0000000000
129635  -49.768  13.695  37.987 0.0000000000
107876  -48.544  13.357  37.534 0.0000000000
128570  -47.805  12.861  36.892 0.0000000000
147760  -47.142  13.111  37.052 0.0000000000
107874  -46.685  13.479  37.566 0.0000000000
107864  -45.996  13.795  38.097 0.0000000000
126992  -46.145  14.161  39.123 0.0000000000
108500  -46.159  14.614  40.695 0.0000000000
108484  -46.596  14.716  41.410 0.0000000000
145324  -47.826  15.082  41.812 0.0000000000
108471  -47.202  14.871  42.194 0.0000000000
108470  -46.167  14.495  42.181 0.0000000000
108459  -46.083  14.280  43.166 0.0000000000
108448  -45.916  14.241  44.136 0.0000000000
107801  -45.834  14.191  45.737 0.0000000000
144879  -46.361  14.032  46.065 0.0000000000
107789  -46.609  13.567  46.221 0.0000000000
107211  -47.060  12.840  46.337 0.0000000000
107791  -48.129  13.157  45.739 0.0000000000
134558  -47.759  12.802  46.145 0.0000000000
106653  -47.769  12.114  46.552 0.0000000000
134690  -48.201  11.401  47.084 0.0000000000
106641  -48.813  11.086  47.592 0.0000000000
106050  -49.481  10.529  49.221 0.0000000000
107227  -50.752  12.175  44.145 0.0000000000
106661  -50.447  11.923  44.973 0.0000000000
106658  -50.251  11.700  45.653 0.0000000000
106088  -51.255  10.640  46.497 0.0000000000
106644  -50.588  10.997  46.943 0.0000000000
106643  -49.995  11.237  47.206 0.0000000000
106625  -49.859  10.871  47.877 0.0000000000
106064  -50.075  10.676  48.668 0.0000000000
130512  -49.906  10.488  50.110 0.0000000000
106040  -50.700  10.520  50.818 0.0000000000
105317  -51.260  10.123  51.137 0.0000000000
105316  -50.590  9.877  51.695 0.0000000000
104544  -51.507  9.555  50.323 0.0000000000
104529  -50.442  9.311  51.376 0.0000000000
104528  -49.676  8.534  51.615 0.0000000000
103701  -48.756  6.999  52.599 0.0000000000
103026  -48.713  6.102  52.851 0.0000000000
103035  -48.166  6.432  51.981 0.0000000000
103034  -47.557  6.168  51.036 0.0000000000
103044  -48.926  7.101  49.229 0.0000000000
103042  -47.567  6.440  49.958 0.0000000000
102332  -47.004  5.658  50.392 0.0000000000
102340  -46.487  5.067  49.934 0.0000000000
100937  -46.103  4.426  49.493 0.0000000000
101648  -52.575  4.995  47.983 0.0000000000
101647  -51.907  4.613  48.118 0.0000000000
101645  -50.529  4.409  48.278 0.0000000000
100946  -51.266  3.620  47.130 0.0000000000
101651  -50.855  3.877  47.945 0.0000000000
149708  -49.295  4.330  47.898 0.0000000000
126123  -46.775  3.644  47.876 0.0000000000
100230  -46.045  3.284  47.823 0.0000000000
100233  -45.437  2.820  47.627 0.0000000000
132782  -45.559  2.755  46.960 0.0000000000
100969  -46.976  2.948  45.739 0.0000000000
100249  -45.405  2.702  45.633 0.0000000000
104653  -51.805  8.739  41.040 0.0000000000
127042  -51.723  8.509  41.952 0.0000000000
126226  -50.696  8.386  42.618 0.0000000000
104611  -50.941  7.796  43.471 0.0000000000
103795  -50.780  7.303  44.163 0.0000000000
103774  -50.338  6.858  44.411 0.0000000000
103080  -49.934  6.291  44.525 0.0000000000
105420  -47.270  9.652  41.735 0.0000000000
104609  -46.679  8.591  43.841 0.0000000000
104590  -47.376  8.229  44.191 0.0000000000
104591  -48.091  8.119  44.196 0.0000000000
103772  -48.543  7.421  44.450 0.0000000000
103079  -49.031  6.564  44.531 0.0000000000
102399  -49.821  4.469  43.280 0.0000000000
101688  -49.150  3.986  42.915 0.0000000000
101002  -48.422  3.742  42.659 0.0000000000
101000  -47.401  3.579  42.002 0.0000000000
101694  -47.223  4.109  41.412 0.0000000000
101011  -47.297  3.912  41.457 0.0000000000
100273  -46.614  3.191  42.857 0.0000000000
98043  -51.078  -0.482  57.422 0.0000000000
98051  -52.142  -0.092  56.859 0.0000000000
98058  -48.231  -0.782  55.442 0.0000000000
98756  -52.225  0.798  56.739 0.0000000000
98763  -48.692  0.622  56.047 0.0000000000
99434  -50.904  1.537  57.356 0.0000000000
99436  -51.920  1.076  57.332 0.0000000000
100160  -48.128  3.300  56.324 0.0000000000
100162  -51.036  2.566  56.734 0.0000000000
100163  -51.585  2.218  56.341 0.0000000000
100174  -51.494  2.428  55.565 0.0000000000
100292  -46.450  3.528  40.876 0.0000000000
100868  -50.069  3.472  56.669 0.0000000000
100940  -45.885  3.589  48.485 0.0000000000
100944  -47.197  3.317  47.181 0.0000000000
100947  -51.696  3.869  47.059 0.0000000000
100953  -46.861  3.049  46.599 0.0000000000
100958  -51.925  3.405  46.305 0.0000000000
100960  -52.693  3.916  46.017 0.0000000000
100975  -52.331  3.399  45.630 0.0000000000
100985  -51.964  3.104  44.811 0.0000000000
100992  -49.896  3.146  43.435 0.0000000000
101001  -47.811  3.780  42.211 0.0000000000
101010  -46.766  3.802  41.089 0.0000000000
101567  -49.717  4.241  56.645 0.0000000000
101580  -47.636  4.270  56.408 0.0000000000
101583  -50.585  4.238  56.513 0.0000000000
101590  -50.867  4.580  56.013 0.0000000000
101642  -46.745  4.830  49.122 0.0000000000
101646  -51.281  4.381  48.248 0.0000000000
101650  -50.026  4.017  47.943 0.0000000000
101671  -52.703  4.492  45.791 0.0000000000
101681  -52.585  4.291  45.203 0.0000000000
101705  -45.906  3.827  40.109 0.0000000000
101752  -44.431  4.888  29.524 0.0000000000
101755  -46.606  4.917  29.896 0.0000000000
101762  -44.581  4.994  28.610 0.0000000000
101763  -45.034  4.594  28.721 0.0000000000
101766  -47.308  4.950  29.221 0.0000000000
101774  -45.547  4.778  28.429 0.0000000000
101775  -46.317  4.830  28.477 0.0000000000
102280  -49.399  5.093  56.632 0.0000000000
102292  -45.351  5.110  55.281 0.0000000000
102302  -50.289  5.697  54.675 0.0000000000
102344  -47.126  5.564  49.585 0.0000000000
102352  -52.954  5.662  48.197 0.0000000000
102353  -53.386  5.828  47.982 0.0000000000
102356  -53.169  5.353  47.796 0.0000000000
102357  -53.593  5.695  47.511 0.0000000000
102364  -53.761  5.954  46.496 0.0000000000
102365  -53.656  6.235  46.094 0.0000000000
102374  -53.571  6.054  45.893 0.0000000000
102381  -49.504  5.574  44.098 0.0000000000
102383  -51.282  4.461  43.882 0.0000000000
102462  -43.494  4.862  31.169 0.0000000000
102463  -44.203  4.843  31.257 0.0000000000
102467  -48.701  6.122  30.659 0.0000000000
102477  -44.286  4.819  30.563 0.0000000000
102487  -47.239  4.970  28.453 0.0000000000
102489  -48.556  6.051  29.146 0.0000000000
102490  -48.919  6.354  29.847 0.0000000000
102494  -43.621  6.358  28.155 0.0000000000
102496  -44.764  5.478  28.380 0.0000000000
102497  -45.347  4.968  28.282 0.0000000000
102498  -46.729  4.960  28.384 0.0000000000
102499  -47.693  5.282  28.520 0.0000000000
102507  -43.954  6.302  28.214 0.0000000000
102979  -48.144  5.543  56.308 0.0000000000
102996  -47.978  6.377  55.973 0.0000000000
103050  -53.204  6.287  48.164 0.0000000000
103078  -48.103  6.689  44.507 0.0000000000
103085  -53.229  6.660  44.881 0.0000000000
103150  -47.929  6.859  32.837 0.0000000000
103151  -48.835  6.869  32.961 0.0000000000
103165  -44.898  6.097  32.442 0.0000000000
103181  -48.229  6.173  31.499 0.0000000000
103188  -49.293  6.841  30.130 0.0000000000
103204  -42.886  6.698  28.002 0.0000000000
103207  -46.452  5.297  28.363 0.0000000000
103209  -48.149  5.816  28.783 0.0000000000
103649  -49.163  6.908  55.971 0.0000000000
103666  -48.049  7.538  55.583 0.0000000000
103668  -49.061  7.850  55.639 0.0000000000
103669  -49.312  7.800  55.234 0.0000000000
103678  -44.911  7.305  54.019 0.0000000000
103687  -43.186  8.091  53.406 0.0000000000
103689  -49.495  7.185  53.617 0.0000000000
103715  -49.097  7.808  52.202 0.0000000000
103734  -52.643  7.885  48.535 0.0000000000
103744  -53.435  7.383  47.402 0.0000000000
103749  -53.630  6.638  46.044 0.0000000000
103770  -46.861  7.848  44.331 0.0000000000
103777  -53.446  7.159  45.211 0.0000000000
103796  -51.647  7.401  44.008 0.0000000000
103831  -52.336  8.222  38.403 0.0000000000
103832  -52.886  8.474  38.758 0.0000000000
103839  -51.148  7.855  37.292 0.0000000000
103848  -50.841  7.593  36.506 0.0000000000
103862  -52.384  8.334  36.607 0.0000000000
103873  -46.080  7.979  34.381 0.0000000000
103874  -46.681  7.826  34.299 0.0000000000
103898  -50.508  7.371  33.521 0.0000000000
103914  -51.000  7.770  33.201 0.0000000000
103929  -45.051  7.359  29.723 0.0000000000
103931  -49.251  7.186  29.645 0.0000000000
103938  -44.471  6.892  28.919 0.0000000000
103942  -48.950  7.031  29.101 0.0000000000
103943  -49.524  7.924  30.058 0.0000000000
103948  -43.305  7.402  27.707 0.0000000000
103949  -44.013  6.724  28.364 0.0000000000
103950  -48.384  6.414  28.962 0.0000000000
103958  -43.081  7.182  27.567 0.0000000000
104474  -49.406  8.440  54.906 0.0000000000
104490  -45.852  8.438  54.017 0.0000000000
104492  -48.346  8.890  55.275 0.0000000000
104493  -48.990  9.078  55.242 0.0000000000
104494  -49.432  9.002  54.893 0.0000000000
104538  -41.281  8.143  50.900 0.0000000000
104558  -50.174  8.473  50.097 0.0000000000
104575  -53.461  8.333  46.386 0.0000000000
104581  -53.639  7.800  45.977 0.0000000000
104593  -53.416  8.204  44.603 0.0000000000
104594  -53.561  7.760  45.193 0.0000000000
104610  -47.553  8.607  43.706 0.0000000000
104632  -49.147  8.799  42.945 0.0000000000
104633  -49.836  8.316  43.082 0.0000000000
104636  -53.395  8.599  42.366 0.0000000000
104690  -53.050  8.622  39.342 0.0000000000
104703  -52.883  8.582  38.492 0.0000000000
104718  -48.712  8.548  36.369 0.0000000000
104732  -45.430  8.815  35.303 0.0000000000
104733  -46.567  8.737  35.224 0.0000000000
104737  -51.787  7.846  35.432 0.0000000000
104764  -51.342  8.189  33.799 0.0000000000
104793  -45.459  8.071  30.328 0.0000000000
104794  -46.413  8.199  30.393 0.0000000000
104795  -47.509  8.588  29.775 0.0000000000
104807  -49.504  8.810  29.736 0.0000000000
105291  -48.720  9.496  53.986 0.0000000000
105292  -49.250  9.408  53.716 0.0000000000
105293  -49.584  9.164  53.464 0.0000000000
105300  -42.863  8.785  52.417 0.0000000000
105325  -45.645  9.010  50.457 0.0000000000
105329  -51.687  10.022  50.594 0.0000000000
105345  -52.216  9.762  49.424 0.0000000000
105382  -52.843  9.357  44.158 0.0000000000
105401  -48.345  9.039  42.676 0.0000000000
105403  -53.337  9.120  42.590 0.0000000000
105424  -53.094  9.041  41.073 0.0000000000
105441  -50.801  9.198  40.756 0.0000000000
105486  -49.578  9.004  37.678 0.0000000000
105504  -52.613  9.144  36.893 0.0000000000
105510  -44.367  8.969  35.993 0.0000000000
105513  -46.207  9.224  35.705 0.0000000000
105524  -51.751  9.445  34.959 0.0000000000
105554  -44.405  9.511  31.120 0.0000000000
105555  -45.227  9.379  31.200 0.0000000000
105564  -47.681  9.634  29.976 0.0000000000
105565  -48.256  10.241  29.883 0.0000000000
105566  -49.818  9.527  30.215 0.0000000000
105581  -42.469  8.951  27.721 0.0000000000
106031  -50.026  10.364  51.593 0.0000000000
106032  -50.626  10.245  51.467 0.0000000000
106063  -48.773  10.610  48.451 0.0000000000
106066  -52.279  10.101  48.931 0.0000000000
106140  -52.638  9.998  38.352 0.0000000000
106141  -53.005  9.363  38.922 0.0000000000
106204  -47.390  11.023  30.703 0.0000000000
106209  -43.375  10.042  30.548 0.0000000000
106212  -48.644  11.009  29.847 0.0000000000
106213  -49.836  10.808  30.421 0.0000000000
106221  -49.109  10.945  29.701 0.0000000000
106222  -49.545  10.900  29.988 0.0000000000
106240  -42.899  10.916  27.155 0.0000000000
106254  -42.194  10.423  26.705 0.0000000000
106655  -49.507  11.611  46.540 0.0000000000
106656  -50.092  11.474  46.372 0.0000000000
106659  -50.909  11.274  45.254 0.0000000000
106665  -52.137  11.093  42.941 0.0000000000
106698  -52.349  10.789  38.392 0.0000000000
106704  -51.832  11.678  37.746 0.0000000000
106730  -50.494  11.654  34.837 0.0000000000
106731  -51.046  11.402  34.636 0.0000000000
106750  -45.213  11.990  32.014 0.0000000000
106769  -43.098  11.454  30.630 0.0000000000
106772  -48.551  11.787  30.091 0.0000000000
106784  -49.833  11.708  30.389 0.0000000000
106820  -42.478  11.145  26.893 0.0000000000
107212  -48.401  12.499  46.100 0.0000000000
107230  -51.114  12.528  42.723 0.0000000000
107252  -51.426  12.654  37.961 0.0000000000
107261  -48.045  12.558  35.997 0.0000000000
107274  -48.019  12.710  35.116 0.0000000000
107277  -50.352  11.879  35.584 0.0000000000
107303  -43.650  12.327  32.221 0.0000000000
107304  -43.999  12.383  32.434 0.0000000000
107306  -45.774  12.689  31.933 0.0000000000
107308  -49.938  12.978  31.605 0.0000000000
107315  -43.199  12.050  31.418 0.0000000000
107318  -47.590  12.637  30.757 0.0000000000
107326  -48.366  12.547  30.347 0.0000000000
107334  -49.231  12.270  29.937 0.0000000000
107335  -49.680  12.470  30.153 0.0000000000
107367  -42.994  11.864  26.475 0.0000000000
107804  -48.457  13.480  45.262 0.0000000000
107821  -49.469  13.065  44.550 0.0000000000
107840  -50.339  13.715  42.664 0.0000000000
107841  -50.746  13.114  42.274 0.0000000000
107865  -46.994  13.665  38.507 0.0000000000
107867  -49.395  14.055  38.497 0.0000000000
107869  -50.846  13.336  38.233 0.0000000000
107875  -47.583  13.419  37.719 0.0000000000
107877  -49.451  13.353  37.535 0.0000000000
107890  -50.476  12.725  36.873 0.0000000000
107908  -48.100  13.342  34.371 0.0000000000
107918  -49.238  13.566  33.017 0.0000000000
107926  -42.855  13.649  32.338 0.0000000000
107929  -45.533  13.531  32.176 0.0000000000
107931  -49.894  13.907  31.711 0.0000000000
107953  -49.942  14.235  30.606 0.0000000000
107962  -49.850  13.336  30.318 0.0000000000
108437  -45.083  14.019  45.442 0.0000000000
108440  -48.216  14.081  45.006 0.0000000000
108449  -47.137  14.462  44.625 0.0000000000
108451  -48.921  13.836  44.242 0.0000000000
108461  -48.887  14.385  43.665 0.0000000000
108469  -45.177  14.392  41.916 0.0000000000
108472  -48.066  15.058  42.604 0.0000000000
108475  -50.044  14.367  42.567 0.0000000000
108485  -47.359  14.983  41.323 0.0000000000
108486  -48.896  15.282  41.172 0.0000000000
108488  -50.153  14.584  41.682 0.0000000000
108528  -47.938  13.990  38.961 0.0000000000
108529  -48.845  14.215  38.662 0.0000000000
108548  -45.740  14.681  35.886 0.0000000000
108549  -46.385  14.413  35.483 0.0000000000
108567  -43.776  14.818  33.050 0.0000000000
108574  -42.887  14.263  32.793 0.0000000000
108575  -44.503  14.621  32.831 0.0000000000
108577  -46.179  14.164  31.895 0.0000000000
108579  -50.430  15.472  31.666 0.0000000000
108591  -50.299  14.920  31.116 0.0000000000
108600  -42.641  13.985  31.275 0.0000000000
108602  -48.612  14.219  30.450 0.0000000000
108603  -49.222  14.570  30.368 0.0000000000
108604  -49.683  14.855  30.467 0.0000000000
109197  -48.914  15.791  33.993 0.0000000000
109204  -42.896  15.972  32.957 0.0000000000
109205  -43.403  15.511  33.136 0.0000000000
109217  -42.572  15.634  32.596 0.0000000000
109232  -49.525  16.022  30.970 0.0000000000
109233  -50.175  15.732  31.349 0.0000000000
109244  -49.762  15.435  30.657 0.0000000000
109835  -49.119  16.569  34.402 0.0000000000
109836  -49.987  17.410  33.700 0.0000000000
109846  -44.733  17.013  32.831 0.0000000000
109861  -47.214  16.473  31.815 0.0000000000
109862  -49.300  17.656  31.796 0.0000000000
109863  -50.628  16.828  32.255 0.0000000000
109876  -50.572  16.441  31.812 0.0000000000
110410  -47.497  18.007  35.840 0.0000000000
110421  -49.705  18.270  34.701 0.0000000000
110430  -50.129  17.766  33.552 0.0000000000
110439  -42.364  17.519  33.153 0.0000000000
110458  -48.015  17.271  32.142 0.0000000000
110459  -49.965  17.789  31.971 0.0000000000
110460  -50.302  17.624  32.398 0.0000000000
110970  -49.395  19.345  35.811 0.0000000000
110982  -49.683  18.816  35.137 0.0000000000
110995  -49.795  18.262  34.084 0.0000000000
111009  -44.209  18.211  33.079 0.0000000000
111010  -45.833  18.598  33.085 0.0000000000
111014  -49.890  18.418  33.410 0.0000000000
111029  -50.272  18.033  33.092 0.0000000000
111502  -47.223  20.315  38.390 0.0000000000
111509  -49.391  20.213  36.439 0.0000000000
111540  -49.718  18.672  34.159 0.0000000000
111554  -44.261  18.994  33.490 0.0000000000
111558  -48.937  19.110  33.572 0.0000000000
111559  -49.575  18.926  33.893 0.0000000000
112041  -47.501  21.144  38.952 0.0000000000
112053  -46.842  20.716  38.718 0.0000000000
112055  -48.644  20.865  38.373 0.0000000000
112056  -49.172  20.847  37.697 0.0000000000
112062  -49.388  20.754  36.912 0.0000000000
112068  -49.306  20.818  35.999 0.0000000000
112079  -46.311  20.866  35.091 0.0000000000
112572  -48.321  21.938  39.323 0.0000000000
112586  -49.276  21.185  37.363 0.0000000000
112592  -46.490  22.008  36.092 0.0000000000
112593  -47.619  22.089  35.993 0.0000000000
112600  -43.598  21.566  35.561 0.0000000000
112601  -44.709  21.481  35.621 0.0000000000
112604  -48.232  21.568  35.552 0.0000000000
112605  -48.969  21.228  35.739 0.0000000000
112606  -49.157  21.075  35.844 0.0000000000
113124  -47.843  23.051  39.967 0.0000000000
113134  -46.233  22.185  39.473 0.0000000000
113136  -47.858  22.405  39.723 0.0000000000
113144  -48.680  22.226  37.592 0.0000000000
113145  -49.109  21.673  36.987 0.0000000000
113152  -46.012  22.588  36.575 0.0000000000
113672  -47.263  24.171  40.539 0.0000000000
113673  -47.703  23.720  40.149 0.0000000000
113680  -42.663  23.183  39.757 0.0000000000
113694  -48.403  22.969  37.974 0.0000000000
114202  -43.498  24.608  40.579 0.0000000000
114217  -47.681  24.399  38.921 0.0000000000
114224  -46.725  24.381  37.918 0.0000000000
114225  -47.399  24.277  38.174 0.0000000000
114741  -46.605  26.031  42.451 0.0000000000
114742  -46.994  26.185  42.312 0.0000000000
114752  -43.686  25.669  41.383 0.0000000000
114755  -47.156  25.826  41.845 0.0000000000
114765  -47.413  25.466  40.496 0.0000000000
114782  -47.259  25.119  39.101 0.0000000000
115296  -45.969  27.049  43.340 0.0000000000
115312  -46.142  26.582  42.966 0.0000000000
115313  -46.773  26.593  42.454 0.0000000000
115328  -44.309  26.040  41.834 0.0000000000
115329  -46.988  26.881  42.001 0.0000000000
115337  -46.465  26.878  40.730 0.0000000000
115338  -46.901  26.571  41.170 0.0000000000
115339  -47.193  26.240  41.592 0.0000000000
115349  -47.326  26.121  40.721 0.0000000000
115929  -46.515  27.230  42.715 0.0000000000
126985  -49.442  14.510  43.147 0.0000000000
127248  -47.144  5.383  30.523 0.0000000000
127298  -47.322  6.071  55.762 0.0000000000
127476  -52.604  4.527  46.808 0.0000000000
127640  -50.420  13.841  40.053 0.0000000000
128671  -51.433  12.017  43.262 0.0000000000
128676  -53.241  7.924  47.955 0.0000000000
128797  -45.249  14.422  39.228 0.0000000000
128916  -46.021  9.305  53.294 0.0000000000
129134  -45.958  16.251  32.138 0.0000000000
129210  -49.637  2.976  44.533 0.0000000000
129516  -47.129  9.511  52.093 0.0000000000
130161  -50.846  1.004  57.408 0.0000000000
131095  -51.586  8.153  42.724 0.0000000000
131152  -52.399  5.946  48.345 0.0000000000
131346  -52.206  4.207  44.638 0.0000000000
131499  -51.643  1.829  55.278 0.0000000000
131925  -46.125  7.981  44.113 0.0000000000
132011  -50.792  13.002  39.718 0.0000000000
133164  -50.296  8.079  49.429 0.0000000000
133182  -53.563  7.090  46.511 0.0000000000
133832  -41.346  22.976  39.414 0.0000000000
134047  -42.586  14.890  32.579 0.0000000000
134625  -52.798  4.867  47.523 0.0000000000
135474  -41.930  8.423  50.940 0.0000000000
135530  -51.564  3.318  46.089 0.0000000000
135741  -49.887  15.276  32.608 0.0000000000
136811  -43.629  13.259  29.018 0.0000000000
136932  -48.037  9.416  54.157 0.0000000000
137423  -49.957  10.134  30.481 0.0000000000
138532  -52.675  9.868  37.100 0.0000000000
138682  -50.235  12.106  30.823 0.0000000000
138989  -48.742  14.981  33.725 0.0000000000
139060  -48.862  9.299  29.446 0.0000000000
139305  -50.110  14.621  40.773 0.0000000000
139312  -51.917  4.179  43.939 0.0000000000
139370  -42.847  17.544  33.351 0.0000000000
139824  -44.911  9.304  52.363 0.0000000000
140118  -50.476  5.874  55.394 0.0000000000
140307  -49.914  7.205  33.689 0.0000000000
140378  -47.979  23.328  37.572 0.0000000000
140389  -48.756  13.033  30.234 0.0000000000
140969  -48.221  23.633  39.223 0.0000000000
141602  -52.360  5.199  48.234 0.0000000000
141945  -46.242  23.549  40.137 0.0000000000
142901  -46.615  14.230  45.693 0.0000000000
143414  -44.124  9.239  52.644 0.0000000000
143894  -49.267  9.276  29.590 0.0000000000
143989  -46.830  3.251  43.678 0.0000000000
144483  -50.037  7.868  30.732 0.0000000000
144666  -47.857  14.907  31.045 0.0000000000
144674  -49.566  6.958  33.093 0.0000000000
145017  -51.045  12.113  36.074 0.0000000000
145956  -46.625  15.239  35.182 0.0000000000
146023  -53.249  7.314  47.929 0.0000000000
146260  -46.649  5.747  31.418 0.0000000000
146262  -45.692  14.253  45.003 0.0000000000
146441  -49.116  14.430  39.014 0.0000000000
147127  -44.732  5.212  28.364 0.0000000000
147176  -46.832  7.439  33.689 0.0000000000
147190  -40.810  23.298  39.546 0.0000000000
147326  -47.684  5.765  51.856 0.0000000000
147387  -53.859  5.988  47.150 0.0000000000
147776  -52.036  7.855  36.244 0.0000000000
148376  -41.683  8.360  49.165 0.0000000000
148579  -45.626  20.618  38.912 0.0000000000
148626  -43.515  17.658  33.253 0.0000000000
149040  -50.143  11.215  31.170 0.0000000000
149306  -48.744  -0.639  55.941 0.0000000000
149962  -47.167  9.195  36.121 0.0000000000
150187  -50.506  16.847  32.724 0.0000000000
150893  -50.375  13.545  37.886 0.0000000000
151468  -53.704  5.665  46.948 0.0000000000
151537  -53.170  8.762  39.635 0.0000000000
151562  -47.883  3.261  43.563 0.0000000000
151692  -45.034  15.778  36.160 0.0000000000
151759  -50.919  2.856  44.372 0.0000000000
152186  -47.490  23.464  40.183 0.0000000000
152195  -49.167  5.488  48.524 0.0000000000
152205  -48.376  19.406  36.718 0.0000000000
152567  -48.207  6.595  49.409 0.0000000000
