#!ascii label  , from subject sub1 vox2ras=TkReg
2033
62553  -36.111  -37.224  85.055 0.0000000000
77081  -52.002  -24.217  64.218 0.0000000000
69694  -44.331  -31.908  72.004 0.0000000000
49922  -7.540  -51.788  86.254 0.0000000000
51026  -23.220  -48.292  86.365 0.0000000000
61460  -3.803  -40.620  85.109 0.0000000000
131789  -1.909  -43.061  90.773 0.0000000000
141007  -49.811  -28.665  68.321 0.0000000000
60517  -5.743  -40.468  76.195 0.0000000000
48684  -3.548  -52.865  95.501 0.0000000000
58403  -38.643  -40.765  76.196 0.0000000000
62578  -31.053  -37.322  84.757 0.0000000000
142395  -28.351  -39.167  88.809 0.0000000000
78129  -53.878  -22.456  60.804 0.0000000000
73187  -46.912  -27.777  71.091 0.0000000000
52182  -16.927  -47.920  84.272 0.0000000000
67440  -6.142  -34.855  78.399 0.0000000000
53147  -4.757  -47.128  85.097 0.0000000000
57256  -6.296  -46.088  80.977 0.0000000000
51110  -8.987  -50.693  80.573 0.0000000000
52054  -10.042  -49.215  96.091 0.0000000000
53070  -6.592  -48.969  96.840 0.0000000000
66469  -42.992  -33.861  75.099 0.0000000000
58265  -29.232  -43.635  90.968 0.0000000000
130123  -25.464  -45.729  85.188 0.0000000000
60371  -2.755  -42.060  88.252 0.0000000000
53118  -3.601  -47.121  88.824 0.0000000000
72352  -51.753  -28.407  66.441 0.0000000000
50931  -12.616  -48.148  92.503 0.0000000000
128764  -15.401  -48.396  89.093 0.0000000000
61521  -5.846  -39.532  81.050 0.0000000000
57300  -8.751  -45.098  78.268 0.0000000000
57092  -4.919  -45.472  92.938 0.0000000000
53087  -5.165  -47.371  92.235 0.0000000000
48750  -4.653  -53.115  90.963 0.0000000000
61439  -38.015  -38.079  83.874 0.0000000000
127572  -35.711  -38.874  83.379 0.0000000000
61518  -37.657  -39.187  81.504 0.0000000000
62550  -32.991  -37.970  86.134 0.0000000000
148061  -33.149  -38.709  82.897 0.0000000000
63501  -32.597  -36.705  88.273 0.0000000000
77096  -53.015  -23.100  62.812 0.0000000000
75116  -48.841  -26.318  63.899 0.0000000000
76130  -50.040  -24.075  61.752 0.0000000000
77142  -50.929  -23.476  59.616 0.0000000000
146243  -45.461  -30.302  71.663 0.0000000000
68595  -41.566  -32.867  71.227 0.0000000000
69713  -42.483  -31.457  69.987 0.0000000000
71467  -43.550  -29.418  69.422 0.0000000000
128718  -6.815  -48.970  85.289 0.0000000000
127569  -6.683  -48.834  83.075 0.0000000000
49944  -8.711  -51.528  83.610 0.0000000000
46764  -8.522  -54.511  81.559 0.0000000000
46753  -7.211  -54.443  83.751 0.0000000000
49876  -9.227  -50.665  93.832 0.0000000000
48683  -8.469  -51.584  96.160 0.0000000000
65511  -41.857  -35.805  76.528 0.0000000000
60529  -40.401  -39.306  77.506 0.0000000000
143615  -39.152  -39.815  74.578 0.0000000000
63603  -39.671  -38.349  75.806 0.0000000000
150691  -39.892  -35.967  75.281 0.0000000000
62476  -29.025  -39.292  93.877 0.0000000000
130401  -26.850  -40.377  85.570 0.0000000000
59417  -26.748  -42.814  86.951 0.0000000000
144898  -52.856  -22.306  56.090 0.0000000000
79248  -54.029  -20.852  56.380 0.0000000000
59370  -2.354  -42.906  89.152 0.0000000000
137213  -1.984  -44.978  87.773 0.0000000000
54956  -2.890  -45.026  89.592 0.0000000000
71483  -50.631  -29.260  67.487 0.0000000000
126858  -46.960  -29.514  66.727 0.0000000000
69741  -47.056  -30.151  65.985 0.0000000000
70669  -47.937  -28.910  64.348 0.0000000000
53078  -13.553  -47.903  94.971 0.0000000000
52069  -15.205  -47.626  92.966 0.0000000000
64497  -3.341  -36.807  83.490 0.0000000000
63562  -3.637  -37.111  81.006 0.0000000000
61481  -4.793  -39.560  83.707 0.0000000000
53210  -5.839  -47.925  78.296 0.0000000000
57259  -7.562  -45.309  80.123 0.0000000000
55066  -6.667  -47.550  76.800 0.0000000000
58214  -7.373  -45.605  93.256 0.0000000000
50906  -5.471  -51.070  96.650 0.0000000000
53079  -6.462  -48.792  95.223 0.0000000000
50922  -4.816  -51.172  94.866 0.0000000000
50933  -6.411  -50.240  92.566 0.0000000000
49885  -4.552  -52.604  92.924 0.0000000000
59459  -39.275  -40.071  79.208 0.0000000000
142729  -29.394  -37.910  92.356 0.0000000000
138733  -31.025  -35.768  90.681 0.0000000000
64468  -28.760  -36.752  87.227 0.0000000000
79214  -54.772  -21.758  59.674 0.0000000000
76163  -52.177  -23.336  58.252 0.0000000000
74112  -48.487  -26.579  69.474 0.0000000000
73215  -44.684  -28.254  67.515 0.0000000000
51062  -21.784  -48.320  82.905 0.0000000000
52168  -19.989  -48.313  85.325 0.0000000000
63579  -3.412  -38.046  77.131 0.0000000000
58324  -4.197  -43.262  85.381 0.0000000000
58334  -5.675  -43.078  84.358 0.0000000000
55007  -4.986  -46.330  83.066 0.0000000000
131731  -5.851  -48.467  80.312 0.0000000000
51165  -7.503  -50.659  77.549 0.0000000000
55936  -9.993  -46.397  96.617 0.0000000000
55940  -7.895  -45.853  96.524 0.0000000000
53065  -8.453  -49.031  97.580 0.0000000000
139175  -6.745  -51.335  97.544 0.0000000000
67489  -43.455  -32.804  73.441 0.0000000000
66498  -40.446  -33.696  72.842 0.0000000000
54035  -26.748  -46.899  88.363 0.0000000000
137687  -29.118  -41.593  89.702 0.0000000000
56002  -28.210  -45.088  87.112 0.0000000000
51053  -25.077  -48.275  84.801 0.0000000000
64481  -3.042  -36.597  85.557 0.0000000000
133210  -2.216  -37.971  87.181 0.0000000000
60390  -3.309  -41.381  86.132 0.0000000000
57155  -2.867  -44.191  86.672 0.0000000000
52159  -4.524  -47.263  87.020 0.0000000000
137402  -6.325  -49.139  87.439 0.0000000000
75106  -52.005  -25.987  66.027 0.0000000000
72362  -48.779  -28.177  64.133 0.0000000000
53985  -12.508  -47.454  96.304 0.0000000000
50919  -11.286  -48.679  94.333 0.0000000000
49888  -10.018  -50.515  91.957 0.0000000000
51007  -19.137  -48.740  87.801 0.0000000000
137244  -17.133  -49.172  89.502 0.0000000000
149898  -16.524  -48.993  91.290 0.0000000000
52110  -14.136  -48.355  90.781 0.0000000000
49898  -11.023  -50.263  89.988 0.0000000000
68440  -5.193  -33.256  80.167 0.0000000000
63572  -3.337  -37.628  79.533 0.0000000000
61544  -6.303  -39.910  78.615 0.0000000000
58336  -6.989  -42.346  82.952 0.0000000000
59449  -8.504  -42.290  80.783 0.0000000000
60507  -9.482  -41.683  78.276 0.0000000000
58226  -3.062  -43.272  92.221 0.0000000000
54921  -7.387  -47.363  94.758 0.0000000000
54930  -4.299  -46.101  94.169 0.0000000000
54947  -1.970  -46.393  92.238 0.0000000000
53103  -4.578  -47.603  90.890 0.0000000000
52117  -6.523  -49.385  90.131 0.0000000000
48781  -5.945  -52.533  88.703 0.0000000000
129067  -2.842  -55.767  93.485 0.0000000000
46697  -3.048  -55.750  91.350 0.0000000000
129632  -5.939  -54.448  86.528 0.0000000000
62554  -36.836  -37.327  84.727 0.0000000000
63516  -36.492  -36.483  85.872 0.0000000000
141608  -35.848  -38.573  84.322 0.0000000000
61454  -36.580  -38.465  83.326 0.0000000000
62551  -34.575  -37.431  85.710 0.0000000000
61436  -35.160  -38.465  84.428 0.0000000000
63505  -36.180  -37.527  87.768 0.0000000000
63503  -34.391  -37.167  87.515 0.0000000000
77082  -52.453  -23.819  63.994 0.0000000000
133016  -51.036  -24.980  64.507 0.0000000000
75126  -49.173  -25.366  62.972 0.0000000000
76120  -50.478  -24.399  63.157 0.0000000000
149834  -51.350  -23.551  62.070 0.0000000000
70598  -45.177  -30.710  71.737 0.0000000000
70581  -46.221  -30.378  72.702 0.0000000000
69679  -45.692  -31.080  72.930 0.0000000000
133058  -41.589  -32.697  70.498 0.0000000000
69706  -43.425  -31.813  71.050 0.0000000000
70596  -44.189  -30.962  70.817 0.0000000000
51032  -7.568  -49.800  85.792 0.0000000000
51045  -8.155  -50.229  84.912 0.0000000000
48847  -8.167  -52.356  84.772 0.0000000000
47713  -8.239  -53.255  83.617 0.0000000000
48846  -7.204  -52.964  85.147 0.0000000000
48715  -8.829  -51.774  92.764 0.0000000000
47545  -8.012  -52.130  94.234 0.0000000000
62664  -40.714  -38.417  77.892 0.0000000000
62672  -40.004  -38.778  76.495 0.0000000000
63597  -40.550  -38.010  77.080 0.0000000000
64539  -40.814  -36.968  76.274 0.0000000000
79233  -54.696  -21.489  57.539 0.0000000000
135430  -54.028  -21.131  56.626 0.0000000000
142213  -55.808  -20.494  56.698 0.0000000000
59358  -2.010  -42.784  90.500 0.0000000000
58275  -2.252  -43.503  89.657 0.0000000000
57118  -2.177  -43.793  90.320 0.0000000000
71469  -50.327  -29.206  68.009 0.0000000000
72301  -51.283  -28.491  68.751 0.0000000000
72329  -48.337  -28.873  67.452 0.0000000000
70626  -46.960  -29.990  66.465 0.0000000000
71480  -48.740  -29.241  67.261 0.0000000000
70645  -48.948  -29.430  66.823 0.0000000000
130285  -14.794  -47.602  94.117 0.0000000000
148200  -15.754  -47.828  93.098 0.0000000000
51014  -24.715  -48.486  87.827 0.0000000000
51011  -22.112  -48.621  87.417 0.0000000000
62671  -4.535  -39.620  75.151 0.0000000000
62598  -4.053  -38.260  84.152 0.0000000000
62599  -4.374  -38.242  83.645 0.0000000000
61461  -4.321  -40.334  84.380 0.0000000000
53212  -6.229  -48.764  77.388 0.0000000000
136374  -6.146  -47.599  77.779 0.0000000000
53226  -6.126  -48.073  76.390 0.0000000000
58231  -7.762  -45.271  92.705 0.0000000000
58207  -8.796  -45.396  94.753 0.0000000000
49866  -4.373  -52.074  95.582 0.0000000000
50917  -5.054  -51.109  95.507 0.0000000000
49870  -4.133  -51.991  95.022 0.0000000000
49880  -4.555  -52.052  93.678 0.0000000000
48703  -4.183  -53.006  94.248 0.0000000000
60429  -39.081  -40.011  81.792 0.0000000000
60459  -38.803  -40.320  80.423 0.0000000000
60447  -39.812  -39.625  80.990 0.0000000000
131328  -40.486  -39.835  79.921 0.0000000000
63512  -31.965  -37.067  86.901 0.0000000000
64469  -31.200  -36.778  87.641 0.0000000000
64486  -29.853  -36.909  86.002 0.0000000000
63530  -27.782  -37.621  85.544 0.0000000000
79192  -54.343  -22.324  60.310 0.0000000000
77144  -52.248  -23.063  59.972 0.0000000000
76147  -51.688  -23.470  59.111 0.0000000000
77145  -52.770  -22.873  59.636 0.0000000000
79225  -53.628  -22.456  58.698 0.0000000000
74111  -47.227  -26.681  69.607 0.0000000000
75036  -48.938  -26.214  71.144 0.0000000000
74071  -48.409  -26.855  71.746 0.0000000000
72298  -45.056  -28.799  69.786 0.0000000000
72314  -43.874  -28.602  68.354 0.0000000000
73200  -45.237  -27.908  69.152 0.0000000000
73217  -46.086  -27.589  67.976 0.0000000000
67447  -5.821  -35.050  77.057 0.0000000000
65499  -4.106  -36.584  76.610 0.0000000000
66436  -4.349  -36.408  77.749 0.0000000000
56028  -4.179  -44.734  85.302 0.0000000000
56037  -4.839  -45.160  84.520 0.0000000000
54079  -4.696  -46.614  83.807 0.0000000000
51095  -8.001  -49.407  81.536 0.0000000000
52237  -6.461  -48.434  81.701 0.0000000000
51109  -8.249  -49.889  80.619 0.0000000000
52270  -6.777  -49.279  79.158 0.0000000000
49985  -8.602  -50.827  78.782 0.0000000000
48923  -9.059  -52.097  79.034 0.0000000000
129198  -9.830  -47.971  96.367 0.0000000000
53978  -9.097  -47.506  97.029 0.0000000000
52051  -9.004  -49.152  96.919 0.0000000000
47538  -7.873  -52.657  95.755 0.0000000000
48677  -7.817  -51.093  97.139 0.0000000000
47531  -7.085  -52.604  96.431 0.0000000000
48674  -5.884  -52.069  96.880 0.0000000000
66481  -43.236  -33.534  74.704 0.0000000000
66467  -41.446  -34.463  75.113 0.0000000000
66477  -39.871  -34.639  74.256 0.0000000000
66479  -41.877  -33.797  74.288 0.0000000000
66500  -42.205  -33.444  73.665 0.0000000000
57109  -28.551  -44.586  91.996 0.0000000000
54024  -27.590  -46.802  90.252 0.0000000000
140464  -28.285  -45.834  89.616 0.0000000000
146685  -28.493  -37.634  91.065 0.0000000000
151863  -29.124  -39.706  90.932 0.0000000000
145316  -29.080  -39.980  89.637 0.0000000000
56030  -26.085  -44.690  86.158 0.0000000000
57147  -27.086  -43.883  88.007 0.0000000000
56020  -25.940  -45.545  86.628 0.0000000000
54052  -25.888  -46.578  86.594 0.0000000000
53140  -25.528  -47.298  84.973 0.0000000000
51082  -23.722  -48.475  82.756 0.0000000000
61398  -2.746  -40.527  88.633 0.0000000000
62530  -3.192  -39.600  87.510 0.0000000000
133537  -3.265  -40.059  86.539 0.0000000000
60379  -3.365  -41.409  86.665 0.0000000000
140134  -2.825  -43.215  86.660 0.0000000000
151201  -2.140  -43.693  86.817 0.0000000000
54034  -3.288  -46.315  88.223 0.0000000000
141764  -3.282  -46.078  87.911 0.0000000000
52132  -4.514  -47.303  87.976 0.0000000000
52146  -5.373  -48.293  86.879 0.0000000000
52134  -5.201  -48.659  88.271 0.0000000000
74152  -51.538  -27.451  66.118 0.0000000000
74154  -52.898  -26.789  66.414 0.0000000000
73235  -52.856  -27.734  66.895 0.0000000000
71512  -50.296  -28.155  66.030 0.0000000000
71515  -48.218  -29.075  63.681 0.0000000000
72359  -49.675  -27.968  65.233 0.0000000000
74160  -50.092  -27.587  65.588 0.0000000000
55945  -12.429  -46.138  95.729 0.0000000000
52067  -12.915  -47.701  93.562 0.0000000000
126085  -12.465  -48.487  95.292 0.0000000000
50924  -11.403  -48.653  93.616 0.0000000000
50929  -10.678  -49.249  93.304 0.0000000000
50930  -11.499  -48.682  92.930 0.0000000000
131024  -18.744  -48.181  85.108 0.0000000000
52152  -19.208  -48.584  86.318 0.0000000000
143361  -17.755  -48.428  85.685 0.0000000000
51004  -15.458  -48.766  87.942 0.0000000000
51005  -16.507  -49.154  88.036 0.0000000000
50972  -16.165  -49.040  89.362 0.0000000000
50959  -16.701  -49.629  90.793 0.0000000000
145131  -15.771  -48.624  90.346 0.0000000000
50958  -15.298  -48.303  90.817 0.0000000000
50957  -14.871  -48.327  90.211 0.0000000000
50969  -11.700  -49.183  89.424 0.0000000000
68431  -4.864  -33.355  81.138 0.0000000000
62624  -4.578  -38.305  81.052 0.0000000000
63568  -3.381  -37.080  80.396 0.0000000000
63570  -4.448  -38.672  79.797 0.0000000000
62633  -3.946  -38.895  78.905 0.0000000000
61522  -6.317  -39.814  80.089 0.0000000000
57190  -5.941  -45.049  83.465 0.0000000000
58335  -6.355  -42.913  83.667 0.0000000000
57209  -6.679  -45.006  82.602 0.0000000000
57279  -7.753  -45.423  79.405 0.0000000000
58348  -8.551  -43.525  80.888 0.0000000000
58359  -9.110  -43.515  79.641 0.0000000000
60466  -8.382  -41.156  79.547 0.0000000000
58371  -9.419  -43.395  78.902 0.0000000000
58380  -10.061  -43.038  77.429 0.0000000000
128520  -3.492  -44.329  92.680 0.0000000000
54910  -7.924  -47.342  96.680 0.0000000000
54922  -7.907  -46.847  95.281 0.0000000000
54917  -7.507  -47.572  95.548 0.0000000000
53082  -6.068  -49.080  94.358 0.0000000000
53995  -4.996  -46.795  94.154 0.0000000000
54000  -4.722  -46.504  92.596 0.0000000000
140545  -2.642  -46.453  93.070 0.0000000000
135852  -4.250  -46.651  91.803 0.0000000000
54016  -3.673  -46.807  91.474 0.0000000000
53095  -4.643  -47.385  91.419 0.0000000000
49891  -5.445  -51.927  91.786 0.0000000000
152018  -6.491  -50.364  91.545 0.0000000000
49896  -5.882  -51.806  90.779 0.0000000000
49905  -6.468  -51.431  88.956 0.0000000000
48762  -4.826  -52.936  89.689 0.0000000000
128586  -2.568  -56.253  92.998 0.0000000000
46682  -3.063  -55.459  92.519 0.0000000000
61456  -39.484  -38.394  83.088 0.0000000000
60427  -35.353  -39.653  81.853 0.0000000000
145411  -36.584  -39.355  80.699 0.0000000000
61496  -36.624  -38.742  82.099 0.0000000000
61475  -38.067  -38.738  82.566 0.0000000000
126932  -32.566  -38.047  85.635 0.0000000000
61433  -33.183  -38.413  84.540 0.0000000000
61471  -34.770  -38.920  83.168 0.0000000000
63513  -33.028  -37.339  87.094 0.0000000000
77115  -53.079  -22.708  61.752 0.0000000000
75134  -48.180  -25.282  61.321 0.0000000000
75143  -49.144  -24.461  59.635 0.0000000000
76144  -49.854  -24.031  59.257 0.0000000000
77128  -50.391  -23.660  60.795 0.0000000000
77130  -51.971  -23.149  61.149 0.0000000000
72286  -45.827  -29.075  71.171 0.0000000000
72288  -47.160  -28.440  71.934 0.0000000000
71427  -46.549  -29.743  72.595 0.0000000000
71416  -47.199  -29.877  73.390 0.0000000000
131830  -40.322  -33.506  71.641 0.0000000000
67521  -40.878  -33.028  70.910 0.0000000000
68621  -40.791  -32.393  69.571 0.0000000000
69719  -41.122  -31.650  69.217 0.0000000000
70615  -41.403  -30.732  68.710 0.0000000000
70616  -42.785  -30.640  69.730 0.0000000000
71454  -44.795  -29.736  70.478 0.0000000000
52176  -5.359  -48.399  84.923 0.0000000000
52215  -5.121  -48.218  83.571 0.0000000000
52197  -6.424  -48.591  83.814 0.0000000000
52199  -8.515  -49.693  83.242 0.0000000000
49952  -9.175  -50.909  82.252 0.0000000000
134702  -9.174  -52.720  80.684 0.0000000000
48888  -8.855  -53.063  82.173 0.0000000000
46760  -8.087  -54.450  82.490 0.0000000000
49869  -9.641  -49.776  94.714 0.0000000000
49865  -8.774  -50.022  95.717 0.0000000000
48688  -8.374  -51.151  95.051 0.0000000000
65523  -42.008  -35.033  75.781 0.0000000000
60527  -39.925  -40.270  76.323 0.0000000000
59506  -39.459  -40.453  75.691 0.0000000000
61590  -40.201  -39.864  75.976 0.0000000000
62679  -39.506  -39.165  75.643 0.0000000000
63610  -38.882  -38.314  74.205 0.0000000000
64546  -39.684  -36.747  75.218 0.0000000000
65510  -41.270  -36.017  76.212 0.0000000000
59332  -29.117  -42.039  92.744 0.0000000000
62534  -28.251  -39.237  87.512 0.0000000000
60378  -27.396  -41.197  88.153 0.0000000000
60398  -26.440  -41.240  86.204 0.0000000000
58317  -25.595  -43.133  85.315 0.0000000000
78186  -52.899  -22.628  55.811 0.0000000000
79255  -52.535  -21.780  55.747 0.0000000000
80276  -52.739  -20.919  55.307 0.0000000000
81262  -53.155  -20.203  54.665 0.0000000000
59385  -2.422  -42.622  88.754 0.0000000000
58289  -2.237  -43.507  87.677 0.0000000000
147684  -2.078  -43.622  88.440 0.0000000000
54959  -2.865  -45.200  88.748 0.0000000000
54025  -3.247  -46.658  89.187 0.0000000000
72341  -51.396  -28.737  66.632 0.0000000000
72320  -52.077  -28.417  68.270 0.0000000000
68660  -45.761  -31.607  65.086 0.0000000000
68675  -46.144  -31.380  64.495 0.0000000000
68685  -46.504  -30.652  63.477 0.0000000000
69758  -47.790  -29.694  65.365 0.0000000000
70658  -49.683  -29.163  66.553 0.0000000000
152233  -13.926  -47.020  95.617 0.0000000000
53992  -14.299  -47.566  95.016 0.0000000000
52064  -14.060  -47.655  93.868 0.0000000000
52073  -13.329  -47.744  92.952 0.0000000000
51021  -14.794  -48.386  86.907 0.0000000000
144285  -13.361  -48.063  88.571 0.0000000000
67396  -3.412  -35.372  83.382 0.0000000000
68438  -3.372  -35.383  82.497 0.0000000000
64502  -3.499  -36.782  82.505 0.0000000000
62610  -4.454  -37.703  82.627 0.0000000000
61504  -5.707  -39.604  82.271 0.0000000000
55032  -5.889  -46.591  80.091 0.0000000000
57257  -6.621  -45.800  80.669 0.0000000000
56085  -6.284  -46.322  79.357 0.0000000000
56103  -7.071  -46.258  78.683 0.0000000000
56104  -8.176  -46.327  78.135 0.0000000000
151392  -6.866  -44.402  91.286 0.0000000000
58230  -6.548  -45.037  92.246 0.0000000000
58213  -6.125  -45.645  93.051 0.0000000000
53069  -6.232  -49.679  96.981 0.0000000000
53075  -6.377  -49.117  96.174 0.0000000000
52053  -6.058  -50.025  96.467 0.0000000000
52061  -5.871  -50.434  95.174 0.0000000000
52066  -6.092  -50.257  94.323 0.0000000000
152606  -6.324  -49.590  92.794 0.0000000000
50927  -5.684  -51.126  93.949 0.0000000000
49886  -4.617  -52.248  92.811 0.0000000000
48737  -4.541  -52.904  91.712 0.0000000000
59483  -38.441  -40.393  77.745 0.0000000000
60458  -38.002  -40.169  80.161 0.0000000000
59457  -38.266  -40.087  78.765 0.0000000000
59485  -39.116  -40.368  77.723 0.0000000000
139754  -40.200  -39.637  78.377 0.0000000000
61551  -41.291  -39.227  79.072 0.0000000000
64437  -28.733  -36.853  90.251 0.0000000000
64448  -31.226  -35.784  89.659 0.0000000000
64447  -30.120  -36.119  89.174 0.0000000000
143494  -28.098  -37.831  88.144 0.0000000000
62547  -28.010  -38.943  86.022 0.0000000000
127482  -50.870  -23.790  57.218 0.0000000000
151700  -52.614  -22.777  57.149 0.0000000000
78168  -53.923  -22.000  58.027 0.0000000000
74113  -49.067  -26.983  68.895 0.0000000000
151094  -50.695  -27.195  69.673 0.0000000000
75058  -49.520  -26.096  70.491 0.0000000000
71476  -42.170  -29.403  67.439 0.0000000000
72326  -45.483  -28.722  66.557 0.0000000000
73218  -47.603  -27.495  67.955 0.0000000000
51048  -21.770  -48.040  84.328 0.0000000000
51036  -21.083  -48.291  86.090 0.0000000000
52186  -20.987  -48.220  84.006 0.0000000000
52203  -19.795  -47.958  83.905 0.0000000000
63594  -3.849  -38.289  75.600 0.0000000000
62662  -4.370  -39.647  76.537 0.0000000000
59435  -3.870  -42.296  85.026 0.0000000000
60408  -4.559  -41.352  84.416 0.0000000000
58325  -4.635  -43.575  85.019 0.0000000000
57189  -5.431  -45.239  84.062 0.0000000000
56052  -5.502  -46.220  82.308 0.0000000000
52235  -5.419  -48.026  82.744 0.0000000000
53189  -6.103  -47.499  81.760 0.0000000000
131955  -5.757  -47.168  80.739 0.0000000000
52268  -5.603  -48.217  79.712 0.0000000000
57071  -8.785  -45.670  95.654 0.0000000000
135643  -9.099  -45.888  97.718 0.0000000000
53976  -8.179  -47.534  97.135 0.0000000000
53063  -7.225  -48.807  97.357 0.0000000000
49860  -8.579  -50.170  96.778 0.0000000000
50901  -7.891  -49.863  97.716 0.0000000000
126203  -6.438  -49.956  97.907 0.0000000000
49856  -5.639  -51.183  97.329 0.0000000000
48679  -5.068  -52.142  96.505 0.0000000000
47536  -4.379  -52.840  95.757 0.0000000000
68570  -44.058  -32.440  72.873 0.0000000000
68571  -45.042  -31.672  73.172 0.0000000000
68553  -44.694  -32.339  73.781 0.0000000000
59530  -38.545  -40.757  74.002 0.0000000000
66521  -39.810  -34.146  71.927 0.0000000000
67498  -42.504  -32.661  72.430 0.0000000000
53115  -25.732  -47.843  89.069 0.0000000000
52154  -24.947  -48.487  87.022 0.0000000000
62481  -29.173  -39.133  93.052 0.0000000000
61382  -29.404  -40.583  92.071 0.0000000000
131603  -29.444  -43.011  90.039 0.0000000000
60370  -27.698  -41.604  89.058 0.0000000000
58287  -27.771  -43.378  89.271 0.0000000000
56000  -28.266  -44.855  89.005 0.0000000000
54967  -28.087  -45.682  87.340 0.0000000000
143156  -25.653  -47.394  86.917 0.0000000000
129535  -24.081  -48.505  85.671 0.0000000000
132069  -22.756  -48.448  83.093 0.0000000000
82236  -54.198  -19.415  53.528 0.0000000000
82241  -54.583  -19.249  52.913 0.0000000000
82246  -55.130  -18.878  51.471 0.0000000000
64491  -3.317  -36.621  84.552 0.0000000000
62572  -3.560  -39.397  85.541 0.0000000000
64474  -2.488  -37.572  86.736 0.0000000000
62558  -3.210  -39.857  86.084 0.0000000000
61442  -3.263  -40.825  85.828 0.0000000000
59428  -3.744  -42.109  85.684 0.0000000000
140100  -3.470  -43.895  86.384 0.0000000000
54994  -4.127  -45.509  86.252 0.0000000000
56011  -2.459  -45.231  87.072 0.0000000000
54050  -3.697  -45.889  87.380 0.0000000000
53138  -4.438  -47.225  85.995 0.0000000000
52160  -5.354  -48.381  85.909 0.0000000000
129061  -6.670  -49.182  86.157 0.0000000000
51018  -7.258  -50.029  86.743 0.0000000000
141999  -51.864  -25.209  65.468 0.0000000000
140245  -47.334  -30.123  63.050 0.0000000000
71521  -47.713  -30.118  63.012 0.0000000000
73265  -47.203  -28.424  63.154 0.0000000000
73255  -48.926  -27.894  64.117 0.0000000000
75111  -50.839  -26.152  65.509 0.0000000000
54915  -11.023  -47.010  96.806 0.0000000000
53072  -11.193  -48.706  96.428 0.0000000000
53987  -12.976  -47.451  95.749 0.0000000000
52059  -11.936  -48.810  95.615 0.0000000000
52058  -11.153  -49.048  95.713 0.0000000000
48716  -9.591  -50.895  93.151 0.0000000000
51023  -20.783  -48.629  86.888 0.0000000000
51008  -19.895  -49.447  88.023 0.0000000000
128685  -19.436  -49.611  89.171 0.0000000000
52137  -17.050  -48.996  87.292 0.0000000000
126320  -18.468  -48.722  88.438 0.0000000000
50975  -18.788  -49.502  89.932 0.0000000000
135137  -17.862  -49.941  91.328 0.0000000000
50936  -17.495  -49.576  91.944 0.0000000000
52076  -17.197  -48.684  93.112 0.0000000000
52075  -15.431  -47.788  92.551 0.0000000000
52084  -14.809  -47.757  92.127 0.0000000000
50935  -12.461  -48.406  91.690 0.0000000000
50970  -12.630  -48.423  89.209 0.0000000000
50944  -12.283  -48.607  90.960 0.0000000000
50943  -11.394  -48.867  91.130 0.0000000000
49889  -10.518  -49.446  91.518 0.0000000000
67430  -4.996  -34.456  79.122 0.0000000000
66428  -3.552  -35.632  80.951 0.0000000000
143584  -3.669  -35.803  79.993 0.0000000000
66432  -4.154  -36.005  79.276 0.0000000000
63580  -3.386  -37.505  78.005 0.0000000000
61542  -4.749  -39.909  77.644 0.0000000000
60484  -5.641  -40.458  77.273 0.0000000000
60409  -5.162  -41.250  83.981 0.0000000000
60417  -5.976  -41.116  83.578 0.0000000000
60434  -6.722  -40.555  82.230 0.0000000000
58347  -8.076  -44.129  81.512 0.0000000000
59447  -7.508  -41.902  82.085 0.0000000000
61523  -7.258  -40.551  80.779 0.0000000000
61534  -7.068  -40.440  79.711 0.0000000000
60486  -6.989  -40.551  78.278 0.0000000000
60506  -7.634  -40.678  77.239 0.0000000000
129298  -9.336  -41.394  77.404 0.0000000000
57069  -8.181  -46.148  95.314 0.0000000000
57075  -6.959  -46.515  93.968 0.0000000000
57082  -5.716  -45.905  94.008 0.0000000000
53991  -6.876  -47.602  94.602 0.0000000000
54931  -4.988  -46.336  94.553 0.0000000000
55956  -4.413  -45.802  94.262 0.0000000000
57089  -3.078  -45.155  92.829 0.0000000000
55961  -1.773  -45.325  92.741 0.0000000000
55973  -1.907  -44.630  91.486 0.0000000000
54954  -3.220  -45.730  91.408 0.0000000000
54022  -3.676  -47.004  90.585 0.0000000000
53114  -4.367  -47.596  90.171 0.0000000000
52082  -6.166  -48.867  92.097 0.0000000000
52107  -5.671  -48.469  90.362 0.0000000000
142122  -5.262  -48.160  89.683 0.0000000000
52124  -6.464  -49.496  88.777 0.0000000000
49906  -6.983  -51.008  88.271 0.0000000000
49915  -6.901  -51.916  87.515 0.0000000000
46656  -3.864  -54.193  94.570 0.0000000000
46655  -3.367  -55.056  93.997 0.0000000000
46666  -3.890  -54.399  94.294 0.0000000000
47564  -3.647  -54.002  93.234 0.0000000000
146000  -3.707  -53.967  92.179 0.0000000000
47592  -4.063  -54.127  91.035 0.0000000000
141957  -3.767  -55.510  90.345 0.0000000000
47609  -4.488  -53.503  90.207 0.0000000000
47628  -4.872  -53.663  88.887 0.0000000000
48816  -6.056  -53.325  87.084 0.0000000000
48830  -5.889  -53.006  85.932 0.0000000000
129591  -6.626  -54.154  85.008 0.0000000000
45831  -6.803  -55.400  84.042 0.0000000000
62541  -37.130  -36.919  85.154 0.0000000000
62540  -36.255  -36.750  85.470 0.0000000000
61425  -36.001  -37.879  84.666 0.0000000000
61426  -36.653  -37.741  84.415 0.0000000000
62552  -35.409  -37.256  85.412 0.0000000000
61424  -35.332  -37.924  84.904 0.0000000000
62539  -35.531  -36.744  85.945 0.0000000000
63514  -35.340  -36.940  86.949 0.0000000000
63515  -35.878  -36.691  86.514 0.0000000000
76114  -52.852  -24.058  64.750 0.0000000000
76107  -51.707  -24.764  64.672 0.0000000000
76121  -51.267  -24.383  63.796 0.0000000000
77094  -51.812  -23.683  63.452 0.0000000000
69708  -44.734  -31.267  71.844 0.0000000000
147298  -45.323  -30.998  72.390 0.0000000000
68584  -45.037  -31.404  72.684 0.0000000000
68598  -43.770  -32.130  71.701 0.0000000000
68597  -42.964  -32.216  71.425 0.0000000000
69707  -44.139  -31.503  71.323 0.0000000000
49931  -8.076  -50.947  85.751 0.0000000000
49930  -7.824  -52.149  85.561 0.0000000000
47566  -8.583  -52.498  92.547 0.0000000000
133901  -40.744  -38.015  77.617 0.0000000000
58266  -2.068  -43.314  90.341 0.0000000000
58255  -1.910  -43.628  90.783 0.0000000000
72317  -50.518  -28.776  68.522 0.0000000000
72300  -50.895  -28.683  68.641 0.0000000000
127637  -49.157  -28.777  67.875 0.0000000000
126449  -48.211  -29.333  67.137 0.0000000000
71468  -49.009  -29.225  67.545 0.0000000000
71481  -49.608  -29.284  67.557 0.0000000000
53996  -16.532  -47.377  93.989 0.0000000000
53084  -16.517  -47.883  93.661 0.0000000000
51027  -23.837  -48.624  86.971 0.0000000000
51012  -23.195  -48.403  87.517 0.0000000000
51025  -22.587  -48.329  86.715 0.0000000000
60533  -5.584  -40.268  75.617 0.0000000000
61585  -5.205  -40.204  75.223 0.0000000000
62585  -4.011  -39.437  84.485 0.0000000000
53218  -6.048  -48.460  76.928 0.0000000000
58208  -9.247  -44.974  94.801 0.0000000000
48693  -3.773  -52.513  95.435 0.0000000000
135154  -4.272  -51.879  95.228 0.0000000000
49874  -4.213  -52.377  94.732 0.0000000000
48692  -3.698  -52.767  95.158 0.0000000000
61499  -39.371  -39.487  82.341 0.0000000000
60430  -39.665  -39.541  81.578 0.0000000000
60431  -40.144  -39.130  81.507 0.0000000000
60448  -40.217  -39.350  80.778 0.0000000000
63532  -31.092  -37.127  85.617 0.0000000000
63523  -31.065  -37.020  86.205 0.0000000000
77132  -52.797  -22.736  60.363 0.0000000000
78146  -53.503  -22.633  60.147 0.0000000000
74089  -46.631  -27.229  70.128 0.0000000000
74090  -47.474  -26.931  70.509 0.0000000000
73188  -47.704  -27.435  71.424 0.0000000000
72299  -45.617  -28.591  70.070 0.0000000000
73201  -45.817  -27.463  69.662 0.0000000000
74110  -46.378  -26.739  69.213 0.0000000000
67449  -7.088  -33.885  77.853 0.0000000000
66438  -5.878  -35.321  77.962 0.0000000000
66442  -4.828  -36.088  77.346 0.0000000000
66437  -5.140  -35.629  78.152 0.0000000000
54995  -4.612  -45.693  85.485 0.0000000000
55000  -4.805  -46.030  84.465 0.0000000000
54071  -4.816  -46.361  85.056 0.0000000000
133127  -8.847  -50.182  81.644 0.0000000000
51129  -8.436  -50.380  79.685 0.0000000000
49986  -9.049  -51.279  79.598 0.0000000000
151337  -8.928  -51.409  78.928 0.0000000000
52052  -10.280  -48.821  96.242 0.0000000000
53066  -9.655  -48.423  96.355 0.0000000000
47532  -7.767  -52.496  96.309 0.0000000000
66480  -42.606  -33.643  74.464 0.0000000000
58402  -37.831  -40.755  75.944 0.0000000000
58243  -28.971  -43.107  92.668 0.0000000000
57117  -29.015  -44.506  91.334 0.0000000000
55989  -28.675  -45.143  90.787 0.0000000000
140629  -28.774  -45.002  90.119 0.0000000000
136878  -28.135  -38.211  90.361 0.0000000000
62508  -28.754  -39.331  90.375 0.0000000000
62518  -28.361  -39.002  89.589 0.0000000000
56029  -25.578  -45.174  85.563 0.0000000000
54996  -25.650  -45.910  86.034 0.0000000000
138473  -25.768  -46.324  86.111 0.0000000000
54072  -25.429  -46.840  84.540 0.0000000000
52207  -25.423  -47.982  83.529 0.0000000000
136801  -25.066  -47.081  83.691 0.0000000000
127721  -2.698  -41.345  88.317 0.0000000000
61406  -3.142  -40.409  87.870 0.0000000000
134334  -3.247  -41.228  87.468 0.0000000000
61414  -3.310  -40.256  87.132 0.0000000000
128374  -3.243  -42.179  87.515 0.0000000000
135110  -3.342  -42.230  86.709 0.0000000000
136136  -2.857  -43.044  87.295 0.0000000000
53117  -3.281  -46.711  88.475 0.0000000000
53127  -3.721  -47.006  88.219 0.0000000000
52121  -4.382  -47.359  88.545 0.0000000000
52133  -5.067  -47.714  88.147 0.0000000000
73242  -51.317  -28.066  66.257 0.0000000000
73244  -52.591  -27.489  66.485 0.0000000000
73234  -52.307  -28.117  66.619 0.0000000000
72351  -51.119  -28.396  66.348 0.0000000000
72360  -50.418  -28.007  65.995 0.0000000000
73252  -50.645  -27.788  66.006 0.0000000000
50925  -12.328  -48.208  93.253 0.0000000000
52183  -18.029  -48.051  84.728 0.0000000000
52166  -18.064  -48.313  85.303 0.0000000000
52165  -17.383  -48.299  85.125 0.0000000000
50987  -15.637  -48.799  88.690 0.0000000000
134963  -15.588  -48.573  89.760 0.0000000000
50971  -14.348  -48.094  89.373 0.0000000000
69501  -4.791  -33.145  82.139 0.0000000000
62625  -5.192  -38.960  80.506 0.0000000000
62626  -5.809  -39.413  80.029 0.0000000000
57208  -5.883  -45.598  82.352 0.0000000000
57232  -6.334  -45.738  81.564 0.0000000000
57280  -8.413  -44.992  78.982 0.0000000000
58370  -8.739  -44.219  79.232 0.0000000000
57281  -8.936  -44.311  78.508 0.0000000000
58379  -9.626  -43.689  78.069 0.0000000000
57301  -9.365  -44.537  77.888 0.0000000000
58229  -5.287  -44.818  92.319 0.0000000000
57091  -4.173  -44.696  92.981 0.0000000000
53071  -7.000  -48.642  97.025 0.0000000000
53983  -7.460  -48.121  96.327 0.0000000000
53982  -6.907  -48.369  95.933 0.0000000000
54001  -5.670  -47.711  93.461 0.0000000000
149380  -3.993  -46.923  91.487 0.0000000000
53096  -5.789  -48.429  92.375 0.0000000000
49895  -4.855  -52.510  91.364 0.0000000000
151030  -4.936  -52.747  90.456 0.0000000000
151975  -5.427  -52.316  89.947 0.0000000000
43837  -2.261  -57.485  92.955 0.0000000000
128276  -2.348  -56.770  93.237 0.0000000000
44816  -2.530  -56.680  92.574 0.0000000000
61440  -38.927  -37.864  83.672 0.0000000000
61495  -35.472  -39.221  82.382 0.0000000000
61516  -35.902  -39.326  82.028 0.0000000000
129399  -35.779  -38.816  82.627 0.0000000000
139752  -37.523  -38.362  83.179 0.0000000000
61455  -38.553  -38.338  83.172 0.0000000000
62549  -32.717  -38.070  85.972 0.0000000000
62565  -32.837  -38.292  85.350 0.0000000000
61434  -33.182  -38.229  85.269 0.0000000000
61452  -35.669  -39.033  83.997 0.0000000000
61451  -34.616  -38.621  83.851 0.0000000000
61472  -35.348  -38.933  82.932 0.0000000000
61494  -35.078  -39.273  82.441 0.0000000000
133694  -33.717  -37.389  86.718 0.0000000000
62528  -34.047  -37.284  87.056 0.0000000000
128469  -33.137  -37.536  86.564 0.0000000000
143242  -32.876  -38.037  86.333 0.0000000000
77114  -52.523  -23.139  61.983 0.0000000000
78113  -53.654  -22.539  62.393 0.0000000000
74174  -48.244  -27.071  63.833 0.0000000000
74173  -47.731  -26.887  63.034 0.0000000000
75125  -48.410  -26.181  63.007 0.0000000000
76119  -49.855  -24.580  62.576 0.0000000000
146722  -48.628  -25.408  62.170 0.0000000000
76118  -49.327  -24.763  61.823 0.0000000000
76137  -49.021  -24.645  60.774 0.0000000000
77127  -49.696  -24.196  61.025 0.0000000000
76143  -49.769  -24.083  60.158 0.0000000000
77113  -51.831  -23.400  62.305 0.0000000000
78128  -51.504  -23.438  61.497 0.0000000000
71439  -45.386  -29.798  71.176 0.0000000000
72287  -46.474  -29.192  71.954 0.0000000000
71440  -45.895  -29.912  71.971 0.0000000000
70571  -46.921  -30.557  73.618 0.0000000000
70582  -46.783  -30.135  73.110 0.0000000000
70560  -47.205  -30.297  73.729 0.0000000000
67510  -41.055  -33.090  71.806 0.0000000000
68609  -42.098  -32.237  70.264 0.0000000000
69712  -41.511  -32.261  69.814 0.0000000000
69720  -41.779  -31.437  69.474 0.0000000000
71438  -44.994  -30.361  71.138 0.0000000000
70611  -44.468  -30.537  70.624 0.0000000000
71455  -45.434  -29.244  70.477 0.0000000000
52177  -6.083  -48.549  84.635 0.0000000000
128800  -8.519  -51.188  84.271 0.0000000000
140361  -8.375  -50.012  84.021 0.0000000000
51059  -8.788  -50.600  83.522 0.0000000000
51076  -9.020  -50.236  82.709 0.0000000000
49945  -9.032  -51.202  82.992 0.0000000000
48875  -8.923  -51.989  82.349 0.0000000000
48862  -8.651  -52.204  83.229 0.0000000000
47712  -7.374  -53.767  84.115 0.0000000000
47732  -7.682  -54.101  83.291 0.0000000000
46759  -7.373  -54.816  82.882 0.0000000000
46758  -6.986  -55.039  83.334 0.0000000000
49871  -8.892  -50.430  94.457 0.0000000000
49868  -8.684  -50.174  95.069 0.0000000000
60528  -40.294  -39.879  76.949 0.0000000000
60545  -40.273  -39.970  76.057 0.0000000000
61580  -40.268  -39.609  76.653 0.0000000000
63611  -39.221  -38.760  74.928 0.0000000000
63602  -39.492  -37.796  75.007 0.0000000000
64547  -39.986  -37.328  75.825 0.0000000000
143799  -41.336  -36.569  76.605 0.0000000000
60302  -28.872  -41.137  93.897 0.0000000000
136408  -29.077  -40.861  93.666 0.0000000000
61421  -28.320  -39.829  86.638 0.0000000000
61422  -27.947  -40.581  86.884 0.0000000000
136507  -26.905  -40.680  86.452 0.0000000000
77162  -52.523  -22.611  56.409 0.0000000000
78185  -52.217  -22.486  56.109 0.0000000000
78180  -52.912  -22.556  55.881 0.0000000000
79247  -53.237  -21.794  56.122 0.0000000000
79256  -53.115  -21.445  55.922 0.0000000000
80277  -53.522  -20.536  55.535 0.0000000000
80278  -54.496  -20.242  55.864 0.0000000000
59371  -2.283  -42.266  89.233 0.0000000000
59384  -2.037  -43.274  88.400 0.0000000000
58282  -2.268  -43.269  89.008 0.0000000000
57124  -2.230  -44.049  89.463 0.0000000000
55995  -2.384  -44.643  89.140 0.0000000000
145688  -3.280  -45.852  89.171 0.0000000000
71494  -50.911  -29.128  66.884 0.0000000000
72330  -51.635  -28.723  67.695 0.0000000000
71471  -50.978  -29.007  67.874 0.0000000000
130971  -45.795  -30.745  65.698 0.0000000000
69728  -46.894  -30.027  66.205 0.0000000000
69739  -46.034  -30.814  65.680 0.0000000000
69740  -46.571  -30.704  65.668 0.0000000000
69756  -46.558  -30.925  65.372 0.0000000000
68662  -46.656  -30.891  64.814 0.0000000000
69757  -47.072  -30.250  65.519 0.0000000000
70630  -50.140  -29.434  67.330 0.0000000000
152641  -49.117  -29.438  66.590 0.0000000000
70647  -50.309  -29.312  67.055 0.0000000000
70659  -50.415  -28.990  66.713 0.0000000000
134652  -15.009  -47.095  94.751 0.0000000000
52065  -14.930  -47.636  93.399 0.0000000000
52068  -14.066  -47.660  93.318 0.0000000000
52074  -14.449  -47.656  92.795 0.0000000000
140775  -13.954  -48.247  87.434 0.0000000000
51020  -13.419  -48.312  86.578 0.0000000000
65470  -3.358  -36.421  83.163 0.0000000000
144116  -3.445  -36.428  82.504 0.0000000000
135500  -3.414  -37.099  83.018 0.0000000000
62600  -4.729  -38.452  83.221 0.0000000000
62611  -4.739  -38.148  82.173 0.0000000000
62601  -5.127  -39.011  82.805 0.0000000000
54106  -5.528  -47.444  78.838 0.0000000000
55033  -5.773  -46.670  79.418 0.0000000000
54105  -5.581  -47.011  78.720 0.0000000000
55053  -6.473  -47.270  77.721 0.0000000000
56118  -6.834  -46.712  78.192 0.0000000000
55054  -7.095  -47.035  77.478 0.0000000000
56119  -7.493  -46.541  78.098 0.0000000000
54119  -7.218  -47.324  76.675 0.0000000000
57083  -7.051  -46.155  93.725 0.0000000000
130121  -5.832  -50.333  96.906 0.0000000000
50912  -5.464  -50.902  96.118 0.0000000000
50916  -4.313  -51.408  95.068 0.0000000000
49890  -4.644  -52.340  92.137 0.0000000000
48727  -4.524  -52.761  92.353 0.0000000000
59482  -37.543  -40.280  77.566 0.0000000000
59469  -38.098  -40.224  78.237 0.0000000000
60443  -37.430  -39.427  80.754 0.0000000000
60457  -37.011  -39.786  79.921 0.0000000000
60478  -39.089  -40.236  79.714 0.0000000000
60477  -38.452  -40.188  79.522 0.0000000000
59458  -38.693  -40.080  78.937 0.0000000000
59471  -38.786  -40.202  78.520 0.0000000000
59472  -39.113  -40.207  78.497 0.0000000000
59473  -39.618  -40.003  78.400 0.0000000000
60495  -39.718  -39.922  79.134 0.0000000000
60496  -40.699  -39.563  79.044 0.0000000000
61491  -32.464  -38.630  83.115 0.0000000000
64429  -30.140  -36.141  91.405 0.0000000000
64428  -29.097  -36.707  91.237 0.0000000000
144611  -29.836  -35.807  90.352 0.0000000000
64450  -33.175  -36.569  89.158 0.0000000000
64449  -32.511  -36.181  89.063 0.0000000000
64459  -29.794  -36.482  87.599 0.0000000000
147090  -30.445  -36.345  88.282 0.0000000000
64458  -28.750  -36.518  88.083 0.0000000000
64445  -28.274  -37.218  88.571 0.0000000000
64457  -28.259  -37.242  87.697 0.0000000000
63510  -28.048  -38.048  87.368 0.0000000000
64467  -28.131  -37.344  86.906 0.0000000000
62563  -27.366  -38.585  85.293 0.0000000000
80250  -55.328  -21.180  59.025 0.0000000000
76145  -50.499  -23.759  59.048 0.0000000000
76159  -50.062  -24.113  58.578 0.0000000000
76162  -51.659  -23.535  58.336 0.0000000000
76161  -51.168  -23.671  58.367 0.0000000000
76171  -51.235  -23.671  57.715 0.0000000000
76172  -51.744  -23.437  57.682 0.0000000000
76180  -52.032  -23.084  57.060 0.0000000000
77156  -52.412  -23.154  57.772 0.0000000000
79226  -54.566  -21.829  58.618 0.0000000000
75073  -49.368  -26.530  69.724 0.0000000000
74072  -49.131  -26.529  71.986 0.0000000000
74073  -49.756  -26.269  71.961 0.0000000000
72275  -47.449  -28.690  72.682 0.0000000000
72276  -47.948  -28.108  72.772 0.0000000000
71465  -42.195  -30.296  68.844 0.0000000000
70625  -41.597  -29.871  67.948 0.0000000000
71477  -42.699  -29.286  68.060 0.0000000000
72325  -43.984  -28.462  67.227 0.0000000000
72340  -44.594  -28.685  66.657 0.0000000000
73233  -45.068  -28.456  66.918 0.0000000000
75071  -47.124  -26.566  68.913 0.0000000000
74131  -46.828  -27.352  67.855 0.0000000000
74126  -47.312  -26.875  68.370 0.0000000000
74127  -48.234  -27.247  68.377 0.0000000000
52205  -21.169  -47.870  83.259 0.0000000000
52223  -19.826  -47.653  83.058 0.0000000000
66455  -4.358  -35.309  75.517 0.0000000000
147570  -3.541  -37.336  76.936 0.0000000000
65498  -3.883  -36.817  76.273 0.0000000000
63588  -3.617  -37.889  76.375 0.0000000000
62670  -4.101  -39.171  75.983 0.0000000000
61559  -4.024  -39.130  76.829 0.0000000000
139720  -3.937  -42.711  84.930 0.0000000000
56036  -4.857  -45.871  83.923 0.0000000000
56044  -5.100  -45.822  83.379 0.0000000000
57207  -5.481  -45.724  82.811 0.0000000000
55013  -5.653  -46.810  82.444 0.0000000000
147288  -5.980  -48.695  83.230 0.0000000000
53172  -4.933  -47.655  83.297 0.0000000000
52216  -5.623  -48.472  83.015 0.0000000000
52254  -6.495  -48.732  80.816 0.0000000000
53182  -6.132  -47.784  81.942 0.0000000000
52253  -6.093  -48.160  81.242 0.0000000000
54093  -6.106  -47.219  81.696 0.0000000000
53190  -5.724  -47.939  80.728 0.0000000000
53198  -5.502  -47.737  79.897 0.0000000000
51148  -7.398  -49.775  78.756 0.0000000000
52281  -6.872  -49.375  78.322 0.0000000000
47750  -9.039  -53.522  81.278 0.0000000000
47764  -9.060  -53.409  80.183 0.0000000000
47763  -8.807  -54.345  80.564 0.0000000000
55942  -9.604  -45.840  96.391 0.0000000000
151881  -9.383  -46.314  97.282 0.0000000000
53059  -8.725  -48.630  97.299 0.0000000000
53977  -8.609  -47.617  97.263 0.0000000000
53058  -8.358  -48.374  97.179 0.0000000000
128628  -7.896  -48.440  97.112 0.0000000000
53064  -7.764  -48.922  97.543 0.0000000000
50908  -8.895  -49.809  96.305 0.0000000000
49864  -8.609  -50.631  96.201 0.0000000000
48676  -7.367  -51.557  97.143 0.0000000000
49859  -8.085  -50.383  97.281 0.0000000000
49858  -7.354  -50.664  97.798 0.0000000000
50900  -7.151  -49.991  98.149 0.0000000000
133723  -6.585  -50.627  97.935 0.0000000000
50899  -5.912  -50.627  97.676 0.0000000000
49857  -6.028  -51.347  97.481 0.0000000000
47529  -5.762  -52.602  96.499 0.0000000000
48673  -5.616  -51.764  96.915 0.0000000000
47528  -4.861  -52.717  96.132 0.0000000000
48678  -4.525  -52.450  95.932 0.0000000000
148185  -44.503  -32.196  73.158 0.0000000000
67490  -44.192  -32.653  73.654 0.0000000000
61602  -39.407  -39.951  74.964 0.0000000000
59516  -39.008  -40.308  74.945 0.0000000000
60577  -38.848  -40.143  74.023 0.0000000000
149545  -40.427  -34.064  73.593 0.0000000000
66497  -39.542  -34.631  73.315 0.0000000000
66510  -39.790  -34.273  72.390 0.0000000000
136286  -42.628  -32.905  73.197 0.0000000000
66512  -41.959  -33.167  72.831 0.0000000000
67499  -43.309  -32.516  72.664 0.0000000000
54027  -27.592  -46.759  89.572 0.0000000000
54026  -27.144  -47.297  89.826 0.0000000000
53120  -26.359  -47.488  88.752 0.0000000000
149743  -25.199  -48.322  88.185 0.0000000000
53119  -25.641  -47.808  88.324 0.0000000000
61389  -29.182  -40.233  90.344 0.0000000000
144383  -29.261  -40.479  91.181 0.0000000000
60351  -29.252  -41.212  90.548 0.0000000000
138025  -29.449  -41.892  91.159 0.0000000000
130882  -29.361  -42.163  90.314 0.0000000000
151368  -27.028  -41.709  87.884 0.0000000000
59407  -27.244  -42.218  88.435 0.0000000000
57138  -28.019  -44.571  87.376 0.0000000000
58295  -27.452  -43.120  88.589 0.0000000000
57139  -27.521  -43.883  88.610 0.0000000000
57133  -27.865  -44.105  89.242 0.0000000000
56003  -28.073  -44.609  87.994 0.0000000000
55999  -28.240  -45.351  88.037 0.0000000000
52171  -25.443  -47.704  85.276 0.0000000000
53134  -25.816  -47.032  86.687 0.0000000000
52170  -25.278  -48.063  85.592 0.0000000000
51041  -24.929  -48.283  86.229 0.0000000000
51052  -24.531  -48.339  85.022 0.0000000000
51050  -23.399  -48.023  84.747 0.0000000000
148843  -23.699  -48.251  83.889 0.0000000000
134390  -23.482  -48.629  81.802 0.0000000000
51081  -23.006  -48.671  82.400 0.0000000000
81263  -53.944  -19.886  54.905 0.0000000000
81272  -53.608  -19.694  53.856 0.0000000000
82231  -54.375  -19.431  54.284 0.0000000000
142677  -54.971  -19.121  52.129 0.0000000000
64492  -3.395  -37.065  85.185 0.0000000000
63537  -3.618  -37.637  84.860 0.0000000000
151714  -3.652  -38.368  85.448 0.0000000000
64464  -2.080  -37.661  87.488 0.0000000000
61427  -3.194  -40.764  86.058 0.0000000000
129393  -3.215  -39.106  86.620 0.0000000000
130979  -3.306  -40.649  85.777 0.0000000000
140267  -3.255  -40.879  85.876 0.0000000000
60399  -3.392  -41.322  85.864 0.0000000000
58315  -3.052  -43.400  86.602 0.0000000000
57165  -3.676  -44.507  86.041 0.0000000000
151980  -3.265  -44.484  86.508 0.0000000000
57134  -1.750  -44.545  87.521 0.0000000000
58296  -1.760  -44.260  87.032 0.0000000000
57144  -1.912  -44.942  87.162 0.0000000000
54040  -3.503  -46.318  87.778 0.0000000000
134630  -3.261  -45.845  87.758 0.0000000000
54041  -3.965  -46.452  87.352 0.0000000000
143585  -4.105  -45.868  86.876 0.0000000000
131906  -4.320  -46.940  86.898 0.0000000000
53139  -4.795  -47.661  85.867 0.0000000000
141802  -4.996  -47.790  86.392 0.0000000000
135863  -5.560  -48.731  87.496 0.0000000000
138256  -5.844  -48.823  86.596 0.0000000000
52147  -6.642  -49.291  86.856 0.0000000000
51002  -6.896  -49.721  87.335 0.0000000000
75112  -51.501  -26.064  65.777 0.0000000000
75113  -52.346  -25.142  65.739 0.0000000000
68572  -45.921  -31.269  73.410 0.0000000000
69778  -47.099  -30.140  63.827 0.0000000000
69782  -46.963  -30.055  63.240 0.0000000000
69779  -47.380  -29.682  64.171 0.0000000000
134091  -48.695  -28.406  64.020 0.0000000000
71522  -47.467  -29.359  62.905 0.0000000000
72371  -48.148  -28.830  63.591 0.0000000000
72370  -47.550  -29.548  63.121 0.0000000000
133244  -48.102  -28.614  63.934 0.0000000000
74161  -50.954  -26.983  65.958 0.0000000000
75110  -50.098  -26.764  65.367 0.0000000000
75119  -51.246  -25.413  65.186 0.0000000000
55938  -11.565  -46.413  96.594 0.0000000000
54916  -11.576  -46.903  96.705 0.0000000000
53068  -11.209  -48.021  96.707 0.0000000000
53073  -12.102  -48.384  96.555 0.0000000000
53988  -13.684  -47.423  95.457 0.0000000000
54923  -13.418  -46.940  95.629 0.0000000000
53077  -13.040  -48.030  95.487 0.0000000000
52062  -11.938  -48.447  94.833 0.0000000000
50915  -11.199  -48.801  95.049 0.0000000000
50918  -10.580  -49.327  94.524 0.0000000000
49883  -10.523  -49.401  92.508 0.0000000000
49882  -10.209  -50.008  93.108 0.0000000000
142683  -10.010  -50.467  92.651 0.0000000000
48729  -9.483  -51.298  92.327 0.0000000000
52169  -20.890  -48.310  85.097 0.0000000000
141832  -20.383  -48.428  86.097 0.0000000000
52151  -18.752  -48.595  86.858 0.0000000000
51022  -19.659  -48.818  87.169 0.0000000000
152354  -19.895  -49.882  88.486 0.0000000000
144432  -19.386  -49.213  88.539 0.0000000000
52149  -16.660  -48.551  86.464 0.0000000000
50988  -16.923  -48.897  88.888 0.0000000000
51006  -17.487  -48.870  88.270 0.0000000000
50989  -17.768  -48.753  89.092 0.0000000000
50990  -18.656  -49.084  89.189 0.0000000000
50974  -17.891  -49.265  89.686 0.0000000000
50961  -18.308  -49.955  90.647 0.0000000000
133346  -17.922  -49.767  90.176 0.0000000000
50946  -17.037  -49.671  91.372 0.0000000000
52086  -16.836  -48.921  91.873 0.0000000000
52087  -17.231  -49.047  92.541 0.0000000000
142030  -16.315  -48.277  92.663 0.0000000000
52085  -16.039  -48.295  91.963 0.0000000000
52100  -14.503  -48.099  91.430 0.0000000000
52083  -13.572  -47.954  91.966 0.0000000000
52099  -13.321  -48.232  91.285 0.0000000000
50985  -12.442  -48.752  88.137 0.0000000000
140125  -11.342  -49.483  89.906 0.0000000000
50955  -11.387  -49.232  90.457 0.0000000000
49894  -10.571  -49.696  90.534 0.0000000000
69523  -5.676  -33.029  80.907 0.0000000000
145429  -5.979  -33.021  80.246 0.0000000000
68441  -5.915  -33.448  79.627 0.0000000000
68450  -5.005  -33.754  79.499 0.0000000000
65483  -3.501  -36.218  81.670 0.0000000000
67417  -3.515  -35.184  81.900 0.0000000000
66427  -3.523  -35.878  81.039 0.0000000000
64519  -3.232  -37.116  79.774 0.0000000000
65486  -3.305  -36.779  79.901 0.0000000000
65487  -3.514  -36.481  79.557 0.0000000000
65490  -3.369  -36.819  79.084 0.0000000000
64520  -3.313  -37.005  78.612 0.0000000000
148005  -3.294  -37.243  79.043 0.0000000000
62640  -5.763  -39.686  78.658 0.0000000000
129877  -4.793  -39.391  78.614 0.0000000000
142930  -5.142  -40.037  78.041 0.0000000000
61561  -5.161  -40.407  77.223 0.0000000000
61543  -5.642  -40.311  77.929 0.0000000000
59437  -5.004  -42.109  84.515 0.0000000000
59445  -6.423  -41.895  83.586 0.0000000000
60418  -6.615  -41.221  83.026 0.0000000000
60419  -7.105  -41.271  82.465 0.0000000000
57258  -6.994  -45.554  80.373 0.0000000000
57234  -7.680  -45.147  81.081 0.0000000000
58344  -8.180  -42.685  81.629 0.0000000000
60436  -7.919  -41.312  81.167 0.0000000000
60435  -7.277  -40.814  81.723 0.0000000000
60450  -7.746  -40.872  80.206 0.0000000000
60467  -9.124  -41.779  79.192 0.0000000000
126315  -8.852  -41.070  78.676 0.0000000000
131997  -7.438  -40.644  77.908 0.0000000000
129193  -8.308  -40.809  77.986 0.0000000000
133736  -8.543  -40.952  77.279 0.0000000000
148882  -9.081  -41.067  77.973 0.0000000000
58225  -2.272  -43.460  92.105 0.0000000000
125755  -8.479  -45.619  96.537 0.0000000000
57070  -8.463  -45.799  95.451 0.0000000000
151262  -7.955  -45.948  95.869 0.0000000000
133632  -7.487  -46.733  94.486 0.0000000000
55946  -7.670  -46.618  94.460 0.0000000000
55953  -6.552  -46.556  93.977 0.0000000000
53986  -6.792  -48.312  95.267 0.0000000000
53990  -6.606  -48.052  94.615 0.0000000000
132284  -6.126  -47.299  94.233 0.0000000000
57090  -3.921  -45.154  93.570 0.0000000000
55963  -3.488  -45.886  93.588 0.0000000000
54935  -1.919  -46.213  92.801 0.0000000000
55962  -2.296  -45.787  93.134 0.0000000000
57102  -1.654  -44.675  92.093 0.0000000000
55974  -1.725  -45.477  92.318 0.0000000000
55984  -2.527  -45.112  91.587 0.0000000000
54017  -3.944  -46.929  91.201 0.0000000000
53102  -4.050  -47.318  90.751 0.0000000000
53108  -3.956  -47.476  90.240 0.0000000000
53109  -4.469  -47.624  90.496 0.0000000000
50954  -6.617  -50.482  90.915 0.0000000000
52108  -6.310  -49.252  90.994 0.0000000000
52116  -5.769  -48.795  89.532 0.0000000000
52123  -5.706  -49.059  88.843 0.0000000000
128987  -6.326  -49.269  89.342 0.0000000000
50982  -6.813  -50.329  88.752 0.0000000000
133402  -6.530  -51.932  88.285 0.0000000000
48800  -6.241  -52.728  87.801 0.0000000000
143579  -3.834  -54.927  94.273 0.0000000000
45730  -2.761  -56.169  93.705 0.0000000000
45721  -3.097  -56.093  93.925 0.0000000000
130327  -3.074  -55.758  93.679 0.0000000000
46665  -3.399  -55.259  93.648 0.0000000000
47554  -3.756  -54.423  93.926 0.0000000000
47563  -3.437  -54.784  93.519 0.0000000000
46688  -3.116  -55.404  91.875 0.0000000000
47582  -3.376  -54.741  92.093 0.0000000000
47583  -3.807  -54.048  91.689 0.0000000000
46689  -3.413  -54.938  91.530 0.0000000000
47608  -4.196  -54.516  90.443 0.0000000000
130746  -4.566  -54.020  89.763 0.0000000000
48779  -4.480  -53.426  89.471 0.0000000000
47627  -4.595  -54.430  89.069 0.0000000000
47647  -5.538  -54.061  87.790 0.0000000000
47666  -5.982  -53.974  86.805 0.0000000000
47667  -5.354  -53.391  85.890 0.0000000000
132670  -5.017  -53.064  85.862 0.0000000000
47684  -5.742  -53.083  85.721 0.0000000000
62566  -37.470  -37.675  84.325 0.0000000000
62555  -37.763  -37.373  84.569 0.0000000000
63517  -37.368  -36.648  85.442 0.0000000000
150051  -36.036  -38.967  84.101 0.0000000000
61453  -36.022  -38.899  83.708 0.0000000000
61437  -36.342  -38.466  84.075 0.0000000000
61438  -37.068  -38.094  83.864 0.0000000000
61423  -33.748  -37.878  85.369 0.0000000000
141107  -34.648  -37.981  84.943 0.0000000000
63495  -34.815  -37.248  88.104 0.0000000000
63504  -35.187  -37.299  87.528 0.0000000000
62529  -34.718  -37.072  87.068 0.0000000000
64461  -36.755  -37.353  87.910 0.0000000000
77095  -52.356  -23.343  63.097 0.0000000000
144630  -53.011  -23.539  63.767 0.0000000000
75117  -49.535  -25.572  64.049 0.0000000000
76112  -49.845  -24.915  63.352 0.0000000000
77092  -50.445  -24.070  62.419 0.0000000000
77112  -50.841  -23.657  61.775 0.0000000000
77093  -51.132  -23.802  62.758 0.0000000000
70599  -45.691  -30.502  72.251 0.0000000000
69696  -46.022  -30.744  72.833 0.0000000000
69681  -46.749  -30.768  73.604 0.0000000000
68596  -42.198  -32.554  71.094 0.0000000000
68610  -42.763  -32.060  70.648 0.0000000000
147578  -43.155  -31.582  70.508 0.0000000000
69714  -43.698  -31.283  70.725 0.0000000000
70597  -44.562  -30.832  71.253 0.0000000000
52162  -7.504  -49.364  84.963 0.0000000000
48861  -8.406  -52.347  83.992 0.0000000000
48860  -7.684  -53.165  84.423 0.0000000000
47699  -6.762  -53.486  84.812 0.0000000000
48704  -8.622  -51.536  93.569 0.0000000000
47556  -8.294  -52.312  93.361 0.0000000000
61581  -40.431  -39.030  77.322 0.0000000000
61591  -40.192  -39.323  76.621 0.0000000000
62673  -40.420  -38.623  77.196 0.0000000000
63596  -40.275  -37.822  76.469 0.0000000000
64540  -41.017  -37.276  76.838 0.0000000000
64530  -41.740  -36.562  77.158 0.0000000000
63456  -28.776  -38.400  94.178 0.0000000000
60406  -26.563  -41.013  85.023 0.0000000000
79240  -53.898  -21.418  56.860 0.0000000000
79239  -53.071  -21.821  56.076 0.0000000000
80270  -56.183  -20.465  56.904 0.0000000000
60352  -2.307  -42.513  89.957 0.0000000000
133027  -2.235  -43.083  89.791 0.0000000000
55990  -2.532  -44.331  89.967 0.0000000000
71470  -50.586  -29.174  67.999 0.0000000000
72318  -50.844  -28.861  68.279 0.0000000000
134940  -50.649  -28.996  68.236 0.0000000000
73203  -51.236  -28.174  69.172 0.0000000000
72328  -47.667  -29.210  67.025 0.0000000000
71478  -46.846  -30.057  66.340 0.0000000000
71479  -47.308  -29.726  66.870 0.0000000000
133538  -47.855  -29.402  66.930 0.0000000000
70627  -47.634  -29.640  66.697 0.0000000000
70644  -47.913  -29.618  66.524 0.0000000000
70628  -48.710  -29.395  67.005 0.0000000000
70629  -49.674  -29.407  67.260 0.0000000000
53081  -15.724  -47.443  93.959 0.0000000000
53083  -15.684  -47.713  93.454 0.0000000000
50996  -24.813  -48.376  88.691 0.0000000000
63595  -4.298  -38.953  75.050 0.0000000000
140341  -4.440  -38.730  74.382 0.0000000000
62678  -4.846  -39.935  74.786 0.0000000000
63546  -3.663  -37.505  83.905 0.0000000000
62586  -4.351  -39.206  83.872 0.0000000000
53211  -6.040  -48.254  77.576 0.0000000000
138090  -5.869  -47.503  78.263 0.0000000000
53217  -5.981  -47.954  77.423 0.0000000000
54118  -6.193  -47.785  76.993 0.0000000000
54127  -6.306  -47.901  76.068 0.0000000000
58215  -8.420  -45.366  93.530 0.0000000000
58206  -8.172  -45.746  94.190 0.0000000000
50905  -4.923  -51.348  95.977 0.0000000000
50911  -4.592  -51.398  95.457 0.0000000000
50921  -4.301  -51.481  94.931 0.0000000000
50926  -4.630  -51.633  94.382 0.0000000000
49875  -4.375  -51.843  94.536 0.0000000000
49879  -4.404  -52.456  93.927 0.0000000000
48714  -4.250  -53.315  93.430 0.0000000000
60428  -38.422  -39.797  81.706 0.0000000000
60444  -38.221  -40.011  81.028 0.0000000000
60445  -38.803  -40.218  81.218 0.0000000000
60446  -39.421  -40.079  80.922 0.0000000000
125818  -39.737  -40.077  79.928 0.0000000000
60479  -40.018  -39.932  79.730 0.0000000000
145815  -40.170  -39.895  80.075 0.0000000000
61492  -33.469  -39.123  82.380 0.0000000000
63500  -32.351  -36.993  87.508 0.0000000000
64460  -31.581  -36.270  88.469 0.0000000000
63511  -30.994  -36.971  86.904 0.0000000000
64479  -29.795  -36.820  86.715 0.0000000000
64478  -28.805  -36.995  86.469 0.0000000000
64477  -28.199  -37.458  86.236 0.0000000000
64485  -28.827  -36.963  85.703 0.0000000000
77143  -51.578  -23.280  60.034 0.0000000000
76146  -51.047  -23.605  59.075 0.0000000000
77150  -52.237  -23.352  59.016 0.0000000000
77151  -52.807  -22.998  58.674 0.0000000000
135078  -53.321  -22.681  59.371 0.0000000000
79213  -54.106  -22.452  59.494 0.0000000000
75056  -47.984  -26.491  69.979 0.0000000000
75057  -48.763  -26.337  70.276 0.0000000000
74091  -48.265  -26.615  70.831 0.0000000000
73178  -48.598  -27.347  72.427 0.0000000000
72313  -43.173  -29.063  68.560 0.0000000000
72315  -44.634  -28.278  68.726 0.0000000000
73216  -45.294  -27.879  68.181 0.0000000000
73223  -45.597  -28.190  67.226 0.0000000000
74109  -45.789  -27.244  68.761 0.0000000000
52225  -21.350  -48.160  82.479 0.0000000000
66446  -4.669  -35.848  76.289 0.0000000000
66447  -5.196  -35.472  76.628 0.0000000000
66441  -4.379  -36.412  76.898 0.0000000000
137733  -3.766  -36.882  77.222 0.0000000000
57177  -4.453  -44.203  85.141 0.0000000000
131710  -4.614  -45.391  84.909 0.0000000000
55006  -4.741  -46.339  83.578 0.0000000000
51074  -7.647  -49.159  82.212 0.0000000000
52217  -6.375  -48.640  82.520 0.0000000000
51073  -7.045  -48.903  81.706 0.0000000000
51108  -7.282  -49.308  80.693 0.0000000000
52255  -6.648  -49.170  79.997 0.0000000000
51128  -7.491  -49.719  79.697 0.0000000000
138549  -7.988  -50.173  79.028 0.0000000000
51149  -7.846  -50.396  78.355 0.0000000000
49999  -8.747  -51.676  78.400 0.0000000000
48940  -8.875  -52.538  78.383 0.0000000000
53979  -9.661  -47.547  96.620 0.0000000000
54913  -9.464  -46.972  96.896 0.0000000000
53061  -9.339  -48.031  96.737 0.0000000000
53060  -9.017  -48.620  96.888 0.0000000000
52046  -8.798  -49.038  97.495 0.0000000000
48686  -8.234  -52.267  96.039 0.0000000000
49863  -8.279  -50.965  96.680 0.0000000000
48682  -7.971  -51.821  96.602 0.0000000000
148455  -7.474  -52.212  96.692 0.0000000000
48681  -6.797  -52.106  96.898 0.0000000000
48675  -6.314  -51.832  97.110 0.0000000000
47527  -6.195  -52.315  96.796 0.0000000000
67472  -42.959  -33.297  73.945 0.0000000000
136287  -43.690  -33.170  74.210 0.0000000000
137824  -43.789  -33.324  74.858 0.0000000000
61616  -38.871  -39.734  73.605 0.0000000000
65532  -40.355  -35.082  75.150 0.0000000000
66478  -40.942  -34.227  74.276 0.0000000000
66499  -41.353  -33.564  73.384 0.0000000000
55988  -28.181  -45.632  91.269 0.0000000000
54958  -28.097  -46.267  90.084 0.0000000000
54030  -27.361  -46.534  88.750 0.0000000000
63481  -29.044  -37.847  91.663 0.0000000000
62491  -29.235  -38.805  92.133 0.0000000000
63489  -28.886  -38.761  91.149 0.0000000000
61397  -29.129  -40.633  89.723 0.0000000000
58309  -26.431  -43.317  86.448 0.0000000000
58301  -26.763  -43.771  87.289 0.0000000000
57156  -26.470  -44.289  86.770 0.0000000000
56021  -26.420  -45.081  87.142 0.0000000000
54988  -26.868  -45.467  87.150 0.0000000000
54976  -27.898  -45.525  86.862 0.0000000000
54987  -25.905  -46.075  86.828 0.0000000000
54063  -25.686  -46.743  85.577 0.0000000000
52188  -25.391  -47.859  84.363 0.0000000000
51065  -24.355  -48.372  83.512 0.0000000000
51084  -25.010  -48.315  83.390 0.0000000000
128275  -25.056  -48.303  82.487 0.0000000000
79263  -50.943  -21.777  55.146 0.0000000000
63507  -2.859  -38.746  87.462 0.0000000000
63519  -2.895  -38.417  87.009 0.0000000000
62542  -3.216  -39.358  87.031 0.0000000000
145152  -3.323  -40.788  86.640 0.0000000000
59427  -3.451  -42.149  86.200 0.0000000000
58306  -2.151  -43.901  86.714 0.0000000000
54961  -2.733  -45.294  88.118 0.0000000000
54966  -3.111  -45.755  87.945 0.0000000000
53126  -3.420  -46.602  88.110 0.0000000000
52144  -4.159  -47.220  87.829 0.0000000000
52145  -4.946  -47.620  87.366 0.0000000000
141055  -5.300  -48.272  87.595 0.0000000000
52135  -6.018  -49.073  88.162 0.0000000000
74162  -51.737  -26.811  65.974 0.0000000000
75107  -52.545  -25.975  66.186 0.0000000000
74153  -52.207  -26.963  66.150 0.0000000000
74141  -53.101  -27.252  66.719 0.0000000000
70670  -48.810  -28.691  65.167 0.0000000000
70673  -48.277  -28.412  64.299 0.0000000000
71511  -49.538  -28.225  65.324 0.0000000000
71516  -49.025  -28.153  64.338 0.0000000000
72363  -49.547  -28.174  64.246 0.0000000000
73256  -49.362  -28.199  64.114 0.0000000000
73251  -49.915  -27.998  64.913 0.0000000000
54920  -12.783  -46.794  95.884 0.0000000000
53080  -13.381  -47.753  94.414 0.0000000000
52060  -12.923  -48.245  95.122 0.0000000000
52063  -12.717  -48.023  94.456 0.0000000000
50920  -12.100  -48.254  94.013 0.0000000000
50923  -10.671  -49.272  93.910 0.0000000000
52184  -19.539  -48.115  84.775 0.0000000000
52167  -19.290  -48.396  85.582 0.0000000000
142234  -18.496  -48.517  85.870 0.0000000000
52136  -16.036  -48.605  87.181 0.0000000000
137005  -16.246  -49.078  88.751 0.0000000000
152758  -16.619  -49.069  89.309 0.0000000000
134483  -17.106  -49.750  90.058 0.0000000000
50973  -16.671  -49.310  89.709 0.0000000000
133030  -16.368  -49.243  90.157 0.0000000000
50945  -16.282  -48.887  90.798 0.0000000000
52101  -15.708  -48.255  91.388 0.0000000000
50984  -11.736  -49.377  88.579 0.0000000000
49897  -9.960  -50.561  90.062 0.0000000000
62623  -4.247  -37.666  81.534 0.0000000000
64512  -3.636  -36.897  81.042 0.0000000000
141551  -3.668  -37.267  80.920 0.0000000000
147297  -3.448  -37.693  80.208 0.0000000000
63573  -3.665  -38.252  79.652 0.0000000000
62632  -3.573  -38.316  78.837 0.0000000000
62634  -5.339  -39.297  79.466 0.0000000000
62635  -6.135  -39.622  79.256 0.0000000000
57191  -6.326  -44.112  83.742 0.0000000000
58342  -6.878  -43.835  82.888 0.0000000000
58357  -8.229  -44.669  80.605 0.0000000000
57260  -8.283  -44.904  79.772 0.0000000000
58358  -8.714  -44.043  80.093 0.0000000000
58349  -9.024  -43.026  80.278 0.0000000000
59450  -8.855  -42.011  80.014 0.0000000000
59453  -9.301  -42.686  79.547 0.0000000000
59465  -9.549  -42.413  78.874 0.0000000000
58372  -9.824  -42.678  78.197 0.0000000000
54919  -7.806  -46.502  96.512 0.0000000000
55939  -7.828  -46.268  95.934 0.0000000000
54918  -7.805  -47.083  95.996 0.0000000000
126661  -6.108  -48.181  94.320 0.0000000000
54937  -3.873  -46.183  93.378 0.0000000000
54936  -3.108  -47.044  92.777 0.0000000000
54948  -2.280  -46.951  92.592 0.0000000000
54010  -2.526  -46.989  92.003 0.0000000000
54011  -2.921  -47.162  92.061 0.0000000000
50942  -6.275  -51.206  92.235 0.0000000000
49892  -6.258  -51.307  91.477 0.0000000000
133842  -6.699  -50.708  90.229 0.0000000000
50968  -6.699  -50.235  89.423 0.0000000000
49899  -6.330  -51.572  89.774 0.0000000000
49904  -5.645  -52.385  89.363 0.0000000000
140431  -2.540  -56.160  93.445 0.0000000000
46677  -3.118  -55.412  93.248 0.0000000000
45743  -2.748  -55.818  93.113 0.0000000000
45758  -2.753  -56.033  92.303 0.0000000000
45768  -2.754  -56.030  91.439 0.0000000000
46725  -4.680  -55.131  88.185 0.0000000000
60441  -35.165  -39.896  80.969 0.0000000000
146331  -35.853  -39.610  80.217 0.0000000000
60442  -35.887  -39.535  81.254 0.0000000000
61517  -36.683  -39.080  81.429 0.0000000000
61473  -36.128  -38.634  83.039 0.0000000000
61474  -37.018  -38.468  82.514 0.0000000000
61497  -37.791  -38.972  81.936 0.0000000000
61498  -38.647  -39.486  82.236 0.0000000000
61476  -39.007  -39.034  82.786 0.0000000000
62564  -31.933  -37.803  85.217 0.0000000000
62579  -32.486  -38.305  84.910 0.0000000000
61469  -33.250  -38.514  83.577 0.0000000000
141974  -33.884  -38.289  84.426 0.0000000000
129643  -34.017  -38.466  83.754 0.0000000000
61470  -33.857  -38.820  83.088 0.0000000000
60426  -34.796  -39.603  81.764 0.0000000000
63493  -33.233  -36.881  88.481 0.0000000000
63502  -33.559  -37.178  87.552 0.0000000000
137215  -32.962  -37.098  87.805 0.0000000000
62535  -32.743  -37.545  86.553 0.0000000000
63524  -32.019  -37.603  85.881 0.0000000000
136736  -53.213  -22.603  60.930 0.0000000000
78130  -53.745  -22.399  61.505 0.0000000000
143940  -47.464  -25.916  61.534 0.0000000000
75141  -47.543  -25.528  60.682 0.0000000000
77141  -50.414  -23.604  59.808 0.0000000000
78144  -51.013  -23.400  60.293 0.0000000000
78145  -51.511  -23.326  60.793 0.0000000000
151246  -52.108  -23.033  60.530 0.0000000000
77131  -52.509  -22.778  60.965 0.0000000000
136347  -46.515  -28.581  71.394 0.0000000000
72274  -46.949  -29.119  72.509 0.0000000000
72261  -47.481  -29.014  73.026 0.0000000000
68608  -41.059  -32.754  70.068 0.0000000000
69718  -40.276  -31.623  68.968 0.0000000000
70614  -40.820  -31.026  68.587 0.0000000000
70609  -43.232  -31.028  70.295 0.0000000000
72297  -44.288  -29.092  69.567 0.0000000000
67441  -6.636  -34.251  78.513 0.0000000000
53148  -4.865  -47.738  85.174 0.0000000000
53160  -4.806  -47.748  84.236 0.0000000000
52195  -5.056  -48.253  84.508 0.0000000000
52196  -5.497  -48.518  83.902 0.0000000000
52179  -7.767  -49.350  84.285 0.0000000000
52198  -7.304  -48.822  83.697 0.0000000000
52218  -7.683  -49.098  82.952 0.0000000000
51075  -8.385  -49.548  82.387 0.0000000000
49962  -9.226  -51.255  81.467 0.0000000000
49973  -9.209  -51.762  80.596 0.0000000000
48889  -9.142  -52.393  81.436 0.0000000000
139146  -8.602  -53.857  82.072 0.0000000000
48874  -8.656  -52.867  82.885 0.0000000000
47733  -8.381  -53.642  82.787 0.0000000000
46763  -7.699  -55.197  81.867 0.0000000000
50913  -9.518  -49.632  95.339 0.0000000000
50909  -9.483  -49.503  95.906 0.0000000000
49867  -8.559  -50.984  95.665 0.0000000000
48695  -8.414  -51.341  94.356 0.0000000000
48694  -8.089  -52.070  95.088 0.0000000000
48687  -8.334  -51.923  95.671 0.0000000000
47539  -8.074  -52.404  95.488 0.0000000000
65524  -42.684  -34.304  75.588 0.0000000000
66456  -43.116  -34.131  75.714 0.0000000000
65512  -42.603  -34.967  76.292 0.0000000000
59494  -39.365  -40.413  76.956 0.0000000000
59505  -39.196  -40.653  76.269 0.0000000000
60560  -39.906  -40.131  75.534 0.0000000000
61603  -39.769  -39.841  75.371 0.0000000000
147162  -39.868  -39.512  75.955 0.0000000000
62686  -39.168  -39.481  74.716 0.0000000000
62685  -38.814  -39.222  73.933 0.0000000000
64554  -39.153  -37.173  74.485 0.0000000000
65522  -40.381  -36.191  75.781 0.0000000000
144636  -41.075  -35.298  75.727 0.0000000000
150062  -29.026  -42.564  92.929 0.0000000000
139049  -29.139  -42.593  92.220 0.0000000000
62527  -28.354  -39.701  88.380 0.0000000000
61413  -28.225  -40.204  87.711 0.0000000000
60389  -26.804  -41.266  87.238 0.0000000000
131167  -26.594  -41.966  86.820 0.0000000000
59434  -26.047  -41.835  85.534 0.0000000000
59426  -26.320  -42.328  86.264 0.0000000000
57168  -26.061  -43.741  85.935 0.0000000000
57167  -25.605  -44.094  85.314 0.0000000000
143606  -25.141  -45.877  84.327 0.0000000000
78198  -52.442  -22.400  55.875 0.0000000000
78187  -52.998  -22.456  56.017 0.0000000000
79246  -52.990  -22.437  55.910 0.0000000000
130567  -51.988  -21.704  55.383 0.0000000000
79265  -52.190  -21.170  55.001 0.0000000000
80286  -52.527  -20.501  54.582 0.0000000000
125979  -2.735  -42.926  88.192 0.0000000000
58288  -1.785  -43.945  87.804 0.0000000000
57129  -1.845  -44.375  88.220 0.0000000000
134142  -2.017  -43.848  88.953 0.0000000000
133932  -2.028  -44.419  88.828 0.0000000000
55998  -2.188  -44.858  88.430 0.0000000000
54962  -3.191  -45.833  88.403 0.0000000000
54028  -3.215  -46.493  88.632 0.0000000000
53112  -3.315  -47.055  89.152 0.0000000000
72342  -51.943  -28.582  66.947 0.0000000000
72319  -51.383  -28.670  68.287 0.0000000000
70642  -46.436  -30.492  65.943 0.0000000000
68659  -45.284  -31.694  65.365 0.0000000000
68676  -46.588  -30.809  64.185 0.0000000000
69771  -47.071  -30.203  64.735 0.0000000000
69772  -47.539  -29.569  64.551 0.0000000000
136387  -48.069  -29.691  66.152 0.0000000000
69742  -48.789  -29.487  65.916 0.0000000000
137731  -49.124  -29.237  65.807 0.0000000000
71501  -49.836  -28.628  66.260 0.0000000000
71502  -50.829  -28.669  66.471 0.0000000000
55951  -14.047  -46.197  94.623 0.0000000000
53989  -14.313  -47.065  95.350 0.0000000000
148705  -13.969  -47.708  94.418 0.0000000000
126050  -13.396  -47.640  93.865 0.0000000000
52164  -16.309  -48.255  84.995 0.0000000000
139916  -16.241  -48.297  85.745 0.0000000000
52148  -15.581  -48.320  86.258 0.0000000000
50986  -14.531  -48.064  88.393 0.0000000000
51003  -13.094  -48.079  87.750 0.0000000000
68417  -3.607  -34.358  83.330 0.0000000000
135503  -4.038  -33.933  82.590 0.0000000000
67408  -3.364  -35.709  82.613 0.0000000000
139452  -3.410  -36.097  82.371 0.0000000000
64506  -3.706  -36.874  81.614 0.0000000000
63556  -3.881  -37.437  83.031 0.0000000000
130625  -3.720  -37.033  82.085 0.0000000000
63563  -3.827  -37.159  81.860 0.0000000000
62612  -5.163  -38.862  81.630 0.0000000000
56069  -6.129  -46.377  80.515 0.0000000000
57277  -6.353  -46.044  80.336 0.0000000000
146668  -6.542  -45.897  79.913 0.0000000000
57297  -6.746  -46.049  79.271 0.0000000000
54112  -5.960  -47.090  78.233 0.0000000000
56102  -6.524  -46.437  78.766 0.0000000000
57298  -7.304  -45.816  79.067 0.0000000000
57299  -8.131  -45.702  78.665 0.0000000000
56105  -8.747  -45.903  78.016 0.0000000000
58247  -6.391  -44.349  91.513 0.0000000000
138644  -6.364  -49.483  97.465 0.0000000000
148901  -6.224  -49.535  95.993 0.0000000000
52057  -5.916  -50.349  95.923 0.0000000000
141150  -6.233  -49.397  95.303 0.0000000000
53088  -5.980  -48.728  93.322 0.0000000000
52072  -6.319  -49.848  93.413 0.0000000000
50928  -6.316  -50.529  93.201 0.0000000000
50932  -5.980  -51.376  93.069 0.0000000000
49881  -4.995  -51.837  93.445 0.0000000000
49887  -5.195  -51.952  92.589 0.0000000000
58388  -37.712  -40.474  76.921 0.0000000000
59492  -38.554  -40.500  76.977 0.0000000000
60476  -37.823  -40.058  79.289 0.0000000000
59470  -38.531  -40.250  78.313 0.0000000000
59484  -38.749  -40.372  78.029 0.0000000000
59493  -38.896  -40.551  76.974 0.0000000000
59486  -39.893  -40.066  77.446 0.0000000000
60514  -40.264  -39.533  77.716 0.0000000000
60480  -40.401  -39.813  79.492 0.0000000000
60515  -40.672  -39.196  78.443 0.0000000000
61567  -40.752  -38.863  78.131 0.0000000000
63482  -29.721  -37.142  91.954 0.0000000000
152078  -28.043  -38.247  89.671 0.0000000000
149652  -29.396  -36.243  89.735 0.0000000000
63492  -28.188  -37.512  89.530 0.0000000000
62517  -28.128  -38.213  88.932 0.0000000000
62526  -28.251  -38.657  88.183 0.0000000000
61432  -28.059  -40.011  85.774 0.0000000000
63522  -27.758  -37.932  86.488 0.0000000000
76160  -50.649  -23.851  58.422 0.0000000000
76170  -50.778  -23.870  57.826 0.0000000000
75180  -50.379  -24.058  57.406 0.0000000000
77161  -51.889  -22.918  56.445 0.0000000000
78174  -53.057  -22.130  56.793 0.0000000000
78167  -53.182  -22.595  57.798 0.0000000000
78175  -53.693  -21.818  57.394 0.0000000000
79227  -55.504  -21.343  57.940 0.0000000000
73202  -49.933  -27.977  68.842 0.0000000000
147342  -50.653  -27.999  69.273 0.0000000000
129313  -50.000  -27.139  69.421 0.0000000000
74114  -50.169  -26.460  69.948 0.0000000000
73177  -47.703  -27.838  72.117 0.0000000000
71493  -46.213  -29.423  66.289 0.0000000000
73224  -46.521  -28.075  67.328 0.0000000000
144166  -47.016  -28.693  66.960 0.0000000000
73225  -47.467  -28.252  67.463 0.0000000000
73219  -48.329  -28.115  67.910 0.0000000000
51038  -23.280  -48.061  85.589 0.0000000000
147637  -22.600  -48.061  85.964 0.0000000000
51037  -21.802  -48.141  85.488 0.0000000000
52185  -20.285  -48.244  84.423 0.0000000000
148357  -20.221  -47.808  83.449 0.0000000000
126844  -18.920  -47.852  84.363 0.0000000000
126605  -18.052  -47.695  83.896 0.0000000000
66445  -4.325  -36.086  76.003 0.0000000000
61572  -4.683  -40.008  75.786 0.0000000000
61573  -5.162  -40.454  76.216 0.0000000000
60407  -4.193  -41.426  85.043 0.0000000000
59436  -4.375  -42.191  85.024 0.0000000000
134036  -4.769  -42.936  84.815 0.0000000000
57178  -4.972  -44.522  84.717 0.0000000000
58326  -5.518  -44.152  84.511 0.0000000000
57231  -5.752  -45.924  81.771 0.0000000000
53159  -4.676  -47.097  84.029 0.0000000000
53171  -4.903  -47.122  83.124 0.0000000000
54085  -4.935  -46.731  83.031 0.0000000000
52236  -6.116  -48.155  82.243 0.0000000000
53181  -5.545  -47.540  82.629 0.0000000000
54086  -5.713  -47.156  82.521 0.0000000000
55020  -5.998  -46.864  81.577 0.0000000000
56060  -6.052  -46.419  81.292 0.0000000000
54099  -5.512  -47.320  79.972 0.0000000000
54100  -5.428  -47.476  79.401 0.0000000000
52279  -5.861  -48.339  78.882 0.0000000000
52269  -6.108  -48.771  79.531 0.0000000000
52280  -6.361  -48.864  78.639 0.0000000000
52292  -6.174  -48.464  78.092 0.0000000000
52293  -6.468  -49.061  77.863 0.0000000000
48905  -9.086  -52.415  79.873 0.0000000000
151983  -9.079  -45.668  96.316 0.0000000000
55934  -8.473  -45.733  97.379 0.0000000000
54912  -8.904  -46.689  97.570 0.0000000000
147698  -8.531  -46.291  97.791 0.0000000000
54911  -8.053  -46.529  97.242 0.0000000000
53975  -7.726  -48.272  96.850 0.0000000000
50904  -9.304  -49.365  96.354 0.0000000000
50903  -8.908  -49.577  96.891 0.0000000000
127046  -8.817  -49.318  97.392 0.0000000000
50902  -8.532  -49.722  97.346 0.0000000000
52050  -8.466  -49.295  97.622 0.0000000000
52049  -7.763  -49.435  97.741 0.0000000000
52048  -6.936  -49.365  97.835 0.0000000000
52047  -6.387  -49.540  97.746 0.0000000000
50907  -6.152  -50.003  97.535 0.0000000000
133852  -5.797  -50.590  97.312 0.0000000000
50898  -5.620  -50.975  97.280 0.0000000000
49862  -5.393  -51.481  96.841 0.0000000000
49861  -4.826  -51.743  96.291 0.0000000000
48685  -3.823  -52.687  95.346 0.0000000000
68583  -44.504  -31.967  72.573 0.0000000000
67473  -44.389  -33.013  74.465 0.0000000000
128976  -38.799  -40.700  75.530 0.0000000000
59515  -38.404  -40.906  74.675 0.0000000000
60589  -38.949  -40.000  73.004 0.0000000000
66511  -41.219  -33.284  72.504 0.0000000000
146148  -41.823  -32.827  71.981 0.0000000000
68581  -43.220  -32.424  72.043 0.0000000000
150307  -27.279  -46.739  90.665 0.0000000000
53111  -26.504  -47.405  89.920 0.0000000000
52120  -25.350  -48.709  89.401 0.0000000000
52125  -25.159  -48.502  88.332 0.0000000000
52139  -24.965  -48.513  87.669 0.0000000000
129561  -24.124  -48.731  86.424 0.0000000000
61375  -29.286  -39.836  92.515 0.0000000000
135875  -29.262  -40.734  92.962 0.0000000000
60325  -29.270  -41.405  92.507 0.0000000000
59344  -29.371  -42.035  91.983 0.0000000000
127012  -27.926  -40.646  88.825 0.0000000000
137197  -28.399  -41.071  89.308 0.0000000000
59383  -28.473  -42.001  89.437 0.0000000000
59397  -27.748  -42.524  89.216 0.0000000000
136649  -28.771  -42.881  89.257 0.0000000000
152208  -29.199  -43.128  89.507 0.0000000000
58274  -29.156  -43.712  89.971 0.0000000000
57128  -28.610  -44.478  89.710 0.0000000000
55997  -28.365  -45.209  89.623 0.0000000000
54963  -28.094  -46.060  88.278 0.0000000000
54036  -27.205  -46.296  87.922 0.0000000000
54043  -27.235  -46.044  87.316 0.0000000000
141243  -26.530  -46.652  87.693 0.0000000000
53129  -26.157  -47.297  88.120 0.0000000000
53128  -25.620  -47.569  87.543 0.0000000000
144083  -24.581  -48.559  86.566 0.0000000000
51039  -23.796  -48.577  86.045 0.0000000000
152291  -22.398  -47.966  84.115 0.0000000000
51063  -22.216  -48.227  83.463 0.0000000000
127849  -23.225  -48.410  83.200 0.0000000000
51080  -22.385  -48.575  82.614 0.0000000000
81271  -52.802  -19.984  53.866 0.0000000000
81280  -53.238  -19.698  52.933 0.0000000000
82240  -53.898  -19.539  52.903 0.0000000000
65465  -3.371  -36.275  84.051 0.0000000000
132747  -3.424  -37.099  84.186 0.0000000000
62584  -3.806  -39.157  84.865 0.0000000000
61459  -3.618  -40.096  85.331 0.0000000000
64482  -3.044  -37.217  86.121 0.0000000000
132534  -3.261  -38.043  86.597 0.0000000000
151050  -3.414  -38.759  86.093 0.0000000000
60400  -3.735  -41.417  85.485 0.0000000000
141229  -3.960  -42.644  85.415 0.0000000000
141134  -3.340  -42.798  86.075 0.0000000000
58316  -3.655  -43.242  85.964 0.0000000000
57166  -3.940  -43.916  85.725 0.0000000000
140433  -3.974  -45.169  85.694 0.0000000000
139952  -4.690  -45.886  86.041 0.0000000000
57145  -2.146  -44.699  86.789 0.0000000000
146472  -2.936  -45.465  87.580 0.0000000000
54974  -3.152  -45.435  87.314 0.0000000000
56019  -2.890  -44.995  86.784 0.0000000000
54986  -3.641  -45.394  86.863 0.0000000000
54061  -4.213  -45.911  86.720 0.0000000000
54062  -4.561  -46.506  86.028 0.0000000000
52175  -5.067  -48.100  85.411 0.0000000000
52161  -5.880  -48.670  85.569 0.0000000000
49923  -7.696  -50.722  86.363 0.0000000000
130069  -7.415  -51.298  86.925 0.0000000000
76108  -52.311  -24.514  64.887 0.0000000000
134185  -52.628  -24.592  65.450 0.0000000000
74115  -51.181  -27.702  69.588 0.0000000000
69659  -46.684  -31.002  73.717 0.0000000000
127579  -46.538  -30.467  63.017 0.0000000000
69789  -47.077  -30.106  62.737 0.0000000000
70672  -47.658  -28.992  63.761 0.0000000000
70676  -47.514  -30.354  63.027 0.0000000000
70682  -47.286  -30.147  62.761 0.0000000000
71529  -47.015  -29.976  62.952 0.0000000000
134644  -46.531  -29.762  62.367 0.0000000000
72382  -46.843  -29.157  62.890 0.0000000000
73266  -47.808  -27.808  63.791 0.0000000000
74164  -48.815  -27.143  64.345 0.0000000000
74165  -49.452  -27.654  64.768 0.0000000000
129930  -49.381  -26.500  64.642 0.0000000000
75118  -50.324  -25.693  64.834 0.0000000000
54914  -10.178  -47.114  96.647 0.0000000000
53980  -10.402  -47.648  96.584 0.0000000000
53067  -10.369  -48.278  96.348 0.0000000000
52055  -10.924  -49.131  96.170 0.0000000000
55949  -12.942  -46.418  95.312 0.0000000000
53076  -12.520  -48.630  95.925 0.0000000000
52056  -11.765  -48.934  96.219 0.0000000000
50910  -10.334  -49.314  95.741 0.0000000000
50914  -10.470  -49.358  95.161 0.0000000000
49872  -9.838  -49.874  94.124 0.0000000000
49877  -10.069  -49.978  93.583 0.0000000000
48728  -9.044  -52.119  92.026 0.0000000000
51024  -21.744  -48.400  86.636 0.0000000000
126324  -21.204  -48.823  87.673 0.0000000000
146914  -20.126  -48.791  86.838 0.0000000000
125857  -20.371  -49.162  87.709 0.0000000000
51009  -21.033  -49.618  88.078 0.0000000000
50976  -19.787  -50.044  89.811 0.0000000000
134372  -17.053  -48.389  85.737 0.0000000000
52150  -17.690  -48.615  86.476 0.0000000000
52138  -18.114  -48.683  87.544 0.0000000000
50962  -19.295  -50.166  90.639 0.0000000000
50947  -18.773  -50.083  91.283 0.0000000000
50960  -17.446  -49.958  90.761 0.0000000000
139547  -17.756  -49.048  93.027 0.0000000000
52070  -16.487  -48.146  93.234 0.0000000000
135100  -13.747  -47.806  92.525 0.0000000000
52118  -13.545  -48.360  90.129 0.0000000000
52109  -13.047  -48.358  90.706 0.0000000000
50956  -12.156  -48.662  90.169 0.0000000000
50934  -11.409  -48.689  92.039 0.0000000000
49893  -9.812  -50.444  90.966 0.0000000000
68451  -6.706  -33.706  79.170 0.0000000000
67431  -5.934  -34.342  79.009 0.0000000000
67397  -3.906  -34.327  81.912 0.0000000000
68439  -4.240  -33.872  81.030 0.0000000000
67419  -4.175  -34.196  80.367 0.0000000000
65485  -3.482  -36.673  80.636 0.0000000000
67428  -3.966  -34.989  80.270 0.0000000000
67429  -4.446  -34.373  79.661 0.0000000000
66433  -4.751  -35.345  79.011 0.0000000000
67439  -5.552  -35.080  78.563 0.0000000000
140950  -4.550  -36.095  78.409 0.0000000000
65494  -3.598  -36.875  78.144 0.0000000000
62650  -3.485  -38.302  77.922 0.0000000000
62639  -3.808  -38.746  78.254 0.0000000000
62651  -3.924  -38.923  77.550 0.0000000000
62652  -4.368  -39.547  77.242 0.0000000000
60504  -6.043  -40.515  76.852 0.0000000000
61462  -4.816  -40.551  83.990 0.0000000000
61482  -5.586  -40.081  83.520 0.0000000000
59444  -5.786  -42.016  84.115 0.0000000000
61483  -6.156  -40.401  82.776 0.0000000000
61505  -6.209  -40.036  81.863 0.0000000000
57233  -7.078  -45.401  81.455 0.0000000000
57210  -7.465  -44.666  82.081 0.0000000000
58343  -7.636  -43.315  82.348 0.0000000000
61506  -6.579  -40.218  81.125 0.0000000000
61533  -6.614  -39.941  79.299 0.0000000000
60464  -6.780  -40.425  78.756 0.0000000000
60465  -7.328  -40.773  79.185 0.0000000000
60485  -6.244  -40.435  77.811 0.0000000000
60505  -6.730  -40.600  77.275 0.0000000000
60518  -6.282  -40.543  76.373 0.0000000000
144257  -6.989  -40.646  76.603 0.0000000000
60520  -8.857  -41.112  76.594 0.0000000000
60521  -9.591  -41.688  76.638 0.0000000000
59477  -9.845  -42.099  77.440 0.0000000000
59333  -1.881  -42.758  91.180 0.0000000000
58199  -8.843  -45.449  95.136 0.0000000000
57077  -8.473  -45.877  94.972 0.0000000000
57076  -7.844  -46.158  94.464 0.0000000000
55947  -8.088  -46.457  95.261 0.0000000000
150147  -7.191  -47.868  95.191 0.0000000000
54926  -6.458  -46.781  94.190 0.0000000000
55952  -5.221  -45.941  94.562 0.0000000000
57081  -4.663  -45.408  94.028 0.0000000000
139726  -2.583  -44.285  92.523 0.0000000000
148535  -2.245  -45.201  92.507 0.0000000000
57088  -1.904  -44.461  92.429 0.0000000000
58245  -1.822  -43.679  91.654 0.0000000000
57101  -1.769  -44.051  91.304 0.0000000000
57111  -1.890  -44.083  90.916 0.0000000000
55983  -2.331  -44.370  90.835 0.0000000000
55991  -2.920  -44.859  90.624 0.0000000000
150590  -3.514  -45.919  90.757 0.0000000000
54957  -3.285  -45.582  90.250 0.0000000000
53107  -3.465  -47.078  89.758 0.0000000000
53113  -3.871  -47.359  89.602 0.0000000000
53104  -5.319  -47.984  91.478 0.0000000000
149738  -5.110  -47.908  91.012 0.0000000000
52098  -6.371  -49.592  91.813 0.0000000000
52097  -5.748  -48.400  91.179 0.0000000000
52096  -5.049  -47.858  90.644 0.0000000000
52106  -4.958  -47.752  90.273 0.0000000000
52115  -4.658  -47.617  89.731 0.0000000000
52122  -4.978  -47.804  88.989 0.0000000000
145336  -5.245  -48.608  88.975 0.0000000000
50983  -6.855  -49.741  88.086 0.0000000000
49916  -7.203  -50.618  87.528 0.0000000000
48818  -6.827  -52.409  86.612 0.0000000000
47535  -3.599  -53.074  95.343 0.0000000000
47542  -3.588  -53.328  95.264 0.0000000000
45722  -3.454  -55.745  94.053 0.0000000000
130425  -3.879  -53.713  94.580 0.0000000000
135372  -3.966  -53.984  93.858 0.0000000000
47572  -3.410  -54.561  92.784 0.0000000000
47573  -4.047  -53.462  92.609 0.0000000000
130089  -4.244  -53.334  91.994 0.0000000000
48749  -4.311  -53.462  91.362 0.0000000000
46698  -3.544  -55.161  90.951 0.0000000000
47593  -4.491  -53.449  90.666 0.0000000000
48761  -4.475  -53.194  90.105 0.0000000000
48780  -5.164  -53.105  89.138 0.0000000000
48799  -5.708  -53.291  88.316 0.0000000000
130167  -4.941  -54.403  88.343 0.0000000000
48817  -6.232  -52.905  86.784 0.0000000000
48831  -6.934  -52.820  85.886 0.0000000000
48845  -5.890  -53.022  85.194 0.0000000000
47698  -6.519  -52.980  85.337 0.0000000000
44800  -2.576  -56.717  93.674 0.0000000000
48680  -5.403  -52.440  96.546 0.0000000000
51013  -23.873  -48.381  87.560 0.0000000000
51028  -24.512  -48.657  87.097 0.0000000000
51040  -24.482  -48.430  85.924 0.0000000000
51049  -22.627  -47.871  84.871 0.0000000000
51051  -23.969  -48.213  84.837 0.0000000000
51064  -22.914  -48.112  83.908 0.0000000000
51066  -24.840  -48.411  84.176 0.0000000000
51083  -24.448  -48.416  82.657 0.0000000000
51099  -23.086  -48.621  81.527 0.0000000000
52114  -4.307  -47.389  89.183 0.0000000000
52126  -25.314  -48.399  88.747 0.0000000000
52153  -19.743  -48.592  86.217 0.0000000000
52155  -25.325  -47.956  86.720 0.0000000000
52178  -7.058  -48.743  84.468 0.0000000000
52187  -25.280  -48.107  84.628 0.0000000000
52204  -20.517  -47.976  83.678 0.0000000000
52206  -25.331  -48.139  83.816 0.0000000000
52226  -25.378  -48.089  83.032 0.0000000000
53062  -6.595  -49.158  97.496 0.0000000000
53074  -12.702  -48.081  96.086 0.0000000000
53110  -25.955  -47.980  89.720 0.0000000000
53116  -26.537  -47.596  89.412 0.0000000000
53133  -3.922  -46.776  87.513 0.0000000000
53149  -25.344  -47.514  84.076 0.0000000000
53161  -25.166  -47.678  83.165 0.0000000000
53197  -5.758  -47.524  80.733 0.0000000000
53204  -5.524  -47.891  79.112 0.0000000000
53974  -8.873  -48.111  97.077 0.0000000000
53981  -11.179  -47.366  96.788 0.0000000000
53984  -11.844  -47.430  96.699 0.0000000000
54021  -3.439  -46.359  90.104 0.0000000000
54023  -27.076  -47.236  90.385 0.0000000000
54029  -26.943  -47.120  89.129 0.0000000000
54042  -26.207  -46.479  87.230 0.0000000000
54051  -4.283  -46.528  86.787 0.0000000000
54924  -13.911  -46.649  95.387 0.0000000000
54955  -27.831  -46.316  90.870 0.0000000000
54960  -28.114  -46.283  89.203 0.0000000000
54975  -26.602  -46.060  87.139 0.0000000000
55001  -25.549  -46.253  85.112 0.0000000000
55027  -5.915  -46.788  80.670 0.0000000000
55042  -5.981  -46.691  78.751 0.0000000000
55935  -9.639  -45.957  96.954 0.0000000000
55941  -9.066  -45.568  97.115 0.0000000000
55948  -8.140  -45.744  95.931 0.0000000000
55994  -28.364  -45.520  90.174 0.0000000000
55996  -28.288  -45.673  88.942 0.0000000000
56001  -2.495  -45.267  87.539 0.0000000000
56012  -27.980  -45.070  86.732 0.0000000000
56027  -3.513  -45.035  86.362 0.0000000000
56038  -25.065  -45.259  84.618 0.0000000000
56084  -6.155  -46.287  79.925 0.0000000000
57110  -29.064  -43.896  92.010 0.0000000000
57116  -28.529  -45.043  91.472 0.0000000000
57123  -29.055  -44.455  90.467 0.0000000000
57146  -26.793  -44.550  87.510 0.0000000000
57278  -7.013  -45.638  79.685 0.0000000000
58244  -1.850  -43.463  91.057 0.0000000000
58254  -29.160  -43.178  91.863 0.0000000000
58281  -28.391  -43.731  89.454 0.0000000000
58302  -27.173  -43.014  87.717 0.0000000000
58318  -25.929  -42.749  85.778 0.0000000000
59331  -28.910  -42.068  93.182 0.0000000000
59357  -29.359  -42.655  91.235 0.0000000000
59369  -29.193  -42.554  89.553 0.0000000000
59418  -26.847  -42.163  87.543 0.0000000000
60313  -29.067  -41.458  93.294 0.0000000000
60339  -29.372  -41.283  91.580 0.0000000000
60451  -8.309  -41.444  80.381 0.0000000000
60460  -39.449  -40.188  80.265 0.0000000000
60461  -39.863  -39.918  80.320 0.0000000000
60462  -40.187  -39.755  80.277 0.0000000000
60487  -7.843  -40.787  78.652 0.0000000000
60503  -5.525  -40.490  76.718 0.0000000000
60561  -40.043  -39.964  75.607 0.0000000000
61367  -29.093  -40.060  93.382 0.0000000000
61435  -34.376  -38.284  84.452 0.0000000000
61560  -4.701  -40.196  76.793 0.0000000000
61571  -3.820  -38.848  76.585 0.0000000000
62499  -29.304  -39.697  91.634 0.0000000000
62536  -33.350  -37.383  86.909 0.0000000000
62537  -34.313  -37.261  86.603 0.0000000000
62538  -34.932  -36.968  86.359 0.0000000000
62548  -32.736  -37.948  86.100 0.0000000000
62661  -3.644  -38.613  77.079 0.0000000000
62669  -3.705  -38.483  76.469 0.0000000000
62677  -4.685  -39.482  74.532 0.0000000000
63528  -3.576  -37.751  85.827 0.0000000000
63569  -3.953  -38.051  80.486 0.0000000000
63576  -3.388  -37.778  78.667 0.0000000000
64446  -28.919  -36.558  89.105 0.0000000000
64515  -3.374  -36.910  80.294 0.0000000000
64516  -3.246  -36.955  79.499 0.0000000000
64524  -3.492  -37.132  77.794 0.0000000000
65434  -29.536  -36.294  88.440 0.0000000000
65477  -3.587  -36.579  81.837 0.0000000000
65491  -3.894  -36.541  78.562 0.0000000000
65495  -3.999  -36.691  77.527 0.0000000000
66410  -3.381  -36.113  83.045 0.0000000000
66421  -3.415  -35.872  81.953 0.0000000000
66431  -3.464  -36.261  80.139 0.0000000000
67416  -3.387  -35.772  81.873 0.0000000000
67418  -3.877  -34.705  81.094 0.0000000000
68429  -3.343  -35.025  83.036 0.0000000000
68430  -4.438  -33.531  81.849 0.0000000000
68582  -43.999  -32.389  72.211 0.0000000000
68644  -45.781  -31.250  65.445 0.0000000000
68645  -46.221  -31.083  65.403 0.0000000000
69548  -6.878  -33.074  79.962 0.0000000000
69680  -46.383  -30.834  73.269 0.0000000000
69695  -44.765  -31.525  72.317 0.0000000000
69759  -48.335  -29.206  65.128 0.0000000000
69783  -47.455  -30.036  63.064 0.0000000000
70570  -46.512  -30.660  73.262 0.0000000000
70610  -43.918  -30.746  70.431 0.0000000000
70643  -46.562  -30.469  65.917 0.0000000000
70646  -49.803  -29.527  66.965 0.0000000000
70677  -47.740  -29.955  63.229 0.0000000000
71428  -47.130  -29.470  72.999 0.0000000000
71453  -44.099  -30.071  70.138 0.0000000000
71482  -50.203  -29.354  67.669 0.0000000000
71495  -51.256  -28.972  67.228 0.0000000000
71528  -46.558  -30.203  62.306 0.0000000000
72302  -51.829  -28.214  68.798 0.0000000000
72316  -49.849  -29.210  67.992 0.0000000000
72327  -46.323  -28.647  66.677 0.0000000000
73186  -46.128  -28.113  70.666 0.0000000000
73243  -51.999  -27.846  66.275 0.0000000000
74125  -46.533  -26.880  68.478 0.0000000000
75059  -50.125  -25.997  70.520 0.0000000000
75072  -47.744  -26.602  69.317 0.0000000000
75080  -47.979  -26.704  68.844 0.0000000000
75192  -49.916  -24.175  57.014 0.0000000000
76113  -50.386  -24.901  63.993 0.0000000000
76179  -51.391  -23.473  56.998 0.0000000000
77129  -51.111  -23.465  61.028 0.0000000000
77173  -52.493  -22.480  56.115 0.0000000000
126356  -32.763  -37.927  86.579 0.0000000000
126610  -23.043  -48.399  87.100 0.0000000000
127114  -35.277  -38.929  83.532 0.0000000000
127177  -33.659  -37.523  86.243 0.0000000000
127910  -46.021  -30.228  65.930 0.0000000000
128256  -28.228  -45.786  90.675 0.0000000000
129094  -4.321  -39.203  78.016 0.0000000000
129337  -49.125  -27.888  68.349 0.0000000000
129527  -35.049  -38.772  84.010 0.0000000000
129534  -24.313  -48.321  84.282 0.0000000000
130135  -24.571  -48.472  82.009 0.0000000000
130347  -31.976  -37.365  86.344 0.0000000000
131057  -9.492  -48.944  96.363 0.0000000000
132835  -28.171  -38.786  86.792 0.0000000000
134665  -24.025  -48.543  81.944 0.0000000000
135664  -4.579  -33.707  80.237 0.0000000000
135961  -7.044  -48.891  82.502 0.0000000000
136751  -8.352  -46.917  97.634 0.0000000000
137068  -5.632  -46.914  80.031 0.0000000000
137945  -2.896  -55.747  91.858 0.0000000000
138265  -2.838  -56.101  90.987 0.0000000000
138597  -25.941  -47.028  87.391 0.0000000000
139591  -3.785  -38.362  84.781 0.0000000000
139902  -3.582  -46.067  91.051 0.0000000000
139991  -25.237  -48.169  87.619 0.0000000000
140057  -8.352  -51.374  85.091 0.0000000000
140800  -22.555  -48.723  81.919 0.0000000000
141292  -7.659  -46.148  78.569 0.0000000000
141544  -4.599  -47.370  86.402 0.0000000000
141850  -29.036  -40.017  89.025 0.0000000000
142007  -5.427  -47.096  79.334 0.0000000000
142052  -3.370  -35.840  83.001 0.0000000000
142702  -3.574  -36.712  81.085 0.0000000000
143147  -25.747  -47.187  85.868 0.0000000000
143811  -3.339  -35.828  84.504 0.0000000000
143928  -42.286  -35.736  76.980 0.0000000000
144002  -2.333  -41.976  88.711 0.0000000000
144819  -5.357  -35.575  77.421 0.0000000000
145269  -3.523  -34.754  82.646 0.0000000000
145793  -6.294  -46.818  78.324 0.0000000000
145839  -38.941  -39.888  74.024 0.0000000000
146079  -24.922  -48.272  85.496 0.0000000000
146605  -6.765  -40.215  80.208 0.0000000000
147949  -38.778  -40.460  77.564 0.0000000000
148059  -40.094  -39.738  78.973 0.0000000000
148561  -25.593  -47.580  86.156 0.0000000000
149592  -4.151  -35.260  79.609 0.0000000000
149799  -6.199  -48.829  80.137 0.0000000000
149930  -3.414  -37.107  83.584 0.0000000000
150248  -25.156  -48.305  84.140 0.0000000000
150401  -48.831  -25.027  61.528 0.0000000000
150710  -25.273  -48.669  88.929 0.0000000000
150792  -23.752  -48.236  85.405 0.0000000000
150890  -4.542  -53.453  89.338 0.0000000000
151009  -8.681  -48.206  97.135 0.0000000000
151209  -52.712  -23.441  63.427 0.0000000000
151369  -7.973  -49.331  83.644 0.0000000000
151570  -33.737  -38.217  84.886 0.0000000000
152509  -41.977  -31.930  69.867 0.0000000000
152660  -23.757  -48.588  86.577 0.0000000000
