#!ascii label  , from subject sub1 vox2ras=TkReg
378
80793  -27.812  -22.033  2.765 0.0000000000
75740  -24.610  -26.267  5.471 0.0000000000
76739  -30.515  -25.762  5.571 0.0000000000
72896  -27.922  -30.578  5.556 0.0000000000
91018  -30.797  -10.417  2.753 0.0000000000
125751  -32.110  -13.290  4.756 0.0000000000
146399  -24.743  -17.412  2.244 0.0000000000
69266  -27.528  -33.486  6.520 0.0000000000
144973  -26.095  -28.315  5.878 0.0000000000
131506  -24.863  -30.227  7.273 0.0000000000
125366  -31.162  -12.184  3.465 0.0000000000
125602  -29.161  -14.881  2.538 0.0000000000
80775  -24.011  -21.797  4.378 0.0000000000
83556  -21.911  -18.906  4.397 0.0000000000
81779  -26.499  -20.177  2.452 0.0000000000
84389  -29.971  -17.858  4.011 0.0000000000
82696  -29.613  -19.711  4.384 0.0000000000
80763  -31.494  -21.427  5.441 0.0000000000
127595  -22.911  -23.651  5.658 0.0000000000
78736  -25.754  -23.831  4.120 0.0000000000
77739  -29.226  -24.328  4.413 0.0000000000
139027  -28.159  -26.271  4.518 0.0000000000
73807  -29.535  -28.547  5.459 0.0000000000
125614  -31.252  -30.231  6.873 0.0000000000
133080  -24.498  -14.935  2.371 0.0000000000
85341  -28.713  -16.268  3.510 0.0000000000
86259  -32.229  -15.410  5.050 0.0000000000
125695  -24.142  -31.520  7.891 0.0000000000
133041  -27.981  -32.037  5.871 0.0000000000
73782  -23.850  -28.959  7.373 0.0000000000
125282  -23.475  -30.112  8.110 0.0000000000
143630  -29.373  -14.362  2.426 0.0000000000
147916  -27.753  -15.474  2.843 0.0000000000
80791  -25.528  -21.455  3.393 0.0000000000
81766  -25.220  -20.520  3.336 0.0000000000
127946  -26.782  -21.211  2.508 0.0000000000
81769  -28.423  -20.460  3.001 0.0000000000
80795  -28.682  -21.143  3.277 0.0000000000
80762  -30.740  -21.056  5.101 0.0000000000
145078  -29.408  -21.654  4.449 0.0000000000
76747  -23.493  -25.090  5.895 0.0000000000
78719  -23.998  -23.997  4.737 0.0000000000
77719  -25.066  -25.025  4.652 0.0000000000
77736  -26.699  -24.643  4.129 0.0000000000
76750  -26.212  -26.005  4.812 0.0000000000
72911  -27.343  -29.652  5.645 0.0000000000
74746  -27.690  -28.179  5.142 0.0000000000
72913  -28.841  -29.708  5.459 0.0000000000
72898  -30.603  -29.607  6.147 0.0000000000
72025  -29.552  -30.733  5.624 0.0000000000
145104  -29.533  -11.381  2.742 0.0000000000
125373  -28.920  -11.233  3.120 0.0000000000
91017  -29.764  -10.217  2.594 0.0000000000
92695  -30.562  -8.552  2.443 0.0000000000
91893  -31.681  -10.441  2.975 0.0000000000
125361  -31.559  -12.654  4.212 0.0000000000
84403  -23.083  -17.687  3.118 0.0000000000
85339  -22.485  -16.287  3.248 0.0000000000
85355  -24.487  -15.909  2.286 0.0000000000
126197  -27.067  -16.357  2.319 0.0000000000
126082  -26.948  -16.782  2.053 0.0000000000
83559  -31.153  -18.031  4.776 0.0000000000
84407  -31.171  -16.959  3.794 0.0000000000
149052  -32.365  -16.665  5.515 0.0000000000
77720  -29.627  -24.961  4.757 0.0000000000
78721  -30.710  -23.730  5.206 0.0000000000
69264  -25.683  -33.492  7.367 0.0000000000
125493  -25.642  -32.389  6.953 0.0000000000
143033  -26.242  -31.926  6.562 0.0000000000
125288  -28.089  -32.633  6.157 0.0000000000
74734  -24.001  -27.516  6.370 0.0000000000
74744  -25.802  -27.403  5.643 0.0000000000
74735  -25.098  -27.938  6.137 0.0000000000
72894  -25.918  -29.631  6.418 0.0000000000
72895  -26.775  -30.109  6.047 0.0000000000
126224  -29.872  -11.823  2.938 0.0000000000
125367  -31.345  -11.527  3.380 0.0000000000
125734  -30.357  -12.460  3.112 0.0000000000
125593  -30.809  -12.983  3.499 0.0000000000
125522  -30.228  -14.569  3.579 0.0000000000
80761  -22.107  -21.699  5.185 0.0000000000
81763  -22.808  -19.961  4.100 0.0000000000
83569  -23.407  -18.786  3.245 0.0000000000
83580  -24.997  -18.231  2.341 0.0000000000
130847  -26.683  -18.071  1.796 0.0000000000
83571  -27.606  -18.859  2.682 0.0000000000
83557  -29.704  -18.745  4.334 0.0000000000
83543  -31.535  -18.600  5.496 0.0000000000
82682  -31.845  -19.434  5.731 0.0000000000
68184  -28.836  -34.488  7.465 0.0000000000
143863  -28.933  -33.412  6.412 0.0000000000
79779  -23.441  -22.448  4.802 0.0000000000
79781  -25.362  -22.950  4.114 0.0000000000
78753  -26.865  -23.293  3.496 0.0000000000
79782  -28.644  -22.807  3.740 0.0000000000
78738  -27.838  -24.009  3.824 0.0000000000
76760  -28.278  -25.377  4.305 0.0000000000
75754  -28.879  -26.042  4.597 0.0000000000
75743  -27.269  -27.298  4.962 0.0000000000
144023  -28.796  -27.067  4.763 0.0000000000
75745  -29.785  -26.938  5.336 0.0000000000
74736  -30.885  -28.028  6.011 0.0000000000
73783  -31.322  -28.908  7.148 0.0000000000
91009  -32.499  -10.310  3.412 0.0000000000
131261  -26.934  -15.999  2.376 0.0000000000
85360  -28.505  -15.816  3.216 0.0000000000
125363  -30.584  -15.125  4.338 0.0000000000
85340  -28.766  -17.106  3.159 0.0000000000
86258  -30.949  -16.048  4.261 0.0000000000
127133  -31.881  -14.333  4.860 0.0000000000
79784  -29.909  -22.812  4.679 0.0000000000
79765  -31.314  -22.282  5.595 0.0000000000
125289  -23.892  -30.772  8.124 0.0000000000
125507  -24.859  -31.160  7.437 0.0000000000
143050  -26.150  -31.035  6.429 0.0000000000
142954  -28.069  -31.193  5.546 0.0000000000
140616  -29.356  -32.833  6.219 0.0000000000
125580  -29.402  -32.271  6.146 0.0000000000
125462  -29.629  -31.631  5.946 0.0000000000
89119  -26.334  -15.160  2.745 0.0000000000
131855  -27.110  -22.000  2.669 0.0000000000
80792  -26.342  -21.776  2.903 0.0000000000
152043  -27.498  -21.477  2.586 0.0000000000
132149  -28.129  -21.337  2.757 0.0000000000
80777  -29.235  -21.049  4.037 0.0000000000
80794  -28.341  -21.976  3.145 0.0000000000
75739  -23.753  -26.037  5.805 0.0000000000
76748  -24.383  -25.474  5.291 0.0000000000
77718  -24.194  -24.702  5.042 0.0000000000
76758  -25.960  -25.216  4.488 0.0000000000
76749  -25.281  -25.757  4.961 0.0000000000
72912  -28.180  -29.840  5.422 0.0000000000
72024  -28.929  -30.576  5.418 0.0000000000
72026  -29.500  -30.254  5.653 0.0000000000
91007  -30.139  -11.134  2.583 0.0000000000
91006  -29.226  -10.878  2.756 0.0000000000
135522  -30.559  -9.586  2.633 0.0000000000
91902  -31.388  -9.908  2.798 0.0000000000
125365  -31.268  -13.558  4.240 0.0000000000
127379  -32.328  -12.395  4.725 0.0000000000
125624  -33.013  -13.036  4.911 0.0000000000
84417  -23.462  -16.766  2.766 0.0000000000
84416  -22.899  -16.780  3.140 0.0000000000
85354  -23.631  -15.792  2.482 0.0000000000
84429  -24.945  -16.743  1.981 0.0000000000
84431  -26.396  -16.854  1.991 0.0000000000
84430  -25.742  -16.778  2.039 0.0000000000
84371  -31.580  -17.750  5.351 0.0000000000
84391  -31.668  -17.000  5.255 0.0000000000
77721  -30.307  -25.213  5.096 0.0000000000
147891  -30.724  -24.480  5.300 0.0000000000
77707  -31.051  -25.012  5.904 0.0000000000
148227  -27.134  -34.189  6.898 0.0000000000
69265  -26.565  -33.612  6.954 0.0000000000
125504  -26.152  -32.890  6.847 0.0000000000
143012  -26.761  -32.361  6.455 0.0000000000
125512  -27.265  -32.793  6.387 0.0000000000
73791  -24.469  -28.462  6.746 0.0000000000
72893  -24.925  -29.471  6.936 0.0000000000
72884  -25.878  -30.353  6.566 0.0000000000
143642  -29.575  -12.730  2.839 0.0000000000
143042  -29.632  -13.818  2.437 0.0000000000
143051  -30.095  -13.393  2.802 0.0000000000
125518  -29.852  -14.220  2.513 0.0000000000
142984  -30.478  -13.809  3.425 0.0000000000
79778  -22.905  -21.597  4.691 0.0000000000
81750  -22.798  -20.706  4.300 0.0000000000
81778  -25.682  -19.990  2.578 0.0000000000
82711  -23.866  -19.653  3.263 0.0000000000
82712  -24.880  -19.743  3.099 0.0000000000
83570  -24.418  -18.916  2.817 0.0000000000
82725  -25.338  -19.170  2.310 0.0000000000
83581  -26.606  -18.972  1.816 0.0000000000
81780  -27.090  -19.467  2.373 0.0000000000
145009  -29.070  -20.249  3.669 0.0000000000
82714  -28.593  -19.449  3.461 0.0000000000
82715  -29.107  -19.285  4.010 0.0000000000
83542  -30.930  -18.711  5.075 0.0000000000
82697  -30.412  -19.303  4.829 0.0000000000
82681  -31.185  -19.342  5.328 0.0000000000
81740  -31.579  -20.696  5.371 0.0000000000
67211  -28.121  -34.797  7.404 0.0000000000
67200  -29.132  -34.981  8.215 0.0000000000
78717  -22.567  -22.917  5.771 0.0000000000
79762  -22.521  -22.327  5.323 0.0000000000
79763  -23.111  -23.009  5.267 0.0000000000
77734  -24.931  -24.275  4.519 0.0000000000
78735  -24.690  -23.522  4.432 0.0000000000
78752  -26.178  -23.172  3.721 0.0000000000
138413  -26.466  -23.831  3.708 0.0000000000
78737  -27.025  -24.088  3.601 0.0000000000
75753  -27.588  -25.445  4.370 0.0000000000
77737  -27.606  -24.682  4.025 0.0000000000
75742  -26.474  -26.888  5.123 0.0000000000
74745  -26.743  -27.778  5.435 0.0000000000
129121  -28.921  -28.785  5.239 0.0000000000
142112  -28.507  -28.048  4.942 0.0000000000
74747  -29.094  -27.914  5.051 0.0000000000
140631  -29.291  -27.250  5.027 0.0000000000
74748  -29.625  -27.728  5.417 0.0000000000
74749  -30.281  -27.426  5.811 0.0000000000
73808  -30.195  -28.294  5.757 0.0000000000
72885  -30.963  -29.967  6.455 0.0000000000
72899  -30.990  -29.332  6.535 0.0000000000
72886  -31.310  -29.686  6.986 0.0000000000
72887  -31.834  -29.264  7.598 0.0000000000
135342  -31.850  -10.968  3.488 0.0000000000
90081  -31.867  -11.698  4.161 0.0000000000
82693  -21.006  -19.113  5.059 0.0000000000
87223  -23.503  -14.651  3.105 0.0000000000
87234  -25.098  -14.829  2.513 0.0000000000
87235  -25.748  -15.187  2.473 0.0000000000
85359  -27.965  -16.491  2.917 0.0000000000
86270  -29.360  -15.779  3.592 0.0000000000
125738  -30.181  -15.503  3.857 0.0000000000
135264  -28.671  -17.817  2.949 0.0000000000
84404  -27.970  -17.316  2.661 0.0000000000
84405  -29.489  -17.468  3.434 0.0000000000
85326  -31.317  -16.595  4.700 0.0000000000
150737  -31.518  -15.913  4.837 0.0000000000
125359  -31.316  -15.199  4.700 0.0000000000
132876  -32.786  -14.703  5.307 0.0000000000
78739  -28.570  -23.774  3.996 0.0000000000
78740  -29.357  -23.385  4.328 0.0000000000
78722  -31.260  -23.193  5.621 0.0000000000
143013  -24.475  -32.251  7.610 0.0000000000
143048  -27.266  -31.991  6.218 0.0000000000
142971  -25.761  -31.394  6.743 0.0000000000
125521  -26.735  -31.527  6.265 0.0000000000
125562  -27.058  -30.971  5.986 0.0000000000
143077  -27.752  -31.679  5.822 0.0000000000
125306  -29.465  -33.273  6.594 0.0000000000
125552  -29.272  -31.973  5.976 0.0000000000
125283  -23.963  -29.792  7.455 0.0000000000
125290  -24.126  -30.317  7.692 0.0000000000
88181  -28.474  -14.927  2.715 0.0000000000
125369  -28.860  -14.780  2.478 0.0000000000
80790  -24.611  -21.202  3.799 0.0000000000
81767  -25.987  -20.918  2.702 0.0000000000
81768  -27.511  -20.558  2.635 0.0000000000
81751  -29.531  -20.451  4.360 0.0000000000
81752  -30.206  -20.284  4.740 0.0000000000
133265  -29.773  -21.054  4.715 0.0000000000
80778  -30.046  -21.941  4.901 0.0000000000
77717  -23.443  -24.249  5.435 0.0000000000
78718  -23.433  -23.652  5.132 0.0000000000
77735  -25.836  -24.519  4.252 0.0000000000
76759  -26.839  -25.359  4.501 0.0000000000
143265  -27.240  -26.365  4.657 0.0000000000
73805  -27.004  -28.727  5.551 0.0000000000
149374  -27.717  -29.125  5.292 0.0000000000
73806  -28.301  -29.003  5.130 0.0000000000
72915  -30.178  -29.136  5.732 0.0000000000
72914  -29.468  -29.427  5.581 0.0000000000
72012  -30.092  -30.308  5.988 0.0000000000
125483  -30.689  -30.426  6.441 0.0000000000
125606  -29.249  -11.722  2.839 0.0000000000
91894  -32.146  -9.738  2.937 0.0000000000
125880  -32.601  -11.650  4.745 0.0000000000
86253  -21.580  -15.397  3.820 0.0000000000
86268  -22.437  -15.371  3.186 0.0000000000
86283  -23.185  -15.204  2.538 0.0000000000
86285  -24.805  -15.347  2.269 0.0000000000
86286  -25.610  -15.563  2.261 0.0000000000
85356  -26.114  -16.165  2.146 0.0000000000
85357  -26.636  -16.329  2.167 0.0000000000
85358  -27.391  -16.840  2.370 0.0000000000
136010  -30.981  -17.510  3.970 0.0000000000
84390  -31.276  -17.325  4.554 0.0000000000
85327  -31.978  -16.273  5.091 0.0000000000
149593  -29.700  -23.880  4.581 0.0000000000
78720  -30.096  -24.311  4.846 0.0000000000
77722  -31.219  -24.075  5.669 0.0000000000
69263  -24.917  -33.027  7.469 0.0000000000
143049  -25.216  -31.783  7.191 0.0000000000
125281  -27.738  -32.344  6.169 0.0000000000
75729  -23.404  -26.612  6.509 0.0000000000
146939  -24.039  -26.733  5.897 0.0000000000
74743  -24.793  -27.087  5.738 0.0000000000
145367  -25.519  -28.825  6.437 0.0000000000
73792  -26.429  -29.240  5.969 0.0000000000
125724  -28.891  -12.498  2.983 0.0000000000
91008  -31.112  -11.068  2.937 0.0000000000
125371  -30.695  -11.700  2.998 0.0000000000
125677  -30.905  -14.418  4.313 0.0000000000
82695  -22.240  -19.653  4.370 0.0000000000
81764  -23.395  -20.234  3.737 0.0000000000
146486  -23.241  -19.614  3.566 0.0000000000
82710  -22.719  -19.232  3.851 0.0000000000
83579  -24.048  -17.812  2.720 0.0000000000
84420  -26.164  -17.482  1.897 0.0000000000
140167  -25.875  -18.487  1.840 0.0000000000
83582  -27.211  -18.530  2.027 0.0000000000
83572  -28.210  -18.675  3.151 0.0000000000
82713  -27.855  -19.555  2.984 0.0000000000
83573  -29.079  -18.374  3.573 0.0000000000
83558  -30.517  -18.288  4.537 0.0000000000
128600  -32.061  -18.149  5.743 0.0000000000
82683  -32.253  -18.799  5.928 0.0000000000
81739  -30.938  -20.125  5.170 0.0000000000
76740  -30.867  -26.020  6.306 0.0000000000
68197  -27.811  -34.159  6.774 0.0000000000
69267  -28.309  -33.427  6.413 0.0000000000
78734  -23.774  -23.282  4.688 0.0000000000
79780  -24.335  -22.713  4.355 0.0000000000
79794  -24.937  -22.098  3.902 0.0000000000
79795  -26.647  -22.538  3.282 0.0000000000
79796  -27.370  -22.617  3.219 0.0000000000
79797  -28.041  -22.639  3.336 0.0000000000
78754  -27.533  -23.328  3.550 0.0000000000
78755  -28.136  -23.331  3.681 0.0000000000
77738  -28.373  -24.606  4.093 0.0000000000
76761  -28.952  -25.192  4.522 0.0000000000
76751  -29.563  -25.698  4.822 0.0000000000
76752  -30.032  -26.114  5.148 0.0000000000
75741  -25.542  -26.536  5.339 0.0000000000
74762  -27.999  -27.234  4.746 0.0000000000
75744  -29.392  -26.539  4.888 0.0000000000
75730  -30.407  -26.544  5.746 0.0000000000
75731  -30.960  -27.094  6.308 0.0000000000
148495  -31.011  -27.772  6.604 0.0000000000
73793  -30.723  -28.866  6.066 0.0000000000
73794  -30.951  -28.518  6.585 0.0000000000
90998  -32.694  -10.898  4.217 0.0000000000
88179  -26.070  -15.203  2.660 0.0000000000
86269  -28.511  -15.204  2.775 0.0000000000
86287  -26.365  -16.203  1.962 0.0000000000
86288  -27.652  -16.177  2.803 0.0000000000
143052  -29.702  -14.956  3.181 0.0000000000
84421  -27.284  -17.539  2.084 0.0000000000
129976  -29.692  -16.835  3.470 0.0000000000
84406  -30.432  -17.171  3.655 0.0000000000
85342  -30.447  -16.538  3.759 0.0000000000
125360  -32.859  -13.868  5.001 0.0000000000
79783  -29.323  -22.428  4.355 0.0000000000
139623  -30.874  -21.880  5.246 0.0000000000
78741  -30.090  -23.482  4.782 0.0000000000
79764  -30.617  -22.760  5.144 0.0000000000
125294  -24.635  -30.653  7.535 0.0000000000
125732  -25.372  -30.798  6.988 0.0000000000
125302  -28.772  -32.947  6.077 0.0000000000
143093  -28.762  -32.511  6.034 0.0000000000
125601  -28.965  -32.052  5.951 0.0000000000
125470  -28.477  -31.677  5.648 0.0000000000
143115  -29.072  -31.532  5.583 0.0000000000
143004  -29.037  -31.212  5.385 0.0000000000
125484  -29.906  -31.193  5.940 0.0000000000
67199  -28.617  -35.504  7.780 0.0000000000
72011  -29.776  -30.628  5.775 0.0000000000
72013  -30.391  -30.177  6.166 0.0000000000
72897  -29.997  -29.833  5.848 0.0000000000
80774  -22.143  -21.051  4.874 0.0000000000
80776  -28.838  -21.846  3.889 0.0000000000
80789  -23.628  -20.977  4.063 0.0000000000
81765  -24.226  -20.411  3.506 0.0000000000
82726  -26.060  -19.456  1.935 0.0000000000
82727  -26.527  -19.518  2.099 0.0000000000
83583  -27.816  -18.089  2.574 0.0000000000
84402  -22.351  -17.281  3.578 0.0000000000
84418  -24.232  -16.731  2.445 0.0000000000
84419  -25.407  -17.538  2.002 0.0000000000
85353  -22.897  -15.895  2.655 0.0000000000
85368  -25.296  -16.044  2.148 0.0000000000
86284  -23.957  -15.189  2.290 0.0000000000
87224  -24.406  -14.751  2.621 0.0000000000
88180  -27.206  -15.543  2.841 0.0000000000
125295  -28.505  -31.867  5.771 0.0000000000
125298  -29.286  -30.968  5.368 0.0000000000
126666  -25.098  -15.143  2.334 0.0000000000
129391  -25.846  -22.350  3.555 0.0000000000
129882  -26.376  -24.207  3.899 0.0000000000
142951  -29.509  -32.653  6.290 0.0000000000
142998  -30.073  -30.618  6.002 0.0000000000
143003  -29.830  -30.871  5.823 0.0000000000
143038  -27.971  -33.052  6.267 0.0000000000
145021  -26.603  -15.691  2.531 0.0000000000
145112  -26.769  -17.301  1.905 0.0000000000
151165  -27.202  -24.942  4.292 0.0000000000
