#!ascii label  , from subject sub1 vox2ras=TkReg
989
125507  -24.859  -31.160  7.437 0.5555555820
125732  -25.372  -30.798  6.988 0.6666666865
72894  -25.918  -29.631  6.418 0.7777777910
72895  -26.775  -30.109  6.047 0.7777777910
144973  -26.095  -28.315  5.878 0.8888888955
129121  -28.921  -28.785  5.239 0.8888888955
125695  -24.142  -31.520  7.891 0.5555555820
125290  -24.126  -30.317  7.692 0.5555555820
72893  -24.925  -29.471  6.936 0.6666666865
72911  -27.343  -29.652  5.645 0.8888888955
73805  -27.004  -28.727  5.551 0.8888888955
74762  -27.999  -27.234  4.746 1.0000000000
74747  -29.094  -27.914  5.051 0.8888888955
144023  -28.796  -27.067  4.763 1.0000000000
73782  -23.850  -28.959  7.373 0.7777777910
74734  -24.001  -27.516  6.370 1.0000000000
146939  -24.039  -26.733  5.897 1.0000000000
74744  -25.802  -27.403  5.643 1.0000000000
76750  -26.212  -26.005  4.812 1.0000000000
75740  -24.610  -26.267  5.471 1.0000000000
143265  -27.240  -26.365  4.657 1.0000000000
76758  -25.960  -25.216  4.488 1.0000000000
76759  -26.839  -25.359  4.501 1.0000000000
75753  -27.588  -25.445  4.370 1.0000000000
76760  -28.278  -25.377  4.305 1.0000000000
77736  -26.699  -24.643  4.129 1.0000000000
77737  -27.606  -24.682  4.025 1.0000000000
76761  -28.952  -25.192  4.522 1.0000000000
78738  -27.838  -24.009  3.824 1.0000000000
77739  -29.226  -24.328  4.413 0.7777777910
76747  -23.493  -25.090  5.895 0.8888888955
77718  -24.194  -24.702  5.042 1.0000000000
77735  -25.836  -24.519  4.252 1.0000000000
78737  -27.025  -24.088  3.601 1.0000000000
78755  -28.136  -23.331  3.681 1.0000000000
78739  -28.570  -23.774  3.996 1.0000000000
78740  -29.357  -23.385  4.328 0.8888888955
79784  -29.909  -22.812  4.679 0.7777777910
79764  -30.617  -22.760  5.144 0.7777777910
127595  -22.911  -23.651  5.658 0.5555555820
79779  -23.441  -22.448  4.802 0.7777777910
78734  -23.774  -23.282  4.688 0.8888888955
78736  -25.754  -23.831  4.120 1.0000000000
79781  -25.362  -22.950  4.114 0.8888888955
78752  -26.178  -23.172  3.721 1.0000000000
78753  -26.865  -23.293  3.496 1.0000000000
79797  -28.041  -22.639  3.336 1.0000000000
79782  -28.644  -22.807  3.740 0.8888888955
80794  -28.341  -21.976  3.145 1.0000000000
145078  -29.408  -21.654  4.449 0.8888888955
80762  -30.740  -21.056  5.101 0.7777777910
80763  -31.494  -21.427  5.441 0.6666666865
80746  -32.127  -21.045  5.700 0.6666666865
80760  -21.635  -21.264  5.489 0.4444444478
79762  -22.521  -22.327  5.323 0.7777777910
80774  -22.143  -21.051  4.874 0.6666666865
80790  -24.611  -21.202  3.799 0.7777777910
80791  -25.528  -21.455  3.393 0.8888888955
79796  -27.370  -22.617  3.219 1.0000000000
80792  -26.342  -21.776  2.903 1.0000000000
152043  -27.498  -21.477  2.586 1.0000000000
132149  -28.129  -21.337  2.757 1.0000000000
80795  -28.682  -21.143  3.277 0.8888888955
80777  -29.235  -21.049  4.037 0.7777777910
81739  -30.938  -20.125  5.170 0.7777777910
148055  -31.495  -19.962  5.517 0.6666666865
82695  -22.240  -19.653  4.370 0.6666666865
81749  -22.143  -20.324  4.581 0.6666666865
81764  -23.395  -20.234  3.737 0.7777777910
146486  -23.241  -19.614  3.566 0.7777777910
81766  -25.220  -20.520  3.336 0.8888888955
81767  -25.987  -20.918  2.702 0.8888888955
81778  -25.682  -19.990  2.578 1.0000000000
81779  -26.499  -20.177  2.452 1.0000000000
81768  -27.511  -20.558  2.635 1.0000000000
145009  -29.070  -20.249  3.669 0.8888888955
82696  -29.613  -19.711  4.384 0.8888888955
81752  -30.206  -20.284  4.740 0.7777777910
82714  -28.593  -19.449  3.461 0.8888888955
82715  -29.107  -19.285  4.010 0.7777777910
82697  -30.412  -19.303  4.829 0.7777777910
82682  -31.845  -19.434  5.731 0.7777777910
82664  -32.483  -19.605  6.290 0.6666666865
83556  -21.911  -18.906  4.397 0.6666666865
82693  -21.006  -19.113  5.059 0.5555555820
82710  -22.719  -19.232  3.851 0.7777777910
83569  -23.407  -18.786  3.245 0.8888888955
82712  -24.880  -19.743  3.099 0.8888888955
82725  -25.338  -19.170  2.310 1.0000000000
82713  -27.855  -19.555  2.984 1.0000000000
81769  -28.423  -20.460  3.001 0.8888888955
83542  -30.930  -18.711  5.075 0.7777777910
83559  -31.153  -18.031  4.776 0.7777777910
83543  -31.535  -18.600  5.496 0.6666666865
83524  -32.593  -18.125  6.230 0.5555555820
82684  -32.708  -18.800  6.482 0.5555555820
83567  -21.910  -18.039  4.033 0.7777777910
84401  -21.577  -17.327  4.131 0.6666666865
83580  -24.997  -18.231  2.341 1.0000000000
83581  -26.606  -18.972  1.816 1.0000000000
83572  -28.210  -18.675  3.151 0.8888888955
84389  -29.971  -17.858  4.011 0.8888888955
83557  -29.704  -18.745  4.334 0.8888888955
84391  -31.668  -17.000  5.255 0.7777777910
84371  -31.580  -17.750  5.351 0.7777777910
84407  -31.171  -16.959  3.794 0.7777777910
84372  -32.387  -17.408  5.748 0.5555555820
84350  -33.151  -17.435  6.477 0.5555555820
149052  -32.365  -16.665  5.515 0.6666666865
87209  -19.964  -14.705  5.571 0.4444444478
85338  -21.880  -16.338  3.655 0.5555555820
84417  -23.462  -16.766  2.766 0.7777777910
146399  -24.743  -17.412  2.244 1.0000000000
84420  -26.164  -17.482  1.897 1.0000000000
130847  -26.683  -18.071  1.796 0.8888888955
84404  -27.970  -17.316  2.661 0.8888888955
135264  -28.671  -17.817  2.949 0.8888888955
84405  -29.489  -17.468  3.434 0.8888888955
136010  -30.981  -17.510  3.970 0.8888888955
84373  -33.029  -16.578  6.106 0.5555555820
133080  -24.498  -14.935  2.371 0.6666666865
86283  -23.185  -15.204  2.538 0.6666666865
85356  -26.114  -16.165  2.146 0.7777777910
126082  -26.948  -16.782  2.053 0.8888888955
85357  -26.636  -16.329  2.167 0.7777777910
85358  -27.391  -16.840  2.370 0.7777777910
85341  -28.713  -16.268  3.510 0.7777777910
85340  -28.766  -17.106  3.159 0.8888888955
85342  -30.447  -16.538  3.759 0.7777777910
129976  -29.692  -16.835  3.470 0.7777777910
125363  -30.584  -15.125  4.338 0.6666666865
125359  -31.316  -15.199  4.700 0.6666666865
150737  -31.518  -15.913  4.837 0.6666666865
85326  -31.317  -16.595  4.700 0.5555555820
127133  -31.881  -14.333  4.860 0.6666666865
132876  -32.786  -14.703  5.307 0.5555555820
86244  -33.327  -15.712  5.954 0.4444444478
89118  -25.921  -14.991  2.719 0.3333333433
87235  -25.748  -15.187  2.473 0.5555555820
147916  -27.753  -15.474  2.843 0.5555555820
86287  -26.365  -16.203  1.962 0.7777777910
85360  -28.505  -15.816  3.216 0.7777777910
125602  -29.161  -14.881  2.538 0.6666666865
86270  -29.360  -15.779  3.592 0.6666666865
125738  -30.181  -15.503  3.857 0.6666666865
125522  -30.228  -14.569  3.579 0.6666666865
125677  -30.905  -14.418  4.313 0.6666666865
125751  -32.110  -13.290  4.756 0.6666666865
125360  -32.859  -13.868  5.001 0.5555555820
88158  -33.563  -13.489  5.323 0.5555555820
125624  -33.013  -13.036  4.911 0.6666666865
125537  -26.908  -15.129  3.191 0.4444444478
89119  -26.334  -15.160  2.745 0.4444444478
88181  -28.474  -14.927  2.715 0.5555555820
86269  -28.511  -15.204  2.775 0.6666666865
143052  -29.702  -14.956  3.181 0.6666666865
125365  -31.268  -13.558  4.240 0.6666666865
127379  -32.328  -12.395  4.725 0.6666666865
89109  -33.133  -12.165  5.043 0.5555555820
143088  -27.971  -14.875  2.892 0.4444444478
143630  -29.373  -14.362  2.426 0.6666666865
143051  -30.095  -13.393  2.802 0.6666666865
125518  -29.852  -14.220  2.513 0.6666666865
125361  -31.559  -12.654  4.212 0.6666666865
73791  -24.469  -28.462  6.746 1.0000000000
74735  -25.098  -27.938  6.137 1.0000000000
75742  -26.474  -26.888  5.123 1.0000000000
139027  -28.159  -26.271  4.518 1.0000000000
81748  -21.600  -20.496  5.208 0.5555555820
83555  -21.270  -18.218  4.558 0.5555555820
137258  -21.672  -14.675  3.852 0.5555555820
84403  -23.083  -17.687  3.118 0.7777777910
140167  -25.875  -18.487  1.840 1.0000000000
87201  -20.130  -14.060  5.786 0.2222222239
85327  -31.978  -16.273  5.091 0.6666666865
85359  -27.965  -16.491  2.917 0.7777777910
144693  -32.923  -15.379  5.488 0.4444444478
125369  -28.860  -14.780  2.478 0.6666666865
143042  -29.632  -13.818  2.437 0.6666666865
82676  -21.009  -19.902  5.465 0.4444444478
89101  -33.741  -12.676  5.293 0.5555555820
125647  -26.861  -15.413  3.085 0.2222222239
90068  -33.945  -11.881  5.109 0.5555555820
125493  -25.642  -32.389  6.953 0.5555555820
143033  -26.242  -31.926  6.562 0.5555555820
125562  -27.058  -30.971  5.986 0.5555555820
72913  -28.841  -29.708  5.459 0.7777777910
143013  -24.475  -32.251  7.610 0.5555555820
72896  -27.922  -30.578  5.556 0.6666666865
72912  -28.180  -29.840  5.422 0.8888888955
73807  -29.535  -28.547  5.459 0.7777777910
74748  -29.625  -27.728  5.417 0.7777777910
75744  -29.392  -26.539  4.888 0.8888888955
125692  -22.925  -31.280  8.452 0.4444444478
126215  -22.967  -29.822  8.581 0.5555555820
75754  -28.879  -26.042  4.597 1.0000000000
73781  -23.191  -28.517  7.772 0.2222222239
73790  -23.563  -28.117  7.129 0.6666666865
77720  -29.627  -24.961  4.757 0.8888888955
78720  -30.096  -24.311  4.846 0.6666666865
78741  -30.090  -23.482  4.782 0.7777777910
78722  -31.260  -23.193  5.621 0.6666666865
75729  -23.404  -26.612  6.509 0.5555555820
79765  -31.314  -22.282  5.595 0.6666666865
76746  -22.712  -25.230  6.540 0.4444444478
79766  -31.915  -21.855  6.016 0.5555555820
81724  -32.549  -20.573  6.341 0.5555555820
78705  -21.501  -22.820  7.321 0.2222222239
81736  -21.253  -20.642  5.708 0.4444444478
82665  -33.089  -19.222  6.959 0.5555555820
83537  -19.957  -18.346  6.547 0.3333333433
83502  -33.308  -18.263  6.952 0.5555555820
141421  -21.135  -15.945  4.271 0.4444444478
84327  -33.853  -17.469  7.146 0.4444444478
87200  -19.632  -14.341  6.727 0.3333333433
145699  -33.790  -16.834  6.706 0.5555555820
89115  -25.396  -14.589  3.450 0.3333333433
89108  -24.619  -14.534  3.531 0.3333333433
88167  -24.191  -14.667  2.806 0.4444444478
87205  -33.478  -14.986  5.696 0.4444444478
88150  -34.044  -13.887  5.605 0.4444444478
89102  -34.600  -12.266  5.415 0.2222222239
125370  -29.224  -14.267  2.463 0.6666666865
125593  -30.809  -12.983  3.499 0.6666666865
125366  -31.162  -12.184  3.465 0.6666666865
90081  -31.867  -11.698  4.161 0.6666666865
125880  -32.601  -11.650  4.745 0.6666666865
90077  -33.311  -11.327  4.932 0.4444444478
90069  -34.826  -11.419  4.953 0.3333333433
126121  -29.376  -13.501  2.761 0.5555555820
125289  -23.892  -30.772  8.124 0.5555555820
125294  -24.635  -30.653  7.535 0.6666666865
142971  -25.761  -31.394  6.743 0.6666666865
143050  -26.150  -31.035  6.429 0.6666666865
131506  -24.863  -30.227  7.273 0.6666666865
72884  -25.878  -30.353  6.566 0.7777777910
73792  -26.429  -29.240  5.969 0.8888888955
74745  -26.743  -27.778  5.435 1.0000000000
142112  -28.507  -28.048  4.942 1.0000000000
74746  -27.690  -28.179  5.142 0.8888888955
73806  -28.301  -29.003  5.130 0.8888888955
125282  -23.475  -30.112  8.110 0.5555555820
125283  -23.963  -29.792  7.455 0.5555555820
145367  -25.519  -28.825  6.437 0.8888888955
149374  -27.717  -29.125  5.292 0.8888888955
75743  -27.269  -27.298  4.962 1.0000000000
140631  -29.291  -27.250  5.027 1.0000000000
126275  -23.325  -29.378  8.080 0.5555555820
74743  -24.793  -27.087  5.738 1.0000000000
75739  -23.753  -26.037  5.805 1.0000000000
75741  -25.542  -26.536  5.339 1.0000000000
76749  -25.281  -25.757  4.961 1.0000000000
76748  -24.383  -25.474  5.291 1.0000000000
77719  -25.066  -25.025  4.652 1.0000000000
76751  -29.563  -25.698  4.822 0.8888888955
77738  -28.373  -24.606  4.093 1.0000000000
149593  -29.700  -23.880  4.581 0.7777777910
147986  -23.204  -25.786  6.386 0.6666666865
77734  -24.931  -24.275  4.519 1.0000000000
138413  -26.466  -23.831  3.708 1.0000000000
78754  -27.533  -23.328  3.550 1.0000000000
79783  -29.323  -22.428  4.355 0.8888888955
139623  -30.874  -21.880  5.246 0.7777777910
78706  -22.594  -23.568  6.126 0.5555555820
77716  -22.813  -24.406  6.105 0.5555555820
78717  -22.567  -22.917  5.771 0.6666666865
79763  -23.111  -23.009  5.267 0.6666666865
77717  -23.443  -24.249  5.435 0.7777777910
78718  -23.433  -23.652  5.132 0.7777777910
79778  -22.905  -21.597  4.691 0.6666666865
80775  -24.011  -21.797  4.378 0.8888888955
79780  -24.335  -22.713  4.355 0.8888888955
78719  -23.998  -23.997  4.737 0.8888888955
78735  -24.690  -23.522  4.432 1.0000000000
79794  -24.937  -22.098  3.902 0.8888888955
79795  -26.647  -22.538  3.282 1.0000000000
80793  -27.812  -22.033  2.765 1.0000000000
133265  -29.773  -21.054  4.715 0.8888888955
80778  -30.046  -21.941  4.901 0.7777777910
81740  -31.579  -20.696  5.371 0.6666666865
80747  -32.577  -21.434  6.371 0.5555555820
81723  -32.023  -20.241  5.798 0.6666666865
80761  -22.107  -21.699  5.185 0.5555555820
80741  -21.432  -21.383  5.956 0.3333333433
79761  -21.808  -22.020  5.710 0.3333333433
81763  -22.808  -19.961  4.100 0.6666666865
81750  -22.798  -20.706  4.300 0.7777777910
131855  -27.110  -22.000  2.669 1.0000000000
127946  -26.782  -21.211  2.508 1.0000000000
81751  -29.531  -20.451  4.360 0.7777777910
82681  -31.185  -19.342  5.328 0.7777777910
82711  -23.866  -19.653  3.263 0.8888888955
82683  -32.253  -18.799  5.928 0.6666666865
82675  -20.807  -19.309  5.466 0.4444444478
83570  -24.418  -18.916  2.817 0.8888888955
81780  -27.090  -19.467  2.373 1.0000000000
83571  -27.606  -18.859  2.682 0.8888888955
83558  -30.517  -18.288  4.537 0.7777777910
128600  -32.061  -18.149  5.743 0.6666666865
85322  -20.884  -16.860  4.597 0.5555555820
84416  -22.899  -16.780  3.140 0.6666666865
83579  -24.048  -17.812  2.720 0.8888888955
83582  -27.211  -18.530  2.027 1.0000000000
83573  -29.079  -18.374  3.573 0.8888888955
84390  -31.276  -17.325  4.554 0.8888888955
84406  -30.432  -17.171  3.655 0.8888888955
86253  -21.580  -15.397  3.820 0.5555555820
85339  -22.485  -16.287  3.248 0.5555555820
84429  -24.945  -16.743  1.981 0.7777777910
85354  -23.631  -15.792  2.482 0.7777777910
84421  -27.284  -17.539  2.084 0.8888888955
84430  -25.742  -16.778  2.039 0.7777777910
85294  -33.847  -16.094  6.477 0.5555555820
87223  -23.503  -14.651  3.105 0.5555555820
87233  -23.704  -14.910  2.557 0.5555555820
87234  -25.098  -14.829  2.513 0.4444444478
86285  -24.805  -15.347  2.269 0.6666666865
86286  -25.610  -15.563  2.261 0.6666666865
85355  -24.487  -15.909  2.286 0.7777777910
86268  -22.437  -15.371  3.186 0.7777777910
87221  -22.120  -14.597  3.519 0.6666666865
126197  -27.067  -16.357  2.319 0.7777777910
84431  -26.396  -16.854  1.991 0.7777777910
86258  -30.949  -16.048  4.261 0.6666666865
86259  -32.229  -15.410  5.050 0.5555555820
147360  -33.477  -14.253  5.440 0.4444444478
88178  -25.553  -14.698  2.778 0.4444444478
88179  -26.070  -15.203  2.660 0.5555555820
131261  -26.934  -15.999  2.376 0.6666666865
86288  -27.652  -16.177  2.803 0.7777777910
88180  -27.206  -15.543  2.841 0.5555555820
142984  -30.478  -13.809  3.425 0.6666666865
84387  -20.712  -17.550  4.853 0.4444444478
87210  -22.072  -14.361  3.713 0.3333333433
142867  -20.969  -20.101  5.601 0.4444444478
83554  -20.753  -18.353  5.011 0.4444444478
88159  -34.406  -13.171  5.678 0.3333333433
129446  -34.070  -11.162  4.950 0.3333333433
143049  -25.216  -31.783  7.191 0.5555555820
72914  -29.468  -29.427  5.581 0.6666666865
70298  -23.425  -31.964  8.088 0.4444444478
76752  -30.032  -26.114  5.148 0.7777777910
70290  -22.727  -32.010  8.716 0.3333333433
129285  -22.907  -30.486  8.590 0.4444444478
78721  -30.710  -23.730  5.206 0.6666666865
74733  -23.305  -27.441  7.021 0.7777777910
152368  -22.194  -22.465  5.733 0.3333333433
78688  -22.142  -23.516  7.383 0.1111111119
79742  -21.673  -21.997  6.062 0.1111111119
84364  -19.628  -17.635  6.230 0.3333333433
84386  -19.587  -16.918  5.922 0.3333333433
87212  -23.119  -14.486  3.327 0.3333333433
142994  -30.060  -32.544  6.621 0.4444444478
142958  -31.416  -32.267  9.324 0.2222222239
143012  -26.761  -32.361  6.455 0.4444444478
125288  -28.089  -32.633  6.157 0.4444444478
143048  -27.266  -31.991  6.218 0.4444444478
133041  -27.981  -32.037  5.871 0.4444444478
125580  -29.402  -32.271  6.146 0.4444444478
142972  -30.139  -31.896  6.386 0.4444444478
125527  -31.626  -31.409  8.415 0.2222222239
142954  -28.069  -31.193  5.546 0.4444444478
143115  -29.072  -31.532  5.583 0.4444444478
125462  -29.629  -31.631  5.946 0.4444444478
125297  -32.124  -30.940  8.776 0.1111111119
125489  -32.623  -30.233  9.371 0.1111111119
125484  -29.906  -31.193  5.940 0.4444444478
142999  -31.046  -30.683  6.837 0.3333333433
143004  -29.037  -31.212  5.385 0.4444444478
142997  -30.632  -31.089  6.649 0.3333333433
125614  -31.252  -30.231  6.873 0.3333333433
125567  -31.924  -30.457  8.342 0.2222222239
72025  -29.552  -30.733  5.624 0.4444444478
125483  -30.689  -30.426  6.441 0.3333333433
72024  -28.929  -30.576  5.418 0.4444444478
73783  -31.322  -28.908  7.148 0.2222222239
73775  -32.421  -28.777  8.212 0.1111111119
74718  -32.557  -27.878  8.249 0.1111111119
72899  -30.990  -29.332  6.535 0.3333333433
73794  -30.951  -28.518  6.585 0.3333333433
73808  -30.195  -28.294  5.757 0.4444444478
74749  -30.281  -27.426  5.811 0.5555555820
75731  -30.960  -27.094  6.308 0.6666666865
75721  -32.002  -26.649  7.561 0.4444444478
75730  -30.407  -26.544  5.746 0.6666666865
76717  -32.702  -25.283  7.677 0.3333333433
76739  -30.515  -25.762  5.571 0.6666666865
145868  -31.698  -24.799  6.575 0.5555555820
77721  -30.307  -25.213  5.096 0.6666666865
77708  -31.560  -24.331  6.238 0.5555555820
77709  -32.142  -24.165  6.818 0.5555555820
77696  -32.264  -25.037  7.036 0.4444444478
147891  -30.724  -24.480  5.300 0.5555555820
78708  -32.291  -23.208  6.728 0.4444444478
79749  -32.590  -22.292  6.567 0.5555555820
80748  -33.115  -21.784  6.740 0.4444444478
125734  -30.357  -12.460  3.112 0.5555555820
125367  -31.345  -11.527  3.380 0.5555555820
91009  -32.499  -10.310  3.412 0.5555555820
140616  -29.356  -32.833  6.219 0.4444444478
143094  -31.359  -31.916  8.463 0.2222222239
125277  -31.536  -30.383  7.499 0.2222222239
72887  -31.834  -29.264  7.598 0.2222222239
73769  -32.754  -29.105  8.829 0.1111111119
148495  -31.011  -27.772  6.604 0.4444444478
74728  -31.999  -27.539  7.689 0.3333333433
74736  -30.885  -28.028  6.011 0.4444444478
76740  -30.867  -26.020  6.306 0.6666666865
75720  -31.469  -26.375  6.909 0.4444444478
79750  -33.217  -22.219  6.962 0.4444444478
135192  -32.953  -20.066  7.000 0.4444444478
125371  -30.695  -11.700  2.998 0.5555555820
126224  -29.872  -11.823  2.938 0.5555555820
90998  -32.694  -10.898  4.217 0.5555555820
68197  -27.811  -34.159  6.774 0.4444444478
143863  -28.933  -33.412  6.412 0.4444444478
142990  -29.881  -33.430  7.360 0.4444444478
125296  -30.775  -32.863  9.095 0.2222222239
145244  -31.182  -32.845  9.895 0.2222222239
142979  -31.690  -32.475  10.321 0.1111111119
125504  -26.152  -32.890  6.847 0.4444444478
69266  -27.528  -33.486  6.520 0.4444444478
143037  -31.880  -31.575  9.260 0.1111111119
146699  -32.465  -31.000  9.518 0.1111111119
142995  -31.987  -31.974  9.953 0.1111111119
137657  -33.263  -29.979  10.060 0.1111111119
125646  -32.971  -29.454  9.427 0.1111111119
73770  -33.347  -28.536  9.553 0.1111111119
74709  -33.400  -27.791  9.346 0.1111111119
139675  -33.097  -27.254  8.925 0.1111111119
75713  -33.041  -26.281  8.673 0.2222222239
77697  -32.771  -24.508  7.465 0.1111111119
75712  -32.560  -26.063  7.994 0.2222222239
78696  -32.768  -23.630  7.346 0.2222222239
78697  -33.433  -23.223  7.714 0.2222222239
79732  -32.930  -22.843  7.187 0.3333333433
81725  -33.161  -21.005  6.974 0.4444444478
81702  -33.658  -20.318  7.499 0.3333333433
82645  -34.277  -19.590  7.943 0.3333333433
152031  -33.569  -19.657  7.364 0.3333333433
87211  -22.606  -14.438  3.473 0.4444444478
87194  -34.104  -14.476  5.860 0.3333333433
143642  -29.575  -12.730  2.839 0.5555555820
91893  -31.681  -10.441  2.975 0.5555555820
72026  -29.500  -30.254  5.653 0.5555555820
72915  -30.178  -29.136  5.732 0.6666666865
75745  -29.785  -26.938  5.336 0.6666666865
77722  -31.219  -24.075  5.669 0.5555555820
78707  -31.683  -23.608  6.219 0.5555555820
79748  -31.764  -22.704  6.190 0.4444444478
82644  -33.761  -18.902  7.545 0.4444444478
125521  -26.735  -31.527  6.265 0.4444444478
72898  -30.603  -29.607  6.147 0.3333333433
72012  -30.092  -30.308  5.988 0.3333333433
150860  -30.954  -32.209  7.797 0.4444444478
125461  -30.497  -32.561  7.437 0.3333333433
125192  -30.073  -32.250  6.493 0.4444444478
142966  -29.983  -32.962  6.979 0.4444444478
125474  -30.942  -32.466  8.315 0.3333333433
125512  -27.265  -32.793  6.387 0.4444444478
125281  -27.738  -32.344  6.169 0.4444444478
125302  -28.772  -32.947  6.077 0.4444444478
143077  -27.752  -31.679  5.822 0.4444444478
143093  -28.762  -32.511  6.034 0.4444444478
125601  -28.965  -32.052  5.951 0.4444444478
125470  -28.477  -31.677  5.648 0.4444444478
125552  -29.272  -31.973  5.976 0.4444444478
143000  -31.147  -31.843  7.719 0.4444444478
143053  -31.252  -31.481  7.564 0.4444444478
142953  -30.229  -31.517  6.367 0.4444444478
125305  -31.342  -31.025  7.385 0.4444444478
149606  -32.040  -31.208  8.982 0.1111111119
125642  -31.662  -31.080  8.099 0.2222222239
125517  -32.454  -29.801  8.846 0.1111111119
125221  -32.834  -30.408  9.997 0.1111111119
72886  -31.310  -29.686  6.986 0.3333333433
72885  -30.963  -29.967  6.455 0.3333333433
72878  -31.580  -29.920  7.424 0.2222222239
125589  -32.058  -29.689  8.144 0.2222222239
73784  -32.035  -28.441  7.650 0.2222222239
142758  -32.953  -28.228  8.856 0.1111111119
73793  -30.723  -28.866  6.066 0.3333333433
76731  -32.119  -25.804  7.308 0.3333333433
74727  -31.452  -27.235  7.060 0.4444444478
76730  -31.532  -25.485  6.740 0.4444444478
77707  -31.051  -25.012  5.904 0.5555555820
80730  -33.426  -21.742  7.315 0.4444444478
135342  -31.850  -10.968  3.488 0.5555555820
125306  -29.465  -33.273  6.594 0.4444444478
91007  -30.139  -11.134  2.583 0.5555555820
130416  -32.472  -26.932  8.266 0.2222222239
68198  -28.573  -33.993  6.774 0.4444444478
69267  -28.309  -33.427  6.413 0.4444444478
125469  -30.461  -33.475  8.924 0.2222222239
125464  -30.459  -33.166  8.035 0.4444444478
69265  -26.565  -33.612  6.954 0.4444444478
69264  -25.683  -33.492  7.367 0.4444444478
125640  -32.390  -31.471  10.134 0.1111111119
125473  -33.110  -29.773  9.768 0.1111111119
128902  -29.465  -40.377  11.433 0.1111111119
140977  -26.890  -38.890  7.960 0.3333333433
147525  -28.462  -39.178  9.642 0.2222222239
62373  -28.913  -40.148  10.700 0.2222222239
64290  -29.677  -39.425  11.067 0.1111111119
65317  -24.875  -37.235  8.434 0.3333333433
133441  -24.587  -38.025  8.589 0.3333333433
64334  -25.527  -38.645  8.472 0.3333333433
64337  -27.989  -37.731  8.522 0.3333333433
64302  -28.935  -38.557  9.740 0.2222222239
64320  -28.733  -37.759  9.259 0.2222222239
64303  -29.614  -38.614  10.377 0.2222222239
64291  -30.229  -38.567  11.006 0.1111111119
67195  -23.256  -35.211  8.504 0.2222222239
139012  -23.774  -35.821  8.545 0.2222222239
66240  -23.646  -36.436  8.799 0.2222222239
65318  -25.819  -37.281  8.235 0.3333333433
64336  -27.184  -38.158  8.234 0.3333333433
127304  -29.514  -37.859  9.848 0.1111111119
68182  -23.629  -34.441  8.439 0.2222222239
67196  -24.073  -35.085  8.352 0.3333333433
145537  -24.334  -34.372  8.239 0.3333333433
67197  -24.880  -35.674  8.352 0.3333333433
68183  -24.999  -34.702  8.216 0.3333333433
67208  -25.741  -35.109  7.934 0.3333333433
67198  -25.895  -35.907  7.928 0.3333333433
67209  -26.391  -35.351  7.610 0.3333333433
66245  -28.533  -36.296  7.963 0.3333333433
147743  -27.811  -35.971  7.546 0.3333333433
66246  -29.201  -36.060  8.241 0.3333333433
66228  -29.479  -36.413  9.022 0.3333333433
149691  -29.641  -36.644  9.575 0.1111111119
66214  -29.953  -36.102  9.691 0.2222222239
69248  -23.313  -33.587  8.640 0.2222222239
69249  -24.127  -33.654  8.184 0.2222222239
68195  -25.732  -34.221  7.647 0.3333333433
67210  -27.215  -34.997  7.356 0.3333333433
67211  -28.121  -34.797  7.404 0.3333333433
68184  -28.836  -34.488  7.465 0.3333333433
67181  -29.603  -35.586  8.881 0.3333333433
67182  -30.007  -35.069  9.548 0.1111111119
137799  -23.092  -32.883  8.957 0.3333333433
69262  -23.644  -32.729  8.252 0.3333333433
148227  -27.134  -34.189  6.898 0.3333333433
129607  -29.486  -34.056  7.675 0.3333333433
142991  -30.072  -33.782  8.295 0.3333333433
136450  -33.630  -21.071  7.880 0.2222222239
83503  -34.041  -18.052  7.813 0.3333333433
63374  -27.350  -39.093  8.313 0.3333333433
64319  -28.101  -38.589  9.073 0.3333333433
63357  -28.998  -39.298  10.260 0.2222222239
66244  -27.149  -36.732  7.751 0.3333333433
65321  -27.955  -36.866  8.034 0.3333333433
65302  -28.739  -36.889  8.669 0.3333333433
68194  -24.985  -33.905  7.898 0.3333333433
68172  -29.643  -34.563  8.727 0.3333333433
61242  -28.832  -41.165  11.085 0.1111111119
62360  -29.451  -41.043  11.727 0.1111111119
64333  -24.483  -38.777  8.724 0.3333333433
63390  -26.044  -39.355  8.392 0.3333333433
62408  -26.643  -40.322  8.470 0.3333333433
129290  -27.250  -40.035  8.533 0.3333333433
62394  -27.645  -40.400  9.427 0.3333333433
63356  -28.322  -39.877  9.950 0.3333333433
62344  -29.860  -40.622  11.983 0.1111111119
62361  -30.100  -39.918  11.854 0.1111111119
65316  -23.956  -37.263  8.777 0.3333333433
63343  -30.506  -39.128  11.610 0.1111111119
67180  -22.993  -35.934  8.827 0.2222222239
137551  -30.795  -38.339  11.526 0.1111111119
68181  -22.937  -34.410  8.788 0.2222222239
65290  -30.453  -37.201  10.855 0.1111111119
67167  -30.441  -35.523  10.300 0.1111111119
70289  -22.545  -32.277  9.090 0.1111111119
81703  -34.272  -20.412  8.148 0.2222222239
84328  -34.373  -17.367  7.835 0.2222222239
125536  -22.313  -31.317  9.041 0.2222222239
143087  -22.440  -30.851  8.978 0.3333333433
69263  -24.917  -33.027  7.469 0.4444444478
63391  -26.712  -39.580  8.228 0.3333333433
64335  -26.327  -38.165  8.260 0.3333333433
63375  -27.825  -39.519  9.184 0.3333333433
66241  -24.367  -36.486  8.540 0.3333333433
150448  -27.644  -38.388  8.534 0.3333333433
65319  -26.686  -37.396  8.035 0.3333333433
65320  -27.380  -37.391  8.058 0.3333333433
65303  -29.319  -37.084  9.427 0.2222222239
66242  -25.331  -36.516  8.270 0.3333333433
64304  -30.083  -37.893  10.502 0.1111111119
65289  -29.815  -36.993  10.179 0.1111111119
68196  -26.463  -34.584  7.401 0.3333333433
66243  -26.274  -36.630  7.925 0.3333333433
66254  -26.808  -35.964  7.608 0.3333333433
67199  -28.617  -35.504  7.780 0.3333333433
67200  -29.132  -34.981  8.215 0.3333333433
66215  -30.423  -36.365  10.546 0.1111111119
148206  -22.741  -32.869  9.176 0.2222222239
68173  -30.259  -34.172  9.277 0.1111111119
62372  -28.200  -40.790  10.228 0.2222222239
63389  -25.296  -39.360  8.679 0.3333333433
148255  -24.496  -39.353  8.922 0.2222222239
62407  -25.992  -40.076  8.485 0.3333333433
62393  -26.956  -40.881  8.942 0.3333333433
65301  -23.487  -37.592  9.261 0.2222222239
80715  -34.291  -21.137  8.714 0.1111111119
80716  -35.044  -20.767  9.441 0.1111111119
126824  -34.776  -20.376  8.811 0.1111111119
81679  -34.772  -19.845  8.584 0.1111111119
82624  -35.716  -18.992  9.217 0.1111111119
142823  -34.317  -18.639  8.245 0.1111111119
83482  -35.406  -18.112  8.793 0.1111111119
134205  -34.482  -15.758  6.735 0.2222222239
83481  -34.601  -18.025  8.452 0.1111111119
86231  -34.994  -15.170  6.795 0.1111111119
86230  -34.137  -15.234  6.292 0.2222222239
88151  -34.681  -13.915  5.894 0.1111111119
87197  -36.530  -13.863  6.147 0.1111111119
139065  -35.167  -13.386  5.905 0.1111111119
125724  -28.891  -12.498  2.983 0.4444444478
136181  -35.297  -12.736  5.693 0.1111111119
91008  -31.112  -11.068  2.937 0.4444444478
152255  -33.963  -10.360  3.860 0.3333333433
91000  -34.507  -10.827  4.584 0.2222222239
91001  -35.208  -10.844  4.333 0.1111111119
89103  -35.668  -11.979  5.215 0.1111111119
90079  -36.365  -11.652  4.498 0.1111111119
91018  -30.797  -10.417  2.753 0.4444444478
135522  -30.559  -9.586  2.633 0.4444444478
91902  -31.388  -9.908  2.798 0.4444444478
91895  -33.047  -9.563  3.276 0.4444444478
150508  -33.593  -9.816  3.421 0.2222222239
91904  -34.508  -9.493  2.923 0.2222222239
91896  -34.105  -10.007  3.475 0.2222222239
91897  -34.878  -10.178  3.156 0.2222222239
91012  -35.430  -10.554  3.574 0.2222222239
94888  -33.822  -6.048  -1.078 0.1111111119
129447  -34.544  -7.317  -0.215 0.1111111119
91906  -35.878  -10.012  2.180 0.1111111119
125373  -28.920  -11.233  3.120 0.4444444478
91006  -29.226  -10.878  2.756 0.4444444478
91017  -29.764  -10.217  2.594 0.4444444478
92696  -31.637  -8.375  2.602 0.4444444478
141858  -31.493  -9.162  2.720 0.4444444478
91894  -32.146  -9.738  2.937 0.4444444478
92686  -33.325  -8.932  2.899 0.4444444478
93434  -31.173  -7.754  2.287 0.3333333433
93436  -33.264  -8.185  2.423 0.3333333433
92698  -34.040  -8.791  2.663 0.1111111119
92706  -34.216  -8.230  1.827 0.1111111119
92699  -34.890  -8.892  2.304 0.1111111119
92708  -35.104  -8.567  1.414 0.1111111119
125372  -28.822  -11.370  3.320 0.2222222239
91016  -28.928  -9.938  2.657 0.3333333433
91901  -29.457  -9.140  2.471 0.3333333433
92695  -30.562  -8.552  2.443 0.3333333433
141466  -31.642  -7.174  2.100 0.2222222239
93435  -32.243  -7.764  2.463 0.2222222239
93447  -33.619  -7.499  1.751 0.2222222239
144983  -34.194  -7.695  1.277 0.1111111119
94166  -31.512  -6.471  1.538 0.1111111119
93446  -32.300  -7.062  2.013 0.1111111119
94167  -32.876  -6.740  1.425 0.1111111119
93453  -34.515  -7.546  0.622 0.1111111119
94173  -33.255  -6.363  0.438 0.1111111119
93448  -33.957  -6.892  1.078 0.1111111119
132029  -28.767  -10.437  2.891 0.3333333433
91015  -28.678  -9.755  2.900 0.3333333433
91900  -28.815  -9.034  2.608 0.3333333433
141136  -29.708  -8.176  2.343 0.3333333433
93433  -30.086  -7.689  1.981 0.2222222239
93445  -30.635  -7.055  1.756 0.2222222239
94172  -32.024  -6.125  0.479 0.1111111119
94180  -33.551  -6.170  -0.325 0.1111111119
95629  -33.178  -4.144  -1.583 0.1111111119
144173  -28.929  -9.793  4.751 0.1111111119
91885  -28.984  -9.335  4.288 0.1111111119
92674  -28.631  -9.137  3.279 0.2222222239
92684  -29.051  -8.095  3.169 0.2222222239
92693  -29.101  -7.812  2.733 0.3333333433
128250  -28.411  -7.397  2.687 0.2222222239
93432  -29.098  -7.498  1.993 0.3333333433
93431  -27.941  -7.246  1.699 0.2222222239
93443  -28.066  -7.074  0.854 0.1111111119
94164  -28.719  -6.586  0.910 0.1111111119
94171  -30.841  -5.759  0.724 0.1111111119
94877  -31.442  -5.419  0.057 0.1111111119
94878  -32.500  -5.932  -0.170 0.1111111119
94896  -34.338  -5.651  -1.773 0.1111111119
94186  -34.507  -6.461  -1.432 0.1111111119
91877  -29.605  -9.164  5.201 0.1111111119
92669  -30.258  -8.500  4.936 0.1111111119
92685  -29.172  -8.468  3.848 0.1111111119
92675  -30.121  -7.979  4.425 0.1111111119
94139  -28.473  -6.736  3.497 0.1111111119
93417  -27.937  -7.071  2.562 0.1111111119
94138  -27.963  -6.591  2.495 0.1111111119
94150  -27.712  -6.966  1.695 0.1111111119
94865  -28.461  -6.009  1.275 0.1111111119
94866  -28.886  -5.991  0.994 0.1111111119
94867  -29.694  -5.726  0.909 0.1111111119
92670  -30.454  -8.107  5.646 0.1111111119
92666  -29.791  -7.637  6.294 0.1111111119
93403  -29.677  -6.690  5.366 0.1111111119
93406  -29.624  -7.221  4.441 0.1111111119
94130  -29.338  -6.267  4.577 0.1111111119
94843  -28.862  -5.999  3.603 0.1111111119
94853  -28.362  -5.904  2.301 0.1111111119
94128  -29.682  -6.248  6.141 0.1111111119
93397  -29.969  -6.582  6.541 0.1111111119
94127  -29.585  -5.878  5.584 0.1111111119
81680  -35.422  -19.883  9.229 0.1111111119
81681  -36.299  -19.803  9.591 0.1111111119
84329  -35.142  -16.924  8.157 0.1111111119
84312  -34.478  -17.358  7.949 0.1111111119
84352  -34.805  -16.573  7.604 0.1111111119
88152  -35.541  -13.911  6.155 0.1111111119
125606  -29.249  -11.722  2.839 0.4444444478
91010  -33.393  -10.254  3.716 0.4444444478
91011  -34.552  -10.494  3.879 0.2222222239
91911  -35.570  -9.266  1.917 0.2222222239
92707  -34.563  -8.035  1.153 0.1111111119
92715  -35.347  -8.635  0.567 0.1111111119
94174  -34.203  -6.664  0.285 0.1111111119
94162  -27.674  -7.044  0.993 0.1111111119
92676  -30.417  -7.810  5.051 0.1111111119
95594  -29.313  -5.262  1.241 0.1111111119
94832  -29.599  -5.537  4.881 0.1111111119
147727  -29.762  -5.634  6.146 0.1111111119
81672  -36.661  -20.497  9.903 0.1111111119
81671  -35.856  -20.553  9.791 0.1111111119
84351  -34.254  -16.928  7.240 0.2222222239
88160  -35.905  -13.223  5.912 0.1111111119
145104  -29.533  -11.381  2.742 0.4444444478
92697  -32.476  -8.778  2.844 0.4444444478
142568  -30.043  -8.647  5.489 0.1111111119
92665  -29.454  -8.194  6.301 0.1111111119
93404  -29.843  -7.140  6.005 0.1111111119
80714  -33.773  -21.836  8.134 0.1111111119
80702  -34.718  -21.544  9.540 0.1111111119
81673  -37.510  -20.517  9.758 0.1111111119
80705  -37.084  -21.080  10.271 0.1111111119
82612  -37.171  -19.808  9.525 0.1111111119
82625  -36.790  -18.970  9.319 0.1111111119
83484  -37.230  -18.218  8.762 0.1111111119
83483  -36.462  -18.127  8.992 0.1111111119
84330  -36.309  -16.864  8.065 0.1111111119
84313  -35.803  -17.466  8.512 0.1111111119
85278  -35.762  -16.165  7.624 0.1111111119
86232  -36.526  -15.063  7.026 0.1111111119
88161  -36.576  -13.122  5.593 0.1111111119
90082  -36.704  -11.460  3.532 0.1111111119
89110  -37.055  -12.176  4.165 0.1111111119
127041  -28.730  -11.996  2.855 0.4444444478
90085  -36.623  -11.014  1.957 0.1111111119
91920  -36.159  -9.861  0.782 0.1111111119
90996  -28.780  -10.899  3.151 0.2222222239
125844  -28.672  -10.488  3.087 0.2222222239
128747  -35.371  -8.753  -0.113 0.1111111119
139355  -28.710  -10.051  4.024 0.1111111119
93459  -34.620  -7.225  -1.052 0.1111111119
94191  -34.704  -6.247  -2.373 0.1111111119
91876  -29.174  -9.687  5.382 0.1111111119
92664  -28.273  -7.972  6.531 0.1111111119
95630  -33.966  -4.822  -2.105 0.1111111119
92663  -27.393  -7.882  7.304 0.1111111119
93387  -28.020  -7.444  7.708 0.1111111119
94875  -29.762  -5.219  0.824 0.1111111119
94876  -30.428  -4.995  0.238 0.1111111119
95617  -31.636  -3.976  -0.562 0.1111111119
95628  -32.020  -3.537  -1.241 0.1111111119
92656  -29.018  -7.564  6.880 0.1111111119
93396  -29.875  -7.124  6.854 0.1111111119
95562  -29.773  -5.042  4.235 0.1111111119
137569  -29.633  -4.345  2.831 0.1111111119
94826  -29.723  -5.195  5.807 0.1111111119
85295  -34.396  -16.375  6.949 0.1111111119
90078  -35.650  -11.336  4.654 0.1111111119
87195  -34.878  -14.542  6.283 0.2222222239
82623  -34.927  -18.898  8.876 0.1111111119
85277  -35.021  -15.854  7.201 0.1111111119
87196  -35.894  -14.638  6.593 0.1111111119
86223  -35.817  -15.411  7.082 0.1111111119
89104  -36.639  -12.444  5.021 0.1111111119
91002  -35.990  -11.004  4.033 0.1111111119
91903  -33.782  -9.401  3.170 0.2222222239
91019  -35.655  -10.311  2.831 0.1111111119
94181  -34.293  -6.603  -0.593 0.1111111119
93460  -34.923  -8.101  -0.012 0.1111111119
148453  -34.771  -7.863  -0.740 0.1111111119
91022  -36.388  -10.458  1.307 0.1111111119
91020  -36.230  -10.559  2.497 0.1111111119
91919  -35.690  -9.235  1.104 0.2222222239
142022  -32.914  -7.398  2.113 0.2222222239
91892  -28.574  -9.950  3.438 0.1111111119
141416  -28.767  -8.883  2.814 0.3333333433
92694  -29.294  -8.257  2.540 0.3333333433
94165  -30.048  -6.403  1.104 0.1111111119
94887  -33.107  -5.474  -0.607 0.1111111119
95618  -32.687  -4.515  -0.834 0.1111111119
94895  -33.568  -5.157  -1.298 0.1111111119
93444  -29.254  -7.025  1.258 0.1111111119
94163  -28.013  -6.733  0.791 0.1111111119
94886  -32.154  -4.909  -0.290 0.1111111119
93418  -28.826  -7.473  3.423 0.1111111119
94864  -27.815  -6.653  1.422 0.1111111119
95582  -29.224  -5.159  2.116 0.1111111119
95573  -29.477  -5.183  3.138 0.1111111119
127406  -36.181  -10.743  3.252 0.1111111119
138435  -35.727  -9.309  0.285 0.1111111119
94833  -29.756  -4.827  5.245 0.1111111119
140220  -36.922  -14.622  6.616 0.1111111119
144691  -36.619  -11.044  2.785 0.1111111119
91929  -36.165  -9.952  -0.149 0.1111111119
92722  -35.079  -8.596  -0.912 0.1111111119
131816  -28.766  -9.978  4.539 0.1111111119
93467  -34.929  -7.926  -1.565 0.1111111119
95607  -30.387  -4.568  0.481 0.1111111119
94885  -31.149  -4.500  -0.120 0.1111111119
95583  -29.737  -4.377  2.041 0.1111111119
62392  -26.229  -40.818  8.688 0.2222222239
136702  -22.815  -26.237  7.020 0.2222222239
76737  -22.757  -25.540  6.685 0.2222222239
76738  -22.802  -25.986  6.811 0.4444444478
125717  -28.955  -13.896  2.712 0.3333333433
138232  -23.906  -14.438  4.162 0.2222222239
87202  -22.899  -13.504  4.919 0.1111111119
74726  -23.022  -27.662  7.473 0.2222222239
127262  -23.648  -14.373  4.558 0.1111111119
87214  -26.731  -15.519  3.448 0.1111111119
87215  -27.548  -15.921  3.060 0.1111111119
143064  -28.650  -14.175  3.180 0.1111111119
145807  -29.171  -13.396  4.018 0.1111111119
90076  -29.258  -11.839  4.248 0.1111111119
90075  -28.896  -11.215  3.954 0.1111111119
149542  -27.903  -14.118  2.911 0.2222222239
125357  -28.015  -14.996  3.007 0.1111111119
125274  -22.618  -30.084  8.876 0.2222222239
148222  -23.108  -28.564  8.100 0.2222222239
151555  -23.167  -27.932  7.375 0.3333333433
81716  -21.213  -20.746  5.824 0.2222222239
136457  -21.031  -21.941  7.593 0.1111111119
125364  -29.063  -13.036  3.743 0.1111111119
87216  -27.933  -16.104  3.056 0.1111111119
125590  -28.860  -14.973  3.288 0.1111111119
61272  -25.722  -41.255  9.140 0.1111111119
61255  -27.441  -41.267  9.723 0.1111111119
61271  -24.193  -41.188  9.801 0.1111111119
62390  -24.852  -40.654  9.486 0.1111111119
63372  -24.183  -39.781  9.303 0.1111111119
64332  -23.833  -38.222  8.856 0.1111111119
125651  -22.482  -30.697  9.075 0.1111111119
77675  -22.824  -25.159  7.739 0.1111111119
76724  -22.607  -25.846  7.951 0.1111111119
75728  -23.046  -26.751  7.124 0.1111111119
84363  -19.597  -16.920  6.560 0.2222222239
86236  -19.410  -15.251  6.651 0.2222222239
151666  -19.511  -15.673  7.149 0.2222222239
86220  -20.333  -15.395  7.097 0.2222222239
62389  -23.690  -40.342  9.788 0.1111111119
77689  -22.530  -24.464  7.473 0.1111111119
77706  -22.651  -24.663  6.439 0.1111111119
61254  -24.151  -41.891  10.187 0.1111111119
60218  -25.946  -42.073  9.375 0.1111111119
60219  -26.579  -42.207  9.461 0.1111111119
61253  -23.418  -41.115  10.251 0.1111111119
63371  -23.493  -39.584  9.608 0.1111111119
145166  -22.951  -39.102  9.908 0.1111111119
63370  -23.364  -38.376  9.492 0.1111111119
136278  -23.110  -37.012  9.653 0.1111111119
67194  -22.678  -35.136  9.035 0.1111111119
143067  -22.363  -30.997  9.167 0.1111111119
125262  -22.617  -29.444  8.685 0.1111111119
74716  -22.676  -27.170  8.361 0.1111111119
76708  -22.808  -25.745  8.062 0.1111111119
84324  -20.379  -18.077  7.301 0.2222222239
87191  -21.227  -14.953  6.293 0.2222222239
87192  -22.210  -13.636  6.043 0.1111111119
60199  -26.186  -42.894  9.478 0.1111111119
87184  -20.769  -14.010  6.009 0.2222222239
88154  -21.601  -12.750  5.813 0.1111111119
125658  -22.807  -29.120  8.693 0.1111111119
84341  -19.743  -17.701  6.888 0.2222222239
67179  -22.315  -35.743  9.365 0.1111111119
68171  -22.442  -34.324  9.284 0.1111111119
69247  -22.865  -33.606  8.947 0.1111111119
66227  -23.363  -36.740  9.201 0.1111111119
63373  -25.118  -39.945  9.070 0.1111111119
64318  -23.788  -39.010  9.181 0.1111111119
62391  -25.638  -40.599  8.864 0.1111111119
61274  -26.901  -41.605  9.392 0.1111111119
75719  -22.975  -26.830  7.337 0.1111111119
60217  -25.075  -41.763  9.689 0.1111111119
148109  -22.874  -29.920  9.377 0.1111111119
84342  -20.944  -17.495  6.652 0.1111111119
64317  -22.819  -38.452  10.120 0.1111111119
125267  -21.985  -31.117  9.022 0.1111111119
86228  -22.103  -15.246  5.500 0.1111111119
85305  -22.838  -15.698  4.805 0.1111111119
88157  -24.864  -14.738  4.350 0.1111111119
82641  -20.822  -18.510  7.339 0.1111111119
87203  -24.344  -14.805  4.477 0.1111111119
87213  -25.747  -14.938  4.290 0.1111111119
88172  -26.182  -14.928  3.544 0.1111111119
61273  -26.389  -41.476  9.152 0.1111111119
72011  -29.776  -30.628  5.775 0.3333333433
72013  -30.391  -30.177  6.166 0.3333333433
72897  -29.997  -29.833  5.848 0.6666666865
73795  -31.285  -28.056  7.259 0.4444444478
78716  -22.147  -22.544  6.020 0.3333333433
80776  -28.838  -21.846  3.889 1.0000000000
80789  -23.628  -20.977  4.063 0.7777777910
81765  -24.226  -20.411  3.506 0.8888888955
82655  -20.608  -18.859  6.810 0.3333333433
82694  -21.541  -19.770  4.865 0.6666666865
82726  -26.060  -19.456  1.935 1.0000000000
82727  -26.527  -19.518  2.099 1.0000000000
83517  -20.124  -18.216  7.271 0.2222222239
83568  -22.549  -18.351  3.641 0.7777777910
83583  -27.816  -18.089  2.574 0.8888888955
84322  -19.676  -16.872  6.645 0.2222222239
84323  -19.966  -17.849  7.217 0.2222222239
84388  -20.963  -17.475  4.625 0.5555555820
84402  -22.351  -17.281  3.578 0.7777777910
84418  -24.232  -16.731  2.445 1.0000000000
84419  -25.407  -17.538  2.002 1.0000000000
85272  -19.450  -14.969  7.955 0.2222222239
85273  -19.698  -15.288  7.612 0.2222222239
85274  -20.110  -16.767  6.788 0.1111111119
85286  -19.406  -15.741  7.141 0.2222222239
85304  -19.538  -16.242  6.473 0.2222222239
85313  -32.688  -16.024  5.478 0.4444444478
85323  -21.279  -16.535  4.246 0.5555555820
85353  -22.897  -15.895  2.655 0.7777777910
85368  -25.296  -16.044  2.148 0.7777777910
86218  -19.561  -14.417  7.901 0.3333333433
86219  -19.845  -14.658  8.125 0.2222222239
86227  -19.287  -14.628  7.682 0.3333333433
86251  -20.002  -15.877  5.529 0.4444444478
86252  -21.340  -15.219  4.079 0.4444444478
86284  -23.957  -15.189  2.290 0.6666666865
87183  -19.845  -13.864  7.075 0.2222222239
87190  -19.865  -13.682  7.188 0.3333333433
87204  -25.257  -14.957  4.587 0.1111111119
87222  -22.878  -14.765  3.072 0.5555555820
87224  -24.406  -14.751  2.621 0.5555555820
88136  -20.841  -13.267  6.194 0.2222222239
88137  -21.747  -13.096  6.217 0.1111111119
88147  -20.855  -13.008  6.550 0.2222222239
88148  -21.294  -12.916  5.936 0.1111111119
88153  -20.847  -12.985  6.180 0.2222222239
88155  -22.153  -12.934  5.806 0.1111111119
88156  -24.428  -14.577  4.018 0.1111111119
88164  -21.476  -13.163  5.037 0.2222222239
88165  -22.191  -12.692  5.090 0.1111111119
88166  -23.591  -14.636  3.128 0.2222222239
88168  -25.413  -14.726  4.044 0.1111111119
88177  -25.049  -14.746  2.598 0.4444444478
89100  -24.955  -14.613  3.866 0.1111111119
89114  -24.942  -14.442  3.141 0.3333333433
89117  -25.625  -14.609  2.444 0.4444444478
90999  -33.770  -10.658  4.418 0.3333333433
91905  -35.255  -9.718  2.554 0.2222222239
91912  -36.055  -9.835  1.529 0.1111111119
92714  -34.912  -8.153  0.748 0.1111111119
93395  -27.896  -7.807  6.947 0.1111111119
125295  -28.505  -31.867  5.771 0.4444444478
125298  -29.286  -30.968  5.368 0.4444444478
125304  -30.695  -31.859  7.000 0.4444444478
125480  -30.398  -30.785  6.321 0.3333333433
125654  -30.738  -31.516  6.903 0.4444444478
125670  -29.197  -33.778  6.861 0.4444444478
126666  -25.098  -15.143  2.334 0.6666666865
129391  -25.846  -22.350  3.555 1.0000000000
129882  -26.376  -24.207  3.899 1.0000000000
132568  -36.255  -10.366  1.888 0.1111111119
133132  -20.845  -13.874  4.848 0.2222222239
134650  -26.440  -38.955  8.181 0.3333333433
137645  -25.422  -37.868  8.403 0.3333333433
142951  -29.509  -32.653  6.290 0.4444444478
142996  -30.571  -32.240  7.155 0.4444444478
142998  -30.073  -30.618  6.002 0.3333333433
143003  -29.830  -30.871  5.823 0.4444444478
143038  -27.971  -33.052  6.267 0.4444444478
144465  -36.059  -12.625  5.587 0.1111111119
145021  -26.603  -15.691  2.531 0.5555555820
145112  -26.769  -17.301  1.905 0.8888888955
148673  -30.515  -37.916  11.063 0.1111111119
151165  -27.202  -24.942  4.292 1.0000000000
151467  -29.553  -33.573  7.061 0.4444444478
152497  -20.362  -14.540  7.499 0.2222222239
