#!ascii label  , from subject sub1 vox2ras=TkReg
919
126265  -44.427  -81.825  2.394 0.5000000000
18028  -43.444  -82.567  1.446 0.8000000119
16984  -41.592  -83.616  0.092 0.8000000119
16967  -42.161  -83.355  0.433 0.8000000119
16968  -42.850  -82.714  0.710 0.8000000119
20172  -44.728  -80.835  3.352 0.5000000000
18018  -43.883  -82.468  2.328 0.5000000000
19111  -44.841  -81.730  0.882 0.6000000238
20197  -41.740  -81.636  0.362 0.6999999881
19116  -41.701  -82.968  0.072 0.6999999881
127581  -43.315  -82.286  0.322 0.8000000119
19118  -44.103  -81.944  0.438 0.6999999881
21275  -45.105  -80.055  3.540 0.6000000238
20173  -45.781  -80.658  2.806 0.5000000000
20187  -46.396  -80.554  2.069 0.6000000238
20186  -40.768  -80.418  2.095 0.6999999881
19112  -45.539  -81.309  1.261 0.6000000238
20203  -46.195  -80.589  1.101 0.6000000238
20194  -41.376  -80.830  1.126 0.6999999881
19110  -41.101  -81.990  0.809 0.6999999881
19121  -42.599  -82.110  -0.053 0.6999999881
19119  -45.605  -81.179  0.947 0.6000000238
147843  -46.168  -80.198  0.976 0.6000000238
19117  -43.347  -82.057  0.112 0.8000000119
20207  -44.062  -81.484  0.422 0.8000000119
127140  -44.925  -81.394  0.630 0.6999999881
22381  -46.530  -79.002  3.449 0.4000000060
20174  -46.614  -80.171  2.540 0.6000000238
21274  -40.505  -79.604  2.362 0.6999999881
21295  -47.159  -78.958  1.426 0.6000000238
21294  -40.849  -79.726  1.364 0.6999999881
128224  -41.935  -82.154  -0.057 0.6999999881
20205  -42.518  -81.298  0.141 0.6999999881
21304  -43.123  -80.501  0.265 0.6000000238
21300  -44.638  -79.947  0.693 0.6999999881
23530  -44.539  -78.108  1.364 0.5000000000
20199  -42.173  -80.525  0.390 0.6000000238
21303  -42.593  -80.263  0.297 0.6000000238
145412  -43.811  -79.879  0.562 0.6000000238
22406  -43.563  -78.400  0.835 0.6000000238
21299  -43.173  -79.336  0.561 0.6000000238
23536  -43.283  -77.556  0.984 0.5000000000
22371  -48.066  -77.964  3.497 0.4000000060
22382  -47.611  -78.781  3.035 0.5000000000
23517  -39.318  -78.176  2.985 0.6999999881
139705  -48.000  -78.485  2.111 0.6000000238
22395  -47.767  -78.348  1.813 0.6000000238
21296  -41.206  -79.716  0.767 0.6999999881
22400  -46.377  -78.821  1.250 0.6000000238
21297  -41.562  -79.651  0.575 0.6999999881
23531  -45.740  -78.396  1.602 0.5000000000
23523  -45.182  -77.943  1.918 0.6000000238
21298  -42.109  -79.286  0.545 0.6000000238
135730  -43.782  -77.614  1.251 0.5000000000
126039  -44.085  -77.410  1.758 0.5000000000
22405  -42.714  -78.324  0.769 0.5000000000
24552  -37.522  -76.787  3.903 0.6000000238
133022  -36.212  -76.734  3.340 0.6000000238
23511  -47.877  -77.196  4.055 0.5000000000
23512  -48.534  -77.068  3.395 0.5000000000
23515  -37.564  -77.475  2.754 0.6999999881
23516  -38.851  -77.606  3.440 0.6999999881
22372  -48.589  -77.635  2.894 0.5000000000
23526  -48.281  -77.585  2.249 0.5000000000
25728  -48.274  -75.133  2.384 0.4000000060
23522  -39.068  -78.359  1.835 0.6999999881
24571  -47.970  -76.119  2.419 0.5000000000
22391  -39.463  -78.594  1.236 0.6999999881
22398  -40.209  -78.816  0.648 0.6999999881
24570  -46.981  -76.702  2.404 0.5000000000
22403  -40.396  -78.436  0.221 0.6999999881
136498  -41.114  -78.766  0.354 0.6000000238
24569  -45.408  -77.363  2.620 0.5000000000
22404  -41.714  -78.267  0.572 0.6000000238
24568  -44.049  -77.009  2.520 0.5000000000
23534  -41.353  -77.637  0.483 0.5000000000
23535  -42.384  -77.493  0.770 0.5000000000
24583  -42.907  -76.678  0.971 0.5000000000
24579  -43.435  -76.322  1.668 0.5000000000
23529  -43.386  -76.845  1.270 0.5000000000
25726  -43.224  -75.073  2.228 0.3000000119
26842  -47.468  -74.027  4.126 0.3000000119
24543  -35.778  -76.047  4.768 0.6000000238
146366  -35.689  -76.366  3.853 0.6000000238
26854  -48.237  -74.429  3.225 0.4000000060
25710  -47.567  -74.437  3.352 0.4000000060
23520  -37.392  -77.426  1.935 0.6000000238
24562  -47.704  -75.478  2.574 0.5000000000
23527  -37.824  -77.533  1.439 0.6999999881
22390  -38.520  -78.179  1.156 0.6999999881
24561  -46.195  -76.437  3.062 0.5000000000
22402  -39.783  -78.259  0.178 0.5000000000
24560  -44.873  -76.765  3.328 0.5000000000
23533  -40.235  -77.875  0.057 0.5000000000
24559  -43.974  -76.556  3.224 0.4000000060
152400  -42.970  -75.515  3.075 0.4000000060
129485  -43.066  -75.965  1.403 0.5000000000
25734  -43.222  -75.181  1.553 0.4000000060
25705  -34.126  -75.952  4.161 0.6000000238
24550  -34.875  -76.111  3.940 0.6000000238
24557  -35.250  -76.493  3.157 0.6000000238
24565  -35.585  -76.307  2.657 0.6000000238
24566  -36.408  -76.604  2.085 0.6000000238
25709  -46.176  -75.001  3.903 0.3000000119
24555  -45.482  -76.054  3.728 0.4000000060
148481  -37.466  -76.855  1.342 0.6000000238
25708  -44.726  -75.585  4.286 0.3000000119
24574  -38.147  -77.066  1.139 0.6000000238
22397  -39.207  -78.211  0.642 0.6999999881
26840  -43.980  -75.059  4.697 0.3000000119
24575  -38.923  -77.269  0.743 0.6000000238
26838  -42.477  -74.684  4.333 0.3000000119
24554  -44.268  -76.211  3.817 0.3000000119
25731  -38.871  -76.373  1.381 0.5000000000
144675  -39.584  -76.661  1.035 0.5000000000
24576  -40.500  -76.469  1.172 0.5000000000
27969  -42.460  -74.007  3.374 0.3000000119
25706  -42.771  -75.408  3.842 0.3000000119
24581  -40.937  -77.066  0.761 0.5000000000
24577  -41.609  -76.218  1.262 0.5000000000
149478  -43.154  -74.521  2.249 0.3000000119
25732  -41.066  -75.653  1.576 0.5000000000
26864  -43.113  -74.151  1.491 0.4000000060
26861  -43.326  -74.351  1.749 0.3000000119
25704  -33.885  -75.759  4.073 0.5000000000
130115  -34.180  -75.565  3.503 0.6000000238
25713  -34.663  -75.725  3.011 0.5000000000
24573  -36.788  -76.548  1.583 0.6000000238
26856  -36.813  -75.594  2.257 0.5000000000
27954  -41.773  -73.576  4.794 0.3000000119
25730  -37.727  -76.342  1.312 0.6000000238
29128  -41.500  -72.354  4.596 0.3000000119
26837  -42.148  -74.169  4.190 0.3000000119
25723  -38.406  -75.810  1.856 0.6000000238
139914  -40.010  -75.991  1.550 0.5000000000
26859  -41.389  -73.805  1.904 0.5000000000
137351  -42.967  -75.041  1.235 0.4000000060
27972  -42.582  -73.448  1.537 0.4000000060
136855  -33.911  -74.347  3.835 0.5000000000
26848  -34.377  -74.977  3.290 0.5000000000
26849  -35.061  -74.620  3.027 0.5000000000
25720  -35.137  -75.898  2.555 0.5000000000
150472  -35.911  -74.407  3.157 0.5000000000
30233  -40.639  -71.550  5.942 0.3000000119
29116  -40.930  -72.053  5.362 0.3000000119
25722  -37.366  -75.991  1.539 0.6000000238
26858  -39.269  -74.854  2.563 0.5000000000
134651  -40.416  -74.704  2.180 0.5000000000
29147  -43.370  -73.073  1.696 0.4000000060
138567  -43.295  -72.066  1.217 0.4000000060
27963  -34.667  -73.867  3.640 0.5000000000
29136  -35.367  -72.795  3.724 0.5000000000
27964  -35.639  -73.700  3.470 0.5000000000
31272  -40.527  -70.883  6.381 0.4000000060
32413  -40.764  -69.394  5.634 0.4000000060
26850  -36.661  -74.645  3.043 0.5000000000
26851  -37.676  -74.683  3.069 0.5000000000
31291  -41.193  -70.816  4.957 0.4000000060
135673  -41.830  -70.059  4.354 0.3000000119
27965  -37.377  -73.953  3.378 0.4000000060
31292  -42.004  -70.991  4.158 0.3000000119
26852  -38.581  -74.545  3.078 0.5000000000
27967  -39.334  -73.842  3.179 0.4000000060
27970  -40.198  -73.840  2.560 0.4000000060
138680  -42.381  -72.196  1.510 0.4000000060
29135  -34.701  -72.868  4.092 0.5000000000
134220  -36.092  -71.876  3.718 0.5000000000
32412  -40.477  -70.005  6.213 0.4000000060
132066  -36.597  -73.748  3.446 0.5000000000
29137  -36.350  -72.834  3.616 0.4000000060
32417  -41.377  -69.254  4.926 0.4000000060
29138  -37.416  -72.981  3.525 0.4000000060
27966  -38.288  -73.680  3.383 0.4000000060
32418  -42.312  -69.158  4.247 0.4000000060
29140  -39.025  -72.848  3.249 0.4000000060
29143  -39.912  -72.900  2.838 0.4000000060
138154  -40.379  -72.076  2.495 0.4000000060
29144  -40.811  -72.869  2.248 0.4000000060
30263  -42.441  -71.518  1.391 0.4000000060
31313  -43.338  -70.908  1.347 0.4000000060
30264  -43.290  -71.540  1.151 0.4000000060
139333  -34.835  -71.016  3.932 0.5000000000
30251  -35.290  -71.940  4.117 0.4000000060
34602  -40.617  -68.186  6.205 0.4000000060
33526  -41.011  -68.644  5.508 0.4000000060
150960  -35.548  -71.299  3.796 0.5000000000
150889  -36.747  -71.385  3.552 0.4000000060
29139  -38.269  -72.693  3.447 0.4000000060
33535  -42.770  -68.390  4.268 0.4000000060
136038  -38.728  -72.026  3.463 0.4000000060
138679  -39.611  -72.090  3.233 0.4000000060
139467  -43.610  -71.072  1.737 0.3000000119
30261  -41.348  -71.963  1.823 0.4000000060
31298  -34.596  -70.400  3.621 0.4000000060
143222  -35.422  -70.562  3.597 0.5000000000
31299  -36.324  -70.268  3.551 0.4000000060
34603  -41.422  -67.703  5.454 0.4000000060
31300  -36.947  -70.752  3.530 0.4000000060
30253  -37.422  -71.331  3.510 0.4000000060
31301  -37.714  -70.635  3.453 0.4000000060
132306  -37.860  -72.030  3.553 0.4000000060
31302  -38.553  -70.625  3.384 0.4000000060
30255  -39.118  -71.320  3.361 0.4000000060
30259  -39.999  -71.365  2.919 0.4000000060
30260  -40.681  -71.369  2.139 0.4000000060
32436  -43.378  -69.975  1.546 0.4000000060
31310  -41.977  -70.841  1.626 0.4000000060
31312  -42.880  -70.925  1.157 0.4000000060
133558  -35.559  -69.246  3.748 0.4000000060
150994  -35.713  -69.910  3.548 0.4000000060
32422  -36.378  -69.487  3.693 0.4000000060
149659  -37.718  -69.440  3.590 0.4000000060
141367  -38.040  -69.967  3.398 0.4000000060
139224  -38.907  -69.971  3.361 0.4000000060
31311  -43.571  -70.345  1.728 0.4000000060
32430  -39.890  -69.941  3.008 0.4000000060
140004  -40.651  -70.271  2.485 0.4000000060
146501  -40.642  -68.850  2.808 0.4000000060
139248  -41.466  -70.176  2.073 0.4000000060
32432  -41.930  -69.426  2.132 0.4000000060
33541  -36.323  -68.614  3.927 0.4000000060
33532  -37.318  -68.486  4.120 0.4000000060
33533  -38.175  -68.345  4.206 0.4000000060
32424  -38.374  -69.375  3.526 0.4000000060
33543  -38.672  -68.752  3.723 0.4000000060
32425  -39.226  -69.249  3.399 0.4000000060
32426  -40.133  -69.051  3.183 0.4000000060
133498  -43.584  -69.054  1.354 0.3000000119
32433  -42.913  -69.307  1.581 0.4000000060
34620  -35.815  -67.746  4.067 0.4000000060
34610  -36.720  -67.822  4.299 0.4000000060
34609  -36.263  -67.075  4.533 0.4000000060
34611  -37.653  -67.681  4.531 0.4000000060
148956  -38.453  -67.679  4.415 0.4000000060
33544  -39.530  -68.446  3.495 0.4000000060
34622  -39.894  -67.474  3.703 0.4000000060
33555  -44.391  -68.623  1.808 0.4000000060
32437  -44.040  -69.168  1.399 0.3000000119
137364  -42.910  -68.087  1.662 0.5000000000
33554  -43.153  -68.660  1.441 0.4000000060
34623  -41.642  -67.863  2.421 0.5000000000
36796  -36.550  -65.541  4.708 0.4000000060
139188  -37.502  -65.733  4.811 0.4000000060
140126  -36.996  -67.177  4.634 0.4000000060
36798  -38.181  -65.001  4.819 0.4000000060
34612  -38.290  -67.075  4.698 0.4000000060
141355  -40.764  -67.382  3.104 0.4000000060
129404  -42.562  -67.260  2.171 0.5000000000
135425  -36.253  -64.863  4.824 0.4000000060
36797  -37.218  -64.855  4.764 0.4000000060
37843  -37.845  -64.173  4.594 0.4000000060
34624  -41.404  -66.707  2.832 0.4000000060
35727  -42.326  -66.305  2.458 0.5000000000
38892  -36.609  -63.716  5.201 0.4000000060
37842  -36.964  -64.237  4.886 0.4000000060
36815  -41.880  -65.239  2.423 0.5000000000
41929  -37.404  -60.755  5.358 0.4000000060
39917  -37.484  -62.083  4.929 0.4000000060
39934  -37.143  -62.841  5.086 0.4000000060
40947  -37.787  -61.498  5.016 0.4000000060
39918  -38.175  -62.214  4.692 0.5000000000
40946  -37.030  -61.382  5.309 0.4000000060
26862  -41.402  -74.798  1.709 0.5000000000
27973  -43.197  -73.317  1.548 0.4000000060
127667  -44.362  -81.417  3.132 0.5000000000
125892  -41.774  -83.961  0.153 0.8000000119
18054  -40.970  -83.916  -0.162 0.8000000119
18043  -40.639  -82.891  0.356 0.6999999881
21265  -44.466  -79.490  4.054 0.5000000000
19095  -40.708  -81.429  1.741 0.6999999881
127543  -45.057  -78.349  4.570 0.5000000000
20170  -40.493  -80.136  2.993 0.6999999881
128960  -47.087  -78.393  3.737 0.4000000060
21266  -45.254  -79.003  3.821 0.4000000060
21273  -40.163  -79.340  3.275 0.6999999881
24553  -38.478  -77.103  3.919 0.6999999881
24548  -48.207  -75.159  4.375 0.4000000060
24545  -37.772  -76.432  5.219 0.6000000238
26843  -47.505  -73.996  4.213 0.4000000060
25697  -33.998  -75.446  4.785 0.6000000238
25696  -33.691  -75.096  4.601 0.5000000000
141236  -33.669  -74.568  4.231 0.5000000000
27962  -34.182  -73.633  4.089 0.5000000000
30250  -34.745  -71.827  4.483 0.4000000060
32420  -33.919  -70.128  3.497 0.4000000060
33539  -33.636  -69.243  3.526 0.4000000060
33540  -34.646  -69.112  3.593 0.4000000060
136281  -34.230  -68.326  3.533 0.4000000060
34619  -34.847  -67.662  3.842 0.4000000060
35716  -35.359  -66.896  4.388 0.4000000060
36795  -35.595  -65.411  4.732 0.4000000060
150950  -35.334  -64.935  5.057 0.4000000060
37841  -35.856  -64.455  5.184 0.4000000060
16955  -42.554  -83.089  1.396 0.8000000119
16981  -42.051  -83.279  0.221 0.8000000119
21276  -46.156  -79.863  3.180 0.5000000000
127389  -40.975  -83.311  0.027 0.6999999881
138551  -41.854  -80.674  0.604 0.6999999881
21288  -47.552  -79.087  1.808 0.6000000238
21301  -45.423  -79.250  0.809 0.6999999881
20200  -43.921  -80.711  0.441 0.6999999881
22401  -47.389  -78.449  1.711 0.6000000238
22399  -45.039  -78.665  1.031 0.6000000238
22407  -44.314  -78.991  0.681 0.6000000238
23521  -38.174  -77.982  2.010 0.6999999881
23524  -46.354  -77.780  2.175 0.5000000000
144413  -36.652  -77.193  2.852 0.6000000238
138283  -48.729  -74.930  3.363 0.5000000000
24564  -48.383  -76.014  2.646 0.5000000000
24578  -42.609  -75.978  1.279 0.5000000000
132966  -35.948  -76.064  2.177 0.6000000238
25724  -39.579  -75.531  1.965 0.5000000000
26863  -42.549  -74.275  1.417 0.5000000000
29145  -41.856  -72.818  1.743 0.4000000060
135942  -43.588  -71.948  1.379 0.4000000060
143623  -41.404  -71.304  1.736 0.4000000060
139236  -35.348  -68.432  3.790 0.4000000060
32431  -40.793  -69.489  2.587 0.4000000060
39935  -37.916  -62.740  4.477 0.4000000060
13766  -33.163  -86.268  9.639 0.4000000060
13767  -33.950  -86.086  9.431 0.4000000060
14819  -34.392  -85.527  10.012 0.4000000060
14820  -35.098  -85.467  9.830 0.4000000060
15808  -33.613  -84.614  10.795 0.4000000060
15809  -34.278  -84.403  10.743 0.4000000060
14801  -34.926  -84.840  10.378 0.4000000060
128574  -35.193  -83.469  10.565 0.4000000060
16800  -37.066  -83.439  10.402 0.5000000000
15792  -33.400  -84.256  10.789 0.4000000060
143987  -34.421  -83.753  10.733 0.4000000060
17914  -35.184  -82.706  9.847 0.5000000000
17915  -36.039  -82.611  9.828 0.5000000000
17933  -37.258  -82.414  8.742 0.6000000238
16817  -32.511  -83.711  10.078 0.4000000060
16818  -33.260  -83.495  10.270 0.4000000060
152299  -34.119  -82.914  9.306 0.4000000060
17916  -36.947  -82.620  9.673 0.5000000000
23510  -46.935  -77.690  4.432 0.3000000119
23506  -47.248  -76.781  4.867 0.4000000060
150880  -47.637  -75.245  5.274 0.3000000119
148080  -37.990  -82.497  9.514 0.5000000000
21263  -43.035  -79.685  4.729 0.5000000000
134473  -33.041  -83.633  6.683 0.4000000060
17931  -35.526  -82.497  9.071 0.5000000000
17932  -36.367  -82.452  8.932 0.5000000000
128070  -32.835  -83.348  8.234 0.4000000060
16832  -33.758  -83.060  8.647 0.4000000060
129015  -38.140  -82.317  8.538 0.6000000238
17952  -39.187  -82.299  7.440 0.6999999881
21264  -43.733  -79.562  4.430 0.5000000000
17934  -38.930  -82.183  8.312 0.6999999881
19046  -40.943  -81.131  6.584 0.6999999881
20159  -42.696  -80.347  4.772 0.6999999881
19055  -40.620  -81.873  5.945 0.6999999881
19056  -41.299  -81.529  5.714 0.6999999881
16851  -35.215  -82.889  7.531 0.5000000000
17948  -35.818  -82.573  8.162 0.6000000238
17949  -36.626  -82.463  7.966 0.6000000238
17987  -37.988  -82.882  6.111 0.6000000238
16867  -33.653  -83.563  6.535 0.4000000060
136775  -34.480  -83.263  6.866 0.5000000000
17967  -36.615  -83.024  6.507 0.6000000238
136245  -37.984  -82.643  6.964 0.6000000238
17988  -38.960  -82.999  5.966 0.6000000238
17990  -40.346  -82.544  5.434 0.6000000238
25701  -47.754  -74.586  4.725 0.3000000119
17951  -38.412  -82.412  7.597 0.6000000238
17991  -41.072  -82.240  5.180 0.6999999881
148074  -43.093  -81.033  4.325 0.6000000238
20161  -44.195  -80.260  3.912 0.5000000000
128193  -34.707  -83.851  3.873 0.6000000238
16909  -35.408  -83.690  4.555 0.6000000238
129883  -36.068  -83.895  4.152 0.6999999881
16891  -36.440  -83.323  5.638 0.6000000238
16892  -37.488  -83.270  5.339 0.6000000238
16894  -39.210  -83.114  5.087 0.6000000238
16868  -34.079  -83.579  5.878 0.5000000000
16869  -35.333  -83.114  6.777 0.6000000238
16914  -40.740  -82.782  4.605 0.6000000238
18005  -41.542  -82.592  4.452 0.6999999881
18006  -42.266  -82.244  4.274 0.6999999881
19066  -41.860  -81.978  5.070 0.6999999881
20171  -43.840  -81.141  3.781 0.6000000238
19068  -42.983  -81.787  3.781 0.6999999881
146606  -35.389  -83.976  3.730 0.6000000238
16930  -35.808  -84.025  3.065 0.6999999881
16931  -36.844  -83.822  3.418 0.6999999881
16910  -36.799  -83.513  4.785 0.6999999881
16912  -38.603  -83.355  4.272 0.6000000238
126951  -43.233  -82.482  2.961 0.5000000000
127919  -40.283  -83.216  3.999 0.6999999881
18016  -41.946  -82.835  3.583 0.6999999881
15921  -38.049  -84.567  1.122 0.6999999881
15923  -40.112  -84.592  0.823 0.6999999881
16951  -37.352  -84.314  2.002 0.6999999881
148872  -39.280  -83.997  2.528 0.6000000238
16953  -40.064  -84.109  2.240 0.5000000000
16932  -37.964  -83.741  3.303 0.6999999881
16933  -38.924  -83.627  3.337 0.6000000238
16935  -40.476  -83.692  3.248 0.6999999881
18017  -42.490  -82.958  2.642 0.5000000000
16913  -39.472  -83.241  4.154 0.6000000238
16915  -41.125  -83.273  3.682 0.6999999881
147671  -42.597  -82.496  3.484 0.6000000238
15944  -39.434  -84.511  0.198 0.6999999881
15945  -40.487  -84.541  0.104 0.6999999881
128964  -40.046  -83.859  -0.169 0.6999999881
16936  -41.662  -83.425  2.699 0.6000000238
16954  -41.352  -83.998  1.470 0.6999999881
22369  -44.203  -78.718  4.613 0.5000000000
131350  -40.911  -83.809  2.582 0.6000000238
14800  -33.577  -85.657  10.146 0.4000000060
16799  -36.040  -83.607  10.478 0.4000000060
17913  -34.402  -82.855  9.867 0.4000000060
16850  -34.454  -82.935  7.958 0.4000000060
16849  -33.543  -83.349  7.428 0.4000000060
19057  -41.897  -81.284  5.482 0.6999999881
19067  -42.423  -81.366  4.765 0.6999999881
17968  -37.342  -82.800  6.728 0.6000000238
16893  -38.336  -83.194  5.216 0.6000000238
127651  -35.007  -83.328  6.026 0.6999999881
16890  -35.568  -83.418  5.422 0.6000000238
16911  -37.677  -83.483  4.415 0.6000000238
16952  -38.433  -84.132  2.260 0.6999999881
16934  -39.782  -83.689  3.312 0.6000000238
15922  -39.117  -84.410  1.277 0.6000000238
16950  -36.364  -84.184  2.183 0.5000000000
127317  -33.823  -83.696  3.992 0.4000000060
16929  -34.091  -83.781  3.001 0.5000000000
15931  -36.696  -84.027  1.050 0.6000000238
16908  -32.931  -83.660  4.040 0.4000000060
130016  -32.754  -83.504  2.391 0.5000000000
137821  -33.160  -83.682  3.038 0.5000000000
16948  -34.450  -83.694  2.199 0.5000000000
15930  -36.155  -83.629  1.464 0.5000000000
18039  -37.084  -82.865  0.894 0.5000000000
16949  -35.443  -84.046  2.134 0.5000000000
142789  -37.439  -84.558  1.010 0.6000000238
15942  -37.753  -84.006  -0.021 0.5000000000
18051  -37.428  -83.298  0.127 0.5000000000
18041  -38.523  -82.948  0.219 0.6999999881
18040  -37.621  -82.866  0.275 0.6000000238
18026  -39.363  -82.504  1.268 0.6000000238
16945  -32.309  -83.350  2.514 0.5000000000
16964  -33.532  -83.017  1.764 0.5000000000
136306  -35.115  -82.764  1.343 0.5000000000
19107  -36.389  -82.182  1.530 0.5000000000
129419  -35.413  -83.239  1.463 0.5000000000
18053  -38.854  -83.695  -0.009 0.6000000238
19108  -37.215  -82.380  1.165 0.6000000238
19093  -39.064  -82.069  2.301 0.5000000000
19094  -40.073  -81.927  2.228 0.6000000238
18036  -33.410  -82.148  1.624 0.5000000000
142188  -34.732  -82.028  1.587 0.5000000000
19089  -35.129  -81.229  1.731 0.5000000000
19090  -35.896  -81.399  1.919 0.5000000000
19091  -36.750  -81.801  2.081 0.5000000000
18042  -39.652  -83.097  0.422 0.6000000238
19075  -38.587  -81.514  3.107 0.5000000000
19076  -39.750  -81.392  3.019 0.6000000238
19103  -32.556  -81.813  1.585 0.5000000000
19088  -33.760  -81.583  1.991 0.5000000000
20183  -34.459  -81.018  2.416 0.5000000000
20164  -34.889  -80.719  3.441 0.5000000000
20142  -36.159  -79.971  5.094 0.6000000238
20165  -35.898  -80.799  3.499 0.4000000060
21248  -36.826  -79.701  5.895 0.4000000060
20155  -36.496  -80.410  4.391 0.5000000000
20166  -36.883  -80.947  3.689 0.5000000000
20185  -36.331  -81.147  2.683 0.4000000060
21234  -37.383  -79.102  6.466 0.4000000060
21235  -38.133  -78.838  6.131 0.5000000000
20156  -37.542  -80.373  4.433 0.5000000000
23494  -37.686  -77.497  7.048 0.4000000060
20157  -38.673  -80.210  4.444 0.6000000238
20168  -39.321  -80.685  3.765 0.6000000238
20169  -40.044  -79.956  3.710 0.6000000238
22368  -39.620  -78.582  3.622 0.6000000238
20143  -37.170  -80.004  5.142 0.5000000000
23495  -38.330  -77.539  6.284 0.5000000000
23501  -38.905  -77.532  5.360 0.5000000000
21250  -38.708  -78.986  5.473 0.5000000000
24534  -36.880  -76.146  6.895 0.4000000060
24535  -37.742  -76.734  6.449 0.5000000000
22356  -39.176  -78.242  5.217 0.6000000238
21261  -39.094  -79.492  4.795 0.6000000238
22357  -39.390  -78.339  4.478 0.6000000238
24536  -38.427  -76.931  5.702 0.5000000000
25688  -34.207  -75.273  5.999 0.3000000119
25689  -35.345  -75.487  6.287 0.4000000060
25690  -36.242  -75.807  6.456 0.4000000060
24544  -36.753  -76.137  5.739 0.5000000000
24546  -38.525  -76.900  4.806 0.5000000000
23508  -39.031  -77.403  4.440 0.6000000238
30249  -34.214  -70.742  4.174 0.3000000119
30243  -34.420  -72.077  4.907 0.3000000119
29127  -34.202  -72.978  4.599 0.4000000060
27952  -33.602  -74.270  4.818 0.4000000060
32429  -32.748  -69.180  3.730 0.3000000119
34618  -33.907  -67.475  3.609 0.3000000119
33551  -33.383  -68.312  3.661 0.3000000119
35715  -34.332  -66.578  3.917 0.3000000119
35699  -34.998  -65.972  4.438 0.3000000119
36794  -34.583  -65.227  4.829 0.3000000119
38891  -35.407  -63.977  5.467 0.3000000119
38884  -36.084  -63.060  5.463 0.3000000119
25699  -35.824  -75.799  5.684 0.5000000000
31297  -33.043  -70.451  3.935 0.3000000119
15943  -38.463  -84.337  0.082 0.5000000000
16965  -34.437  -83.357  1.795 0.5000000000
19074  -37.362  -81.411  2.959 0.5000000000
20158  -39.477  -79.935  4.295 0.6000000238
21254  -43.242  -78.951  5.000 0.3000000119
152526  -41.052  -80.457  6.949 0.6000000238
20146  -42.084  -80.438  5.428 0.6000000238
135033  -45.645  -76.497  7.587 0.3000000119
23498  -45.817  -76.873  6.630 0.3000000119
23504  -45.133  -77.503  5.892 0.3000000119
23505  -46.259  -77.204  5.529 0.3000000119
23497  -44.835  -77.572  6.556 0.3000000119
22360  -44.538  -77.960  5.274 0.3000000119
22361  -45.597  -77.765  4.970 0.3000000119
21252  -41.691  -79.537  6.103 0.6000000238
21253  -42.416  -79.400  5.329 0.5000000000
24525  -45.728  -75.839  7.524 0.3000000119
24537  -46.191  -76.163  7.005 0.3000000119
148981  -46.446  -76.350  6.516 0.3000000119
23499  -46.701  -76.473  5.873 0.3000000119
23503  -44.076  -77.666  5.967 0.3000000119
134280  -43.619  -78.190  5.446 0.3000000119
131083  -42.786  -78.528  5.661 0.4000000060
127318  -33.559  -83.595  4.918 0.4000000060
25663  -45.129  -75.762  7.997 0.3000000119
25679  -46.072  -75.275  7.170 0.3000000119
24538  -46.854  -75.720  6.169 0.3000000119
14834  -36.792  -85.493  8.616 0.5000000000
14823  -38.396  -84.858  9.250 0.5000000000
14832  -34.744  -85.931  9.266 0.4000000060
14833  -35.516  -85.674  9.215 0.4000000060
146591  -36.242  -85.411  9.270 0.4000000060
14845  -37.481  -85.585  7.871 0.5000000000
16803  -39.569  -83.099  9.773 0.5000000000
15832  -38.768  -84.287  9.723 0.5000000000
14821  -36.947  -85.164  9.584 0.5000000000
142598  -38.013  -84.413  9.975 0.5000000000
150849  -36.394  -85.164  9.788 0.4000000060
142670  -40.892  -81.645  9.509 0.6000000238
19005  -40.364  -81.840  9.439 0.6000000238
17900  -39.066  -82.813  9.810 0.5000000000
16802  -38.702  -83.224  10.032 0.5000000000
15810  -35.876  -84.414  10.321 0.3000000119
15811  -36.769  -84.185  10.395 0.4000000060
129656  -37.599  -83.982  10.396 0.5000000000
146536  -41.302  -80.210  8.615 0.6000000238
19017  -40.111  -81.581  8.919 0.6000000238
19016  -39.389  -81.900  8.893 0.6000000238
17898  -37.482  -82.868  10.138 0.4000000060
17899  -38.340  -82.812  10.015 0.5000000000
20118  -41.257  -79.753  7.865 0.6000000238
23496  -43.876  -77.877  6.530 0.3000000119
22348  -42.254  -78.595  6.786 0.4000000060
19031  -40.224  -81.428  8.057 0.6000000238
19003  -38.807  -82.173  9.125 0.4000000060
23488  -44.629  -77.756  7.023 0.3000000119
23489  -45.404  -77.198  7.360 0.3000000119
22359  -43.280  -78.004  6.143 0.3000000119
22347  -41.695  -79.055  6.747 0.5000000000
19045  -40.371  -81.602  7.000 0.6000000238
20117  -40.811  -80.532  7.728 0.6000000238
20102  -40.690  -80.948  8.604 0.6000000238
22349  -43.063  -78.232  6.842 0.3000000119
20090  -41.379  -81.212  9.156 0.5000000000
19018  -42.158  -81.426  8.917 0.5000000000
149757  -41.632  -79.566  8.085 0.5000000000
20103  -42.222  -80.353  8.666 0.4000000060
21194  -42.090  -79.556  8.323 0.5000000000
19007  -41.624  -81.792  9.330 0.5000000000
19019  -43.006  -81.157  8.466 0.4000000060
20104  -43.329  -80.331  8.063 0.4000000060
21195  -42.801  -79.509  8.143 0.4000000060
22336  -41.964  -78.879  7.278 0.5000000000
17901  -40.330  -82.721  9.660 0.5000000000
16805  -40.931  -82.604  9.689 0.5000000000
22337  -42.532  -78.726  7.411 0.4000000060
12796  -36.649  -87.546  0.850 0.3000000119
12824  -37.129  -87.656  -0.071 0.3000000119
12797  -37.556  -87.660  0.868 0.3000000119
137302  -37.947  -87.494  1.723 0.3000000119
151041  -39.157  -87.412  2.373 0.4000000060
137303  -37.055  -87.437  1.717 0.3000000119
12775  -37.478  -87.220  2.507 0.3000000119
12758  -40.639  -87.374  3.050 0.4000000060
12756  -38.927  -86.956  3.217 0.4000000060
12776  -38.367  -87.253  2.476 0.3000000119
12754  -37.034  -87.044  3.280 0.3000000119
12738  -41.691  -87.019  3.954 0.4000000060
12737  -40.799  -86.913  4.001 0.4000000060
13864  -39.151  -86.670  4.152 0.4000000060
12755  -37.922  -86.939  3.240 0.4000000060
151053  -36.704  -86.928  3.948 0.4000000060
12735  -37.439  -86.796  3.995 0.4000000060
13839  -43.663  -86.181  5.243 0.3000000119
13855  -41.451  -86.721  4.655 0.4000000060
137202  -41.975  -86.568  5.157 0.4000000060
13854  -40.649  -86.543  4.877 0.4000000060
13835  -39.720  -86.253  5.605 0.4000000060
13834  -38.486  -86.289  5.435 0.4000000060
13852  -37.868  -86.567  4.718 0.4000000060
14865  -44.192  -85.167  6.229 0.3000000119
13823  -42.958  -85.959  5.927 0.4000000060
13821  -41.037  -86.087  6.143 0.4000000060
13822  -42.004  -86.194  5.936 0.4000000060
13820  -40.170  -86.059  6.240 0.4000000060
14860  -39.826  -85.745  6.978 0.4000000060
13819  -39.208  -85.964  6.134 0.4000000060
13833  -37.564  -86.330  5.409 0.4000000060
14851  -42.880  -85.032  7.123 0.4000000060
14850  -42.053  -85.220  7.278 0.4000000060
14848  -40.424  -85.410  7.642 0.4000000060
14859  -38.830  -85.603  7.055 0.4000000060
13818  -37.415  -86.018  6.152 0.4000000060
139490  -38.285  -85.929  6.243 0.4000000060
13832  -36.902  -86.300  5.590 0.4000000060
14849  -41.265  -85.355  7.489 0.4000000060
14838  -40.102  -84.987  8.348 0.4000000060
146431  -38.833  -85.372  7.882 0.4000000060
128735  -36.995  -85.871  6.977 0.4000000060
14836  -38.291  -85.266  8.346 0.4000000060
14840  -41.671  -84.863  7.926 0.4000000060
15850  -40.607  -84.486  8.815 0.4000000060
132115  -39.516  -84.182  9.542 0.4000000060
133953  -42.618  -82.791  8.473 0.4000000060
16833  -41.673  -83.721  8.812 0.4000000060
16819  -41.374  -83.173  9.393 0.4000000060
19020  -43.902  -81.170  7.797 0.3000000119
20105  -44.389  -80.420  7.562 0.3000000119
150435  -39.158  -84.604  9.268 0.4000000060
16820  -41.972  -83.002  9.000 0.4000000060
20119  -43.820  -79.606  7.653 0.3000000119
129614  -40.769  -83.321  9.537 0.4000000060
12757  -39.863  -86.989  3.620 0.4000000060
13853  -39.950  -86.630  4.459 0.4000000060
141290  -38.614  -86.555  4.671 0.4000000060
14873  -43.718  -85.697  5.895 0.4000000060
13838  -42.751  -86.439  5.183 0.4000000060
14874  -44.606  -85.659  5.412 0.3000000119
13836  -40.475  -86.297  5.576 0.4000000060
15873  -43.743  -84.727  6.872 0.3000000119
14864  -43.317  -85.386  6.473 0.4000000060
14863  -42.466  -85.614  6.611 0.4000000060
14861  -40.717  -85.729  6.872 0.4000000060
14839  -40.930  -84.955  8.163 0.4000000060
14846  -38.259  -85.487  7.609 0.4000000060
15849  -39.835  -84.588  9.065 0.4000000060
16834  -42.264  -83.505  8.343 0.4000000060
13865  -44.080  -86.615  3.046 0.3000000119
134064  -42.285  -87.907  1.847 0.3000000119
134300  -40.901  -88.014  0.655 0.3000000119
12779  -41.408  -87.670  2.231 0.3000000119
12739  -42.395  -87.287  3.341 0.3000000119
12778  -40.532  -87.588  2.249 0.3000000119
12759  -41.531  -87.367  3.216 0.3000000119
146439  -43.594  -86.673  4.214 0.3000000119
13856  -42.443  -86.915  4.336 0.3000000119
15864  -44.184  -83.959  7.119 0.3000000119
15863  -43.141  -84.125  7.380 0.3000000119
16835  -42.932  -83.371  7.858 0.3000000119
17954  -43.513  -82.577  7.981 0.3000000119
13840  -44.451  -86.185  4.420 0.3000000119
15853  -42.482  -83.940  7.790 0.3000000119
12736  -38.315  -86.692  3.984 0.4000000060
12740  -43.250  -87.079  3.352 0.3000000119
12777  -39.818  -87.364  2.719 0.4000000060
12801  -41.652  -88.112  1.194 0.3000000119
12823  -36.227  -87.500  -0.087 0.3000000119
13784  -32.753  -86.707  9.028 0.4000000060
13785  -33.499  -86.559  8.878 0.4000000060
13788  -35.983  -85.722  8.433 0.4000000060
13805  -37.873  -85.699  6.957 0.4000000060
13837  -41.261  -86.402  5.412 0.4000000060
14802  -35.817  -85.146  9.937 0.4000000060
14803  -36.536  -84.827  10.132 0.4000000060
14822  -37.656  -84.885  9.614 0.5000000000
14835  -37.598  -85.228  8.889 0.5000000000
14837  -39.178  -84.991  8.565 0.4000000060
14847  -39.550  -85.383  7.765 0.4000000060
14862  -41.585  -85.686  6.721 0.4000000060
15793  -33.865  -84.173  10.861 0.4000000060
15812  -38.342  -83.810  10.155 0.5000000000
15813  -39.102  -83.700  9.812 0.5000000000
15814  -39.759  -83.681  9.661 0.4000000060
15831  -37.265  -84.604  10.135 0.5000000000
15833  -40.288  -83.989  9.444 0.4000000060
15834  -41.033  -83.867  9.131 0.4000000060
15851  -41.343  -84.401  8.548 0.4000000060
15852  -41.939  -84.182  8.139 0.4000000060
15862  -42.344  -84.612  7.603 0.3000000119
15918  -35.325  -83.684  1.728 0.5000000000
15919  -36.196  -83.967  1.632 0.5000000000
15920  -36.873  -84.334  1.335 0.6000000238
15924  -40.642  -84.187  1.589 0.5000000000
15932  -37.878  -84.503  0.452 0.6000000238
15933  -38.516  -84.531  0.470 0.6999999881
15934  -40.746  -84.469  0.666 0.6999999881
15935  -41.191  -84.285  0.268 0.8000000119
15941  -37.288  -84.320  0.647 0.6000000238
16798  -33.648  -83.836  10.697 0.4000000060
16801  -37.932  -83.290  10.336 0.4000000060
16804  -40.237  -83.301  9.635 0.5000000000
16830  -32.300  -83.523  9.135 0.4000000060
16831  -33.082  -83.242  9.074 0.4000000060
16870  -35.848  -83.188  6.270 0.6000000238
16889  -34.600  -83.481  4.953 0.5000000000
16895  -39.987  -82.960  4.880 0.6000000238
16937  -42.017  -83.486  1.806 0.6000000238
16946  -32.782  -83.343  2.156 0.5000000000
16947  -33.490  -83.477  2.095 0.5000000000
16963  -32.863  -82.467  1.808 0.5000000000
16966  -36.487  -83.525  1.215 0.5000000000
16975  -36.988  -83.244  0.882 0.5000000000
16976  -37.159  -83.757  0.589 0.5000000000
16977  -38.331  -83.996  -0.193 0.5000000000
16978  -39.155  -84.197  0.019 0.5000000000
16979  -40.210  -84.326  -0.157 0.6999999881
16980  -41.040  -84.237  -0.137 0.6999999881
16982  -42.368  -82.914  0.307 0.8000000119
17894  -34.035  -83.309  10.352 0.4000000060
17895  -34.817  -83.120  10.375 0.5000000000
17896  -35.628  -82.979  10.302 0.5000000000
17897  -36.530  -82.924  10.195 0.5000000000
17917  -38.934  -82.518  9.547 0.5000000000
17918  -39.802  -82.439  9.617 0.6000000238
17919  -41.537  -82.430  9.435 0.5000000000
17929  -33.640  -83.103  9.641 0.4000000060
17930  -34.645  -82.696  9.041 0.4000000060
17935  -42.148  -82.244  9.024 0.5000000000
17936  -42.853  -82.019  8.551 0.4000000060
17937  -43.540  -81.812  8.165 0.3000000119
17947  -35.130  -82.677  8.339 0.5000000000
17950  -37.506  -82.490  7.665 0.6000000238
17953  -39.864  -82.059  7.270 0.6999999881
17969  -38.679  -82.633  6.765 0.6000000238
17970  -39.467  -82.570  6.585 0.6000000238
17971  -40.101  -82.372  6.355 0.6999999881
17986  -37.146  -83.147  5.978 0.6000000238
17989  -39.714  -82.825  5.755 0.6000000238
18027  -40.307  -82.366  1.205 0.6999999881
18029  -44.330  -82.194  1.495 0.5000000000
18037  -34.351  -82.679  1.554 0.5000000000
18038  -36.113  -82.916  1.395 0.5000000000
18044  -43.713  -82.291  0.689 0.8000000119
18049  -32.390  -81.838  1.523 0.5000000000
18050  -32.592  -81.735  1.476 0.5000000000
18052  -37.950  -83.446  -0.213 0.6999999881
18055  -42.601  -82.593  0.197 0.8000000119
18056  -42.879  -82.547  0.376 0.8000000119
18995  -40.617  -82.121  9.688 0.6000000238
19004  -39.576  -82.062  9.264 0.5000000000
19006  -41.145  -81.899  9.621 0.5000000000
19030  -39.628  -81.919  8.210 0.6999999881
19077  -40.443  -80.990  2.691 0.6999999881
19078  -43.817  -81.918  3.110 0.5000000000
19079  -44.978  -81.235  2.566 0.5000000000
19080  -45.734  -81.117  1.958 0.6000000238
19092  -37.872  -82.008  2.187 0.5000000000
19096  -44.988  -81.559  1.666 0.6000000238
19104  -33.185  -81.888  1.707 0.5000000000
19105  -33.946  -81.850  1.605 0.5000000000
19106  -35.566  -82.076  1.631 0.5000000000
19109  -38.280  -82.485  1.200 0.6000000238
19113  -46.052  -80.884  1.439 0.6000000238
19115  -41.480  -82.543  0.198 0.6999999881
19120  -42.015  -82.828  -0.020 0.6999999881
20089  -40.797  -81.171  9.165 0.6000000238
20144  -38.183  -79.793  5.062 0.5000000000
20145  -41.464  -80.623  6.189 0.6000000238
20154  -35.505  -80.419  4.338 0.5000000000
20160  -43.422  -80.360  4.338 0.5000000000
20167  -38.023  -80.846  3.758 0.6000000238
20184  -35.455  -80.952  2.456 0.5000000000
20195  -46.578  -80.383  1.598 0.6000000238
20198  -42.129  -81.520  0.165 0.6999999881
20201  -44.903  -80.839  0.492 0.6999999881
20202  -45.624  -80.800  0.792 0.6999999881
20204  -42.072  -82.145  -0.047 0.6999999881
20206  -43.205  -81.420  0.156 0.8000000119
21214  -41.608  -79.319  7.479 0.6000000238
21215  -42.090  -79.166  7.809 0.5000000000
21236  -41.317  -79.787  7.062 0.6000000238
21249  -37.778  -79.454  5.761 0.5000000000
21251  -39.243  -78.809  4.857 0.6000000238
21262  -39.619  -79.178  4.162 0.6000000238
21277  -47.099  -79.557  2.697 0.5000000000
21278  -47.735  -79.067  2.350 0.6000000238
21287  -47.228  -79.971  2.041 0.6000000238
21302  -46.309  -79.480  1.024 0.6000000238
22328  -42.664  -79.053  7.953 0.4000000060
22345  -37.836  -78.297  6.709 0.4000000060
22346  -38.600  -78.246  5.916 0.5000000000
22358  -42.031  -78.775  6.069 0.5000000000
22370  -46.002  -78.327  4.115 0.3000000119
22380  -39.954  -78.816  2.497 0.6999999881
22383  -48.195  -78.292  2.656 0.5000000000
22392  -40.320  -79.103  1.592 0.6999999881
22393  -47.023  -78.152  1.783 0.5000000000
22394  -47.839  -77.701  1.852 0.6000000238
23502  -39.258  -77.821  4.751 0.6000000238
23509  -39.373  -77.876  4.035 0.6000000238
23514  -36.746  -77.128  2.279 0.6000000238
23518  -48.673  -76.874  2.745 0.5000000000
23519  -48.354  -76.588  2.391 0.5000000000
23525  -47.625  -77.180  2.013 0.6000000238
23528  -38.506  -77.862  0.810 0.6999999881
23532  -39.310  -77.891  0.366 0.6999999881
23537  -44.060  -78.189  1.006 0.5000000000
24524  -37.279  -76.837  7.380 0.4000000060
24526  -46.302  -75.639  6.940 0.3000000119
24549  -34.548  -76.013  3.534 0.6000000238
24551  -36.651  -76.370  4.459 0.6000000238
24556  -48.164  -76.143  4.043 0.5000000000
24558  -36.100  -76.755  2.689 0.6000000238
24563  -48.571  -75.972  3.093 0.5000000000
24567  -37.026  -76.909  1.649 0.6000000238
24572  -48.222  -75.824  2.460 0.4000000060
24580  -39.836  -77.279  0.605 0.5000000000
24582  -42.085  -76.808  0.797 0.5000000000
25698  -34.855  -75.623  5.050 0.5000000000
25707  -43.549  -75.673  4.196 0.3000000119
25711  -48.238  -74.564  3.798 0.4000000060
25714  -34.953  -76.157  2.922 0.6000000238
25715  -43.412  -75.928  3.457 0.4000000060
25716  -47.072  -75.118  3.005 0.5000000000
25717  -48.134  -74.773  2.602 0.4000000060
25718  -48.479  -74.992  2.568 0.5000000000
25719  -34.873  -75.372  2.745 0.5000000000
25721  -36.743  -76.264  1.696 0.6000000238
25725  -40.504  -75.313  1.842 0.5000000000
25727  -43.423  -76.000  2.380 0.3000000119
25729  -37.084  -76.423  1.319 0.6000000238
25733  -42.225  -75.247  1.356 0.5000000000
26827  -42.018  -74.115  4.963 0.3000000119
26836  -33.802  -75.138  3.887 0.5000000000
26839  -42.957  -75.111  4.595 0.3000000119
26853  -42.584  -74.825  3.235 0.3000000119
26855  -35.632  -75.303  2.591 0.5000000000
26857  -38.025  -75.325  2.378 0.5000000000
26860  -43.124  -73.840  2.239 0.3000000119
27953  -33.775  -73.864  4.372 0.5000000000
27968  -42.064  -73.511  3.978 0.3000000119
27971  -43.300  -73.695  1.678 0.4000000060
29148  -42.889  -72.714  1.493 0.4000000060
29149  -43.456  -72.515  1.474 0.4000000060
30217  -40.791  -71.549  6.478 0.4000000060
30244  -40.834  -71.397  5.384 0.3000000119
30245  -41.328  -71.601  4.726 0.3000000119
30252  -36.191  -71.019  3.624 0.4000000060
30254  -38.225  -71.295  3.489 0.4000000060
30256  -42.234  -71.838  3.895 0.3000000119
30265  -43.506  -71.401  1.477 0.4000000060
31283  -40.594  -70.830  5.746 0.4000000060
31284  -40.947  -70.051  5.296 0.4000000060
31303  -39.462  -70.665  3.177 0.4000000060
31306  -31.861  -69.946  3.616 0.3000000119
31307  -32.791  -70.078  3.645 0.3000000119
31308  -40.277  -70.762  2.633 0.4000000060
31309  -40.966  -70.828  1.961 0.4000000060
32421  -34.947  -69.946  3.445 0.4000000060
32423  -37.175  -69.926  3.554 0.4000000060
32435  -42.571  -70.146  1.619 0.4000000060
33525  -40.496  -69.059  6.246 0.4000000060
33542  -37.906  -68.976  3.880 0.4000000060
33545  -40.518  -68.238  3.010 0.4000000060
33552  -41.263  -68.728  2.486 0.4000000060
33553  -42.384  -68.666  2.024 0.5000000000
33559  -44.190  -68.348  1.427 0.3000000119
34597  -40.716  -67.296  6.217 0.4000000060
34621  -38.954  -67.974  3.920 0.4000000060
34631  -43.420  -67.712  1.490 0.4000000060
35700  -35.936  -66.217  4.605 0.4000000060
35701  -36.809  -66.411  4.705 0.4000000060
35702  -37.626  -66.715  4.793 0.4000000060
38893  -37.665  -63.485  4.631 0.4000000060
126396  -39.292  -86.457  5.004 0.4000000060
126785  -43.171  -82.715  2.203 0.5000000000
126861  -40.899  -87.777  1.571 0.3000000119
127122  -34.008  -85.074  10.665 0.4000000060
127339  -35.123  -84.058  10.692 0.4000000060
128222  -37.139  -69.123  3.740 0.4000000060
128395  -32.937  -83.369  9.694 0.4000000060
131248  -40.827  -78.968  0.440 0.6999999881
131392  -42.623  -78.361  6.294 0.4000000060
131661  -36.987  -72.033  3.522 0.4000000060
132512  -41.702  -73.015  4.517 0.3000000119
132671  -42.009  -83.916  0.790 0.6999999881
132908  -45.541  -80.091  0.804 0.6999999881
132976  -46.789  -79.813  1.404 0.6000000238
135002  -48.166  -76.781  2.121 0.5000000000
135424  -33.068  -83.689  5.832 0.4000000060
136989  -34.087  -70.502  3.771 0.4000000060
137723  -34.948  -84.084  2.924 0.5000000000
139177  -36.307  -86.447  5.447 0.4000000060
141480  -33.783  -75.114  5.523 0.5000000000
141995  -40.186  -80.641  3.305 0.6000000238
142650  -34.796  -68.361  3.689 0.4000000060
145439  -36.827  -82.698  7.205 0.6000000238
147286  -36.047  -82.869  7.202 0.6000000238
147814  -34.414  -71.155  4.614 0.3000000119
148051  -33.225  -85.198  10.618 0.4000000060
149016  -33.530  -83.598  2.440 0.5000000000
149240  -39.174  -86.243  5.537 0.4000000060
149505  -37.932  -86.148  5.804 0.4000000060
149558  -43.265  -78.996  7.848 0.3000000119
151119  -36.068  -83.560  4.944 0.6999999881
151314  -40.862  -78.211  0.179 0.6000000238
151404  -40.012  -86.402  5.097 0.4000000060
151921  -43.011  -73.765  1.374 0.4000000060
152215  -34.406  -81.495  1.790 0.5000000000
152315  -36.974  -83.323  5.446 0.6000000238
152604  -40.604  -82.967  9.666 0.5000000000
