#!ascii label  , from subject sub1 vox2ras=TkReg
1832
125849  -36.979  -66.962  9.331 0.5000000000
34563  -37.430  -67.045  10.125 0.4000000060
35647  -37.433  -66.689  11.027 0.6000000238
35646  -37.292  -66.315  10.378 0.6000000238
36764  -35.948  -65.459  8.759 0.6000000238
35659  -36.989  -66.312  9.655 0.5000000000
126875  -37.391  -65.889  10.944 0.6999999881
131680  -37.337  -67.104  11.854 0.6999999881
36743  -37.069  -65.665  10.183 0.6999999881
36752  -36.551  -65.595  9.417 0.6999999881
37787  -36.212  -64.788  9.266 0.6999999881
138539  -35.088  -64.684  7.966 0.5000000000
37786  -35.631  -64.692  8.614 0.6999999881
36763  -35.530  -65.937  8.179 0.5000000000
35642  -23.879  -66.444  9.882 0.5000000000
36732  -37.394  -65.458  11.527 0.6999999881
137137  -37.312  -64.966  10.829 0.6999999881
37763  -36.853  -64.121  10.491 0.6999999881
37773  -36.367  -64.069  9.760 0.6999999881
38824  -36.731  -63.292  10.081 0.6999999881
38850  -34.971  -63.061  7.812 0.6000000238
139431  -32.253  -64.065  12.418 0.6999999881
37718  -32.968  -64.161  13.030 0.6999999881
36718  -37.179  -65.541  12.241 0.6999999881
36717  -36.616  -65.550  12.810 0.6999999881
137565  -24.414  -67.665  10.404 0.6000000238
31212  -23.682  -69.746  10.607 0.4000000060
37772  -35.842  -64.000  9.048 0.6999999881
38835  -35.589  -63.180  8.692 0.6999999881
40880  -35.362  -61.790  9.045 0.6999999881
39882  -34.119  -62.533  7.422 0.6000000238
38812  -31.391  -63.324  11.478 0.6999999881
37736  -31.645  -63.942  11.986 0.6999999881
136705  -34.088  -65.148  13.576 0.6999999881
38801  -31.894  -63.250  12.198 0.6999999881
140573  -24.988  -65.198  10.197 0.6000000238
37719  -33.854  -64.284  13.717 0.6999999881
37739  -36.985  -64.815  12.676 0.6999999881
37720  -34.812  -64.914  14.024 0.6999999881
38784  -33.931  -63.403  13.867 0.6999999881
38802  -32.536  -63.294  12.798 0.6999999881
32339  -25.110  -69.265  10.631 0.5000000000
32338  -24.123  -69.055  10.499 0.5000000000
37764  -37.197  -64.165  11.148 0.6999999881
128270  -34.377  -62.983  14.053 0.6999999881
30152  -24.206  -70.672  10.672 0.4000000060
38836  -36.189  -63.263  9.400 0.6999999881
38813  -37.299  -63.754  11.717 0.6999999881
143740  -35.460  -64.299  13.939 0.6999999881
38785  -34.730  -63.776  14.026 0.6999999881
136380  -23.850  -71.854  11.242 0.4000000060
38825  -37.192  -63.343  10.895 0.6999999881
38787  -36.665  -63.478  13.530 0.6999999881
39819  -35.155  -62.907  14.164 0.6999999881
39867  -36.492  -62.512  9.747 0.6999999881
134513  -37.508  -61.811  11.609 0.6999999881
39831  -37.396  -62.585  12.804 0.6999999881
39884  -35.186  -62.428  8.572 0.6999999881
40869  -37.189  -61.752  10.837 0.6999999881
40897  -34.165  -61.737  7.624 0.6000000238
40898  -34.707  -61.741  8.450 0.6999999881
142183  -34.996  -61.078  8.780 0.6999999881
42810  -33.446  -59.572  6.642 0.5000000000
135983  -33.431  -60.113  6.775 0.5000000000
42844  -33.523  -60.358  6.314 0.4000000060
41925  -33.143  -60.875  6.249 0.5000000000
40841  -31.788  -61.604  12.186 0.6999999881
36740  -25.855  -65.043  10.328 0.6000000238
37723  -37.002  -64.185  13.256 0.6999999881
39817  -33.625  -62.559  13.766 0.6999999881
39852  -36.990  -62.515  10.437 0.6999999881
139398  -37.403  -63.063  11.591 0.6999999881
40881  -36.076  -61.764  9.533 0.6999999881
42794  -33.522  -59.343  7.350 0.6999999881
133382  -33.759  -60.257  7.637 0.6999999881
41879  -34.212  -61.029  8.042 0.6999999881
43745  -33.140  -58.669  6.941 0.6999999881
41853  -26.655  -60.004  9.229 0.6999999881
42772  -27.405  -58.954  9.207 0.6999999881
42773  -28.311  -59.110  9.150 0.8000000119
42762  -28.727  -58.852  10.046 0.8000000119
133056  -26.713  -61.539  9.680 0.6000000238
41840  -26.968  -59.960  10.042 0.6000000238
42760  -26.686  -59.129  10.022 0.6000000238
42774  -29.363  -59.681  9.694 0.8000000119
140574  -26.799  -61.728  9.944 0.6000000238
39847  -27.219  -62.464  10.157 0.6000000238
41832  -31.499  -60.743  11.676 0.6999999881
138331  -26.296  -63.834  10.118 0.6000000238
139651  -26.768  -63.209  10.184 0.6000000238
34529  -26.186  -67.336  11.149 0.6000000238
36728  -26.501  -65.758  10.878 0.6000000238
40842  -32.430  -61.573  12.920 0.6999999881
33460  -25.324  -68.453  10.661 0.5000000000
33461  -26.196  -68.275  11.035 0.6000000238
41820  -31.999  -60.709  12.479 0.6999999881
39818  -34.504  -62.259  14.120 0.6999999881
39853  -37.365  -62.498  11.195 0.6999999881
39821  -37.030  -62.687  13.436 0.6999999881
42795  -34.154  -59.622  8.284 0.8000000119
41880  -34.596  -60.325  8.461 0.6999999881
40868  -36.684  -61.721  10.122 0.6999999881
40843  -37.580  -61.827  12.428 0.6999999881
43732  -33.139  -58.414  7.558 0.8000000119
146691  -35.634  -61.177  9.284 0.6999999881
42778  -36.252  -59.871  9.659 0.6999999881
43760  -33.453  -58.911  6.719 0.5000000000
42828  -34.124  -59.691  6.152 0.5000000000
43761  -33.906  -58.980  6.308 0.5000000000
41828  -26.898  -59.248  10.707 0.6000000238
42761  -27.633  -58.364  9.727 0.6999999881
43703  -27.579  -57.813  10.520 0.8000000119
43704  -28.192  -57.917  10.390 0.8999999762
41841  -27.245  -60.269  10.455 0.6000000238
43705  -29.260  -58.446  10.681 0.8000000119
42763  -29.818  -59.387  10.515 0.8000000119
42749  -31.529  -59.719  12.171 0.8000000119
37760  -27.068  -63.987  10.638 0.6000000238
36729  -27.382  -65.617  11.366 0.6000000238
32340  -26.203  -69.321  10.856 0.6000000238
33441  -27.073  -68.034  11.347 0.6000000238
34530  -27.061  -67.142  11.499 0.6000000238
41821  -32.485  -60.748  13.056 0.6999999881
31214  -25.674  -70.139  10.679 0.5000000000
40817  -34.718  -61.478  14.239 0.6999999881
41814  -33.465  -60.729  13.883 0.6999999881
29024  -25.384  -72.428  11.438 0.5000000000
30154  -26.087  -70.928  10.801 0.5000000000
39803  -35.419  -62.095  14.250 0.6999999881
40832  -36.769  -62.063  13.772 0.6999999881
42775  -33.804  -58.814  8.355 0.8000000119
42796  -35.009  -59.729  8.732 0.8000000119
41859  -36.304  -60.854  9.751 0.6999999881
41845  -36.728  -60.255  10.253 0.6999999881
146807  -37.639  -61.214  11.962 0.6999999881
41858  -35.555  -60.304  9.081 0.6999999881
131177  -33.544  -59.770  6.505 0.5000000000
42754  -27.483  -58.745  11.394 0.6999999881
42753  -27.343  -58.318  11.001 0.6999999881
44680  -27.582  -57.072  11.115 0.8000000119
44681  -27.961  -57.089  10.785 0.8000000119
40864  -27.837  -61.455  10.196 0.6999999881
43691  -27.547  -57.154  11.478 0.8000000119
44669  -28.655  -56.817  11.331 0.8000000119
38820  -27.992  -63.459  10.550 0.6000000238
42748  -30.653  -58.858  11.741 0.8000000119
37761  -28.005  -64.266  10.969 0.6000000238
42741  -31.790  -59.186  12.886 0.6999999881
32320  -27.071  -68.951  11.247 0.6000000238
41813  -32.802  -60.396  13.509 0.8000000119
136422  -27.091  -69.764  11.239 0.6000000238
132910  -32.647  -59.727  13.601 0.8000000119
27871  -25.518  -72.992  12.036 0.4000000060
134364  -37.290  -61.814  13.320 0.6999999881
40819  -36.255  -61.803  14.203 0.6999999881
41803  -34.887  -60.640  14.491 0.6999999881
26714  -24.421  -74.670  13.192 0.4000000060
136843  -37.268  -61.063  13.560 0.6999999881
40818  -35.597  -61.311  14.375 0.6999999881
42777  -35.521  -59.406  9.273 0.8000000119
41822  -37.683  -60.473  11.842 0.6999999881
41833  -37.321  -60.120  10.974 0.6999999881
44724  -32.563  -57.959  7.024 0.8000000119
44742  -32.822  -58.088  6.772 0.5000000000
44761  -34.564  -57.660  5.944 0.5000000000
44743  -33.688  -58.061  6.378 0.5000000000
132615  -35.252  -58.208  5.711 0.4000000060
42755  -28.740  -59.347  11.717 0.6000000238
42746  -28.188  -58.267  12.024 0.6999999881
44667  -27.588  -56.691  11.707 0.8000000119
45607  -28.319  -56.435  11.831 0.8000000119
40865  -28.973  -61.653  10.390 0.6999999881
37750  -28.426  -64.664  11.628 0.6999999881
43685  -30.281  -57.838  12.169 0.8000000119
36730  -28.258  -65.358  11.831 0.6000000238
44660  -30.028  -56.643  12.318 0.8000000119
35631  -28.069  -66.094  12.109 0.6000000238
44661  -30.907  -57.443  12.730 0.8000000119
43686  -31.140  -58.619  12.562 0.8000000119
32321  -27.559  -69.539  11.708 0.6000000238
33442  -27.701  -68.643  11.833 0.6000000238
41802  -33.952  -60.274  14.327 0.8999999762
42731  -32.746  -59.090  14.153 0.8000000119
41805  -36.637  -60.614  14.379 0.8000000119
134581  -35.381  -59.949  14.952 0.8000000119
30110  -26.575  -71.833  12.317 0.5000000000
150297  -37.698  -59.197  12.431 0.8000000119
41806  -37.126  -60.593  14.007 0.6999999881
28991  -25.967  -73.113  12.724 0.4000000060
43717  -33.617  -57.985  8.451 0.8000000119
43719  -35.339  -58.608  9.420 0.8000000119
42764  -36.746  -59.481  10.376 0.8000000119
149346  -37.623  -59.577  11.745 0.6999999881
44711  -32.903  -57.621  7.758 0.8000000119
43720  -36.087  -59.011  9.855 0.8000000119
44710  -32.462  -57.103  7.198 0.8000000119
128569  -33.099  -57.288  6.474 0.6000000238
45667  -32.550  -56.467  6.409 0.6000000238
146046  -33.852  -57.258  6.080 0.5000000000
139357  -29.713  -61.174  12.034 0.6000000238
44658  -27.701  -56.613  12.071 0.6999999881
38810  -29.419  -63.258  11.552 0.6000000238
44649  -28.342  -56.378  12.591 0.6999999881
45599  -29.647  -55.809  12.661 0.6999999881
152764  -28.929  -64.382  12.151 0.6000000238
39838  -29.742  -62.313  11.990 0.6000000238
36712  -28.671  -65.579  12.782 0.6000000238
151753  -27.989  -68.198  12.255 0.6000000238
143479  -28.506  -66.124  12.717 0.6000000238
44651  -30.579  -56.266  12.885 0.6999999881
129370  -27.779  -69.918  12.250 0.5000000000
43677  -31.654  -58.254  13.309 0.8000000119
30098  -26.908  -71.665  13.031 0.3000000119
145424  -34.989  -59.254  15.016 0.8000000119
134902  -33.615  -59.399  14.487 0.8000000119
141928  -36.932  -60.051  14.359 0.8000000119
44683  -37.463  -58.141  10.982 0.8000000119
43718  -34.468  -58.286  9.031 0.8000000119
131380  -37.594  -59.950  12.722 0.6999999881
44696  -36.026  -58.170  9.840 0.8000000119
44695  -35.234  -57.769  9.404 0.8000000119
44723  -32.614  -57.211  6.843 0.6999999881
45668  -33.472  -56.613  6.103 0.6000000238
45684  -35.877  -56.427  5.665 0.3000000119
41819  -29.468  -60.183  12.419 0.6000000238
42747  -28.904  -59.092  12.706 0.6999999881
43676  -28.758  -57.557  13.422 0.6999999881
45589  -29.038  -55.826  13.283 0.6999999881
31140  -29.106  -70.631  15.816 0.5000000000
37735  -29.396  -63.887  12.226 0.6000000238
38800  -29.829  -63.232  12.465 0.6000000238
45590  -30.193  -55.533  13.179 0.6999999881
32296  -28.225  -68.717  12.665 0.5000000000
34499  -28.830  -67.167  13.139 0.5000000000
36713  -29.165  -64.968  13.184 0.6000000238
45591  -31.055  -55.908  13.484 0.6999999881
138423  -27.558  -71.434  14.142 0.3000000119
32281  -28.131  -69.723  12.963 0.5000000000
45592  -31.936  -56.542  13.943 0.8000000119
44639  -32.945  -57.187  14.372 0.8000000119
44653  -32.147  -57.602  13.851 0.8000000119
42734  -37.079  -59.279  14.563 0.8999999762
43657  -35.974  -58.421  15.166 0.8999999762
43668  -34.226  -58.698  14.887 0.8000000119
129464  -33.776  -57.752  14.762 0.8000000119
28992  -26.518  -72.375  13.050 0.4000000060
43687  -37.910  -58.569  12.695 0.8999999762
42750  -37.680  -59.186  13.223 0.8999999762
42733  -36.425  -59.071  15.015 0.8999999762
44692  -32.617  -56.863  7.986 0.8000000119
44693  -33.484  -57.165  8.499 0.8000000119
43706  -36.699  -58.606  10.419 0.8000000119
43707  -37.284  -59.095  11.034 0.8000000119
45644  -32.070  -56.368  7.337 0.8000000119
45654  -32.213  -56.489  6.803 0.6999999881
132628  -32.931  -55.963  6.049 0.6000000238
46611  -34.235  -55.840  6.032 0.6000000238
45683  -34.621  -56.755  5.861 0.6000000238
40840  -29.849  -61.011  12.861 0.6000000238
41811  -29.494  -59.810  13.285 0.6000000238
43664  -29.191  -57.726  14.104 0.6999999881
144188  -30.173  -62.625  12.940 0.6000000238
44637  -29.474  -56.160  14.095 0.6999999881
37717  -29.781  -64.426  13.394 0.6000000238
33396  -29.121  -68.637  13.806 0.6000000238
34500  -29.181  -67.781  13.601 0.5000000000
36700  -29.193  -65.567  13.524 0.6000000238
149387  -29.978  -55.447  13.358 0.6999999881
45580  -31.597  -55.595  14.209 0.8000000119
31159  -28.532  -69.982  13.907 0.4000000060
131286  -32.422  -56.149  14.262 0.6999999881
30099  -27.458  -71.129  13.390 0.4000000060
140024  -37.851  -57.628  13.985 0.8000000119
44640  -33.896  -56.868  14.791 0.8000000119
134061  -37.255  -57.368  10.660 0.8999999762
43670  -37.460  -58.410  14.337 0.8000000119
43655  -34.530  -57.668  14.966 0.8000000119
44671  -37.921  -57.314  11.162 0.8000000119
45632  -34.232  -56.576  8.861 0.8000000119
45634  -35.973  -57.306  9.764 0.8000000119
44682  -36.663  -57.737  10.320 0.6999999881
45631  -33.210  -56.342  8.597 0.8000000119
46588  -31.615  -55.762  6.950 0.8000000119
46601  -32.555  -55.339  6.440 0.6999999881
46602  -33.615  -55.062  6.350 0.6999999881
48639  -34.592  -53.310  6.095 0.6000000238
48640  -35.418  -53.619  5.920 0.6000000238
47491  -35.447  -54.419  5.808 0.6000000238
38782  -30.214  -63.728  13.581 0.6000000238
43665  -29.992  -57.671  14.664 0.8000000119
136706  -29.430  -56.989  14.312 0.6999999881
33358  -30.331  -68.616  16.582 0.5000000000
36690  -29.666  -65.667  14.190 0.5000000000
45578  -29.838  -55.520  13.822 0.8000000119
46526  -30.562  -55.415  13.843 0.6999999881
33375  -29.755  -68.105  14.988 0.5000000000
132414  -29.350  -66.137  13.841 0.5000000000
46515  -30.487  -55.368  14.519 0.8000000119
47383  -31.763  -55.033  15.074 0.8000000119
146123  -29.477  -69.458  15.485 0.5000000000
46516  -31.162  -55.173  14.596 0.8000000119
138784  -32.418  -55.667  14.496 0.8000000119
140353  -32.914  -55.441  14.716 0.8000000119
137160  -34.288  -56.030  14.426 0.8000000119
133695  -33.243  -56.042  14.475 0.8000000119
44628  -36.250  -57.669  14.984 0.8000000119
44672  -38.320  -57.056  11.736 0.8000000119
44642  -35.946  -56.603  14.629 0.8000000119
142223  -33.879  -55.815  8.901 0.8000000119
45617  -36.694  -56.835  10.172 0.8000000119
151528  -36.008  -56.567  9.646 0.8999999762
46575  -31.532  -55.655  7.446 0.8000000119
46600  -31.749  -55.527  6.698 0.6999999881
148270  -31.125  -55.227  6.968 0.6999999881
47479  -34.075  -54.088  6.214 0.6999999881
47478  -31.989  -54.772  6.714 0.6999999881
48638  -33.573  -53.437  6.349 0.6999999881
41801  -31.279  -60.761  14.886 0.8000000119
150250  -30.538  -61.786  13.975 0.6000000238
42730  -30.968  -59.778  14.765 0.6000000238
42729  -30.634  -58.763  14.613 0.8000000119
35531  -30.483  -66.648  18.485 0.6000000238
34448  -30.665  -67.343  17.980 0.5000000000
37709  -30.263  -64.295  14.177 0.6000000238
38770  -30.574  -63.335  14.249 0.6000000238
44638  -29.882  -56.578  14.779 0.8000000119
135251  -28.404  -66.097  19.220 0.6000000238
128421  -29.516  -66.262  19.033 0.6000000238
36638  -30.882  -66.020  17.995 0.6000000238
35549  -30.922  -66.687  16.386 0.5000000000
35590  -30.212  -65.840  14.916 0.5000000000
38707  -27.133  -63.926  18.327 0.5000000000
37637  -28.272  -64.757  18.725 0.5000000000
128612  -29.112  -64.736  18.880 0.6000000238
147078  -30.317  -65.939  18.645 0.6000000238
34468  -30.223  -68.027  15.814 0.5000000000
36669  -30.795  -65.960  15.759 0.5000000000
46500  -30.997  -55.135  15.196 0.8000000119
47384  -32.516  -55.058  14.966 0.8000000119
137336  -27.955  -64.048  18.541 0.5000000000
35589  -29.813  -66.524  14.500 0.5000000000
38721  -26.818  -63.127  17.968 0.4000000060
34486  -29.644  -67.458  14.339 0.5000000000
46501  -33.397  -55.120  15.025 0.6999999881
45582  -36.058  -55.975  14.357 0.8000000119
129639  -33.804  -55.628  14.657 0.6999999881
45608  -38.173  -56.536  11.218 0.8000000119
44663  -38.348  -57.026  12.557 0.8000000119
45581  -35.181  -56.006  14.325 0.8000000119
140255  -36.743  -56.463  14.530 0.8000000119
45594  -38.122  -55.962  13.470 0.8000000119
46562  -31.765  -55.489  8.092 0.8999999762
138235  -32.906  -55.397  8.665 0.8999999762
129479  -35.691  -55.932  9.430 0.8000000119
45618  -37.581  -56.698  10.641 0.8000000119
136384  -34.799  -55.838  9.101 1.0000000000
46547  -36.439  -56.012  9.755 0.8000000119
46587  -30.929  -55.187  7.075 0.8000000119
47464  -30.727  -54.920  7.102 0.6999999881
39792  -31.573  -62.425  15.441 0.8000000119
43653  -30.954  -58.003  15.119 0.8000000119
37638  -29.994  -64.635  18.828 0.6000000238
38758  -31.589  -63.263  15.607 0.6000000238
39791  -31.061  -62.905  14.832 0.6000000238
44625  -30.497  -56.992  15.265 0.8000000119
45568  -30.849  -56.430  15.863 0.8000000119
148465  -28.622  -64.201  18.767 0.5000000000
36631  -29.729  -65.388  18.855 0.6000000238
36633  -31.179  -65.127  17.927 0.6000000238
136204  -31.542  -64.004  15.754 0.6000000238
45552  -30.753  -55.722  15.684 0.8000000119
47368  -31.689  -55.146  15.597 0.6999999881
131646  -29.310  -64.028  18.860 0.5000000000
37646  -31.592  -64.855  17.228 0.6000000238
38757  -30.963  -63.838  14.949 0.6000000238
39729  -28.234  -62.466  18.388 0.4000000060
147562  -28.564  -63.454  18.671 0.4000000060
38708  -29.376  -63.386  18.824 0.4000000060
47369  -32.510  -54.991  15.585 0.6999999881
40751  -27.651  -61.653  18.026 0.4000000060
40752  -28.478  -61.549  18.282 0.4000000060
38710  -31.151  -63.636  18.491 0.4000000060
143898  -34.188  -55.393  14.815 0.6999999881
41744  -28.722  -60.736  18.361 0.4000000060
39731  -30.094  -62.128  18.596 0.5000000000
46519  -35.424  -55.728  14.517 0.6999999881
41743  -27.816  -60.751  18.064 0.3000000119
40753  -29.405  -61.443  18.392 0.5000000000
138769  -30.361  -61.346  18.483 0.5000000000
45609  -38.429  -56.338  12.036 0.8000000119
45600  -38.352  -56.166  12.901 0.8000000119
45593  -37.654  -56.038  13.910 0.8000000119
46520  -36.432  -55.563  14.671 0.8000000119
46521  -37.339  -55.419  14.376 0.8000000119
47439  -31.952  -54.657  8.536 0.8000000119
145803  -34.212  -54.910  8.996 1.0000000000
46563  -35.289  -55.085  9.396 0.8000000119
46564  -36.203  -55.249  9.582 0.8000000119
148315  -36.829  -55.421  9.849 0.8000000119
46549  -38.122  -55.112  10.785 0.8000000119
132376  -38.360  -55.709  11.380 0.8000000119
47440  -33.213  -54.396  9.024 1.0000000000
146856  -37.447  -55.249  10.230 0.8000000119
129543  -34.071  -53.954  9.295 0.8000000119
47425  -36.893  -54.570  9.721 0.8000000119
47454  -30.733  -54.735  7.131 0.8999999762
48636  -31.125  -54.251  6.889 0.6999999881
48637  -32.505  -53.788  6.759 0.6999999881
49819  -33.007  -52.910  6.610 0.6999999881
49820  -33.995  -52.783  6.380 0.6999999881
49821  -34.953  -52.723  6.350 0.6999999881
142918  -35.960  -52.677  6.288 0.6000000238
50860  -35.469  -52.184  6.786 0.6999999881
49809  -33.428  -52.314  6.843 0.6999999881
49822  -36.891  -52.403  5.969 0.6000000238
41790  -31.701  -60.070  15.399 0.8000000119
43654  -31.729  -58.353  15.718 0.8000000119
36632  -30.574  -65.302  18.539 0.5000000000
39774  -32.231  -62.703  16.312 0.8000000119
40806  -32.796  -61.101  16.401 0.8000000119
136335  -32.091  -60.993  15.608 0.8000000119
44626  -31.243  -57.376  15.777 0.8000000119
136865  -31.502  -64.295  17.895 0.6000000238
38722  -31.808  -63.467  17.799 0.5000000000
139788  -32.178  -61.821  15.920 0.8000000119
148574  -29.014  -62.864  18.681 0.4000000060
138207  -30.671  -62.882  18.725 0.5000000000
38741  -32.334  -63.102  17.103 0.6999999881
136303  -32.028  -63.656  16.409 0.6999999881
45553  -31.177  -56.031  16.401 0.6999999881
46485  -31.994  -55.211  16.297 0.6999999881
46486  -32.855  -55.061  16.493 0.6999999881
47370  -33.528  -54.928  15.803 0.6999999881
47371  -34.411  -54.983  15.992 0.6999999881
41745  -29.630  -60.646  18.536 0.5000000000
126720  -35.869  -55.115  15.781 0.6999999881
126108  -28.136  -59.994  18.435 0.4000000060
42679  -28.947  -59.995  18.746 0.4000000060
46528  -38.340  -55.370  13.217 0.8000000119
46503  -35.647  -55.319  15.003 0.6999999881
46532  -38.583  -55.393  12.338 0.8000000119
46540  -38.540  -54.871  11.482 0.8000000119
139051  -38.725  -53.876  12.470 0.6999999881
134669  -34.978  -54.180  9.322 0.8000000119
47426  -37.662  -54.436  10.367 0.8000000119
131001  -30.991  -54.356  8.268 0.8999999762
46561  -30.998  -55.012  7.655 0.8999999762
48606  -31.646  -53.774  8.784 0.8999999762
148393  -32.561  -53.890  9.012 0.8000000119
48607  -33.273  -53.555  9.286 0.8000000119
149370  -34.622  -53.348  9.516 0.8000000119
48626  -30.499  -54.091  7.335 0.8999999762
48616  -30.634  -54.029  7.711 0.8000000119
49817  -30.757  -53.333  7.227 0.8999999762
49807  -31.232  -52.493  7.200 0.8000000119
47492  -36.329  -54.041  5.754 0.4000000060
49818  -31.899  -53.199  7.140 0.8000000119
50843  -32.833  -51.692  7.284 0.6999999881
50859  -34.496  -52.207  6.903 0.6999999881
50848  -37.974  -51.384  6.994 0.5000000000
41778  -33.199  -60.248  16.657 0.6999999881
42720  -32.212  -59.326  15.772 0.8000000119
40773  -32.746  -61.037  17.532 0.6999999881
44612  -32.440  -57.718  16.896 0.6999999881
39730  -29.168  -62.207  18.447 0.4000000060
41747  -31.760  -60.367  18.475 0.6000000238
42701  -33.263  -59.537  16.873 0.6999999881
45554  -31.673  -55.671  16.766 0.6999999881
46476  -32.336  -55.506  17.073 0.6999999881
47361  -33.813  -55.122  16.641 0.6999999881
41746  -30.623  -60.522  18.574 0.5000000000
42670  -29.210  -59.377  19.317 0.4000000060
43603  -28.533  -58.720  19.794 0.3000000119
42671  -30.227  -59.258  19.386 0.5000000000
47410  -38.730  -54.556  12.155 0.6999999881
144012  -37.673  -54.773  14.188 0.6999999881
47373  -36.917  -54.882  16.319 0.6999999881
43604  -29.616  -58.745  19.864 0.4000000060
134721  -38.602  -54.585  12.965 0.6999999881
47400  -37.193  -54.965  14.731 0.6999999881
47418  -38.549  -53.953  11.542 0.6999999881
48608  -33.908  -53.239  9.444 0.8000000119
130278  -35.916  -54.376  9.505 0.8000000119
47442  -36.461  -53.726  9.614 0.8000000119
48595  -37.266  -53.525  9.918 0.8000000119
47441  -35.602  -53.362  9.552 0.8000000119
49785  -31.165  -53.173  9.371 0.8000000119
48625  -30.141  -53.339  7.714 0.8000000119
48615  -30.062  -53.288  8.395 0.8000000119
48605  -30.669  -53.643  8.607 0.8999999762
49806  -30.354  -52.601  7.386 0.8999999762
50841  -30.718  -51.752  7.425 0.8000000119
50846  -35.911  -51.547  7.189 0.6999999881
50861  -36.401  -52.027  6.609 0.6000000238
50844  -33.850  -51.700  7.410 0.6999999881
146710  -34.643  -51.606  7.462 0.6999999881
51980  -33.820  -50.175  8.460 0.6999999881
42707  -32.947  -59.542  16.394 0.6999999881
43612  -31.959  -58.425  19.168 0.6000000238
133239  -32.626  -58.965  18.449 0.6000000238
147817  -32.855  -58.588  17.864 0.6999999881
44603  -32.113  -56.876  17.465 0.6999999881
45545  -31.666  -56.258  16.978 0.6999999881
40754  -31.371  -61.268  18.394 0.5000000000
41748  -32.487  -60.576  17.982 0.6000000238
45546  -32.050  -56.055  17.482 0.6999999881
42682  -31.899  -59.383  18.810 0.6000000238
42669  -28.277  -59.387  19.044 0.3000000119
42681  -30.916  -59.724  18.892 0.5000000000
44589  -32.026  -57.541  19.071 0.6000000238
47362  -34.705  -55.255  16.854 0.6999999881
44578  -30.008  -58.090  20.390 0.4000000060
43605  -30.597  -58.569  19.949 0.5000000000
43606  -31.296  -58.319  19.791 0.6000000238
146693  -35.438  -55.262  17.104 0.6999999881
47388  -37.453  -54.644  15.459 0.6999999881
127621  -36.084  -55.100  16.805 0.6999999881
45507  -29.425  -56.760  20.823 0.3000000119
47401  -38.183  -54.221  14.094 0.6999999881
48594  -36.451  -52.895  9.703 0.8000000119
49772  -37.084  -52.546  10.254 0.8000000119
150151  -37.820  -53.016  10.475 0.6999999881
48586  -38.730  -53.089  11.989 0.6999999881
48568  -38.682  -53.551  13.808 0.6999999881
49788  -34.125  -52.609  9.644 0.8000000119
49771  -36.168  -51.962  10.270 0.8000000119
48593  -30.314  -53.038  9.259 0.8000000119
49786  -32.356  -53.115  9.408 0.8000000119
49787  -33.329  -52.749  9.539 0.8000000119
49789  -34.933  -52.620  9.794 0.8000000119
148594  -29.619  -52.337  8.218 0.8000000119
51959  -31.397  -50.950  10.411 0.8000000119
50814  -32.843  -51.429  10.279 0.8000000119
51960  -33.053  -50.680  10.755 0.8000000119
51948  -32.388  -50.114  10.729 0.8000000119
50847  -36.924  -51.451  7.136 0.6000000238
51996  -36.352  -50.891  7.751 0.6999999881
51979  -32.704  -50.242  8.180 0.8000000119
51994  -34.312  -51.042  7.955 0.6000000238
53006  -33.052  -49.452  8.479 0.6999999881
53926  -34.806  -48.814  8.754 0.6000000238
51981  -34.898  -50.319  8.299 0.6000000238
43613  -32.549  -58.094  18.509 0.6000000238
46463  -32.799  -56.044  17.919 0.6999999881
46464  -33.634  -55.715  18.175 0.6999999881
46465  -34.456  -55.451  18.408 0.6999999881
46478  -34.186  -55.483  17.525 0.6999999881
44569  -30.206  -57.329  20.653 0.4000000060
44579  -30.825  -57.854  20.217 0.4000000060
45523  -31.682  -56.656  19.618 0.5000000000
146345  -33.128  -55.857  18.760 0.6999999881
46466  -35.038  -55.369  17.762 0.6999999881
45522  -30.954  -56.898  20.129 0.5000000000
45509  -31.522  -56.164  20.323 0.5000000000
137207  -35.919  -54.960  17.910 0.6999999881
45508  -30.276  -56.510  20.849 0.3000000119
140271  -38.684  -53.862  13.131 0.6999999881
47363  -36.772  -54.650  17.424 0.6999999881
46432  -29.496  -55.961  21.235 0.3000000119
47321  -29.470  -54.914  21.409 0.3000000119
47389  -38.211  -54.055  15.628 0.6999999881
47374  -37.807  -54.353  16.422 0.6999999881
137819  -38.790  -53.041  14.426 0.6999999881
48536  -38.367  -53.639  16.567 0.6999999881
143676  -35.708  -52.533  9.792 0.8000000119
49755  -38.395  -52.239  11.628 0.6999999881
48578  -38.910  -53.071  12.960 0.6999999881
49704  -38.907  -52.428  15.650 0.6999999881
49736  -38.838  -52.085  13.261 0.6999999881
139074  -38.854  -51.871  13.976 0.6999999881
49766  -31.613  -52.448  9.838 0.8000000119
49768  -33.501  -51.964  9.864 0.8000000119
49754  -37.758  -52.296  10.942 0.6999999881
50781  -38.578  -51.270  13.684 0.6999999881
51918  -38.112  -50.696  14.208 0.6999999881
148408  -30.794  -52.610  9.760 0.8000000119
49767  -32.619  -52.181  9.814 0.8000000119
49769  -34.330  -51.889  10.053 0.8000000119
49770  -35.165  -51.882  10.213 0.8000000119
50818  -36.240  -51.156  10.850 0.8000000119
50791  -37.822  -50.744  12.573 0.8000000119
51917  -37.256  -50.218  14.418 0.6999999881
49765  -30.242  -52.309  9.734 0.8000000119
50815  -33.660  -51.292  10.512 0.8000000119
51962  -34.515  -50.444  11.383 0.8000000119
51951  -35.539  -50.049  12.061 0.8000000119
49783  -29.653  -52.297  8.830 0.8000000119
51970  -29.533  -50.955  9.010 0.8000000119
145024  -32.305  -50.935  10.504 0.8000000119
51961  -33.802  -50.569  11.121 0.8000000119
51936  -34.745  -49.684  12.192 0.8000000119
131356  -30.166  -50.875  7.714 0.8000000119
137605  -30.627  -50.539  10.186 0.8000000119
52983  -32.841  -49.386  11.338 0.8000000119
52984  -33.679  -49.432  11.652 0.8000000119
53882  -34.541  -49.021  12.581 0.8000000119
51977  -29.768  -49.976  8.050 0.8000000119
53893  -32.421  -48.962  11.275 0.8000000119
146396  -30.451  -49.976  7.766 0.8000000119
134811  -38.301  -50.563  7.345 0.5000000000
51983  -36.730  -50.146  8.223 0.6000000238
145262  -31.080  -49.267  7.786 0.8000000119
53005  -32.103  -49.467  7.989 0.8000000119
51997  -37.354  -50.758  7.666 0.6000000238
53010  -36.906  -49.350  8.388 0.6000000238
53927  -35.689  -48.748  8.538 0.6000000238
53009  -36.197  -49.544  8.540 0.6000000238
45532  -32.044  -56.821  18.920 0.6999999881
45533  -32.346  -56.554  18.156 0.6999999881
151557  -31.566  -57.052  19.425 0.6000000238
47351  -34.639  -55.094  19.137 0.6999999881
46450  -32.172  -56.176  19.779 0.5000000000
46451  -33.799  -55.348  19.189 0.6999999881
151438  -30.891  -56.198  20.675 0.4000000060
46433  -31.181  -55.507  20.895 0.4000000060
48496  -29.891  -53.892  21.396 0.3000000119
47314  -30.901  -53.962  21.412 0.3000000119
47324  -32.340  -54.590  21.222 0.5000000000
48512  -37.278  -54.252  19.927 0.6999999881
47353  -37.458  -54.130  17.889 0.6999999881
48498  -31.356  -53.296  21.456 0.3000000119
48527  -37.997  -53.503  18.103 0.6999999881
48497  -30.407  -53.062  21.359 0.3000000119
49694  -38.757  -52.561  16.775 0.6999999881
49753  -36.974  -51.573  10.777 0.8000000119
50792  -38.497  -51.364  12.865 0.6999999881
50755  -38.761  -51.599  15.431 0.6999999881
50803  -37.657  -51.253  11.578 0.6999999881
51938  -37.946  -50.615  13.517 0.6999999881
51899  -37.765  -50.437  14.978 0.6999999881
133378  -31.933  -51.626  10.191 0.8000000119
50816  -34.467  -51.176  10.664 0.8000000119
50802  -36.576  -50.591  11.515 0.6999999881
129725  -36.654  -49.999  13.659 0.8000000119
50813  -31.002  -51.940  10.131 0.8000000119
51937  -35.705  -49.436  13.638 0.8000000119
50812  -30.484  -51.450  10.064 0.8000000119
51935  -34.421  -49.295  12.134 0.8000000119
52972  -34.769  -49.058  13.051 0.8000000119
149323  -30.068  -50.426  9.621 0.8000000119
145133  -29.620  -50.679  8.495 0.8000000119
145255  -31.460  -50.042  10.594 0.8000000119
144339  -33.231  -48.985  11.623 0.8000000119
53894  -33.459  -48.572  11.238 0.8000000119
53896  -34.856  -48.703  12.264 0.8000000119
135799  -30.486  -48.990  7.972 0.8000000119
52998  -30.091  -49.577  8.729 0.8000000119
53892  -31.845  -49.118  10.802 0.8000000119
53905  -32.122  -48.609  10.790 0.8000000119
53924  -32.437  -48.775  8.128 0.8000000119
150623  -32.090  -56.529  19.292 0.6000000238
46435  -32.885  -55.627  19.767 0.6000000238
147981  -30.359  -55.681  21.151 0.3000000119
46436  -33.553  -54.860  20.375 0.6000000238
143696  -32.834  -55.024  20.765 0.5000000000
47337  -34.379  -54.658  19.968 0.6999999881
47338  -35.239  -54.583  19.611 0.6999999881
47325  -33.266  -54.452  21.440 0.6000000238
48501  -35.118  -54.087  20.640 0.6999999881
48510  -29.396  -52.974  20.826 0.3000000119
50706  -32.347  -51.210  20.494 0.3000000119
145541  -37.740  -53.884  19.905 0.6999999881
48520  -37.391  -53.688  18.823 0.6999999881
51825  -30.736  -50.669  19.061 0.3000000119
50704  -30.805  -51.206  19.752 0.3000000119
50705  -31.436  -51.312  20.272 0.3000000119
51827  -32.549  -50.484  19.682 0.3000000119
51852  -30.604  -50.309  18.509 0.3000000119
50746  -38.999  -51.818  16.159 0.6999999881
51916  -36.659  -49.695  14.468 0.8000000119
52973  -35.343  -49.061  13.623 0.8000000119
53884  -35.494  -48.863  13.572 0.8000000119
53903  -30.759  -49.155  9.499 0.8000000119
52992  -31.204  -49.473  10.308 0.8000000119
53915  -31.077  -48.328  9.209 0.8000000119
53904  -31.516  -48.840  10.124 0.8000000119
130947  -32.584  -48.066  10.334 0.8000000119
54814  -34.889  -48.139  11.172 0.8000000119
53936  -31.054  -48.371  7.721 0.8000000119
55842  -32.387  -47.549  9.486 0.8000000119
53923  -31.658  -48.785  7.842 0.8000000119
53938  -32.638  -48.133  7.794 0.6999999881
54846  -33.213  -47.880  7.824 0.6000000238
141834  -34.592  -53.281  21.261 0.6000000238
48511  -36.131  -53.995  20.111 0.6999999881
49644  -32.668  -52.057  21.355 0.4000000060
49645  -34.969  -52.136  21.551 0.6000000238
49667  -35.792  -53.308  21.107 0.6999999881
49668  -36.743  -53.389  20.290 0.6999999881
50685  -35.229  -51.350  21.290 0.4000000060
49669  -37.376  -52.672  19.674 0.6999999881
49693  -38.417  -52.728  18.031 0.6999999881
147320  -33.463  -49.795  19.382 0.3000000119
50686  -35.899  -50.997  21.170 0.4000000060
50709  -36.933  -51.736  19.957 0.6000000238
50736  -38.195  -52.055  18.807 0.6999999881
50737  -38.650  -51.812  17.728 0.6999999881
135688  -38.853  -51.433  16.816 0.6999999881
51875  -38.675  -50.878  17.531 0.6999999881
126482  -38.683  -51.122  16.121 0.6999999881
51890  -38.366  -50.448  16.065 0.6999999881
144534  -36.052  -49.849  12.732 0.8000000119
125847  -35.179  -49.404  13.089 0.8000000119
52954  -36.004  -49.371  14.083 0.8000000119
53895  -34.158  -48.783  11.656 0.8000000119
150002  -36.372  -48.419  12.837 0.8000000119
53906  -32.755  -48.584  11.136 0.8000000119
54857  -30.788  -47.278  7.987 0.8000000119
54826  -31.849  -48.078  9.639 0.8000000119
55843  -33.209  -47.366  9.722 0.8000000119
133279  -33.887  -47.521  10.292 0.8000000119
54848  -35.129  -47.998  8.228 0.6000000238
53946  -31.289  -47.582  7.564 0.8000000119
54860  -34.551  -47.309  7.545 0.6000000238
54859  -32.476  -47.307  7.291 0.6999999881
55874  -32.851  -46.532  6.806 0.6999999881
48500  -33.643  -53.625  21.712 0.6000000238
50707  -33.306  -51.590  20.907 0.3000000119
129964  -36.676  -52.348  20.336 0.6000000238
130283  -33.398  -50.274  19.651 0.3000000119
51812  -34.902  -50.664  20.454 0.3000000119
151535  -35.482  -50.642  20.432 0.3000000119
50710  -37.582  -51.686  19.418 0.6999999881
52891  -32.313  -49.426  18.709 0.3000000119
52872  -33.920  -49.385  19.347 0.3000000119
51855  -37.487  -50.177  19.308 0.4000000060
51857  -38.368  -50.443  18.239 0.6999999881
54709  -31.947  -48.030  18.187 0.3000000119
52916  -38.469  -49.861  17.475 0.6000000238
52936  -38.212  -49.374  16.025 0.6000000238
52927  -38.517  -49.573  16.683 0.6000000238
52944  -36.986  -49.582  14.970 0.8000000119
53846  -37.542  -49.348  15.421 0.6999999881
53837  -38.548  -48.561  16.382 0.6000000238
53855  -36.491  -49.238  14.464 0.8000000119
53847  -38.174  -48.501  15.589 0.6999999881
53864  -35.871  -49.035  14.127 0.8000000119
53865  -36.783  -48.748  14.296 0.8000000119
54772  -37.656  -48.153  14.419 0.6999999881
146098  -37.981  -48.138  14.976 0.6999999881
54773  -38.439  -47.709  15.226 0.6999999881
53897  -35.644  -48.540  12.577 0.8000000119
53885  -36.521  -48.584  13.573 0.8000000119
130459  -37.443  -48.054  13.594 0.6999999881
54784  -38.153  -47.410  13.838 0.6999999881
54815  -35.722  -47.982  11.529 0.8000000119
54816  -36.620  -47.669  11.986 0.8000000119
54801  -37.879  -47.236  13.017 0.6999999881
53914  -30.526  -48.728  8.637 0.8000000119
54836  -31.149  -47.361  8.875 0.8000000119
54828  -34.680  -47.478  10.420 0.8000000119
55832  -37.109  -46.799  11.485 0.8000000119
55855  -31.354  -46.636  8.538 0.8000000119
55845  -35.233  -46.757  10.059 0.8000000119
53922  -30.592  -48.302  8.100 0.8000000119
54845  -30.912  -46.899  8.390 0.8000000119
55857  -33.461  -46.514  9.006 0.8000000119
138800  -34.240  -46.070  9.097 0.8000000119
54872  -31.039  -47.253  7.650 0.8000000119
55872  -31.148  -46.797  7.688 0.8000000119
55883  -31.550  -46.403  7.294 0.6999999881
54861  -35.535  -47.274  7.631 0.6000000238
54873  -31.422  -46.982  7.383 0.8000000119
150506  -32.233  -46.640  6.928 0.6999999881
55885  -32.628  -45.872  6.581 0.6999999881
129811  -36.627  -51.019  20.091 0.5000000000
51830  -37.180  -50.955  19.569 0.5000000000
125997  -34.236  -50.138  19.662 0.3000000119
145227  -35.901  -49.940  20.026 0.4000000060
51856  -38.002  -50.962  18.953 0.6000000238
53775  -34.503  -48.613  19.626 0.3000000119
131144  -38.064  -50.122  18.819 0.5000000000
52895  -38.253  -49.653  18.409 0.6000000238
53796  -34.087  -47.793  19.312 0.3000000119
53776  -35.153  -48.353  20.779 0.3000000119
140943  -38.136  -49.025  18.738 0.6000000238
135697  -38.325  -49.053  17.956 0.6000000238
54736  -32.246  -47.225  17.970 0.3000000119
54711  -33.704  -47.153  19.046 0.3000000119
54695  -35.792  -48.147  19.569 0.3000000119
55713  -33.064  -46.938  18.542 0.3000000119
134254  -38.553  -48.938  17.156 0.6000000238
55738  -31.740  -46.622  17.595 0.3000000119
54764  -38.801  -47.531  15.902 0.6999999881
140116  -38.351  -47.548  14.605 0.6999999881
135520  -35.886  -46.681  10.436 0.8000000119
147120  -37.618  -46.313  11.575 0.6999999881
55833  -38.120  -46.134  12.011 0.6999999881
55847  -37.067  -46.100  10.987 0.6999999881
56965  -35.841  -46.004  9.939 0.6999999881
55856  -32.402  -46.827  8.846 0.8000000119
128458  -32.846  -46.107  8.498 0.6999999881
56979  -35.427  -45.426  9.460 0.6000000238
55889  -37.152  -46.504  5.974 0.6000000238
143843  -31.566  -46.060  7.631 0.6999999881
56999  -32.024  -45.557  7.206 0.6999999881
56989  -31.973  -45.718  7.828 0.6999999881
142895  -33.443  -45.960  6.356 0.6999999881
55886  -34.442  -46.034  6.215 0.6999999881
55884  -32.010  -46.161  6.779 0.6999999881
60256  -33.283  -41.851  6.113 0.5000000000
59246  -33.563  -42.691  5.838 0.5000000000
53799  -38.174  -48.409  18.483 0.6000000238
53819  -38.435  -48.431  17.722 0.6000000238
54716  -38.410  -47.823  18.017 0.6000000238
151805  -38.761  -47.261  16.796 0.6000000238
152013  -39.237  -46.690  15.540 0.6999999881
55787  -38.758  -46.818  14.298 0.6999999881
55778  -30.091  -45.974  16.086 0.3000000119
55817  -38.130  -46.534  12.635 0.6999999881
55779  -38.867  -47.056  15.077 0.6999999881
55801  -38.493  -46.528  13.411 0.6999999881
56978  -34.627  -45.122  9.018 0.6999999881
56954  -37.837  -45.551  11.451 0.6000000238
56966  -36.582  -45.553  10.334 0.6999999881
56988  -31.483  -46.134  8.155 0.6999999881
56976  -31.970  -46.049  8.342 0.6999999881
56977  -33.596  -45.631  8.679 0.6999999881
58100  -34.369  -44.244  8.720 0.6000000238
58110  -32.589  -45.067  7.446 0.6999999881
55887  -35.474  -46.140  6.227 0.6000000238
55888  -36.328  -46.267  6.166 0.5000000000
57011  -33.173  -45.287  6.550 0.6999999881
58129  -33.067  -44.652  6.785 0.6999999881
58130  -33.890  -44.236  6.293 0.6999999881
55719  -38.182  -47.128  18.194 0.4000000060
148884  -38.515  -47.386  17.534 0.6000000238
55742  -38.525  -46.725  17.590 0.5000000000
55765  -38.830  -46.474  16.919 0.6000000238
55780  -39.561  -46.103  15.662 0.6000000238
56889  -30.493  -45.334  15.573 0.3000000119
56876  -31.432  -45.253  16.406 0.3000000119
55802  -39.139  -46.177  14.044 0.6999999881
56918  -38.920  -45.692  13.427 0.6000000238
56936  -38.481  -45.913  12.708 0.6000000238
150524  -36.131  -45.135  9.699 0.6000000238
58099  -32.762  -45.307  8.190 0.6999999881
150582  -35.506  -44.767  9.358 0.6000000238
58087  -36.671  -44.700  10.242 0.6000000238
128307  -33.680  -44.711  8.542 0.6999999881
59201  -34.510  -43.503  8.700 0.6000000238
58119  -33.159  -44.276  7.036 0.6999999881
57012  -34.058  -45.301  6.004 0.6999999881
57013  -35.104  -45.347  5.802 0.6000000238
57027  -36.393  -44.509  4.557 0.5000000000
57026  -35.727  -44.537  5.142 0.6000000238
145223  -33.545  -43.553  6.525 0.6000000238
57025  -34.875  -44.433  5.758 0.5000000000
58142  -34.568  -43.460  5.470 0.5000000000
58143  -35.566  -43.784  5.165 0.5000000000
59247  -34.250  -42.759  5.263 0.5000000000
141822  -33.747  -41.887  5.617 0.5000000000
55741  -37.992  -46.368  18.275 0.4000000060
56838  -37.758  -45.657  18.294 0.4000000060
56836  -35.750  -45.599  18.622 0.4000000060
56879  -39.158  -45.782  16.583 0.6000000238
56890  -31.226  -44.995  15.746 0.3000000119
58008  -32.839  -44.425  16.224 0.3000000119
150656  -33.329  -44.358  16.690 0.3000000119
55788  -39.481  -46.292  14.843 0.6000000238
59123  -32.207  -43.899  14.762 0.3000000119
56937  -39.220  -44.933  13.328 0.6000000238
58074  -38.480  -44.593  11.824 0.5000000000
151545  -38.754  -45.298  12.815 0.6000000238
58102  -36.051  -44.167  9.786 0.6000000238
58088  -37.224  -44.280  10.674 0.6000000238
58073  -37.806  -44.629  11.324 0.6000000238
58101  -35.172  -44.041  9.116 0.6000000238
59191  -36.381  -43.397  10.198 0.6000000238
58111  -33.218  -44.436  7.872 0.6999999881
59202  -35.130  -43.206  9.047 0.6000000238
59224  -33.326  -43.183  6.797 0.6999999881
59232  -33.375  -42.690  6.378 0.5000000000
58141  -33.853  -43.292  5.744 0.5000000000
61303  -32.927  -40.979  5.703 0.5000000000
56837  -36.663  -45.552  18.575 0.4000000060
56860  -38.475  -45.848  17.579 0.4000000060
57994  -37.280  -44.965  18.299 0.4000000060
56891  -39.556  -45.339  15.919 0.4000000060
56904  -39.895  -45.468  15.130 0.5000000000
58021  -32.547  -44.206  15.387 0.3000000119
58022  -33.309  -43.929  15.643 0.3000000119
140701  -33.644  -44.052  16.324 0.4000000060
59125  -33.619  -43.309  15.465 0.3000000119
59095  -35.124  -43.635  16.634 0.4000000060
58063  -39.356  -44.112  13.095 0.5000000000
56919  -39.632  -45.418  14.196 0.6000000238
58062  -38.859  -44.663  12.524 0.5000000000
132572  -38.292  -44.026  11.524 0.5000000000
59192  -37.079  -43.548  10.591 0.6000000238
130950  -38.785  -42.822  12.143 0.5000000000
59203  -35.713  -43.305  9.639 0.6000000238
60204  -36.191  -42.494  10.058 0.6000000238
59213  -33.894  -43.105  8.241 0.6000000238
60221  -34.555  -42.590  8.746 0.6000000238
60234  -33.418  -42.712  7.426 0.5000000000
60245  -33.242  -42.197  6.613 0.5000000000
61295  -32.816  -41.044  6.250 0.5000000000
62424  -32.738  -40.216  5.896 0.5000000000
61310  -33.451  -41.021  5.546 0.5000000000
137806  -38.660  -45.163  17.123 0.4000000060
58010  -38.141  -44.973  17.839 0.4000000060
58011  -39.167  -44.716  16.560 0.4000000060
59098  -37.691  -44.171  17.457 0.4000000060
59114  -39.403  -43.937  16.221 0.4000000060
58023  -39.751  -44.559  15.594 0.4000000060
60133  -33.205  -42.938  15.008 0.3000000119
148142  -39.807  -43.689  13.707 0.4000000060
58036  -40.087  -44.684  14.715 0.5000000000
60149  -32.583  -42.314  14.908 0.3000000119
148084  -39.376  -43.111  13.058 0.4000000060
59174  -38.299  -43.298  11.489 0.5000000000
60175  -39.195  -42.190  12.648 0.4000000060
140269  -36.811  -42.923  10.494 0.6000000238
132797  -37.616  -42.872  10.894 0.5000000000
60186  -38.290  -42.463  11.461 0.5000000000
146881  -35.395  -42.582  9.360 0.6000000238
150728  -36.654  -41.836  10.254 0.5000000000
60205  -37.021  -42.287  10.554 0.5000000000
61285  -33.215  -41.747  7.287 0.5000000000
60235  -33.696  -42.211  8.187 0.6000000238
131432  -35.030  -41.876  9.069 0.6000000238
60203  -35.654  -41.989  9.581 0.6000000238
61286  -34.169  -41.657  8.638 0.6000000238
134097  -33.203  -40.685  7.229 0.5000000000
62418  -32.683  -40.140  6.198 0.5000000000
61304  -33.860  -40.530  5.502 0.5000000000
149407  -33.583  -41.438  8.061 0.5000000000
63311  -31.601  -39.649  13.481 0.3000000119
63298  -32.486  -39.777  14.939 0.4000000060
144601  -33.071  -38.937  14.985 0.4000000060
61276  -35.519  -41.312  9.386 0.5000000000
63332  -31.816  -38.777  13.282 0.4000000060
61275  -34.701  -41.063  8.942 0.5000000000
62375  -37.539  -40.652  10.332 0.5000000000
62362  -38.217  -40.288  10.726 0.5000000000
62395  -34.541  -40.221  8.546 0.5000000000
62374  -36.764  -40.174  9.945 0.5000000000
141419  -33.758  -39.965  7.706 0.6000000238
62426  -34.460  -39.776  5.700 0.5000000000
63405  -32.889  -39.510  6.017 0.6000000238
63398  -33.505  -38.728  6.254 0.5000000000
63406  -33.537  -38.692  6.076 0.6000000238
131497  -35.029  -38.050  5.736 0.4000000060
64258  -32.899  -38.301  14.175 0.4000000060
152684  -34.165  -39.580  15.777 0.4000000060
62396  -35.358  -40.463  9.180 0.5000000000
63377  -35.250  -39.442  8.747 0.5000000000
63376  -34.483  -39.207  7.830 0.5000000000
131604  -35.922  -38.658  8.955 0.5000000000
63358  -36.620  -39.053  9.697 0.5000000000
62409  -33.114  -39.653  6.550 0.5000000000
63392  -33.777  -39.117  6.998 0.5000000000
65340  -34.414  -37.406  5.967 0.4000000060
64338  -34.032  -38.006  6.891 0.5000000000
65331  -34.012  -37.361  6.020 0.5000000000
65236  -33.899  -37.714  15.609 0.4000000060
65250  -32.631  -37.657  13.613 0.4000000060
63378  -35.968  -39.788  9.490 0.5000000000
63345  -38.216  -39.520  10.853 0.4000000060
64321  -34.994  -38.099  8.102 0.4000000060
64339  -34.673  -37.371  7.264 0.4000000060
65322  -34.266  -37.389  6.514 0.5000000000
65333  -35.623  -37.061  7.160 0.3000000119
64292  -37.844  -38.618  10.766 0.4000000060
64322  -35.631  -37.366  8.816 0.4000000060
65324  -35.655  -36.685  7.984 0.5000000000
65305  -35.733  -36.490  8.817 0.4000000060
65291  -35.971  -36.721  9.567 0.4000000060
65326  -38.140  -36.770  8.755 0.4000000060
66247  -35.956  -36.162  8.715 0.4000000060
66205  -36.873  -36.387  10.625 0.4000000060
66248  -37.350  -35.892  9.057 0.4000000060
65325  -36.823  -36.332  8.504 0.4000000060
146406  -38.182  -36.123  9.234 0.4000000060
66217  -36.287  -36.135  9.897 0.4000000060
66229  -35.989  -36.109  9.299 0.3000000119
66230  -36.554  -35.812  9.464 0.4000000060
66218  -36.831  -35.790  10.402 0.4000000060
66206  -37.331  -35.968  11.228 0.4000000060
67183  -37.268  -35.488  10.338 0.3000000119
140357  -37.641  -35.631  9.607 0.4000000060
65306  -39.194  -36.766  9.283 0.4000000060
67169  -37.616  -34.968  10.935 0.4000000060
67184  -38.257  -35.192  10.084 0.5000000000
67168  -37.274  -35.374  11.053 0.4000000060
37753  -37.321  -64.671  11.821 0.6999999881
41844  -31.079  -60.935  10.866 0.6999999881
129320  -25.316  -67.507  10.659 0.6000000238
140609  -26.913  -58.631  10.376 0.6999999881
43694  -29.630  -57.927  11.349 0.8000000119
40851  -29.522  -61.430  10.999 0.6000000238
43675  -28.171  -56.910  12.752 0.6999999881
43667  -33.282  -58.404  14.528 0.8000000119
31148  -28.631  -70.516  14.885 0.4000000060
44694  -34.427  -57.407  8.914 0.8000000119
133298  -30.414  -59.456  14.251 0.6000000238
34455  -30.507  -67.927  16.581 0.5000000000
46517  -32.032  -55.241  14.700 0.8000000119
46499  -30.435  -55.547  15.119 0.8000000119
136316  -27.644  -63.227  18.354 0.4000000060
38709  -30.224  -63.721  18.871 0.5000000000
39751  -32.032  -62.756  17.783 0.6000000238
44611  -31.531  -56.875  16.594 0.6999999881
48596  -38.041  -53.737  10.679 0.6999999881
46477  -33.284  -55.500  17.333 0.6999999881
45524  -32.530  -56.285  18.908 0.6999999881
142214  -34.072  -49.148  11.856 0.8000000119
135798  -38.359  -50.807  15.456 0.6999999881
51889  -37.625  -50.087  15.606 0.6999999881
50708  -36.282  -51.536  20.449 0.6000000238
130452  -38.624  -50.496  16.718 0.6999999881
136767  -36.556  -50.219  19.756 0.5000000000
54715  -37.658  -47.713  18.744 0.4000000060
56955  -38.443  -45.329  12.082 0.6000000238
62425  -33.539  -39.538  5.710 0.5000000000
152057  -36.305  -37.974  9.358 0.4000000060
35669  -36.330  -66.442  8.758 0.5000000000
34520  -36.880  -67.403  12.405 0.6999999881
37785  -34.685  -63.964  7.582 0.5000000000
36738  -24.333  -65.814  9.810 0.5000000000
39883  -34.590  -62.310  8.043 0.6999999881
39829  -31.671  -62.460  11.811 0.6999999881
39830  -32.124  -62.445  12.549 0.6999999881
134895  -37.389  -63.228  12.322 0.6999999881
38788  -37.228  -63.405  13.070 0.6999999881
40853  -37.374  -61.052  11.295 0.6999999881
39840  -37.525  -62.507  11.987 0.6999999881
42827  -33.367  -60.421  6.432 0.5000000000
138288  -26.762  -65.184  10.767 0.6000000238
140784  -33.001  -61.873  13.553 0.6999999881
39846  -26.600  -62.345  9.887 0.6000000238
41831  -30.753  -59.881  11.216 0.8000000119
40830  -32.952  -61.143  13.492 0.6999999881
144915  -34.435  -58.353  6.079 0.4000000060
43693  -28.715  -57.580  10.845 0.8000000119
33424  -27.687  -67.770  11.856 0.6000000238
41842  -28.805  -60.713  10.492 0.6999999881
30111  -27.182  -71.175  12.407 0.5000000000
42732  -34.498  -59.747  14.758 0.8000000119
45597  -27.875  -56.512  12.059 0.6999999881
34514  -28.321  -67.690  12.595 0.6000000238
44652  -31.462  -56.939  13.259 0.8000000119
42744  -37.342  -59.818  13.782 0.8000000119
142710  -32.244  -55.970  6.291 0.6999999881
46525  -29.489  -55.665  13.198 0.6999999881
35603  -28.857  -66.257  13.235 0.6000000238
45633  -35.274  -56.767  9.160 0.8000000119
143213  -28.651  -71.124  15.513 0.3000000119
33410  -28.699  -68.299  13.190 0.5000000000
32282  -28.595  -69.125  13.436 0.5000000000
31158  -27.988  -70.438  13.419 0.5000000000
30088  -28.096  -71.404  14.862 0.4000000060
45630  -32.251  -56.102  8.080 0.8000000119
41812  -30.079  -60.338  13.581 0.6000000238
136771  -30.387  -62.085  13.543 0.6000000238
42739  -29.861  -58.673  14.168 0.6000000238
45579  -29.962  -55.749  14.693 0.8000000119
37708  -29.667  -65.006  13.815 0.5000000000
134773  -28.968  -69.311  14.053 0.4000000060
146080  -29.388  -68.894  14.676 0.5000000000
149421  -29.447  -68.192  14.251 0.5000000000
44654  -38.084  -56.800  13.484 0.8000000119
142389  -33.075  -54.364  6.476 0.6999999881
142006  -35.368  -53.085  6.062 0.6000000238
49829  -36.600  -52.853  5.838 0.4000000060
39801  -30.668  -62.384  14.234 0.6000000238
32224  -30.321  -69.191  17.383 0.5000000000
33376  -29.760  -68.715  15.681 0.5000000000
36691  -30.231  -65.127  14.461 0.5000000000
34467  -30.128  -67.348  15.138 0.5000000000
40814  -30.834  -61.477  14.402 0.6000000238
150873  -30.830  -66.680  17.956 0.5000000000
35539  -31.070  -66.578  17.327 0.6000000238
139114  -30.793  -67.382  17.021 0.5000000000
139782  -30.525  -68.246  17.485 0.5000000000
37686  -30.673  -64.625  14.822 0.5000000000
36630  -28.787  -65.418  19.042 0.6000000238
133375  -30.519  -67.328  16.047 0.5000000000
36670  -31.374  -65.343  16.007 0.6000000238
144226  -31.539  -65.309  16.689 0.6000000238
35568  -30.406  -66.603  15.427 0.5000000000
133687  -30.729  -65.247  15.221 0.5000000000
39750  -27.293  -62.400  18.045 0.4000000060
47385  -34.228  -55.122  15.245 0.6999999881
46502  -34.832  -55.370  14.824 0.6999999881
37639  -30.868  -64.490  18.555 0.5000000000
36639  -31.364  -65.691  17.267 0.6000000238
37663  -31.678  -64.571  16.381 0.6000000238
127376  -32.003  -64.041  17.134 0.6000000238
137985  -29.779  -62.862  18.817 0.4000000060
134524  -31.474  -62.818  18.332 0.5000000000
39732  -31.115  -62.122  18.577 0.5000000000
47386  -35.013  -55.125  15.450 0.6999999881
46527  -37.842  -55.326  13.807 0.6999999881
50845  -35.161  -51.765  7.241 0.6999999881
43637  -31.947  -57.772  16.262 0.6999999881
40796  -32.709  -61.590  17.085 0.6999999881
40774  -33.233  -60.771  17.005 0.6999999881
39752  -32.337  -62.264  17.469 0.6000000238
47372  -35.233  -55.117  16.250 0.6999999881
42680  -29.885  -59.901  18.860 0.5000000000
47387  -36.559  -55.120  15.263 0.6999999881
50842  -31.748  -51.729  7.347 0.8000000119
42700  -33.087  -59.448  17.568 0.6000000238
42683  -32.549  -59.868  18.188 0.6000000238
43629  -33.028  -58.649  17.072 0.6999999881
39733  -31.958  -62.051  18.201 0.6000000238
144259  -29.185  -58.247  20.289 0.3000000119
129056  -37.858  -54.404  14.738 0.6999999881
44568  -29.306  -57.568  20.589 0.3000000119
50840  -30.022  -51.822  7.616 0.8999999762
51991  -31.066  -50.919  7.582 0.8000000119
51993  -33.301  -50.996  7.910 0.6000000238
51995  -35.317  -51.076  7.758 0.6000000238
142059  -34.586  -49.619  8.650 0.6000000238
129636  -32.642  -57.806  17.675 0.6999999881
42672  -31.218  -58.967  19.395 0.5000000000
48558  -38.454  -53.643  14.770 0.6999999881
49723  -38.890  -52.658  13.835 0.6999999881
50831  -29.569  -51.553  8.557 0.8000000119
51978  -31.541  -50.148  7.784 0.8000000119
47352  -35.248  -55.112  18.656 0.6999999881
46434  -32.045  -55.403  20.538 0.5000000000
141931  -36.761  -54.290  18.533 0.6999999881
48535  -38.005  -53.973  17.296 0.6999999881
141560  -38.732  -52.961  15.056 0.6999999881
50766  -38.569  -51.235  14.592 0.6999999881
50817  -35.373  -51.068  10.806 0.8000000119
50801  -35.817  -50.636  11.273 0.8000000119
51963  -35.141  -50.377  11.551 0.8000000119
47322  -30.558  -54.793  21.382 0.3000000119
47323  -31.453  -54.714  21.166 0.5000000000
47339  -36.038  -54.464  19.115 0.6999999881
47315  -31.782  -53.982  21.410 0.4000000060
48528  -38.364  -53.323  17.391 0.6999999881
49641  -30.213  -52.317  20.698 0.3000000119
47326  -34.153  -54.238  21.154 0.6000000238
129185  -33.295  -50.846  20.310 0.3000000119
49683  -37.917  -53.054  18.994 0.6999999881
51826  -31.571  -50.713  19.542 0.3000000119
134072  -33.528  -47.278  7.430 0.6999999881
49646  -36.026  -52.170  21.116 0.6000000238
50684  -34.145  -51.048  21.357 0.4000000060
54800  -37.168  -47.886  12.766 0.8000000119
54830  -36.392  -47.013  11.009 0.8000000119
55844  -34.269  -46.810  9.701 0.8000000119
55875  -33.951  -46.634  6.783 0.6000000238
55876  -35.007  -46.686  6.887 0.6000000238
147060  -33.999  -50.560  20.139 0.3000000119
134767  -33.760  -52.308  21.704 0.5000000000
51829  -36.016  -50.653  20.328 0.5000000000
53794  -32.657  -48.569  18.582 0.3000000119
53795  -33.564  -48.603  19.070 0.3000000119
52894  -37.856  -49.459  19.096 0.5000000000
53856  -37.236  -48.817  14.972 0.8000000119
149473  -38.622  -47.844  16.477 0.6000000238
55816  -37.564  -46.908  12.177 0.6999999881
131019  -33.254  -47.772  18.833 0.3000000119
53777  -35.047  -48.384  20.328 0.3000000119
55714  -34.015  -46.496  18.653 0.3000000119
54737  -38.548  -48.033  17.106 0.6000000238
57010  -32.324  -45.488  6.835 0.6999999881
54754  -39.201  -46.686  16.193 0.6000000238
56967  -37.198  -45.121  10.827 0.6000000238
57014  -35.930  -45.470  5.452 0.5000000000
55718  -37.521  -46.896  18.611 0.4000000060
58112  -33.884  -43.924  8.326 0.6000000238
129652  -34.843  -42.690  5.175 0.4000000060
143285  -37.166  -46.207  18.660 0.4000000060
56858  -34.481  -44.803  18.070 0.4000000060
59124  -32.929  -43.610  15.082 0.3000000119
58046  -39.854  -44.470  13.916 0.5000000000
59163  -38.948  -43.803  12.133 0.5000000000
59173  -37.722  -43.769  11.061 0.5000000000
59212  -33.537  -43.634  7.535 0.5000000000
59108  -34.012  -43.557  15.949 0.4000000060
59126  -34.370  -43.037  15.687 0.4000000060
59128  -39.870  -43.582  15.532 0.4000000060
60185  -37.752  -42.004  10.986 0.5000000000
62410  -33.871  -40.841  8.374 0.6000000238
62326  -31.816  -40.062  14.349 0.3000000119
63299  -33.745  -39.266  15.540 0.4000000060
62397  -36.094  -40.768  9.688 0.5000000000
64242  -33.836  -38.527  15.518 0.4000000060
65280  -36.519  -36.781  10.205 0.4000000060
66196  -37.690  -35.515  11.721 0.4000000060
66231  -38.772  -35.837  9.513 0.3000000119
33444  -31.092  -68.911  11.720 0.5000000000
132203  -33.388  -68.519  12.413 0.5000000000
33474  -29.038  -68.445  9.303 0.4000000060
34547  -29.587  -68.016  10.099 0.5000000000
33463  -30.097  -68.591  10.440 0.5000000000
33443  -30.764  -68.340  10.987 0.5000000000
139212  -31.434  -68.081  11.464 0.6000000238
33426  -32.894  -67.854  12.211 0.6000000238
34560  -29.139  -67.407  9.523 0.5000000000
35656  -28.572  -66.724  9.043 0.5000000000
34561  -29.969  -67.033  10.101 0.5000000000
143316  -30.676  -67.095  10.603 0.5000000000
35668  -28.093  -66.064  8.476 0.5000000000
144254  -31.158  -66.661  11.135 0.6000000238
35615  -32.779  -66.454  12.198 0.6000000238
129161  -31.709  -67.329  11.512 0.6000000238
34516  -33.234  -67.120  12.307 0.6000000238
35605  -34.340  -66.403  13.044 0.6000000238
35616  -33.545  -66.438  12.633 0.6000000238
35617  -34.919  -66.999  12.723 0.6000000238
34502  -36.396  -66.826  12.843 0.6000000238
35607  -35.823  -66.229  13.164 0.6000000238
36749  -28.800  -65.832  9.097 0.5000000000
35645  -30.500  -66.393  10.458 0.5000000000
35632  -30.759  -65.725  11.060 0.6000000238
36760  -27.499  -65.304  8.272 0.5000000000
36761  -28.435  -65.234  8.515 0.5000000000
36731  -31.470  -65.780  11.608 0.6000000238
147379  -25.832  -65.359  8.594 0.5000000000
36759  -26.557  -65.334  8.330 0.5000000000
36716  -33.090  -65.713  12.592 0.6000000238
35619  -36.936  -66.441  12.479 0.6000000238
36750  -29.477  -65.607  9.405 0.5000000000
36742  -30.289  -65.534  10.316 0.5000000000
37782  -27.857  -64.504  8.310 0.5000000000
37783  -28.788  -64.490  8.482 0.5000000000
141538  -29.576  -65.065  9.169 0.5000000000
37762  -30.078  -64.695  10.148 0.5000000000
131940  -31.020  -65.093  11.536 0.6000000238
37781  -26.696  -64.437  8.488 0.5000000000
38847  -27.315  -63.636  8.394 0.5000000000
36714  -31.781  -64.831  11.978 0.6000000238
141263  -25.859  -64.714  8.798 0.5000000000
37780  -26.009  -64.240  9.017 0.5000000000
37738  -33.368  -65.020  13.192 0.6000000238
36701  -33.809  -65.770  13.176 0.6000000238
35618  -36.331  -66.127  12.921 0.6000000238
36704  -36.034  -65.588  13.363 0.6000000238
141623  -28.323  -63.768  8.240 0.5000000000
38834  -30.033  -63.287  9.760 0.5000000000
38822  -30.480  -63.821  10.392 0.6000000238
139558  -30.561  -63.056  10.345 0.6000000238
139536  -27.524  -62.765  8.387 0.5000000000
37751  -30.616  -64.723  10.913 0.6000000238
38811  -30.810  -63.833  11.114 0.6000000238
36748  -25.126  -65.016  9.585 0.5000000000
35643  -24.559  -65.811  10.239 0.5000000000
36702  -34.608  -65.712  13.520 0.6000000238
37722  -36.429  -64.897  13.295 0.6000000238
39880  -27.937  -61.943  8.325 0.5000000000
39881  -28.778  -62.064  8.275 0.5000000000
39864  -29.199  -62.224  8.508 0.5000000000
39850  -30.287  -62.505  10.051 0.6000000238
130217  -26.704  -62.893  8.865 0.5000000000
38831  -26.057  -64.058  9.413 0.5000000000
38832  -26.445  -63.227  9.541 0.6000000238
41877  -27.717  -60.334  8.419 0.6000000238
40895  -28.945  -61.512  8.337 0.5000000000
40878  -29.219  -61.073  8.965 0.5000000000
40866  -30.494  -61.231  10.324 0.6000000238
39878  -26.542  -62.232  9.352 0.6000000238
40893  -27.351  -60.998  8.520 0.6000000238
39851  -30.853  -62.489  10.572 0.6000000238
37759  -25.783  -64.321  10.036 0.5000000000
38819  -26.446  -63.133  9.823 0.5000000000
39863  -26.553  -62.244  9.666 0.6000000238
34545  -24.346  -66.673  10.293 0.4000000060
41875  -26.633  -60.558  9.206 0.6000000238
41876  -26.859  -60.245  8.835 0.6000000238
41855  -28.000  -59.651  8.620 0.6000000238
41856  -28.844  -60.054  8.990 0.5000000000
41857  -29.717  -60.675  9.701 0.6000000238
40867  -31.072  -61.781  10.716 0.6000000238
47490  -34.621  -54.779  6.025 0.5000000000
51898  -37.064  -50.047  14.988 0.6000000238
54847  -34.072  -48.109  8.255 0.5000000000
54849  -36.031  -47.912  8.226 0.5000000000
67185  -39.451  -35.494  9.721 0.3000000119
68174  -40.166  -35.041  9.603 0.3000000119
68162  -40.905  -34.562  9.193 0.3000000119
32354  -28.787  -69.281  8.829 0.4000000060
32341  -29.764  -69.351  10.107 0.5000000000
32322  -30.438  -69.144  10.903 0.5000000000
33427  -34.249  -68.479  12.492 0.5000000000
34559  -28.499  -67.712  8.785 0.4000000060
140308  -33.735  -67.789  12.421 0.6000000238
129063  -34.068  -67.072  12.546 0.6000000238
34517  -34.593  -67.740  12.568 0.5000000000
34519  -36.248  -67.572  12.651 0.5000000000
33505  -27.459  -68.688  7.733 0.4000000060
35667  -27.278  -66.275  8.037 0.5000000000
34576  -26.131  -66.821  8.280 0.5000000000
35666  -26.381  -66.053  8.177 0.5000000000
35665  -25.291  -65.895  8.753 0.3000000119
35654  -23.707  -66.909  9.461 0.4000000060
33459  -23.519  -67.997  10.243 0.4000000060
46612  -35.415  -55.428  5.746 0.4000000060
137589  -36.144  -54.869  5.626 0.4000000060
127655  -33.026  -52.996  21.528 0.4000000060
54850  -36.751  -47.963  8.112 0.5000000000
55878  -36.846  -46.796  6.942 0.5000000000
53798  -37.499  -48.646  19.124 0.4000000060
68161  -39.899  -34.369  9.930 0.3000000119
69228  -40.341  -33.841  9.744 0.3000000119
33506  -28.074  -68.753  7.947 0.4000000060
37752  -31.141  -64.284  11.565 0.6000000238
35644  -25.506  -65.756  10.549 0.5000000000
36739  -24.774  -65.312  9.906 0.5000000000
37758  -25.302  -64.722  9.859 0.6000000238
53929  -37.285  -48.589  8.154 0.5000000000
35664  -24.311  -66.274  9.193 0.4000000060
149369  -31.720  -68.506  11.976 0.6000000238
32355  -29.312  -69.124  9.461 0.4000000060
34548  -30.337  -67.791  10.577 0.5000000000
34531  -31.075  -67.559  10.982 0.6000000238
35657  -29.331  -66.426  9.565 0.5000000000
132082  -27.966  -67.006  8.389 0.5000000000
38833  -29.602  -63.895  9.221 0.5000000000
38849  -29.069  -63.658  8.461 0.5000000000
38846  -26.442  -63.732  8.952 0.5000000000
67170  -39.210  -34.866  10.079 0.4000000060
34586  -26.978  -67.672  7.831 0.4000000060
33428  -35.079  -68.425  12.521 0.4000000060
33430  -36.630  -68.159  12.245 0.4000000060
146689  -26.914  -66.790  7.808 0.4000000060
32223  -29.902  -69.662  18.039 0.4000000060
32242  -29.994  -70.010  17.158 0.3000000119
33357  -29.970  -69.359  16.418 0.4000000060
151912  -29.214  -70.093  15.363 0.4000000060
33337  -29.773  -68.904  18.419 0.4000000060
33348  -30.256  -68.889  17.998 0.4000000060
35538  -27.186  -66.944  18.277 0.4000000060
34435  -27.899  -67.328  18.818 0.4000000060
139227  -29.609  -68.229  18.682 0.4000000060
34437  -29.869  -67.397  18.808 0.4000000060
35536  -25.863  -66.298  17.112 0.3000000119
35537  -26.544  -66.597  17.634 0.3000000119
37645  -26.347  -64.892  17.660 0.4000000060
35530  -28.677  -66.916  19.126 0.4000000060
36637  -26.458  -65.735  17.573 0.4000000060
35528  -27.169  -66.045  18.109 0.5000000000
37635  -26.923  -64.552  17.989 0.4000000060
36629  -27.835  -65.522  18.710 0.5000000000
49643  -32.062  -52.868  21.455 0.3000000119
52874  -35.452  -49.272  20.026 0.3000000119
52875  -36.107  -49.224  19.836 0.3000000119
52893  -36.979  -49.381  19.465 0.3000000119
53797  -36.317  -48.666  19.644 0.3000000119
61257  -36.150  -41.614  9.860 0.4000000060
55717  -36.189  -46.406  18.858 0.3000000119
61258  -37.301  -41.541  10.491 0.4000000060
133071  -36.761  -41.121  10.092 0.4000000060
133429  -35.416  -44.791  18.272 0.3000000119
58009  -34.416  -43.805  16.564 0.3000000119
61245  -38.425  -41.668  11.460 0.4000000060
62363  -38.590  -40.820  11.434 0.3000000119
61244  -38.053  -41.164  10.814 0.4000000060
64305  -36.962  -38.017  10.015 0.3000000119
56859  -36.340  -44.911  18.384 0.3000000119
57993  -36.807  -44.441  17.938 0.3000000119
57992  -35.033  -44.242  17.342 0.3000000119
134999  -36.012  -44.356  17.767 0.3000000119
59097  -36.673  -43.793  17.474 0.3000000119
59112  -37.326  -43.284  17.134 0.3000000119
59113  -38.681  -43.865  16.782 0.3000000119
59111  -36.434  -43.103  16.910 0.3000000119
60124  -37.150  -42.584  16.813 0.3000000119
59127  -39.284  -43.087  16.267 0.3000000119
58024  -40.061  -44.169  15.086 0.3000000119
59109  -34.777  -43.307  16.086 0.3000000119
59110  -35.534  -43.057  16.413 0.3000000119
59141  -40.110  -43.773  14.549 0.3000000119
60135  -34.669  -42.379  15.781 0.3000000119
59149  -40.008  -42.958  14.046 0.3000000119
144616  -33.982  -41.990  15.606 0.3000000119
61193  -33.657  -41.337  15.448 0.3000000119
60161  -39.689  -42.219  13.520 0.3000000119
61232  -39.493  -41.455  13.063 0.3000000119
130967  -39.391  -40.784  12.745 0.3000000119
63312  -32.224  -39.099  14.171 0.3000000119
150193  -38.727  -42.106  11.986 0.3000000119
61231  -39.013  -41.355  12.194 0.3000000119
65251  -33.076  -37.693  14.316 0.3000000119
64279  -32.093  -38.036  13.040 0.3000000119
147482  -37.522  -39.514  10.316 0.3000000119
129977  -38.137  -43.037  16.636 0.3000000119
60123  -36.275  -42.469  16.501 0.3000000119
135816  -39.786  -42.776  15.634 0.3000000119
130773  -40.109  -42.881  14.926 0.3000000119
60121  -35.006  -42.896  15.872 0.3000000119
60122  -35.467  -42.396  16.176 0.3000000119
147733  -37.830  -42.350  16.599 0.3000000119
60136  -39.415  -42.245  15.924 0.3000000119
60137  -39.804  -42.168  15.204 0.3000000119
60151  -39.967  -42.169  14.379 0.3000000119
61195  -35.272  -41.744  16.151 0.3000000119
61184  -37.132  -42.067  16.446 0.3000000119
61206  -32.880  -41.413  15.078 0.3000000119
61194  -34.438  -41.433  15.819 0.3000000119
130407  -39.661  -40.722  13.474 0.3000000119
62310  -33.763  -39.932  15.672 0.3000000119
62347  -39.081  -40.394  12.137 0.3000000119
64241  -33.377  -38.072  14.897 0.3000000119
65235  -33.422  -37.258  14.963 0.3000000119
63346  -38.615  -39.933  11.453 0.3000000119
138722  -38.181  -38.030  11.419 0.3000000119
65281  -37.375  -37.439  10.701 0.3000000119
140300  -38.727  -42.378  16.410 0.3000000119
61185  -38.113  -41.857  16.496 0.3000000119
61197  -38.978  -41.658  16.202 0.3000000119
61198  -39.391  -41.479  15.525 0.3000000119
61196  -36.040  -41.029  16.467 0.3000000119
62264  -37.337  -41.311  16.681 0.3000000119
62265  -38.416  -41.224  16.477 0.3000000119
150770  -34.483  -40.793  15.958 0.3000000119
62289  -34.576  -40.111  16.065 0.3000000119
62290  -35.394  -40.377  16.467 0.3000000119
61218  -39.858  -41.437  13.891 0.3000000119
62327  -39.716  -40.016  13.877 0.3000000119
62311  -39.730  -40.697  14.278 0.3000000119
63272  -34.482  -39.128  16.079 0.3000000119
64215  -34.502  -38.168  16.207 0.3000000119
62348  -39.471  -39.959  12.992 0.3000000119
134512  -34.525  -37.292  16.569 0.3000000119
63333  -39.083  -39.463  12.154 0.3000000119
66160  -33.956  -36.860  15.814 0.3000000119
66142  -34.642  -36.481  16.927 0.3000000119
130102  -38.503  -39.029  11.449 0.3000000119
65282  -37.769  -36.934  11.367 0.3000000119
62293  -38.946  -40.890  15.955 0.3000000119
63274  -36.706  -39.619  16.787 0.3000000119
63275  -38.451  -39.503  16.412 0.3000000119
139665  -39.448  -40.587  15.162 0.3000000119
61207  -39.723  -41.412  14.744 0.3000000119
63276  -39.119  -40.029  15.981 0.3000000119
64216  -35.229  -38.786  17.139 0.3000000119
64217  -36.411  -38.867  16.927 0.3000000119
140557  -35.363  -36.916  17.214 0.3000000119
66143  -35.218  -36.030  17.537 0.3000000119
64259  -39.485  -38.581  13.806 0.3000000119
64281  -39.426  -38.966  12.934 0.3000000119
131642  -34.502  -35.506  17.001 0.3000000119
64280  -39.075  -38.123  12.953 0.3000000119
132637  -38.795  -38.542  12.191 0.3000000119
148172  -38.462  -37.587  12.205 0.3000000119
142428  -37.655  -39.775  16.678 0.3000000119
63277  -39.374  -39.651  15.100 0.3000000119
65220  -35.402  -37.725  16.824 0.3000000119
64207  -37.033  -38.241  17.299 0.3000000119
64218  -37.604  -38.933  16.768 0.3000000119
141696  -39.611  -40.058  14.536 0.3000000119
66133  -36.161  -36.818  17.790 0.3000000119
64244  -39.300  -38.781  14.815 0.3000000119
67095  -34.312  -34.459  16.823 0.3000000119
67079  -36.062  -36.012  17.726 0.3000000119
67096  -34.799  -35.298  17.173 0.3000000119
67097  -36.064  -35.300  16.827 0.3000000119
65252  -39.161  -37.774  13.599 0.3000000119
66207  -38.264  -36.452  12.306 0.3000000119
67147  -38.228  -35.667  12.353 0.3000000119
64220  -38.990  -39.146  15.768 0.3000000119
149946  -37.005  -37.871  17.178 0.3000000119
64208  -37.694  -38.237  16.828 0.3000000119
64209  -38.517  -38.076  16.560 0.3000000119
65213  -36.627  -37.402  17.272 0.3000000119
65214  -37.256  -37.067  17.063 0.3000000119
65215  -38.201  -37.294  16.705 0.3000000119
65221  -38.590  -37.178  15.600 0.3000000119
68053  -35.102  -33.844  16.946 0.3000000119
66134  -36.973  -36.621  17.403 0.3000000119
67080  -37.012  -35.986  17.451 0.3000000119
130575  -39.068  -36.944  13.770 0.3000000119
130502  -38.895  -37.370  12.943 0.3000000119
66176  -38.794  -36.013  13.256 0.3000000119
67161  -37.656  -35.024  11.577 0.3000000119
138752  -37.893  -35.152  12.075 0.3000000119
66135  -37.760  -36.454  16.986 0.3000000119
66136  -38.433  -36.731  16.790 0.3000000119
68032  -35.933  -33.971  17.063 0.3000000119
68033  -37.723  -34.938  17.676 0.3000000119
67082  -38.095  -36.000  16.848 0.3000000119
66144  -38.491  -36.278  16.090 0.3000000119
67115  -38.717  -35.513  15.247 0.3000000119
66161  -38.759  -36.242  14.596 0.3000000119
133896  -38.915  -34.918  14.600 0.3000000119
68101  -38.989  -34.704  13.600 0.3000000119
131099  -38.787  -34.387  12.680 0.3000000119
128732  -38.619  -35.201  12.773 0.3000000119
69127  -35.065  -33.564  16.735 0.3000000119
69128  -36.284  -33.354  16.914 0.3000000119
69109  -38.012  -33.801  18.360 0.3000000119
68034  -37.718  -35.077  17.082 0.3000000119
67098  -38.420  -35.331  16.725 0.3000000119
147057  -38.201  -33.435  18.499 0.3000000119
68054  -37.729  -34.035  17.050 0.3000000119
69129  -38.761  -33.772  15.941 0.3000000119
68081  -38.757  -34.644  15.809 0.3000000119
68082  -39.197  -34.067  14.557 0.3000000119
68125  -38.132  -34.712  12.093 0.3000000119
139362  -39.358  -33.339  13.916 0.3000000119
68148  -38.193  -34.553  11.502 0.3000000119
148701  -38.471  -34.187  12.090 0.3000000119
151558  -38.394  -34.734  10.732 0.3000000119
142978  -36.743  -33.029  16.759 0.3000000119
69108  -37.635  -34.159  17.161 0.3000000119
125178  -38.348  -33.532  18.846 0.3000000119
68006  -39.286  -33.425  18.642 0.3000000119
131762  -37.874  -33.123  17.408 0.3000000119
69110  -39.089  -32.510  16.429 0.3000000119
68102  -39.262  -33.929  13.365 0.3000000119
68149  -38.892  -33.843  11.677 0.3000000119
134889  -39.158  -34.317  10.881 0.3000000119
125686  -38.039  -33.365  18.366 0.3000000119
33338  -30.222  -68.208  18.299 0.4000000060
35529  -27.777  -66.473  18.894 0.4000000060
37636  -27.589  -64.672  18.321 0.4000000060
48499  -32.642  -53.790  21.658 0.3000000119
139622  -36.783  -48.070  19.276 0.3000000119
143379  -38.480  -44.556  17.170 0.3000000119
149513  -37.958  -43.585  16.973 0.3000000119
62309  -33.156  -40.492  15.331 0.3000000119
144608  -33.154  -39.650  15.377 0.3000000119
64257  -32.388  -38.365  13.605 0.3000000119
34446  -26.619  -67.550  17.638 0.4000000060
33347  -28.064  -68.144  18.524 0.4000000060
34436  -28.871  -67.815  18.913 0.4000000060
36636  -25.610  -65.324  17.125 0.3000000119
36628  -27.147  -65.231  17.917 0.4000000060
59096  -35.795  -43.671  17.076 0.3000000119
62288  -34.036  -40.675  15.674 0.3000000119
61183  -36.236  -41.856  16.331 0.3000000119
128684  -34.946  -40.961  16.356 0.3000000119
66159  -33.528  -36.237  15.053 0.3000000119
66175  -32.838  -36.902  14.295 0.3000000119
62292  -38.251  -40.445  16.587 0.3000000119
135287  -36.085  -40.206  16.681 0.3000000119
62291  -37.023  -40.396  16.736 0.3000000119
63273  -35.492  -39.601  16.640 0.3000000119
63313  -39.639  -39.370  13.608 0.3000000119
64219  -38.580  -38.695  16.450 0.3000000119
64206  -36.288  -38.033  17.358 0.3000000119
65237  -39.072  -37.883  14.483 0.3000000119
67114  -33.901  -35.343  15.831 0.3000000119
65212  -35.964  -37.425  17.530 0.3000000119
64243  -38.808  -38.260  15.582 0.3000000119
67081  -37.393  -36.018  17.282 0.3000000119
67127  -38.845  -35.458  13.955 0.3000000119
69101  -38.739  -32.480  17.793 0.3000000119
125157  -41.225  -32.966  17.002 0.3000000119
34445  -25.882  -67.742  16.876 0.4000000060
149653  -35.016  -56.112  5.767 0.4000000060
27870  -24.801  -73.146  11.690 0.3000000119
29023  -24.390  -72.514  11.347 0.3000000119
27839  -24.843  -74.120  12.819 0.3000000119
30132  -24.662  -71.639  10.981 0.3000000119
37644  -25.716  -64.488  17.406 0.3000000119
38720  -26.292  -63.960  17.821 0.3000000119
32209  -28.497  -69.425  18.570 0.3000000119
33334  -27.241  -68.424  17.995 0.3000000119
33336  -28.979  -68.740  18.760 0.3000000119
34447  -27.379  -67.685  18.235 0.3000000119
32210  -29.284  -69.552  18.561 0.3000000119
140755  -26.306  -68.420  17.309 0.3000000119
33335  -28.080  -68.792  18.413 0.3000000119
44762  -35.567  -57.376  5.728 0.3000000119
27840  -25.561  -73.680  13.256 0.4000000060
27852  -24.406  -73.756  12.168 0.3000000119
27853  -25.210  -73.512  12.463 0.3000000119
29005  -26.076  -72.496  12.169 0.5000000000
29025  -26.151  -72.007  11.600 0.5000000000
30133  -25.769  -71.625  11.032 0.5000000000
30134  -26.651  -71.271  11.470 0.6000000238
30153  -25.222  -70.891  10.646 0.5000000000
31147  -28.030  -70.801  14.085 0.3000000119
31167  -27.693  -70.487  12.695 0.5000000000
31191  -26.620  -70.351  11.018 0.6000000238
31192  -27.390  -70.424  11.723 0.6000000238
31213  -24.681  -69.983  10.594 0.5000000000
32263  -29.591  -70.059  16.149 0.4000000060
32271  -29.084  -69.729  14.676 0.5000000000
32295  -27.903  -69.305  12.290 0.6000000238
32369  -28.444  -69.592  8.013 0.4000000060
33425  -32.465  -68.623  12.261 0.5000000000
33429  -35.886  -68.309  12.443 0.4000000060
33445  -32.129  -67.927  11.863 0.6000000238
33462  -29.631  -68.766  9.843 0.5000000000
33491  -28.434  -68.657  8.475 0.4000000060
34501  -35.735  -66.944  12.929 0.6000000238
34513  -27.822  -66.937  12.001 0.6000000238
34515  -32.437  -67.204  11.982 0.6000000238
34518  -35.448  -67.685  12.673 0.5000000000
34544  -23.587  -67.114  10.048 0.5000000000
34546  -25.337  -66.557  10.658 0.5000000000
34562  -37.288  -67.697  9.471 0.5000000000
34577  -27.474  -67.275  7.924 0.5000000000
34578  -28.047  -67.918  8.169 0.4000000060
34587  -27.649  -68.062  7.943 0.4000000060
35604  -29.351  -66.885  13.720 0.5000000000
35606  -35.142  -66.318  13.240 0.6000000238
35614  -28.423  -66.698  12.631 0.6000000238
35629  -26.285  -66.484  11.062 0.6000000238
35630  -27.189  -66.327  11.492 0.6000000238
35633  -31.992  -66.523  11.730 0.6000000238
35634  -37.380  -66.205  11.757 0.6999999881
35655  -24.168  -66.216  9.503 0.4000000060
35658  -30.039  -66.072  9.806 0.5000000000
36653  -31.373  -65.991  16.587 0.6000000238
36703  -35.357  -65.620  13.607 0.6000000238
36715  -32.331  -65.700  12.053 0.6000000238
36741  -26.516  -64.513  10.431 0.6000000238
36751  -29.816  -65.303  9.714 0.5000000000
36757  -24.717  -65.617  9.397 0.4000000060
36758  -25.301  -65.080  9.107 0.5000000000
36762  -29.194  -65.133  8.840 0.5000000000
37687  -31.217  -64.621  15.485 0.6000000238
37721  -35.726  -64.989  13.848 0.6999999881
37734  -28.772  -64.886  12.460 0.6000000238
37737  -32.627  -64.922  12.552 0.6000000238
37749  -27.521  -64.844  11.038 0.6000000238
37769  -25.965  -64.074  9.759 0.6000000238
37770  -29.364  -64.517  8.882 0.5000000000
37771  -29.740  -64.617  9.481 0.5000000000
37779  -25.575  -64.523  9.430 0.5000000000
38781  -29.899  -63.904  12.878 0.6000000238
38783  -33.256  -63.368  13.413 0.6999999881
38786  -35.754  -63.560  13.900 0.6999999881
38803  -37.282  -64.035  12.594 0.6999999881
38809  -28.778  -63.956  11.408 0.6999999881
38821  -28.935  -63.222  10.839 0.6999999881
38823  -30.950  -63.137  10.812 0.6999999881
38848  -28.500  -62.904  8.134 0.5000000000
39734  -32.393  -61.640  17.683 0.6000000238
39775  -32.473  -62.339  16.934 0.6999999881
39802  -31.117  -62.176  14.773 0.6000000238
39815  -30.405  -62.917  13.622 0.6000000238
39816  -32.762  -62.516  13.222 0.6999999881
39820  -36.170  -62.671  13.900 0.6999999881
39839  -31.315  -62.464  11.065 0.6999999881
39848  -28.516  -62.537  10.348 0.6000000238
39849  -29.319  -62.467  10.918 0.6000000238
39865  -29.659  -62.445  9.359 0.6000000238
39866  -35.803  -62.504  9.214 0.6999999881
39879  -26.866  -61.827  8.792 0.6000000238
40755  -32.159  -61.178  18.098 0.6000000238
40795  -32.468  -61.910  16.562 0.8000000119
40815  -31.467  -61.620  15.185 0.8000000119
40816  -34.151  -60.953  14.158 0.6999999881
40820  -36.884  -61.317  14.000 0.6999999881
40828  -29.796  -60.556  13.217 0.6000000238
40829  -30.325  -61.185  13.572 0.6000000238
40831  -33.760  -61.563  13.908 0.6999999881
40852  -31.442  -61.653  11.351 0.6000000238
40862  -26.771  -60.569  9.540 0.6000000238
40863  -26.944  -60.887  9.920 0.6000000238
40877  -26.566  -61.362  9.365 0.6000000238
40879  -29.903  -61.687  9.708 0.6000000238
40892  -26.731  -60.908  8.956 0.6000000238
40894  -28.319  -61.169  8.165 0.5000000000
41765  -33.037  -60.333  17.520 0.6999999881
41766  -33.311  -60.104  17.055 0.6000000238
41791  -32.660  -60.270  15.959 0.8000000119
41800  -30.556  -60.394  14.180 0.6000000238
41804  -35.890  -60.623  14.635 0.8000000119
41815  -37.374  -60.484  13.392 0.6999999881
41829  -28.044  -59.705  11.032 0.6999999881
41830  -29.355  -60.330  11.132 0.6000000238
41839  -26.805  -59.782  9.629 0.6999999881
41843  -30.246  -60.328  10.417 0.6999999881
41846  -36.904  -60.954  10.566 0.6999999881
41854  -26.740  -59.793  9.056 0.6000000238
41878  -28.493  -60.628  8.419 0.5000000000
42719  -31.378  -59.047  15.175 0.8000000119
42721  -35.719  -59.207  15.082 0.8000000119
42740  -29.955  -59.585  13.782 0.6000000238
42742  -32.267  -59.128  13.424 0.8000000119
42743  -33.201  -59.961  13.984 0.8000000119
42756  -30.085  -58.945  11.098 0.8000000119
42771  -26.842  -59.339  9.378 0.6999999881
42776  -34.715  -59.070  8.898 0.8000000119
42793  -27.201  -59.667  8.848 0.6000000238
43630  -33.059  -59.107  16.701 0.6999999881
43638  -32.543  -58.635  16.401 0.6999999881
43656  -35.136  -58.489  15.109 0.8999999762
43666  -32.666  -58.172  14.181 0.8000000119
43669  -36.769  -58.402  14.878 0.8999999762
43678  -32.315  -58.463  13.775 0.8000000119
43679  -37.864  -58.465  13.594 0.8000000119
43682  -27.573  -56.593  11.844 0.6999999881
43683  -27.639  -57.145  12.106 0.6999999881
43684  -28.521  -57.886  12.754 0.6999999881
43692  -27.640  -57.851  11.536 0.8000000119
43695  -37.625  -58.733  11.810 0.8000000119
43702  -27.482  -57.907  10.697 0.6999999881
43716  -26.948  -58.403  9.856 0.6999999881
43774  -34.770  -58.969  5.936 0.4000000060
44580  -31.462  -57.727  19.697 0.6000000238
44590  -32.317  -57.242  18.328 0.6999999881
44627  -35.433  -57.574  15.018 0.8000000119
44641  -34.843  -56.686  14.673 0.8000000119
44643  -37.048  -57.392  14.639 0.8000000119
44644  -37.484  -56.736  14.200 0.8000000119
44650  -28.875  -56.725  13.538 0.6999999881
44657  -27.560  -56.584  11.853 0.6999999881
44659  -29.087  -56.159  11.988 0.8000000119
44662  -38.122  -57.856  11.960 0.8000000119
44668  -27.816  -56.696  11.423 0.8000000119
44670  -29.532  -56.981  11.775 0.8000000119
45567  -30.223  -56.076  15.361 0.8000000119
45583  -36.993  -56.013  14.394 0.8000000119
45598  -28.714  -55.943  12.477 0.6999999881
45606  -27.726  -56.379  11.889 0.6999999881
45666  -32.043  -56.057  6.536 0.6999999881
46484  -31.332  -55.454  15.993 0.6999999881
46518  -34.618  -55.721  14.529 0.6999999881
46522  -38.150  -54.723  13.649 0.6999999881
46531  -29.637  -55.585  12.996 0.6999999881
46548  -37.128  -56.024  10.238 0.8000000119
47477  -31.163  -55.089  6.879 0.6999999881
47480  -34.830  -53.988  5.968 0.5000000000
48544  -38.648  -53.276  15.746 0.6999999881
48585  -38.366  -53.046  11.130 0.6999999881
48641  -36.062  -53.232  5.922 0.6000000238
49711  -38.808  -52.232  14.696 0.6999999881
49746  -38.746  -52.232  12.421 0.6999999881
49784  -29.853  -52.735  9.032 0.8000000119
49797  -29.684  -52.884  8.252 0.8000000119
49804  -29.709  -51.897  7.942 0.8000000119
49805  -29.849  -52.677  7.716 0.8000000119
49808  -32.401  -52.386  7.065 0.8000000119
50726  -38.464  -51.232  18.272 0.6999999881
50804  -38.348  -51.528  12.129 0.6999999881
50811  -29.978  -51.756  9.720 0.8000000119
50823  -29.682  -51.638  9.273 0.8000000119
51947  -31.003  -49.925  10.445 0.8000000119
51949  -33.300  -49.985  11.297 0.8000000119
51950  -34.017  -49.900  11.733 0.8000000119
51952  -37.061  -50.345  12.275 0.8000000119
51958  -29.903  -50.995  9.629 0.8000000119
51971  -29.655  -50.280  8.883 0.8000000119
51976  -29.802  -51.063  8.007 0.8000000119
51982  -35.853  -50.329  8.361 0.6000000238
51992  -32.213  -50.946  7.672 0.8000000119
52982  -32.105  -49.431  10.878 0.8000000119
52991  -30.404  -49.912  9.748 0.8000000119
53004  -30.305  -49.197  8.206 0.8000000119
53007  -33.939  -49.135  8.664 0.6000000238
53008  -35.359  -49.600  8.621 0.6000000238
53883  -34.899  -48.949  13.222 0.8000000119
53925  -33.242  -48.596  8.311 0.6000000238
53928  -36.502  -48.668  8.405 0.6000000238
53935  -30.825  -47.907  7.825 0.8000000119
53937  -31.847  -48.023  7.573 0.6999999881
54813  -34.094  -48.146  10.850 0.8000000119
54827  -33.319  -48.064  10.615 0.8000000119
54829  -35.515  -47.380  10.702 0.8000000119
54837  -31.715  -47.294  9.014 0.8000000119
54844  -30.812  -47.730  8.491 0.8000000119
54858  -30.969  -46.704  8.019 0.8000000119
54862  -36.427  -47.319  7.642 0.5000000000
54874  -31.762  -47.302  7.324 0.8000000119
55846  -36.373  -46.265  10.531 0.8000000119
55858  -34.982  -46.073  9.456 0.6000000238
55865  -31.182  -46.445  8.137 0.6999999881
55873  -31.277  -46.454  7.778 0.6999999881
55877  -35.970  -46.689  7.005 0.6000000238
56878  -32.990  -44.749  17.175 0.3000000119
58118  -32.536  -45.023  6.982 0.6999999881
59248  -35.108  -43.072  5.087 0.4000000060
62433  -33.026  -40.315  5.625 0.5000000000
63300  -39.616  -39.389  14.290 0.3000000119
63407  -34.203  -38.420  5.671 0.4000000060
63413  -32.947  -39.664  5.849 0.5000000000
64345  -33.670  -37.657  6.070 0.5000000000
64352  -33.930  -37.579  5.863 0.5000000000
64353  -34.445  -37.608  5.813 0.4000000060
64354  -35.155  -37.547  6.185 0.4000000060
64361  -34.214  -37.411  5.895 0.5000000000
65304  -35.418  -37.162  8.006 0.4000000060
65323  -34.982  -37.020  7.192 0.5000000000
65332  -34.602  -37.315  6.456 0.4000000060
65334  -36.071  -36.547  7.979 0.4000000060
67040  -40.018  -32.547  17.875 0.3000000119
68007  -39.809  -33.303  18.519 0.3000000119
68035  -40.615  -32.166  16.681 0.3000000119
68126  -39.093  -33.634  12.471 0.3000000119
69091  -39.276  -33.370  18.749 0.3000000119
69093  -41.335  -33.029  17.861 0.3000000119
69100  -38.735  -33.381  18.747 0.3000000119
125158  -40.509  -32.874  18.012 0.3000000119
125160  -41.797  -33.267  17.504 0.3000000119
125772  -40.930  -32.818  17.924 0.3000000119
125998  -38.604  -33.360  18.774 0.3000000119
126318  -37.429  -54.453  17.094 0.6999999881
128420  -38.238  -50.064  16.265 0.6999999881
130274  -30.265  -53.268  7.533 0.8999999762
130921  -30.066  -61.752  12.838 0.6000000238
130984  -36.792  -64.873  9.990 0.6999999881
131316  -29.201  -58.662  13.521 0.6000000238
132269  -38.425  -54.198  13.533 0.6999999881
132416  -37.924  -55.921  10.647 0.8000000119
133693  -31.868  -46.765  7.092 0.6999999881
134506  -35.344  -63.901  8.221 0.6999999881
135005  -36.306  -61.145  14.345 0.6999999881
135387  -37.531  -60.976  12.763 0.6999999881
135594  -36.319  -59.852  14.758 0.8000000119
137177  -36.237  -64.253  13.668 0.6999999881
137324  -25.997  -67.048  17.221 0.4000000060
139470  -37.553  -59.056  13.956 0.8999999762
139739  -29.396  -61.804  8.836 0.5000000000
141558  -30.540  -61.948  10.336 0.6000000238
141848  -29.383  -63.058  8.971 0.5000000000
141909  -30.018  -64.076  9.799 0.6000000238
142116  -29.036  -62.756  8.311 0.5000000000
142299  -38.167  -57.762  13.091 0.8000000119
143726  -38.185  -45.048  11.637 0.6000000238
144525  -33.907  -44.388  17.184 0.3000000119
144548  -31.793  -45.881  7.057 0.6999999881
144746  -38.280  -54.431  10.927 0.8000000119
145641  -35.402  -65.259  8.290 0.6000000238
145642  -29.351  -64.415  12.746 0.6000000238
147356  -32.238  -59.951  12.985 0.8000000119
147395  -28.752  -67.744  13.119 0.5000000000
147495  -24.528  -68.502  10.483 0.5000000000
147941  -29.824  -52.201  9.406 0.8000000119
148240  -36.664  -44.009  10.334 0.6000000238
149025  -41.919  -33.326  17.104 0.3000000119
150233  -38.493  -36.806  16.145 0.3000000119
150538  -38.792  -33.477  16.407 0.3000000119
150841  -31.976  -53.497  21.471 0.4000000060
151055  -37.234  -45.616  18.492 0.4000000060
151509  -31.564  -49.591  10.598 0.8000000119
151850  -36.951  -36.078  17.441 0.3000000119
152158  -30.165  -63.322  13.101 0.6000000238
152294  -27.958  -63.280  8.169 0.5000000000
