#!ascii label  , from subject sub1 vox2ras=TkReg
1936
6249  -11.318  -94.567  -1.889 0.5000000000
133777  -10.630  -95.622  2.579 0.5000000000
5454  -11.037  -95.237  3.548 0.5000000000
5441  -10.442  -96.283  4.310 0.5000000000
135272  -12.000  -92.974  -1.821 0.5000000000
7032  -11.473  -93.811  -1.976 0.5000000000
7033  -12.525  -93.476  -2.107 0.5000000000
6250  -12.153  -94.353  -1.755 0.5000000000
6251  -13.106  -94.327  -1.787 0.6000000238
6228  -11.799  -94.876  -1.203 0.5000000000
4028  -11.056  -96.747  4.404 0.5000000000
5471  -10.773  -95.736  1.306 0.5000000000
4732  -12.593  -96.474  4.170 0.5000000000
132985  -11.383  -95.097  2.538 0.6000000238
149348  -11.914  -96.096  5.120 0.6000000238
5455  -11.954  -94.785  3.109 0.6000000238
146697  -11.619  -95.682  4.935 0.6000000238
141282  -13.078  -96.121  4.811 0.6999999881
6161  -12.907  -94.257  4.552 0.6999999881
4711  -12.310  -95.762  5.263 0.6999999881
6142  -13.141  -94.345  5.599 0.6999999881
6126  -12.861  -94.902  5.776 0.6999999881
5431  -13.778  -95.388  5.597 0.6999999881
7834  -12.792  -92.571  -2.282 0.5000000000
7034  -13.213  -93.718  -2.339 0.6000000238
7835  -13.909  -92.590  -3.181 0.6000000238
7036  -15.066  -93.266  -2.452 0.6000000238
131776  -12.778  -94.690  0.057 0.5000000000
4733  -13.620  -95.982  3.667 0.5000000000
4744  -13.892  -96.069  2.374 0.5000000000
148091  -15.364  -95.200  2.215 0.6999999881
5443  -14.359  -95.576  3.861 0.6999999881
133035  -15.119  -95.275  3.375 0.6999999881
5473  -12.060  -94.855  1.843 0.6000000238
6191  -12.743  -94.466  2.157 0.6999999881
5432  -14.758  -95.292  4.764 0.6999999881
141947  -13.344  -94.116  2.372 0.6999999881
6969  -13.747  -93.710  4.851 0.6999999881
5444  -15.753  -94.762  4.556 0.6999999881
6956  -14.165  -93.473  5.550 0.6999999881
6940  -13.999  -93.967  6.317 0.6999999881
6128  -14.204  -94.446  6.239 0.6999999881
6143  -15.976  -94.490  5.488 0.6999999881
7703  -14.871  -93.303  6.491 0.6999999881
132402  -15.207  -93.586  6.836 0.6999999881
6130  -15.907  -94.193  6.613 0.6999999881
6114  -16.572  -93.559  7.122 0.6999999881
8746  -13.058  -91.668  -2.333 0.5000000000
8748  -14.268  -90.938  -2.827 0.6000000238
9709  -15.510  -91.153  -2.570 0.6000000238
7850  -15.279  -92.137  -3.249 0.6000000238
7851  -15.933  -91.903  -3.084 0.6000000238
145536  -14.541  -93.908  -1.893 0.6000000238
7024  -15.962  -92.894  -2.070 0.6000000238
6231  -14.057  -94.138  -0.207 0.6000000238
5457  -16.120  -94.701  2.098 0.6999999881
6211  -13.511  -94.289  0.500 0.6999999881
141302  -15.888  -94.781  2.901 0.6999999881
6194  -17.507  -94.217  1.800 0.6999999881
6195  -18.396  -93.929  1.984 0.6999999881
6999  -14.660  -93.742  0.427 0.6999999881
6175  -16.761  -94.341  2.527 0.6999999881
6196  -19.836  -94.212  1.544 0.6999999881
132816  -13.932  -93.745  1.973 0.6999999881
6982  -14.571  -93.348  2.404 0.6999999881
148435  -15.610  -94.924  3.795 0.6999999881
6162  -16.416  -94.497  3.598 0.6999999881
6176  -17.690  -93.885  2.608 0.6999999881
129602  -19.264  -93.969  2.158 0.6999999881
6970  -14.588  -93.284  3.551 0.6999999881
6983  -15.302  -92.902  2.714 0.6999999881
142620  -16.499  -94.442  4.479 0.6999999881
6177  -18.667  -93.736  2.892 0.6999999881
7726  -14.723  -93.061  5.714 0.6999999881
6144  -16.987  -94.117  5.042 0.6999999881
6145  -17.766  -93.651  4.296 0.6999999881
7711  -15.322  -92.623  6.162 0.6999999881
143438  -16.909  -93.884  6.101 0.6999999881
6958  -17.850  -93.606  5.314 0.6999999881
6908  -16.151  -92.840  7.466 0.6999999881
6131  -17.570  -93.535  6.502 0.6999999881
6910  -17.325  -92.733  7.668 0.6999999881
9689  -13.133  -90.776  -2.023 0.5000000000
9691  -14.751  -90.778  -2.153 0.6000000238
10683  -15.977  -90.276  -1.646 0.6000000238
10664  -15.380  -90.052  -0.764 0.5000000000
142267  -16.411  -89.846  -1.384 0.6000000238
10653  -13.204  -90.112  0.102 0.5000000000
137554  -14.015  -90.335  -0.271 0.5000000000
134890  -16.794  -91.207  -2.322 0.6000000238
10667  -18.051  -89.801  -1.477 0.6000000238
8750  -17.179  -91.585  -2.463 0.6000000238
9694  -17.527  -91.028  -2.427 0.6000000238
134129  -15.358  -93.495  -1.391 0.6000000238
7010  -14.725  -93.906  -0.741 0.6999999881
7818  -16.610  -92.737  -1.340 0.6999999881
7000  -15.295  -93.160  0.890 0.6999999881
7799  -15.905  -92.929  0.542 0.6999999881
150872  -20.593  -94.454  1.327 0.6999999881
7752  -15.910  -92.597  2.119 0.6999999881
7781  -16.480  -92.625  0.744 0.6999999881
145435  -19.974  -94.139  2.256 0.6999999881
138366  -21.960  -94.760  0.909 0.6999999881
7753  -16.550  -92.218  2.429 0.6999999881
6178  -19.678  -93.994  2.845 0.6999999881
6198  -21.393  -94.657  1.677 0.6999999881
6217  -21.713  -94.748  0.100 0.6999999881
8685  -16.521  -91.919  4.404 0.6000000238
6165  -19.390  -93.839  3.586 0.6999999881
6180  -21.196  -94.549  2.584 0.6999999881
6199  -22.302  -94.820  1.673 0.6999999881
5477  -22.858  -95.068  1.046 0.6999999881
5512  -23.006  -95.298  0.124 0.6999999881
7712  -16.023  -92.014  5.721 0.6999999881
6972  -19.158  -93.666  4.340 0.6999999881
6961  -20.535  -93.969  4.831 0.6000000238
6147  -21.637  -94.360  3.961 0.6999999881
6181  -22.108  -94.738  2.526 0.6999999881
8613  -16.749  -92.250  7.567 0.6000000238
6929  -17.382  -93.177  7.363 0.6999999881
6930  -18.140  -93.189  6.830 0.6999999881
6943  -19.384  -93.412  5.724 0.6999999881
6944  -20.243  -93.611  5.602 0.6000000238
6962  -21.225  -94.185  4.666 0.6000000238
7670  -18.015  -91.974  8.010 0.6000000238
6911  -18.263  -92.738  7.486 0.6000000238
128888  -19.855  -93.370  6.257 0.6000000238
6932  -20.637  -93.377  6.511 0.5000000000
6945  -21.225  -93.866  5.529 0.5000000000
6132  -21.953  -94.213  4.882 0.5000000000
7690  -18.894  -92.263  8.114 0.6000000238
7691  -19.833  -92.406  8.320 0.5000000000
6913  -20.277  -92.927  7.527 0.5000000000
10665  -15.927  -89.750  -0.930 0.6000000238
11650  -15.512  -89.157  0.073 0.6000000238
11668  -18.364  -89.297  -0.948 0.5000000000
12835  -18.037  -88.425  0.200 0.6999999881
148031  -14.047  -89.753  0.284 0.5000000000
12830  -14.661  -88.625  0.832 0.6000000238
12831  -15.331  -88.690  0.588 0.6000000238
12805  -11.822  -87.803  0.861 0.6000000238
11648  -13.160  -89.078  0.564 0.6000000238
10668  -19.058  -89.895  -1.656 0.4000000060
12807  -14.046  -88.014  1.342 0.6000000238
10685  -18.797  -90.372  -1.981 0.5000000000
8752  -19.091  -91.213  -2.284 0.6000000238
136860  -18.159  -92.178  -1.812 0.6000000238
146585  -16.963  -92.547  0.202 0.6999999881
7802  -18.138  -92.474  -0.889 0.6000000238
137622  -17.288  -92.325  0.930 0.6999999881
8686  -17.290  -91.646  3.606 0.6000000238
8710  -17.928  -91.865  2.197 0.6000000238
8669  -16.918  -91.611  5.413 0.6000000238
6168  -22.316  -94.537  3.404 0.6000000238
6182  -23.156  -94.953  2.189 0.6000000238
5478  -23.578  -95.341  1.458 0.6999999881
5495  -23.626  -95.501  0.702 0.6999999881
5513  -23.797  -95.636  -0.128 0.6999999881
8647  -17.459  -91.306  6.197 0.6000000238
6148  -22.579  -94.326  4.224 0.6000000238
5527  -24.053  -95.549  -0.944 0.6999999881
8593  -18.667  -91.640  8.153 0.6000000238
6933  -21.667  -93.626  6.567 0.4000000060
131804  -22.903  -94.114  5.064 0.4000000060
6149  -23.455  -94.533  4.486 0.5000000000
133349  -23.516  -94.948  3.143 0.6000000238
5479  -24.266  -95.557  1.309 0.6000000238
142347  -25.398  -95.424  -0.413 0.6000000238
7672  -19.584  -91.960  8.660 0.5000000000
140140  -20.343  -92.101  9.043 0.5000000000
7692  -20.730  -92.668  8.388 0.5000000000
6914  -21.172  -93.216  7.491 0.5000000000
6169  -23.904  -94.926  3.943 0.4000000060
5459  -24.482  -95.640  2.828 0.6000000238
12812  -17.320  -88.210  0.938 0.6000000238
12834  -17.149  -88.620  0.327 0.6000000238
11636  -18.975  -88.599  0.361 0.6000000238
12808  -15.034  -88.111  1.136 0.6000000238
13896  -15.905  -87.820  1.482 0.5000000000
14914  -15.906  -86.761  1.953 0.6000000238
14903  -15.109  -86.031  3.185 0.6000000238
11654  -18.880  -88.948  -0.321 0.6000000238
13882  -12.185  -86.663  1.889 0.6999999881
14902  -14.244  -85.974  3.173 0.6000000238
15905  -14.341  -85.046  4.038 0.6000000238
142318  -20.465  -90.051  -2.680 0.5000000000
11669  -20.146  -89.557  -0.896 0.6000000238
13871  -12.448  -86.657  2.869 0.6000000238
15911  -13.823  -85.416  3.568 0.6999999881
9696  -20.054  -90.840  -2.564 0.5000000000
14891  -12.879  -85.636  4.087 0.6999999881
149890  -19.290  -91.859  -1.989 0.6000000238
15902  -12.383  -85.020  4.415 0.6000000238
7783  -18.394  -92.233  0.526 0.6000000238
7820  -18.887  -92.152  -1.587 0.6000000238
7784  -19.312  -92.311  0.457 0.6000000238
7768  -19.147  -92.033  1.166 0.6000000238
126939  -17.978  -91.529  3.010 0.6000000238
134973  -18.935  -91.279  3.994 0.6000000238
8650  -20.534  -91.100  5.815 0.6000000238
9560  -18.928  -90.767  6.380 0.6000000238
140612  -21.181  -91.153  6.482 0.6000000238
9544  -19.599  -90.722  7.937 0.6000000238
131572  -24.963  -95.743  2.098 0.6000000238
127574  -25.104  -95.691  1.126 0.6000000238
152314  -25.878  -95.571  0.344 0.6000000238
8595  -20.398  -91.120  9.094 0.5000000000
7674  -22.151  -92.480  9.176 0.5000000000
6915  -22.078  -93.441  7.537 0.5000000000
5499  -27.257  -95.561  0.069 0.6000000238
5447  -25.233  -96.277  4.138 0.4000000060
4763  -25.807  -96.301  2.447 0.6000000238
5480  -25.697  -95.904  1.685 0.6000000238
12787  -17.154  -87.756  1.720 0.6000000238
133590  -17.294  -87.378  3.057 0.5000000000
148577  -18.365  -88.268  2.394 0.6000000238
12748  -18.973  -88.227  3.808 0.5000000000
13897  -16.617  -87.851  1.479 0.6000000238
15915  -16.518  -85.674  3.400 0.6000000238
12788  -18.031  -88.158  1.488 0.5000000000
11615  -18.980  -88.531  2.036 0.5000000000
11637  -19.986  -88.651  0.989 0.5000000000
15925  -15.829  -86.016  2.683 0.5000000000
14915  -16.414  -86.697  2.442 0.6000000238
16938  -15.043  -85.038  4.285 0.5000000000
11655  -20.021  -88.774  0.046 0.6000000238
16916  -12.830  -84.676  4.633 0.6999999881
16918  -13.932  -84.554  4.655 0.6000000238
17993  -13.119  -83.742  5.690 0.6000000238
142817  -20.473  -91.720  -2.330 0.5000000000
16898  -10.666  -84.269  5.066 0.5000000000
17992  -12.312  -83.842  5.611 0.6999999881
138636  -20.317  -92.434  -0.832 0.5000000000
7785  -19.819  -92.250  0.938 0.5000000000
8712  -19.207  -91.828  1.907 0.6000000238
8690  -21.377  -91.946  3.853 0.6000000238
8688  -19.697  -91.560  3.583 0.5000000000
8674  -21.451  -91.698  4.694 0.6000000238
129684  -20.013  -91.159  5.179 0.6000000238
9525  -21.626  -90.744  9.164 0.5000000000
4734  -25.877  -96.762  3.884 0.5000000000
4745  -26.017  -96.640  3.206 0.5000000000
139332  -27.297  -96.583  1.542 0.6000000238
4783  -27.800  -96.470  0.825 0.6000000238
127969  -16.627  -86.159  4.308 0.6000000238
12747  -17.659  -87.576  4.077 0.6000000238
127633  -16.347  -85.052  4.636 0.6000000238
11616  -20.130  -88.344  2.306 0.5000000000
16940  -16.232  -85.266  4.303 0.6000000238
16920  -15.383  -84.597  4.751 0.6999999881
11639  -21.581  -88.518  0.262 0.6000000238
128750  -13.564  -83.572  5.860 0.6000000238
16919  -14.640  -84.567  4.680 0.6000000238
11670  -21.250  -89.510  -0.992 0.6000000238
17977  -11.698  -83.293  6.096 0.6000000238
17978  -13.206  -83.211  6.187 0.6000000238
9697  -20.583  -90.368  -2.846 0.5000000000
7804  -20.889  -92.422  -0.065 0.5000000000
16877  -10.053  -83.571  5.413 0.5000000000
17976  -10.489  -83.056  5.929 0.6000000238
8713  -19.905  -92.055  2.116 0.5000000000
8700  -21.316  -92.145  2.934 0.6000000238
8699  -20.269  -91.896  2.829 0.5000000000
8691  -22.358  -92.147  4.255 0.5000000000
8651  -21.413  -91.476  5.561 0.5000000000
4051  -27.264  -97.324  3.298 0.6000000238
4747  -27.387  -97.158  2.379 0.6000000238
15895  -16.524  -85.318  4.725 0.6000000238
13845  -17.126  -86.925  4.769 0.5000000000
12721  -18.364  -87.715  4.493 0.5000000000
146777  -16.479  -83.853  5.522 0.6999999881
12749  -19.595  -87.994  3.482 0.5000000000
17994  -15.457  -83.286  5.516 0.6999999881
18010  -15.969  -83.650  5.366 0.6000000238
12765  -20.166  -87.745  2.783 0.5000000000
131243  -14.713  -83.485  5.630 0.6000000238
12813  -21.124  -88.224  1.312 0.5000000000
11657  -22.055  -88.721  -0.253 0.6000000238
19037  -12.763  -81.950  7.210 0.6999999881
140080  -22.184  -89.288  -0.928 0.6000000238
19036  -11.649  -82.117  7.304 0.6000000238
10688  -21.754  -90.024  -1.913 0.6000000238
19010  -9.836  -82.001  7.816 0.6999999881
17961  -11.135  -82.772  6.723 0.6999999881
7823  -21.405  -92.002  -1.549 0.5000000000
7843  -21.303  -91.492  -1.990 0.5000000000
17960  -10.157  -82.770  6.658 0.6000000238
129437  -21.814  -92.331  -0.196 0.5000000000
17922  -9.812  -82.617  7.890 0.5000000000
7787  -22.317  -92.375  0.608 0.6000000238
7786  -21.406  -92.420  0.628 0.5000000000
131843  -9.829  -83.961  7.862 0.6000000238
7770  -21.099  -92.353  1.386 0.5000000000
138035  -22.279  -92.328  3.427 0.6000000238
7729  -23.869  -92.182  4.074 0.5000000000
16879  -17.053  -83.959  6.061 0.6999999881
150934  -17.165  -85.813  6.296 0.5000000000
13827  -18.005  -86.611  6.022 0.5000000000
20147  -17.316  -81.072  5.465 0.8000000119
19061  -17.410  -82.025  5.422 0.6999999881
134728  -19.165  -86.857  5.450 0.5000000000
143651  -19.919  -87.222  3.536 0.5000000000
20125  -14.827  -81.175  7.209 0.6999999881
149133  -15.711  -81.897  6.071 0.6999999881
137120  -16.528  -82.343  5.510 0.8000000119
19050  -14.839  -82.043  6.652 0.6999999881
13873  -20.600  -85.453  2.662 0.5000000000
20123  -13.082  -81.181  7.511 0.6999999881
19039  -14.233  -81.643  7.118 0.6999999881
12814  -21.586  -88.075  0.774 0.6000000238
14919  -21.030  -86.661  1.560 0.5000000000
20082  -10.626  -80.861  8.797 0.6000000238
19025  -12.092  -81.438  7.806 0.6000000238
147608  -22.694  -89.791  -1.619 0.6000000238
17906  -10.146  -81.662  9.003 0.6999999881
19024  -10.978  -81.551  7.965 0.6999999881
7844  -22.100  -91.755  -1.508 0.6000000238
9699  -22.502  -90.250  -1.806 0.6000000238
16811  -10.395  -82.683  9.006 0.6000000238
143564  -23.119  -91.897  -0.699 0.6000000238
7771  -22.654  -92.449  1.421 0.6000000238
15840  -10.525  -84.465  8.426 0.6000000238
7756  -22.921  -92.589  2.232 0.6000000238
7743  -23.167  -92.399  3.776 0.5000000000
20149  -18.274  -80.987  5.414 0.6000000238
17981  -18.054  -81.821  5.613 0.5000000000
17962  -17.591  -83.500  6.325 0.5000000000
14882  -19.771  -86.281  5.037 0.5000000000
20126  -16.022  -80.753  7.023 0.8000000119
15906  -20.315  -85.000  3.773 0.5000000000
20110  -14.265  -80.590  7.706 0.6999999881
12837  -22.515  -87.656  -0.482 0.6000000238
14767  -13.141  -85.293  12.072 0.6000000238
20095  -11.810  -80.173  8.657 0.8000000119
14768  -14.025  -85.350  12.127 0.6000000238
18999  -10.982  -81.085  9.680 0.6999999881
20083  -11.030  -80.102  9.363 0.8000000119
11671  -22.925  -88.855  -1.215 0.6000000238
13740  -13.270  -86.635  10.480 0.6000000238
17907  -10.946  -82.322  9.689 0.6000000238
8739  -23.430  -91.304  -1.129 0.6000000238
7825  -23.784  -91.612  -0.646 0.6000000238
14813  -13.059  -85.801  9.356 0.6000000238
15841  -11.242  -84.677  8.938 0.6000000238
16812  -11.345  -83.328  9.430 0.6000000238
7807  -23.670  -91.850  -0.176 0.6000000238
8721  -24.397  -91.601  0.019 0.6000000238
16825  -10.835  -83.776  8.892 0.5000000000
7773  -23.880  -92.010  1.791 0.5000000000
7758  -23.994  -92.027  2.726 0.5000000000
151819  -24.417  -91.044  1.866 0.5000000000
20128  -19.111  -80.334  5.873 0.5000000000
17963  -18.159  -82.620  6.391 0.5000000000
20127  -16.912  -80.148  6.184 0.6000000238
21238  -18.920  -79.368  5.921 0.5000000000
20111  -15.363  -80.422  7.618 0.8000000119
21219  -16.512  -79.646  6.881 0.6999999881
21200  -13.798  -79.944  8.553 0.8000000119
21199  -12.785  -80.299  8.420 0.8000000119
13899  -21.784  -87.073  0.520 0.6000000238
14906  -20.731  -84.903  2.327 0.5000000000
16764  -13.510  -83.445  13.584 0.6000000238
21178  -11.493  -79.847  9.175 0.8000000119
15936  -21.628  -85.465  0.948 0.5000000000
15774  -14.334  -84.823  12.766 0.6999999881
15773  -13.448  -84.632  12.641 0.6000000238
18986  -11.638  -81.025  10.560 0.8000000119
11672  -23.525  -88.533  -1.716 0.6000000238
12850  -23.001  -88.016  -1.176 0.6000000238
13905  -22.593  -86.899  -0.247 0.6000000238
140522  -14.457  -85.709  11.478 0.6000000238
9701  -24.659  -90.057  -1.635 0.6000000238
9700  -23.653  -90.149  -1.737 0.6000000238
12851  -23.805  -87.861  -1.335 0.6000000238
13756  -13.662  -86.342  10.189 0.6000000238
16813  -12.341  -83.902  9.553 0.6000000238
17908  -11.826  -82.998  10.110 0.5000000000
146853  -24.642  -90.783  -0.720 0.6000000238
15822  -12.819  -84.825  9.145 0.6000000238
8714  -24.157  -91.623  0.843 0.6000000238
9660  -24.829  -90.813  -0.476 0.6000000238
9646  -24.879  -90.432  0.277 0.5000000000
134138  -24.633  -90.326  1.432 0.5000000000
130057  -24.200  -91.292  2.593 0.5000000000
10626  -24.244  -89.571  2.770 0.5000000000
21220  -17.544  -79.064  6.541 0.6000000238
21201  -14.945  -79.878  8.224 0.6999999881
18932  -12.726  -81.401  14.305 0.6000000238
17843  -13.073  -82.232  14.104 0.6000000238
129960  -12.437  -79.651  9.774 0.8000000119
15926  -20.933  -84.704  1.855 0.5000000000
17858  -14.058  -83.052  13.796 0.6000000238
131366  -12.419  -79.623  10.372 0.8000000119
137181  -22.380  -84.983  0.963 0.5000000000
15757  -13.823  -84.196  13.279 0.6999999881
18987  -12.100  -81.111  11.249 0.8000000119
147576  -23.066  -86.733  -0.417 0.6000000238
14924  -22.741  -86.221  -0.053 0.6000000238
14769  -14.947  -85.395  12.124 0.8000000119
17874  -12.762  -81.999  11.358 0.6999999881
10690  -24.373  -89.578  -1.922 0.6000000238
13911  -24.503  -87.379  -1.124 0.6000000238
14794  -15.340  -85.342  10.754 0.6999999881
15800  -14.364  -84.687  9.776 0.6999999881
16791  -12.862  -83.475  10.166 0.6000000238
10691  -25.523  -89.813  -2.067 0.6000000238
141985  -26.426  -87.910  -2.047 0.6000000238
15823  -13.751  -85.147  9.373 0.6000000238
10692  -26.099  -89.266  -2.102 0.5000000000
130163  -25.491  -90.175  -0.835 0.5000000000
21182  -16.124  -78.396  7.756 0.6000000238
142023  -17.308  -77.434  7.057 0.5000000000
21072  -12.590  -79.355  15.370 0.6000000238
22320  -14.901  -78.364  8.839 0.6999999881
140517  -12.905  -80.063  15.016 0.6000000238
21180  -14.498  -79.322  8.857 0.6999999881
22303  -13.753  -78.225  9.961 0.6000000238
18933  -13.640  -81.580  14.383 0.6000000238
20011  -13.290  -80.762  14.638 0.6000000238
21163  -13.280  -79.095  10.253 0.6000000238
125856  -12.690  -79.564  10.956 0.6999999881
16765  -14.361  -83.786  13.707 0.8000000119
149663  -12.161  -79.886  11.054 0.6999999881
20033  -13.107  -79.967  11.879 0.6000000238
15775  -15.228  -84.869  12.890 0.8000000119
17875  -13.803  -82.468  11.480 0.8000000119
18975  -14.359  -81.850  11.855 0.6999999881
15790  -16.435  -84.848  11.561 0.6999999881
16794  -15.738  -84.446  10.690 0.6999999881
16781  -15.390  -83.615  10.926 0.6000000238
17876  -14.813  -82.735  11.487 0.8000000119
23361  -11.814  -77.782  16.010 0.6000000238
146981  -13.274  -79.703  15.459 0.6000000238
20012  -14.170  -80.953  14.869 0.6999999881
21108  -13.699  -79.504  12.243 0.6000000238
18934  -14.523  -81.864  14.648 0.6999999881
16749  -14.896  -83.107  14.360 0.6999999881
20034  -13.627  -80.344  12.152 0.6999999881
18960  -14.915  -81.152  12.040 0.6000000238
15759  -15.326  -84.269  13.765 0.8000000119
15745  -16.376  -84.337  13.855 0.6000000238
15776  -16.694  -84.786  12.450 0.5000000000
18976  -15.305  -82.008  11.828 0.6999999881
18962  -16.785  -81.525  12.229 0.6999999881
20037  -16.420  -80.622  12.409 0.6000000238
127182  -16.121  -84.771  13.099 0.8000000119
16784  -17.324  -84.136  12.198 0.6000000238
17877  -15.724  -82.943  11.572 0.6000000238
23345  -12.289  -77.453  16.679 0.6000000238
21059  -13.827  -79.252  16.304 0.6999999881
22217  -13.189  -79.061  15.876 0.6000000238
128580  -13.704  -80.266  15.185 0.6999999881
19999  -14.550  -80.466  15.608 0.6999999881
18920  -15.088  -81.165  15.070 0.6999999881
18935  -15.473  -82.063  14.945 0.6000000238
137369  -14.914  -79.552  12.586 0.6000000238
17845  -16.006  -83.045  14.758 0.6000000238
15777  -17.287  -84.343  12.682 0.6000000238
21095  -15.678  -79.073  12.878 0.5000000000
20038  -17.389  -80.874  12.557 0.6000000238
21109  -17.069  -79.920  12.735 0.5000000000
21097  -17.745  -79.175  13.310 0.5000000000
20039  -18.314  -81.289  12.794 0.6000000238
20024  -18.102  -80.239  12.857 0.5000000000
24376  -12.246  -76.487  17.656 0.6000000238
23332  -12.747  -77.096  17.353 0.6000000238
22200  -13.426  -78.699  16.644 0.6999999881
23346  -13.109  -77.894  16.980 0.6999999881
22201  -14.148  -79.017  16.972 0.6999999881
19988  -14.499  -79.730  16.511 0.6999999881
19989  -15.222  -80.367  16.352 0.6000000238
20000  -15.486  -80.896  15.705 0.5000000000
18921  -15.913  -81.414  15.302 0.6999999881
18922  -16.662  -81.777  15.628 0.6000000238
17846  -16.930  -83.057  14.807 0.6000000238
17847  -17.795  -82.950  14.660 0.6000000238
17830  -18.211  -82.575  15.277 0.6000000238
16773  -18.294  -82.938  12.809 0.6000000238
17860  -19.460  -82.240  13.785 0.5000000000
18937  -19.776  -81.789  14.480 0.5000000000
143253  -19.419  -80.578  13.827 0.5000000000
27767  -11.413  -73.646  20.566 0.6999999881
26625  -11.402  -74.555  20.425 0.6999999881
27758  -11.660  -73.403  21.226 0.6999999881
24361  -12.197  -76.553  18.633 0.6000000238
24324  -11.452  -75.876  20.621 0.6999999881
26617  -11.713  -74.403  20.915 0.6999999881
26618  -12.241  -74.195  21.241 0.6999999881
26619  -13.147  -74.448  21.111 0.6000000238
24362  -12.931  -76.986  18.119 0.6999999881
24342  -11.851  -76.673  19.683 0.6999999881
24325  -11.810  -76.506  20.680 0.6999999881
139929  -12.653  -75.180  21.341 0.6999999881
23333  -13.301  -77.725  17.724 0.6999999881
23317  -12.770  -77.184  19.264 0.6999999881
24312  -12.453  -76.494  21.373 0.6999999881
21060  -15.179  -79.881  16.985 0.6000000238
19990  -15.819  -80.756  16.291 0.6000000238
18889  -17.119  -81.529  17.130 0.6000000238
19976  -17.346  -81.317  18.086 0.6000000238
17829  -17.237  -82.488  15.277 0.6000000238
17814  -17.556  -82.135  15.863 0.6000000238
18906  -17.804  -82.022  16.625 0.6000000238
17815  -18.512  -82.323  16.032 0.5000000000
18907  -18.778  -82.215  16.915 0.6000000238
18891  -18.940  -81.966  17.785 0.6000000238
17849  -19.366  -82.377  14.499 0.5000000000
17832  -19.643  -82.029  15.292 0.5000000000
18908  -19.870  -81.667  16.130 0.5000000000
28905  -11.459  -72.505  20.695 0.6999999881
27759  -12.100  -73.256  21.439 0.6999999881
27760  -12.857  -73.502  21.233 0.6000000238
131498  -13.370  -72.948  20.770 0.6000000238
27768  -13.550  -73.817  20.590 0.6000000238
26635  -14.152  -73.956  19.539 0.4000000060
25483  -12.983  -76.000  21.639 0.6000000238
26626  -13.915  -74.696  20.379 0.5000000000
26636  -14.653  -74.653  19.682 0.4000000060
26637  -15.367  -74.611  19.412 0.5000000000
22184  -13.749  -78.334  17.385 0.6999999881
23318  -13.395  -77.702  18.622 0.8000000119
23280  -12.558  -77.097  20.952 0.6999999881
25484  -13.865  -76.396  21.371 0.5000000000
24326  -14.675  -76.503  20.906 0.4000000060
25496  -15.230  -76.202  20.150 0.4000000060
26638  -16.027  -75.207  19.545 0.4000000060
145299  -16.544  -75.749  19.413 0.4000000060
23319  -13.956  -78.151  18.152 0.8000000119
23300  -14.016  -78.169  19.050 0.8000000119
22154  -13.634  -77.975  20.656 0.8000000119
22124  -13.866  -77.976  21.299 0.8000000119
23274  -14.155  -77.646  21.441 0.6000000238
24327  -15.254  -77.146  20.802 0.5000000000
25506  -15.861  -75.978  19.718 0.4000000060
22185  -14.408  -78.765  17.720 0.6999999881
21045  -15.451  -79.735  17.648 0.8000000119
21033  -15.603  -79.764  18.628 0.6999999881
21046  -16.158  -80.231  18.095 0.5000000000
23282  -15.738  -77.974  21.082 0.5000000000
24328  -16.211  -77.318  20.531 0.4000000060
24344  -16.635  -76.530  19.722 0.4000000060
19974  -15.775  -80.446  17.089 0.6000000238
19975  -16.516  -80.983  17.648 0.5000000000
19957  -16.760  -80.772  18.615 0.5000000000
19958  -17.605  -80.872  18.931 0.6000000238
18890  -18.057  -81.875  17.551 0.6000000238
18879  -18.331  -81.383  18.447 0.6000000238
28897  -11.839  -72.679  21.344 0.6000000238
29986  -11.853  -72.041  21.132 0.5000000000
28906  -13.243  -71.937  20.713 0.5000000000
143459  -13.756  -72.573  20.023 0.4000000060
27773  -13.906  -73.321  19.663 0.5000000000
27774  -14.783  -73.844  19.229 0.5000000000
26647  -15.805  -73.951  19.203 0.5000000000
27783  -16.505  -73.305  19.215 0.5000000000
139489  -16.188  -74.568  19.325 0.5000000000
27784  -17.451  -73.579  19.066 0.5000000000
22137  -14.328  -78.450  20.722 0.6999999881
22125  -14.440  -78.117  21.295 0.6000000238
22138  -15.183  -78.544  20.994 0.5000000000
23275  -14.807  -77.810  21.283 0.5000000000
25519  -16.913  -75.063  19.128 0.5000000000
26648  -17.624  -74.461  18.973 0.5000000000
22169  -14.480  -78.742  18.603 0.8000000119
22170  -15.101  -79.221  19.100 0.6999999881
21016  -15.665  -79.739  19.788 0.6000000238
22139  -16.242  -78.717  21.035 0.5000000000
23283  -16.650  -78.083  20.828 0.4000000060
24329  -17.085  -77.368  20.131 0.5000000000
25507  -17.276  -75.953  19.167 0.4000000060
25520  -17.833  -75.363  18.836 0.5000000000
21034  -16.292  -80.196  19.168 0.5000000000
21017  -16.432  -80.000  20.219 0.5000000000
20997  -16.722  -79.507  20.870 0.6000000238
22140  -17.220  -78.790  20.945 0.5000000000
23284  -17.405  -77.997  20.621 0.5000000000
23301  -18.042  -77.555  20.072 0.5000000000
19940  -17.055  -80.456  19.586 0.5000000000
19927  -17.355  -80.136  20.460 0.5000000000
20998  -17.473  -79.532  20.837 0.5000000000
22141  -18.201  -79.087  20.773 0.5000000000
127510  -18.297  -80.862  19.151 0.6000000238
19942  -18.706  -80.662  19.736 0.6000000238
29996  -12.180  -71.200  20.917 0.5000000000
29997  -12.877  -71.123  20.966 0.5000000000
135181  -13.930  -71.859  19.666 0.4000000060
28911  -14.034  -72.695  19.145 0.4000000060
31073  -12.708  -70.464  20.678 0.5000000000
30007  -13.488  -70.744  20.254 0.4000000060
28912  -14.212  -73.244  19.178 0.5000000000
27782  -14.610  -73.058  19.083 0.6000000238
130233  -15.440  -73.174  19.150 0.5000000000
28925  -16.109  -72.387  19.165 0.4000000060
28926  -17.347  -72.596  19.033 0.4000000060
28927  -18.392  -72.588  18.618 0.4000000060
31084  -13.652  -70.067  19.284 0.4000000060
30018  -14.079  -71.036  19.024 0.4000000060
28922  -14.250  -71.948  18.911 0.4000000060
28923  -14.269  -72.240  19.084 0.5000000000
28924  -14.994  -72.324  18.981 0.5000000000
30019  -14.489  -70.954  18.523 0.4000000060
30035  -14.653  -70.369  17.834 0.4000000060
30020  -14.677  -71.148  18.663 0.5000000000
30021  -15.548  -71.386  18.742 0.4000000060
30022  -16.706  -71.554  18.750 0.4000000060
30023  -17.829  -71.698  18.604 0.4000000060
130897  -13.753  -69.670  18.255 0.4000000060
31092  -14.190  -70.360  18.212 0.4000000060
32219  -13.937  -69.428  17.700 0.4000000060
31103  -14.306  -69.962  17.643 0.4000000060
31093  -14.508  -70.295  17.783 0.4000000060
30036  -15.095  -70.574  17.953 0.5000000000
30037  -16.005  -70.652  18.215 0.5000000000
132546  -14.829  -70.132  17.199 0.4000000060
31106  -16.369  -70.102  17.644 0.4000000060
30038  -17.156  -70.815  18.221 0.4000000060
33328  -13.589  -68.771  17.844 0.4000000060
32230  -14.146  -69.185  17.277 0.3000000119
32220  -14.434  -69.752  17.200 0.3000000119
31117  -14.764  -69.925  16.905 0.4000000060
33352  -14.347  -68.725  16.871 0.4000000060
32231  -14.643  -69.411  16.737 0.3000000119
32233  -15.569  -69.358  16.385 0.5000000000
31119  -15.846  -69.748  17.014 0.4000000060
31120  -16.833  -69.506  17.016 0.4000000060
31107  -17.482  -70.138  17.623 0.4000000060
129859  -19.193  -70.255  17.721 0.3000000119
133638  -16.151  -68.440  15.349 0.5000000000
32254  -16.307  -68.778  15.727 0.5000000000
132153  -16.398  -69.135  16.234 0.4000000060
32255  -17.332  -69.063  16.336 0.4000000060
148239  -17.895  -69.564  16.891 0.3000000119
33346  -13.889  -68.494  17.446 0.4000000060
34452  -14.658  -67.926  16.451 0.4000000060
152403  -14.764  -68.707  16.441 0.4000000060
33354  -15.128  -68.803  16.238 0.5000000000
32253  -15.597  -68.952  16.022 0.5000000000
141685  -15.169  -67.423  15.713 0.4000000060
33366  -15.600  -68.384  15.642 0.5000000000
152534  -16.010  -68.065  15.064 0.5000000000
33367  -16.976  -68.321  14.834 0.4000000060
142461  -17.329  -68.617  15.389 0.4000000060
32234  -18.370  -68.913  16.023 0.3000000119
33387  -16.398  -67.594  14.703 0.3000000119
134931  -16.488  -68.061  14.839 0.3000000119
34451  -14.160  -67.991  17.162 0.4000000060
35561  -15.232  -66.682  15.660 0.3000000119
35562  -15.793  -66.881  15.134 0.4000000060
33368  -18.484  -68.376  14.859 0.3000000119
35544  -14.680  -66.870  16.166 0.3000000119
37677  -15.481  -65.058  15.622 0.3000000119
11651  -16.067  -89.147  -0.290 0.6000000238
12810  -16.205  -88.406  1.022 0.5000000000
18963  -17.675  -81.815  12.512 0.6000000238
17867  -17.796  -83.097  12.447 0.6000000238
4741  -9.699  -96.280  3.210 0.5000000000
6159  -11.508  -95.064  4.158 0.6000000238
6230  -13.333  -94.449  -0.673 0.5000000000
6141  -12.404  -94.825  5.310 0.6999999881
4724  -13.754  -95.726  4.819 0.6999999881
6957  -14.719  -93.168  4.664 0.6999999881
6129  -15.023  -94.474  6.331 0.6999999881
6112  -14.821  -94.090  6.703 0.6999999881
131882  -16.743  -92.356  -2.227 0.5000000000
128789  -17.785  -93.688  3.431 0.6999999881
7739  -15.936  -92.380  2.957 0.6999999881
7727  -15.558  -92.578  4.832 0.6999999881
6164  -18.525  -93.618  3.824 0.6999999881
8646  -16.527  -91.810  6.671 0.6999999881
11666  -16.569  -89.376  -0.901 0.6000000238
6146  -20.768  -94.210  4.077 0.6999999881
8670  -17.347  -91.569  4.462 0.6000000238
8615  -18.182  -91.471  7.657 0.6000000238
6912  -19.350  -92.770  7.553 0.5000000000
13884  -14.271  -87.067  2.375 0.6999999881
139304  -17.821  -91.357  5.067 0.6000000238
5458  -24.047  -95.392  2.082 0.6000000238
5496  -24.430  -95.667  0.480 0.6000000238
9543  -18.848  -90.875  7.336 0.5000000000
7653  -21.963  -91.793  9.622 0.5000000000
5460  -25.286  -96.162  3.173 0.5000000000
13885  -15.309  -87.104  2.215 0.6000000238
14910  -12.918  -86.333  2.717 0.6999999881
10670  -20.723  -89.970  -1.979 0.6000000238
8698  -19.404  -91.708  2.683 0.5000000000
8649  -19.182  -90.919  5.401 0.5000000000
139344  -20.109  -90.585  7.463 0.6000000238
9573  -19.745  -90.811  6.036 0.5000000000
9545  -20.442  -90.544  8.164 0.5000000000
5498  -26.398  -95.539  0.293 0.6000000238
4764  -26.520  -96.354  1.824 0.6000000238
4035  -27.188  -97.202  3.973 0.5000000000
19049  -14.075  -82.362  6.835 0.6000000238
14916  -20.974  -85.581  1.126 0.5000000000
14780  -12.773  -86.084  11.614 0.6000000238
14812  -11.965  -85.412  9.132 0.6000000238
130310  -23.751  -91.847  1.096 0.6000000238
147136  -13.974  -86.128  11.102 0.6000000238
20066  -11.299  -80.169  10.162 0.8000000119
13757  -14.251  -85.946  10.226 0.6000000238
11674  -25.584  -88.539  -2.046 0.6000000238
16814  -13.441  -84.350  9.531 0.6000000238
10655  -26.000  -90.190  -1.639 0.6000000238
20050  -13.149  -80.818  12.017 0.8000000119
14925  -23.642  -86.192  -0.250 0.6000000238
17890  -14.373  -83.376  10.908 0.6000000238
16793  -14.954  -84.215  10.278 0.6999999881
16795  -16.291  -84.500  11.093 0.6000000238
16752  -17.425  -83.656  14.208 0.6000000238
17865  -16.219  -82.223  11.919 0.6999999881
16766  -18.311  -83.209  13.357 0.6000000238
20025  -18.950  -80.854  13.247 0.5000000000
132992  -16.353  -81.069  16.657 0.5000000000
17848  -18.956  -82.818  13.870 0.6000000238
18923  -20.115  -81.388  15.294 0.5000000000
25504  -11.265  -75.236  19.955 0.6999999881
25517  -11.373  -75.519  19.007 0.6000000238
24311  -11.737  -75.903  21.253 0.6999999881
23298  -12.294  -77.043  20.264 0.8000000119
24313  -13.298  -76.770  21.480 0.6000000238
28898  -12.506  -72.630  21.295 0.6000000238
25495  -14.497  -75.601  20.453 0.5000000000
25494  -13.483  -75.423  21.202 0.5000000000
24345  -17.587  -76.804  19.355 0.5000000000
29987  -12.377  -71.876  21.103 0.5000000000
127660  -16.756  -74.136  19.119 0.5000000000
22156  -15.001  -79.151  20.257 0.6000000238
20996  -15.834  -79.356  20.632 0.6000000238
20999  -18.002  -79.839  20.647 0.5000000000
31083  -13.085  -69.824  20.074 0.5000000000
31104  -14.631  -70.080  17.306 0.4000000060
31105  -15.352  -70.187  17.332 0.5000000000
31118  -15.040  -69.949  16.729 0.4000000060
30039  -18.332  -70.907  18.051 0.4000000060
32232  -15.058  -69.558  16.547 0.5000000000
31108  -18.360  -70.078  17.490 0.4000000060
33353  -15.167  -68.201  15.960 0.5000000000
34464  -15.718  -67.704  15.168 0.4000000060
146636  -17.865  -68.158  14.655 0.4000000060
35581  -16.389  -66.966  14.607 0.4000000060
36664  -14.989  -65.926  16.010 0.3000000119
141647  -15.875  -66.040  15.498 0.3000000119
36686  -16.625  -66.166  14.678 0.3000000119
140443  -26.931  -94.966  -3.997 0.5000000000
6313  -28.591  -95.413  -4.064 0.5000000000
4152  -29.196  -96.822  -4.974 0.5000000000
5561  -29.515  -95.557  -4.747 0.5000000000
139238  -30.044  -97.563  -4.007 0.5000000000
4831  -29.814  -96.306  -4.067 0.5000000000
3406  -31.068  -97.890  -2.952 0.6000000238
7052  -26.781  -94.631  -3.546 0.5000000000
7053  -27.535  -94.451  -3.639 0.5000000000
6301  -28.639  -95.286  -3.837 0.5000000000
6303  -29.742  -95.626  -4.241 0.5000000000
132057  -31.593  -98.226  -2.314 0.6000000238
4832  -30.783  -96.528  -3.755 0.6000000238
136024  -30.732  -96.937  -4.024 0.6000000238
7044  -24.778  -94.084  -3.926 0.4000000060
6254  -19.310  -94.459  -1.748 0.4000000060
6255  -20.236  -94.412  -1.801 0.4000000060
6272  -20.940  -94.465  -2.506 0.5000000000
146217  -22.514  -94.705  -2.562 0.5000000000
6285  -22.962  -94.462  -3.963 0.5000000000
6273  -23.224  -94.622  -3.170 0.5000000000
6258  -23.379  -94.918  -2.228 0.5000000000
6286  -23.987  -94.164  -3.810 0.5000000000
6287  -24.577  -94.307  -3.454 0.5000000000
2745  -32.010  -98.585  -1.628 0.6000000238
2140  -32.767  -99.058  -0.578 0.6000000238
7038  -26.143  -94.658  -2.994 0.5000000000
7039  -27.040  -94.456  -2.946 0.5000000000
142075  -26.515  -94.591  -2.664 0.5000000000
3387  -32.464  -97.882  -2.031 0.6000000238
6288  -28.614  -94.827  -3.610 0.5000000000
5542  -30.296  -95.926  -3.608 0.6000000238
4826  -31.952  -96.729  -3.648 0.6000000238
3373  -33.649  -98.195  -1.340 0.6000000238
4823  -33.177  -96.873  -2.942 0.6000000238
3389  -33.740  -97.648  -1.598 0.6000000238
3362  -34.345  -98.112  -0.465 0.6999999881
137251  -33.460  -96.979  -2.154 0.6000000238
4817  -34.061  -97.412  -0.923 0.6999999881
6213  -17.738  -94.467  0.489 0.6000000238
6214  -18.548  -94.489  0.134 0.6000000238
134450  -20.118  -94.327  0.727 0.6000000238
137291  -19.765  -94.458  -0.853 0.5000000000
137290  -20.704  -94.467  -0.830 0.5000000000
137540  -21.080  -94.545  -0.158 0.6000000238
6257  -21.800  -94.707  -2.058 0.5000000000
146343  -21.885  -94.798  -1.207 0.5000000000
134860  -22.654  -94.932  -1.484 0.5000000000
139142  -24.067  -94.674  -2.912 0.5000000000
151325  -23.483  -95.293  -1.458 0.5000000000
6274  -25.781  -94.758  -2.663 0.5000000000
2114  -32.744  -99.380  0.858 0.6999999881
2127  -33.681  -98.539  0.381 0.6000000238
136334  -34.007  -98.648  1.482 0.8000000119
6276  -27.649  -94.294  -2.441 0.5000000000
6278  -29.212  -94.778  -3.049 0.5000000000
5537  -29.838  -95.292  -2.453 0.6000000238
2719  -34.308  -98.283  0.012 0.6999999881
2691  -34.548  -98.440  1.428 0.6999999881
5543  -31.479  -96.303  -3.382 0.6000000238
4108  -34.945  -97.900  0.027 0.6999999881
146412  -32.166  -96.290  -2.263 0.6000000238
133436  -33.169  -96.765  -2.045 0.6000000238
4804  -33.076  -96.695  -0.932 0.6999999881
4806  -34.647  -97.623  0.120 0.6999999881
4079  -35.094  -97.738  1.580 0.6000000238
6212  -17.013  -94.563  0.399 0.5000000000
134451  -19.239  -94.304  0.854 0.6000000238
134380  -21.036  -94.557  0.649 0.6000000238
6235  -22.329  -94.950  -0.487 0.6000000238
6236  -23.194  -95.344  -0.722 0.6000000238
6260  -25.429  -95.015  -1.859 0.5000000000
6238  -25.903  -94.851  -0.877 0.6000000238
2105  -33.549  -99.247  1.852 0.6999999881
6261  -26.396  -94.628  -1.906 0.5000000000
6239  -26.702  -94.752  -1.214 0.5000000000
134934  -34.504  -98.792  3.205 0.5000000000
3305  -34.733  -98.402  4.741 0.6000000238
138509  -27.044  -94.441  -1.912 0.6000000238
5530  -29.295  -95.467  -1.640 0.5000000000
3329  -34.867  -98.356  2.389 0.6000000238
5531  -30.903  -95.795  -2.335 0.5000000000
2705  -34.820  -98.249  0.632 0.6999999881
3343  -34.943  -98.194  1.416 0.6000000238
4814  -31.773  -96.167  -1.939 0.5000000000
138692  -35.138  -97.977  1.630 0.6000000238
4080  -35.318  -97.496  2.421 0.6000000238
129832  -32.237  -96.696  0.190 0.5000000000
4771  -35.051  -96.922  2.461 0.5000000000
4751  -33.230  -96.126  2.970 0.5000000000
5468  -36.150  -96.059  2.616 0.5000000000
129234  -16.608  -94.590  0.962 0.6000000238
128979  -17.313  -94.482  1.079 0.6000000238
5476  -15.920  -94.790  1.307 0.4000000060
5515  -25.894  -95.156  -0.080 0.5000000000
3316  -34.817  -98.582  4.113 0.6000000238
5528  -27.581  -94.781  -1.461 0.5000000000
3317  -35.520  -98.075  4.019 0.5000000000
4812  -30.002  -95.974  -1.341 0.5000000000
3330  -35.485  -98.032  3.205 0.5000000000
4038  -35.818  -97.536  4.631 0.5000000000
4023  -35.739  -97.390  5.043 0.5000000000
4802  -30.289  -96.613  -0.400 0.5000000000
4067  -35.597  -97.238  3.175 0.5000000000
4753  -36.422  -96.349  3.460 0.5000000000
134962  -31.213  -96.708  -0.127 0.6000000238
4768  -31.292  -96.901  1.772 0.6000000238
4752  -35.610  -96.733  2.920 0.5000000000
135638  -36.147  -96.379  3.037 0.6000000238
128584  -32.037  -96.424  2.359 0.6000000238
4737  -32.953  -96.016  3.102 0.5000000000
130055  -14.470  -95.555  2.838 0.4000000060
143595  -28.538  -95.819  -0.607 0.5000000000
4717  -36.214  -96.715  4.870 0.5000000000
4800  -28.920  -96.440  -0.157 0.5000000000
4785  -29.601  -96.877  0.307 0.5000000000
132810  -36.842  -95.712  3.791 0.5000000000
5439  -36.705  -95.438  4.230 0.5000000000
6153  -36.398  -94.739  4.164 0.5000000000
145997  -35.702  -93.764  4.040 0.5000000000
7746  -34.380  -92.039  3.602 0.5000000000
4078  -30.028  -97.306  1.788 0.6000000238
4767  -30.624  -97.042  1.993 0.6000000238
4754  -37.086  -95.517  2.981 0.5000000000
5464  -31.978  -96.039  2.642 0.6000000238
5502  -37.678  -95.166  0.598 0.5000000000
6202  -31.501  -95.614  2.136 0.5000000000
6203  -32.163  -94.809  1.836 0.5000000000
152481  -28.309  -97.311  3.229 0.5000000000
4729  -36.982  -95.224  3.803 0.5000000000
6966  -36.719  -94.197  3.827 0.5000000000
7747  -35.282  -92.684  3.362 0.5000000000
4076  -28.649  -97.489  1.798 0.5000000000
4054  -29.104  -96.855  3.076 0.6000000238
6172  -37.523  -94.764  2.943 0.5000000000
6171  -37.153  -94.200  3.409 0.5000000000
6986  -36.143  -92.885  2.835 0.5000000000
7760  -34.634  -91.691  2.803 0.5000000000
8703  -34.206  -90.876  2.992 0.5000000000
5463  -30.728  -96.166  2.117 0.5000000000
5485  -37.820  -95.110  1.303 0.5000000000
6207  -38.261  -94.666  0.781 0.5000000000
4052  -27.793  -97.245  3.556 0.5000000000
7762  -36.508  -92.696  1.869 0.5000000000
7761  -35.396  -92.121  2.312 0.5000000000
125743  -34.915  -90.661  1.631 0.4000000060
7776  -35.560  -91.801  1.232 0.4000000060
9672  -12.797  -90.935  -0.394 0.4000000060
15756  -12.844  -83.841  13.116 0.5000000000
20010  -12.339  -80.599  14.623 0.5000000000
18948  -12.190  -82.040  13.984 0.5000000000
22215  -11.367  -78.084  15.369 0.5000000000
21071  -11.645  -78.961  15.251 0.5000000000
17857  -12.637  -82.928  13.714 0.5000000000
26634  -11.246  -74.103  19.627 0.5000000000
27772  -11.369  -73.000  19.306 0.5000000000
4766  -28.406  -97.195  1.105 0.5000000000
4784  -28.566  -96.784  0.497 0.5000000000
3407  -32.142  -97.435  -2.843 0.6000000238
6289  -29.241  -95.075  -3.625 0.6000000238
4129  -33.033  -97.138  -3.226 0.6000000238
4805  -33.895  -97.144  -0.428 0.6999999881
6216  -20.395  -94.352  -0.065 0.6000000238
6262  -28.237  -94.661  -2.058 0.5000000000
4803  -31.965  -96.515  -0.986 0.6000000238
4789  -33.990  -97.429  1.100 0.6000000238
140232  -33.268  -96.875  1.693 0.6000000238
2662  -34.090  -99.270  3.893 0.6999999881
5529  -28.533  -95.254  -1.334 0.5000000000
4813  -31.009  -96.333  -1.210 0.5000000000
131489  -32.305  -96.767  1.544 0.6000000238
4769  -32.878  -96.464  2.480 0.6000000238
4770  -33.960  -96.764  2.318 0.5000000000
5484  -37.212  -95.245  1.585 0.5000000000
4055  -35.943  -97.437  3.879 0.5000000000
4728  -36.671  -95.944  4.398 0.5000000000
4786  -30.487  -97.072  0.596 0.5000000000
6185  -32.435  -95.435  2.648 0.5000000000
4093  -29.037  -97.371  0.926 0.5000000000
140750  -30.496  -96.740  2.101 0.5000000000
4066  -29.626  -97.306  2.185 0.5000000000
6976  -36.411  -93.567  3.465 0.5000000000
6977  -37.621  -94.227  2.591 0.5000000000
6987  -36.991  -93.492  2.791 0.5000000000
8704  -34.441  -91.079  2.435 0.5000000000
151838  -38.033  -93.594  0.852 0.4000000060
8717  -34.703  -90.996  1.617 0.4000000060
141444  -31.360  -95.804  6.840 0.5000000000
4708  -32.459  -96.254  6.223 0.6000000238
5416  -33.222  -95.643  6.076 0.6000000238
4714  -33.166  -97.119  5.751 0.6000000238
137408  -32.696  -97.817  5.462 0.4000000060
135781  -33.778  -95.097  5.685 0.4000000060
5437  -35.285  -95.450  5.072 0.4000000060
5425  -34.203  -95.949  5.783 0.5000000000
4715  -33.697  -96.500  5.870 0.6000000238
4716  -34.712  -96.739  5.555 0.5000000000
141524  -35.623  -96.878  5.242 0.4000000060
4020  -33.682  -97.801  5.402 0.5000000000
4037  -35.363  -97.937  5.000 0.5000000000
3304  -33.986  -98.755  4.846 0.6000000238
2661  -33.273  -99.562  3.519 0.6000000238
2104  -32.804  -99.525  1.586 0.6000000238
2113  -32.161  -99.425  0.201 0.6000000238
2126  -33.089  -99.060  0.213 0.6000000238
2125  -31.320  -99.618  -0.174 0.6000000238
2139  -31.963  -99.343  -0.763 0.5000000000
2744  -31.015  -98.772  -1.881 0.5000000000
149258  -30.777  -98.568  -2.713 0.4000000060
3422  -30.004  -98.754  -4.031 0.5000000000
9632  -34.549  -90.810  2.264 0.3000000119
4842  -28.285  -96.340  -4.838 0.4000000060
15937  -23.395  -84.827  0.645 0.4000000060
14922  -23.921  -85.357  0.129 0.4000000060
13907  -24.610  -86.676  -0.776 0.5000000000
19991  -20.146  -81.228  17.002 0.5000000000
18892  -19.631  -81.534  17.826 0.5000000000
19977  -20.261  -81.014  17.985 0.5000000000
19960  -19.665  -81.137  18.657 0.4000000060
19929  -19.209  -80.330  20.341 0.4000000060
136120  -20.825  -79.032  16.616 0.4000000060
22142  -19.244  -79.052  20.646 0.4000000060
22143  -20.174  -79.082  20.375 0.4000000060
19930  -19.942  -80.284  20.289 0.4000000060
23285  -18.723  -78.240  20.546 0.4000000060
22157  -19.659  -78.244  20.238 0.4000000060
21049  -21.756  -79.888  18.128 0.4000000060
23302  -19.072  -77.523  19.908 0.4000000060
23303  -19.973  -77.587  19.635 0.4000000060
22171  -22.815  -78.850  19.207 0.4000000060
24346  -18.491  -76.896  19.240 0.4000000060
24347  -19.405  -76.957  19.172 0.4000000060
25508  -18.092  -76.230  18.804 0.4000000060
24363  -18.914  -76.315  18.760 0.4000000060
130221  -18.098  -73.174  18.827 0.3000000119
146588  -18.270  -73.882  18.923 0.4000000060
30024  -18.787  -71.884  18.445 0.3000000119
27785  -18.799  -73.317  18.547 0.3000000119
21048  -21.022  -80.014  17.447 0.4000000060
21035  -21.173  -80.370  18.562 0.4000000060
19961  -20.414  -80.662  18.921 0.4000000060
19978  -20.727  -80.599  18.050 0.4000000060
21018  -21.066  -80.199  19.609 0.4000000060
21002  -20.964  -79.060  20.122 0.4000000060
22204  -21.936  -79.072  16.767 0.4000000060
21020  -22.286  -79.381  19.513 0.4000000060
22159  -21.613  -78.633  19.942 0.4000000060
22158  -20.684  -78.244  19.983 0.4000000060
6101  -36.288  -94.045  8.162 0.3000000119
6108  -36.168  -93.714  7.538 0.3000000119
5405  -36.026  -95.010  8.974 0.4000000060
6100  -35.555  -94.447  8.275 0.3000000119
6902  -35.327  -93.667  7.699 0.4000000060
5404  -35.220  -95.180  9.208 0.3000000119
6099  -34.659  -94.750  8.803 0.3000000119
129698  -34.591  -94.099  8.308 0.4000000060
4680  -34.999  -96.524  10.122 0.3000000119
6087  -33.616  -94.255  9.147 0.3000000119
135228  -34.723  -95.906  9.516 0.3000000119
140032  -33.282  -95.079  9.245 0.3000000119
6086  -32.781  -94.423  9.454 0.3000000119
137910  -33.811  -95.904  9.262 0.3000000119
5390  -32.355  -95.027  9.216 0.3000000119
6085  -32.163  -94.189  9.447 0.3000000119
4677  -32.347  -96.364  9.014 0.3000000119
5389  -31.831  -95.654  8.875 0.3000000119
139311  -31.786  -94.695  9.044 0.3000000119
3244  -32.816  -98.473  9.378 0.3000000119
3978  -32.804  -97.476  9.287 0.3000000119
3996  -31.883  -97.001  8.882 0.3000000119
4694  -31.417  -96.395  8.455 0.3000000119
140621  -31.451  -95.270  8.434 0.3000000119
133305  -32.121  -98.034  8.815 0.4000000060
151287  -34.555  -93.375  8.044 0.3000000119
5393  -36.643  -95.473  9.792 0.4000000060
6901  -33.822  -93.412  8.650 0.4000000060
5392  -35.749  -95.844  9.899 0.3000000119
6883  -33.165  -93.366  9.210 0.4000000060
4679  -34.148  -96.585  9.730 0.3000000119
147642  -32.064  -93.456  9.349 0.4000000060
6084  -31.728  -93.957  9.155 0.4000000060
3980  -34.426  -97.252  10.199 0.3000000119
6107  -31.367  -94.395  8.144 0.4000000060
3245  -33.339  -98.667  10.026 0.3000000119
3246  -33.938  -97.955  10.174 0.4000000060
5409  -31.198  -95.371  7.678 0.4000000060
4700  -30.757  -96.711  7.460 0.3000000119
2586  -33.582  -99.229  10.790 0.3000000119
7696  -35.928  -92.962  7.192 0.3000000119
129692  -35.422  -92.092  7.754 0.3000000119
7697  -36.942  -92.912  6.859 0.3000000119
7682  -34.963  -92.834  7.725 0.3000000119
8600  -34.478  -91.795  8.113 0.3000000119
4681  -37.811  -95.831  10.501 0.4000000060
7680  -33.279  -92.621  8.856 0.3000000119
141614  -33.077  -91.149  8.531 0.3000000119
139590  -35.901  -96.682  10.230 0.3000000119
4668  -36.864  -96.467  10.328 0.4000000060
8583  -32.780  -91.918  8.894 0.4000000060
8598  -32.335  -91.550  8.616 0.3000000119
7658  -31.911  -92.670  9.053 0.4000000060
7695  -31.512  -92.434  8.142 0.4000000060
149989  -35.956  -98.096  10.995 0.3000000119
6920  -31.427  -93.298  7.950 0.4000000060
6936  -31.764  -93.126  7.101 0.4000000060
3247  -34.830  -97.920  10.413 0.3000000119
3220  -35.566  -98.277  11.563 0.3000000119
6120  -31.706  -94.070  7.373 0.4000000060
6135  -32.653  -93.836  6.151 0.5000000000
3234  -35.188  -98.231  10.841 0.3000000119
5414  -31.641  -94.933  7.163 0.4000000060
5415  -32.252  -95.273  6.539 0.4000000060
6122  -32.932  -94.726  6.147 0.5000000000
1983  -32.968  -99.855  11.130 0.3000000119
8624  -36.275  -92.212  7.227 0.3000000119
3947  -38.534  -97.371  10.973 0.4000000060
8623  -32.107  -91.273  7.953 0.4000000060
8656  -32.399  -91.598  6.234 0.4000000060
3945  -37.402  -97.635  11.102 0.4000000060
6937  -32.310  -93.026  6.332 0.4000000060
6949  -33.870  -93.671  5.140 0.4000000060
3222  -37.142  -97.520  11.602 0.3000000119
135676  -33.453  -94.154  5.639 0.4000000060
3204  -36.270  -98.125  12.395 0.3000000119
6136  -34.400  -94.605  5.131 0.4000000060
6152  -35.439  -94.639  4.590 0.4000000060
3219  -34.796  -98.567  11.230 0.3000000119
2569  -34.199  -99.050  11.472 0.3000000119
2568  -33.407  -99.503  11.914 0.3000000119
9532  -33.988  -90.879  8.239 0.3000000119
144022  -33.371  -90.711  8.098 0.3000000119
9566  -32.527  -91.016  6.587 0.3000000119
139913  -37.652  -97.284  11.816 0.4000000060
150609  -32.740  -91.639  5.558 0.5000000000
6964  -33.861  -92.847  4.821 0.4000000060
3205  -36.983  -97.675  12.663 0.4000000060
6965  -34.608  -93.750  4.575 0.4000000060
2515  -35.939  -99.443  14.687 0.3000000119
3191  -35.857  -98.947  13.828 0.3000000119
2548  -34.887  -99.018  13.333 0.3000000119
2547  -34.006  -99.353  12.875 0.3000000119
1945  -32.259  -100.710  13.133 0.3000000119
2546  -33.181  -100.217  13.087 0.3000000119
9553  -33.242  -90.490  7.546 0.3000000119
9576  -32.795  -91.065  5.887 0.4000000060
7718  -33.072  -91.998  4.973 0.4000000060
2513  -34.852  -99.633  14.666 0.3000000119
2501  -34.212  -99.509  14.788 0.3000000119
144847  -34.507  -99.778  14.353 0.3000000119
139385  -33.804  -99.828  14.810 0.3000000119
2529  -33.644  -100.074  14.146 0.3000000119
3172  -33.018  -99.688  15.099 0.3000000119
2528  -32.322  -99.880  15.062 0.3000000119
2511  -32.617  -99.976  15.181 0.3000000119
1920  -32.175  -100.222  14.935 0.3000000119
1921  -32.752  -100.170  14.973 0.3000000119
9593  -33.612  -90.772  4.679 0.3000000119
8677  -33.538  -91.261  4.350 0.4000000060
2545  -31.162  -99.482  13.447 0.3000000119
2544  -30.504  -100.195  13.344 0.3000000119
10589  -35.148  -89.927  5.723 0.3000000119
9578  -34.109  -90.203  5.367 0.3000000119
9594  -34.109  -90.462  4.187 0.3000000119
10605  -35.739  -90.082  5.045 0.3000000119
9595  -34.884  -90.195  4.662 0.3000000119
139106  -34.744  -90.263  3.639 0.3000000119
19959  -18.961  -81.107  19.027 0.5000000000
26649  -18.444  -74.734  18.814 0.5000000000
25521  -18.618  -75.587  18.672 0.4000000060
19943  -19.608  -80.694  19.589 0.4000000060
2649  -33.239  -99.491  4.215 0.6000000238
3297  -34.505  -98.122  5.174 0.5000000000
5438  -36.187  -95.509  4.682 0.4000000060
7734  -34.571  -92.875  4.105 0.4000000060
7733  -33.868  -91.937  4.253 0.4000000060
8693  -33.968  -91.241  3.396 0.4000000060
144609  -34.236  -90.618  3.453 0.3000000119
21062  -20.347  -80.254  16.447 0.5000000000
21063  -20.416  -79.602  16.505 0.4000000060
22187  -21.559  -79.578  17.286 0.4000000060
3979  -33.670  -97.385  9.767 0.3000000119
130548  -33.362  -98.069  9.705 0.3000000119
4669  -37.937  -96.968  10.575 0.4000000060
3982  -36.291  -97.197  10.502 0.3000000119
3965  -35.655  -97.703  10.724 0.3000000119
7709  -31.941  -92.249  6.767 0.4000000060
3203  -35.379  -98.480  12.658 0.3000000119
6948  -33.076  -93.080  5.573 0.4000000060
8657  -33.128  -91.231  5.125 0.4000000060
3192  -36.388  -98.873  14.502 0.3000000119
9577  -33.355  -90.616  5.614 0.3000000119
2526  -31.180  -100.334  13.841 0.3000000119
2146  -31.025  -99.323  -1.406 0.5000000000
1627  -30.619  -99.734  -0.390 0.5000000000
1620  -31.383  -99.930  0.706 0.5000000000
1579  -32.047  -100.501  2.704 0.5000000000
147291  -33.478  -99.179  4.604 0.4000000060
5449  -28.614  -96.143  3.399 0.4000000060
4011  -31.994  -97.073  5.890 0.5000000000
130626  -31.474  -96.525  6.417 0.3000000119
4002  -30.614  -97.374  7.392 0.3000000119
3995  -31.321  -97.413  8.381 0.3000000119
4693  -30.892  -96.976  7.940 0.3000000119
3193  -37.058  -97.967  14.013 0.3000000119
3915  -37.633  -97.210  14.040 0.3000000119
3926  -37.605  -97.222  12.839 0.3000000119
128645  -37.724  -96.516  15.109 0.3000000119
3916  -38.040  -96.819  12.901 0.3000000119
3927  -38.350  -97.081  11.601 0.3000000119
5385  -38.566  -96.411  10.848 0.3000000119
5384  -38.116  -95.724  10.162 0.3000000119
6069  -37.640  -94.995  10.730 0.3000000119
133799  -37.820  -96.729  14.133 0.3000000119
5335  -38.039  -95.397  13.114 0.3000000119
4635  -38.422  -95.795  12.127 0.3000000119
135632  -37.915  -95.119  11.663 0.3000000119
5394  -37.000  -95.015  9.802 0.3000000119
6088  -37.099  -94.133  9.027 0.3000000119
6038  -37.655  -94.740  13.705 0.3000000119
134136  -37.205  -94.580  9.888 0.3000000119
3421  -29.474  -98.148  -3.937 0.3000000119
2639  -33.112  -99.107  4.824 0.5000000000
2080  -32.643  -99.975  3.737 0.4000000060
1608  -31.997  -99.784  1.368 0.5000000000
4706  -30.574  -96.866  6.995 0.3000000119
22205  -23.035  -78.934  16.713 0.3000000119
22188  -22.518  -79.410  17.611 0.3000000119
24348  -20.254  -76.993  19.084 0.3000000119
2145  -30.491  -99.059  -1.774 0.4000000060
1626  -30.065  -99.792  -0.407 0.4000000060
1561  -28.648  -101.668  3.529 0.4000000060
1203  -29.747  -101.426  2.555 0.4000000060
1204  -30.503  -101.327  2.896 0.4000000060
1205  -31.478  -101.139  3.088 0.4000000060
1564  -31.807  -101.001  2.840 0.4000000060
1228  -30.262  -100.580  1.351 0.4000000060
1607  -30.836  -100.393  1.202 0.4000000060
1592  -31.722  -100.489  2.303 0.4000000060
1169  -28.555  -102.222  5.616 0.3000000119
1180  -28.930  -102.397  4.693 0.4000000060
1191  -30.195  -101.650  3.699 0.4000000060
147736  -30.330  -99.903  -0.022 0.4000000060
1190  -29.189  -101.584  3.099 0.4000000060
137929  -29.847  -100.891  1.636 0.4000000060
1523  -28.119  -101.802  4.866 0.3000000119
132963  -29.272  -102.050  3.882 0.4000000060
145829  -29.773  -101.627  3.240 0.4000000060
1229  -30.580  -100.648  1.815 0.4000000060
1192  -31.254  -101.197  3.199 0.4000000060
150612  -31.535  -101.083  3.053 0.4000000060
1158  -28.456  -102.246  6.494 0.3000000119
1182  -30.248  -101.672  4.558 0.3000000119
1171  -29.704  -102.120  5.218 0.3000000119
2050  -31.067  -100.901  4.671 0.3000000119
2638  -31.857  -99.485  4.948 0.3000000119
1543  -31.060  -101.218  4.170 0.3000000119
3294  -31.114  -98.670  5.528 0.3000000119
4019  -31.552  -97.859  5.690 0.3000000119
3295  -32.317  -98.603  5.183 0.3000000119
2051  -31.868  -100.228  4.493 0.3000000119
136979  -32.746  -99.615  4.550 0.3000000119
2065  -32.388  -100.100  4.088 0.3000000119
6045  -24.802  -94.796  12.704 0.3000000119
6033  -25.338  -94.643  13.004 0.3000000119
3174  -34.852  -98.025  14.732 0.3000000119
5347  -28.542  -95.298  12.999 0.3000000119
5330  -29.615  -95.192  13.046 0.3000000119
6037  -30.823  -95.081  12.936 0.3000000119
5332  -31.600  -95.271  13.402 0.3000000119
5333  -32.578  -95.546  13.338 0.3000000119
5319  -33.556  -95.762  14.115 0.3000000119
4613  -34.168  -96.205  14.517 0.3000000119
4594  -34.973  -96.459  15.569 0.3000000119
5317  -30.306  -95.891  14.073 0.3000000119
5331  -30.916  -95.353  13.685 0.3000000119
5318  -31.697  -95.609  14.234 0.3000000119
4612  -32.767  -95.624  14.214 0.3000000119
5304  -33.558  -95.953  14.668 0.3000000119
1525  -30.516  -101.378  4.906 0.3000000119
141634  -26.454  -94.701  12.104 0.3000000119
5369  -30.049  -95.018  11.881 0.3000000119
6048  -28.149  -94.837  12.338 0.3000000119
6035  -27.327  -95.068  12.805 0.3000000119
6067  -29.506  -94.688  11.975 0.3000000119
6036  -30.461  -95.169  13.126 0.3000000119
140176  -31.295  -96.593  14.983 0.3000000119
1160  -29.569  -102.216  6.000 0.3000000119
1170  -29.214  -102.380  5.401 0.3000000119
1181  -29.462  -102.152  4.559 0.3000000119
1193  -31.613  -101.286  3.065 0.4000000060
1194  -31.912  -101.205  2.852 0.4000000060
1214  -29.608  -101.228  1.938 0.4000000060
1215  -30.099  -101.214  2.153 0.4000000060
1216  -30.774  -100.917  2.448 0.4000000060
1217  -31.456  -100.859  2.890 0.4000000060
1227  -29.864  -100.431  0.865 0.4000000060
1542  -28.376  -101.780  4.174 0.4000000060
1544  -31.671  -100.776  3.811 0.3000000119
1562  -30.789  -101.388  3.904 0.4000000060
1563  -31.467  -101.096  3.272 0.3000000119
1591  -31.098  -100.576  2.107 0.4000000060
1593  -32.268  -100.076  2.086 0.5000000000
1606  -30.341  -100.277  0.616 0.4000000060
1619  -30.766  -100.007  0.255 0.4000000060
1929  -31.629  -100.652  14.063 0.3000000119
1946  -32.702  -100.396  14.040 0.3000000119
1964  -32.809  -100.118  12.187 0.3000000119
2079  -32.016  -100.556  3.449 0.3000000119
2091  -33.371  -99.483  2.715 0.6000000238
2115  -33.476  -98.894  1.059 0.6999999881
2136  -29.623  -99.693  -0.827 0.4000000060
2138  -31.178  -99.530  -0.905 0.5000000000
2147  -31.619  -99.177  -1.258 0.5000000000
2512  -33.155  -99.819  15.147 0.3000000119
2514  -35.755  -99.500  14.753 0.3000000119
2527  -31.707  -100.071  14.515 0.3000000119
2530  -34.572  -99.838  13.928 0.3000000119
2531  -35.348  -99.670  14.356 0.3000000119
2650  -34.105  -98.984  4.467 0.6000000238
2673  -33.950  -99.270  3.129 0.6999999881
2690  -34.169  -98.895  2.228 0.8000000119
2704  -34.053  -98.415  1.006 0.6999999881
2718  -33.532  -98.628  -0.334 0.6999999881
2731  -32.471  -98.933  -1.123 0.6000000238
2732  -33.308  -98.684  -1.055 0.6000000238
2733  -33.963  -98.363  -0.820 0.6999999881
2746  -32.941  -98.395  -1.480 0.6000000238
2754  -30.338  -99.033  -2.938 0.4000000060
3177  -37.005  -98.559  14.949 0.3000000119
3188  -31.943  -99.227  14.111 0.3000000119
3202  -34.734  -98.647  12.200 0.3000000119
3221  -36.512  -97.825  11.372 0.3000000119
3235  -36.548  -97.684  10.923 0.3000000119
3296  -33.502  -98.465  5.131 0.5000000000
3306  -35.327  -98.119  4.568 0.6000000238
3363  -34.649  -97.894  0.148 0.6999999881
3374  -34.072  -98.022  -1.050 0.6999999881
3388  -33.203  -97.719  -1.846 0.6000000238
3405  -30.304  -98.680  -3.528 0.4000000060
3408  -33.041  -97.396  -2.630 0.6000000238
3423  -30.568  -97.744  -3.576 0.6000000238
3904  -34.888  -96.888  14.762 0.3000000119
3905  -37.841  -97.262  14.995 0.3000000119
3946  -38.082  -97.592  11.159 0.4000000060
3966  -37.245  -97.333  10.748 0.3000000119
3981  -35.287  -97.155  10.509 0.3000000119
4010  -30.976  -97.170  6.354 0.3000000119
4021  -34.217  -97.331  5.539 0.6000000238
4022  -35.161  -97.489  5.282 0.5000000000
4029  -11.830  -96.431  4.706 0.6000000238
4036  -27.548  -97.032  4.035 0.5000000000
4039  -36.344  -96.625  4.285 0.5000000000
4046  -11.759  -96.890  3.907 0.5000000000
4053  -28.855  -97.218  3.002 0.6000000238
4063  -27.910  -97.491  2.975 0.5000000000
4064  -28.517  -97.411  2.670 0.5000000000
4065  -29.137  -97.427  2.388 0.5000000000
4075  -28.103  -97.419  2.309 0.6000000238
4077  -29.384  -97.472  1.677 0.5000000000
4094  -29.844  -97.371  1.104 0.6000000238
4095  -30.586  -97.220  1.408 0.5000000000
4096  -35.043  -97.831  0.705 0.6999999881
4097  -35.059  -98.085  0.757 0.6999999881
4107  -34.432  -97.878  -0.457 0.6999999881
4115  -33.721  -97.250  -1.681 0.6000000238
4116  -34.006  -97.687  -1.198 0.6999999881
4122  -33.311  -97.154  -2.324 0.6000000238
4127  -31.548  -97.123  -3.646 0.6000000238
4128  -32.234  -96.954  -3.516 0.6000000238
4141  -28.964  -97.472  -4.125 0.3000000119
4142  -31.627  -96.829  -3.866 0.6000000238
4153  -29.751  -96.796  -4.364 0.5000000000
4624  -33.809  -96.105  13.781 0.3000000119
4625  -38.024  -96.276  13.030 0.3000000119
4636  -38.552  -96.637  11.904 0.3000000119
4653  -38.942  -96.971  11.192 0.3000000119
4678  -33.303  -96.610  9.371 0.3000000119
4701  -30.813  -96.207  7.276 0.3000000119
4707  -30.901  -96.481  6.788 0.4000000060
4710  -11.762  -95.875  5.092 0.6000000238
4718  -36.525  -96.059  4.732 0.5000000000
4720  -10.544  -96.556  4.342 0.5000000000
4721  -11.392  -96.218  4.764 0.6000000238
4722  -12.419  -96.131  5.077 0.6999999881
4723  -13.003  -95.679  5.462 0.6999999881
4731  -9.669  -96.637  4.107 0.5000000000
4735  -26.597  -97.056  3.640 0.5000000000
4736  -28.353  -97.044  3.573 0.4000000060
4743  -13.082  -96.401  2.890 0.5000000000
4746  -26.581  -96.883  2.815 0.5000000000
4748  -30.011  -97.057  2.219 0.5000000000
4749  -31.197  -96.525  2.048 0.6000000238
4750  -32.717  -96.067  2.943 0.5000000000
4765  -27.931  -97.200  1.632 0.6000000238
4772  -36.759  -95.696  2.587 0.6000000238
4773  -37.274  -95.270  2.152 0.5000000000
4782  -26.959  -95.859  1.003 0.6000000238
4787  -31.342  -97.100  0.956 0.6000000238
4788  -33.163  -96.987  0.547 0.6000000238
4790  -34.788  -97.482  1.427 0.5000000000
4801  -29.570  -96.404  -0.520 0.5000000000
4815  -32.464  -96.454  -1.784 0.6000000238
4816  -33.697  -96.955  -1.476 0.6999999881
4821  -31.839  -96.096  -2.758 0.6000000238
4822  -32.557  -96.534  -2.546 0.6000000238
4827  -32.541  -96.872  -3.228 0.6000000238
4843  -29.219  -96.075  -4.909 0.5000000000
4844  -29.479  -96.154  -4.605 0.5000000000
5327  -25.671  -94.831  13.330 0.3000000119
5334  -33.245  -95.710  13.705 0.3000000119
5348  -29.130  -94.764  12.416 0.3000000119
5349  -30.576  -95.158  12.390 0.3000000119
5371  -38.303  -95.822  11.061 0.3000000119
5372  -38.823  -96.456  11.397 0.3000000119
5391  -34.266  -95.204  9.142 0.3000000119
5403  -31.012  -96.176  7.875 0.3000000119
5419  -12.219  -95.426  5.255 0.6999999881
5420  -12.737  -95.370  5.544 0.6999999881
5421  -13.431  -95.016  5.964 0.6999999881
5422  -14.296  -94.972  5.981 0.6999999881
5426  -35.114  -96.149  5.443 0.4000000060
5427  -35.980  -96.204  5.073 0.4000000060
5430  -11.103  -96.000  4.765 0.5000000000
5442  -11.049  -95.610  4.477 0.6000000238
5445  -24.174  -95.353  3.411 0.6000000238
5446  -24.626  -95.628  4.330 0.4000000060
5450  -37.252  -95.091  3.344 0.5000000000
5453  -10.330  -95.916  3.846 0.5000000000
5465  -32.789  -95.917  3.004 0.5000000000
5466  -33.280  -95.902  3.026 0.5000000000
5469  -37.494  -95.070  2.439 0.5000000000
5472  -11.410  -95.327  1.589 0.5000000000
5475  -15.185  -95.346  1.274 0.4000000060
5481  -26.007  -95.755  0.959 0.6000000238
5486  -38.123  -95.056  0.374 0.5000000000
5497  -25.302  -95.679  0.290 0.6000000238
5500  -28.183  -96.067  -0.004 0.5000000000
5507  -12.214  -95.038  -0.356 0.5000000000
5514  -24.631  -95.668  -0.303 0.6000000238
5516  -26.487  -95.026  -0.376 0.5000000000
5517  -27.899  -95.342  -0.627 0.5000000000
5518  -29.148  -95.880  -0.901 0.5000000000
5538  -30.364  -95.438  -3.142 0.6000000238
5539  -32.298  -96.638  -3.147 0.6000000238
5549  -29.507  -95.595  -4.556 0.5000000000
5550  -29.816  -95.885  -3.870 0.5000000000
5560  -28.824  -95.814  -4.782 0.4000000060
6034  -26.260  -94.806  12.734 0.3000000119
6049  -30.025  -94.969  12.517 0.3000000119
6066  -28.786  -94.645  11.849 0.3000000119
6098  -31.590  -94.371  8.720 0.4000000060
6111  -14.187  -94.117  6.393 0.6999999881
6113  -15.643  -93.771  7.044 0.6999999881
6121  -32.184  -94.403  6.659 0.4000000060
6127  -13.696  -94.363  6.053 0.6999999881
6140  -11.786  -95.244  4.846 0.6000000238
6154  -37.074  -94.813  3.712 0.5000000000
6155  -37.277  -94.889  3.499 0.5000000000
6160  -12.150  -94.703  4.311 0.6000000238
6163  -17.112  -94.026  3.967 0.6999999881
6166  -20.219  -94.150  3.466 0.6999999881
6167  -20.983  -94.415  3.337 0.6999999881
6174  -12.875  -94.454  3.252 0.6999999881
6179  -20.444  -94.323  2.756 0.6999999881
6186  -33.128  -95.339  2.767 0.5000000000
6188  -37.861  -94.662  1.896 0.5000000000
6192  -13.410  -94.184  1.521 0.6999999881
6193  -16.690  -94.496  1.626 0.6999999881
6197  -20.579  -94.420  2.024 0.6999999881
6210  -12.784  -94.585  1.127 0.6999999881
6215  -19.546  -94.372  0.053 0.6000000238
6229  -12.574  -94.665  -1.010 0.5000000000
6232  -16.719  -94.696  -0.224 0.5000000000
6234  -19.000  -94.597  -1.116 0.5000000000
6237  -25.001  -95.305  -1.053 0.6999999881
6248  -10.565  -94.823  -2.066 0.5000000000
6256  -21.182  -94.578  -1.483 0.5000000000
6259  -24.327  -95.213  -1.914 0.5000000000
6263  -28.960  -94.869  -2.253 0.5000000000
6266  -10.931  -94.316  -2.042 0.5000000000
6267  -11.784  -94.100  -2.088 0.5000000000
6268  -12.557  -94.053  -2.175 0.5000000000
6275  -27.059  -94.379  -2.436 0.5000000000
6277  -28.444  -94.374  -2.862 0.5000000000
6279  -29.857  -94.980  -3.249 0.6000000238
6290  -29.780  -95.518  -3.782 0.6000000238
6300  -27.997  -94.810  -3.756 0.5000000000
6302  -29.294  -95.490  -4.250 0.5000000000
6312  -27.645  -95.156  -3.965 0.5000000000
6314  -29.400  -95.629  -4.595 0.5000000000
6881  -31.724  -93.339  9.023 0.4000000060
6882  -32.696  -93.742  9.487 0.3000000119
6895  -21.623  -92.954  8.430 0.5000000000
6900  -31.563  -92.940  8.604 0.4000000060
6909  -16.257  -93.212  7.432 0.6999999881
6927  -14.494  -93.856  6.535 0.6999999881
6928  -15.750  -93.272  7.240 0.6999999881
6931  -19.054  -93.150  6.677 0.6999999881
6941  -14.250  -93.623  6.191 0.6999999881
6942  -18.480  -93.397  5.993 0.6999999881
6955  -13.709  -93.871  5.947 0.6999999881
6959  -18.835  -93.471  5.096 0.6999999881
6960  -19.709  -93.662  4.937 0.6999999881
6971  -15.369  -92.746  3.690 0.6999999881
6973  -19.974  -93.962  4.205 0.6999999881
6981  -13.722  -93.854  3.244 0.6999999881
6989  -14.094  -93.976  1.077 0.6999999881
6990  -14.634  -93.470  1.421 0.6999999881
6991  -15.281  -93.039  1.793 0.6999999881
6996  -38.151  -94.088  1.307 0.5000000000
7011  -15.524  -93.381  -0.168 0.6999999881
7012  -15.983  -93.082  -1.002 0.6000000238
7023  -13.957  -94.302  -1.385 0.6000000238
7031  -10.597  -94.010  -2.005 0.5000000000
7035  -14.069  -93.369  -2.622 0.6000000238
7037  -25.218  -94.463  -3.434 0.5000000000
7040  -28.154  -94.066  -2.963 0.5000000000
7045  -25.474  -94.467  -3.732 0.4000000060
7046  -26.491  -94.666  -3.507 0.5000000000
7047  -27.418  -94.366  -3.454 0.5000000000
7048  -27.993  -94.469  -3.619 0.5000000000
7050  -25.000  -94.190  -4.281 0.4000000060
7051  -25.732  -94.676  -3.743 0.4000000060
7652  -20.957  -91.536  9.418 0.5000000000
7659  -32.550  -92.839  9.148 0.4000000060
7671  -18.729  -91.925  8.259 0.6000000238
7673  -21.222  -92.289  9.184 0.5000000000
7679  -31.679  -92.330  8.662 0.4000000060
7681  -34.074  -92.628  8.269 0.3000000119
7688  -17.344  -92.294  7.765 0.6999999881
7689  -18.028  -92.225  7.864 0.6000000238
7704  -15.508  -92.917  7.060 0.6999999881
7705  -16.119  -92.439  7.179 0.6999999881
7708  -31.610  -92.578  7.523 0.4000000060
7714  -24.057  -92.071  4.779 0.5000000000
7717  -32.561  -92.257  5.882 0.5000000000
7728  -23.333  -92.151  4.550 0.5000000000
7730  -24.028  -92.076  3.611 0.5000000000
7740  -16.563  -91.979  3.276 0.6999999881
7741  -17.242  -91.858  2.734 0.6000000238
7742  -22.288  -92.451  2.721 0.6000000238
7744  -23.651  -92.236  3.282 0.5000000000
7754  -20.762  -92.218  2.145 0.5000000000
7755  -21.829  -92.437  2.014 0.5000000000
7757  -23.541  -92.329  2.467 0.5000000000
7766  -16.554  -92.467  1.585 0.6999999881
7767  -17.254  -92.207  1.915 0.6999999881
7769  -20.283  -92.255  1.499 0.5000000000
7772  -23.421  -92.292  1.667 0.6000000238
7780  -15.893  -92.782  1.286 0.6999999881
7782  -17.584  -92.442  0.037 0.6999999881
7788  -23.279  -92.083  0.715 0.6000000238
7789  -24.043  -91.735  0.335 0.6000000238
7800  -16.366  -92.824  -0.199 0.6999999881
7801  -17.169  -92.583  -0.655 0.6000000238
7803  -19.260  -92.431  -0.590 0.6000000238
7805  -21.244  -92.340  -0.948 0.5000000000
7806  -22.763  -92.131  -0.159 0.6000000238
7808  -24.297  -91.593  -0.279 0.6000000238
7817  -11.586  -92.596  -1.390 0.5000000000
7819  -17.424  -92.440  -1.666 0.5000000000
7821  -19.802  -92.171  -1.734 0.6000000238
7822  -20.717  -92.155  -1.656 0.5000000000
7824  -22.923  -91.749  -1.120 0.6000000238
7826  -24.315  -91.415  -0.398 0.6000000238
7833  -11.133  -93.433  -1.626 0.5000000000
7836  -14.732  -92.721  -3.135 0.6000000238
7837  -15.546  -92.535  -2.828 0.6000000238
7838  -16.670  -91.931  -2.709 0.6000000238
7839  -17.560  -91.890  -2.295 0.6000000238
7840  -18.705  -91.648  -2.078 0.6000000238
7841  -19.736  -91.499  -2.308 0.6000000238
7842  -20.816  -91.360  -2.528 0.5000000000
7849  -14.588  -92.054  -3.265 0.6000000238
8574  -21.099  -90.984  9.334 0.5000000000
8581  -31.912  -92.013  8.890 0.4000000060
8582  -32.232  -92.129  9.007 0.4000000060
8594  -19.499  -91.373  8.558 0.5000000000
8597  -31.768  -91.837  8.395 0.4000000060
8599  -33.529  -91.739  8.506 0.3000000119
8614  -17.455  -91.935  7.816 0.6000000238
8616  -18.930  -91.152  7.982 0.6000000238
8622  -31.677  -91.885  7.644 0.4000000060
8634  -17.350  -91.588  7.227 0.6000000238
8635  -18.132  -91.059  6.798 0.6000000238
8641  -32.112  -91.414  7.062 0.3000000119
8648  -18.335  -90.992  5.765 0.6000000238
8671  -18.107  -91.319  3.977 0.6000000238
8672  -19.490  -91.276  4.522 0.5000000000
8673  -20.460  -91.560  4.339 0.6000000238
8675  -22.560  -91.795  5.164 0.5000000000
8687  -18.771  -91.429  3.257 0.6000000238
8689  -20.612  -91.778  3.493 0.6000000238
8697  -18.635  -91.677  2.441 0.6000000238
8701  -24.208  -91.688  1.816 0.5000000000
8705  -34.820  -91.369  1.813 0.5000000000
8711  -18.544  -91.918  1.617 0.6000000238
8722  -24.448  -91.350  -0.423 0.6000000238
8740  -24.130  -91.097  -0.761 0.6000000238
8747  -13.856  -91.755  -3.089 0.6000000238
8749  -16.407  -91.639  -2.617 0.6000000238
8751  -18.089  -91.398  -2.474 0.6000000238
8753  -20.521  -91.093  -2.837 0.5000000000
8754  -21.040  -90.932  -2.789 0.5000000000
8755  -22.696  -91.406  -1.410 0.6000000238
8756  -23.952  -90.675  -1.347 0.6000000238
8757  -24.704  -90.465  -1.232 0.6000000238
8764  -14.557  -91.428  -3.162 0.6000000238
8765  -15.271  -91.541  -3.156 0.6000000238
9523  -20.141  -90.795  8.587 0.6000000238
9524  -20.821  -90.700  8.856 0.5000000000
9531  -32.749  -90.882  8.147 0.3000000119
9552  -32.586  -90.829  7.351 0.3000000119
9561  -19.549  -90.628  6.981 0.5000000000
9562  -20.297  -90.736  6.686 0.6000000238
9563  -20.851  -90.628  7.428 0.6000000238
9614  -33.803  -90.829  3.752 0.3000000119
9615  -34.606  -90.488  2.892 0.3000000119
9629  -24.383  -90.377  2.336 0.5000000000
9633  -34.879  -90.388  2.268 0.4000000060
9645  -24.414  -91.111  1.039 0.5000000000
9659  -24.520  -91.433  0.100 0.6000000238
9673  -25.157  -90.449  -1.068 0.6000000238
9681  -13.032  -91.325  -1.054 0.5000000000
9682  -13.747  -90.823  -0.998 0.5000000000
9690  -14.175  -90.749  -1.846 0.6000000238
9692  -15.364  -90.796  -1.942 0.6000000238
9693  -16.057  -91.108  -2.135 0.6000000238
9695  -18.433  -90.911  -2.374 0.6000000238
9698  -21.197  -90.397  -2.235 0.6000000238
9702  -25.613  -90.085  -1.896 0.6000000238
9708  -14.930  -90.993  -2.792 0.6000000238
9710  -15.825  -91.494  -2.747 0.6000000238
10645  -25.613  -89.470  -0.158 0.5000000000
10654  -14.975  -89.721  -0.053 0.5000000000
10662  -13.264  -90.779  -0.495 0.4000000060
10663  -14.604  -90.423  -0.848 0.5000000000
10666  -17.122  -89.783  -1.472 0.6000000238
10669  -20.018  -90.193  -1.822 0.5000000000
10671  -22.412  -89.607  -1.432 0.6000000238
10672  -25.945  -90.224  -1.931 0.6000000238
10673  -26.255  -89.452  -1.964 0.5000000000
10681  -14.986  -90.497  -1.474 0.6000000238
10682  -15.531  -90.249  -1.308 0.6000000238
10684  -17.766  -90.392  -2.033 0.6000000238
10686  -20.024  -90.335  -2.309 0.5000000000
10687  -20.886  -90.005  -2.519 0.6000000238
10689  -23.427  -89.615  -1.765 0.6000000238
11599  -18.958  -88.433  2.880 0.5000000000
11600  -19.527  -88.214  2.967 0.5000000000
11624  -19.005  -88.594  1.159 0.5000000000
11625  -19.818  -88.638  1.830 0.5000000000
11626  -20.505  -88.414  1.565 0.5000000000
11635  -13.643  -88.453  0.870 0.6000000238
11638  -20.886  -88.611  0.736 0.6000000238
11649  -15.073  -89.058  0.371 0.6000000238
11652  -16.856  -88.971  -0.284 0.6000000238
11653  -17.724  -88.855  -0.271 0.5000000000
11656  -21.009  -89.075  -0.148 0.6000000238
11658  -22.602  -88.435  -0.804 0.6000000238
11665  -15.587  -89.506  -0.424 0.6000000238
11667  -17.396  -89.217  -0.928 0.6000000238
11673  -24.388  -88.498  -1.957 0.6000000238
11686  -23.240  -89.202  -1.634 0.6000000238
11687  -23.918  -89.000  -2.048 0.6000000238
11688  -24.983  -89.123  -2.060 0.6000000238
12698  -17.538  -86.802  5.570 0.5000000000
12699  -18.349  -87.244  5.384 0.5000000000
12722  -19.041  -87.664  4.684 0.5000000000
12745  -12.212  -86.392  3.121 0.6000000238
12750  -20.407  -86.453  2.811 0.5000000000
12764  -17.550  -87.797  2.260 0.6000000238
12806  -12.477  -87.549  1.182 0.6000000238
12809  -15.727  -88.304  1.085 0.6000000238
12811  -16.691  -88.389  0.975 0.5000000000
12832  -15.865  -88.750  0.427 0.6000000238
12833  -16.452  -88.747  0.365 0.5000000000
12836  -21.932  -87.771  0.017 0.6000000238
12838  -23.020  -87.330  -0.803 0.6000000238
12852  -25.060  -87.941  -1.721 0.6000000238
13728  -13.196  -86.563  11.063 0.6000000238
13729  -13.814  -86.254  10.661 0.6000000238
13739  -12.667  -87.095  10.569 0.6000000238
13809  -17.574  -86.186  6.417 0.5000000000
13810  -18.167  -86.212  6.589 0.5000000000
13846  -19.693  -86.916  4.429 0.5000000000
13860  -16.971  -86.911  3.759 0.6000000238
13872  -16.772  -87.203  2.236 0.6000000238
13881  -11.898  -86.728  2.307 0.6000000238
13883  -13.322  -86.857  2.376 0.6999999881
13886  -15.986  -87.134  1.958 0.6000000238
13887  -16.427  -87.238  2.029 0.6000000238
13888  -20.704  -86.989  2.289 0.5000000000
13893  -13.494  -87.384  1.915 0.6999999881
13894  -14.671  -87.604  1.803 0.6000000238
13895  -15.533  -87.635  1.569 0.5000000000
13898  -21.357  -87.534  1.225 0.5000000000
13900  -22.120  -86.487  0.154 0.6000000238
13904  -22.154  -87.097  -0.082 0.6000000238
13906  -23.695  -87.046  -0.747 0.6000000238
13912  -25.510  -87.256  -1.348 0.6000000238
14770  -15.885  -85.224  12.099 0.8000000119
14781  -13.642  -85.905  11.547 0.6000000238
14782  -14.624  -85.872  10.830 0.6000000238
14783  -15.843  -85.235  11.259 0.6999999881
14793  -14.816  -85.526  10.333 0.6000000238
14814  -13.772  -85.925  9.738 0.6000000238
14830  -11.117  -85.247  8.906 0.6000000238
14868  -16.858  -86.166  5.568 0.5000000000
14890  -12.150  -85.315  4.441 0.6000000238
14892  -16.462  -86.058  3.326 0.6000000238
14893  -20.240  -85.900  3.474 0.5000000000
14894  -20.708  -84.886  2.977 0.5000000000
14901  -12.857  -85.979  3.343 0.6999999881
14904  -16.446  -86.409  2.914 0.5000000000
14905  -16.517  -86.392  2.843 0.6000000238
14911  -13.814  -86.443  2.756 0.6000000238
14912  -14.809  -86.471  2.657 0.6000000238
14913  -15.765  -86.466  2.538 0.6000000238
14920  -21.575  -86.120  0.708 0.5000000000
14921  -23.014  -85.484  0.203 0.4000000060
14926  -24.707  -85.896  -0.318 0.5000000000
15746  -17.066  -84.228  13.947 0.6000000238
15758  -14.585  -84.435  13.371 0.8000000119
15760  -16.919  -84.502  13.320 0.6000000238
15761  -17.602  -83.942  13.492 0.6000000238
15772  -12.587  -84.522  12.471 0.6000000238
15791  -17.041  -84.550  12.050 0.5000000000
15801  -15.187  -84.998  10.232 0.6999999881
15802  -15.951  -84.990  10.776 0.6999999881
15821  -11.728  -84.325  9.181 0.6000000238
15824  -14.417  -85.362  9.855 0.6000000238
15866  -17.586  -85.525  6.726 0.5000000000
15881  -16.919  -85.072  5.980 0.5000000000
15903  -13.085  -85.085  4.226 0.6999999881
15904  -13.596  -84.991  4.087 0.6999999881
15910  -13.270  -85.530  3.746 0.6999999881
15912  -15.133  -85.501  3.728 0.5000000000
15913  -15.845  -86.027  3.306 0.5000000000
15914  -16.250  -85.953  3.457 0.5000000000
15927  -21.378  -84.844  1.358 0.5000000000
16750  -15.838  -83.803  14.310 0.6000000238
16751  -16.625  -83.789  14.374 0.6000000238
16753  -18.161  -83.250  13.974 0.6000000238
16772  -17.738  -83.632  12.716 0.6000000238
16782  -16.246  -83.850  11.104 0.6000000238
16783  -16.853  -84.163  11.643 0.6000000238
16792  -13.975  -83.863  10.105 0.6999999881
16823  -9.726  -83.311  7.533 0.5000000000
16824  -10.053  -83.213  8.299 0.5000000000
16858  -17.564  -84.517  6.615 0.5000000000
16878  -11.189  -83.795  5.564 0.6000000238
16899  -11.990  -84.464  5.048 0.6999999881
16900  -12.941  -84.244  5.145 0.6000000238
16901  -13.599  -84.139  5.381 0.6000000238
16917  -13.350  -84.588  4.636 0.6999999881
16921  -15.817  -84.499  4.951 0.6000000238
16922  -16.132  -84.322  5.175 0.6000000238
16939  -15.739  -85.300  4.091 0.5000000000
17816  -19.319  -82.210  16.137 0.6000000238
17831  -19.072  -82.440  15.296 0.5000000000
17844  -13.961  -82.408  14.094 0.6000000238
17859  -18.836  -82.572  13.310 0.6000000238
17866  -17.217  -82.563  12.194 0.6999999881
17878  -16.601  -83.203  11.765 0.6000000238
17879  -17.344  -83.537  12.123 0.6000000238
17887  -11.571  -82.010  10.373 0.5000000000
17888  -12.376  -82.557  10.682 0.5000000000
17889  -13.310  -83.062  10.938 0.6000000238
17923  -9.880  -82.148  8.410 0.6000000238
17940  -9.825  -82.738  7.293 0.5000000000
17941  -9.946  -82.328  7.275 0.6999999881
17959  -9.631  -82.915  6.653 0.6000000238
17964  -18.898  -82.014  6.846 0.5000000000
17975  -9.640  -83.026  5.899 0.5000000000
17979  -13.786  -83.027  6.282 0.6000000238
17980  -17.294  -82.742  5.753 0.6999999881
17995  -16.020  -82.882  5.487 0.6999999881
17996  -16.651  -82.730  5.564 0.8000000119
17997  -16.944  -82.695  5.621 0.6999999881
17998  -17.575  -82.197  5.586 0.6999999881
18007  -14.292  -84.164  5.343 0.6000000238
18008  -15.046  -84.062  5.252 0.6999999881
18009  -15.701  -83.937  5.322 0.6999999881
18011  -16.375  -83.384  5.504 0.6999999881
18880  -19.112  -81.544  18.396 0.5000000000
18905  -16.931  -81.542  16.213 0.6000000238
18936  -16.371  -82.232  15.147 0.6000000238
18949  -19.143  -81.856  13.192 0.5000000000
18959  -13.956  -81.040  12.109 0.6999999881
18961  -15.857  -81.275  12.018 0.6999999881
18964  -18.442  -82.195  12.813 0.6000000238
18973  -12.748  -81.227  11.671 0.8000000119
18974  -13.392  -81.610  11.914 0.8000000119
19011  -9.956  -81.433  8.317 0.6999999881
19023  -10.059  -81.617  7.850 0.6999999881
19035  -10.561  -82.253  7.420 0.6999999881
19038  -13.616  -81.752  7.224 0.6999999881
19040  -18.583  -81.597  6.079 0.5000000000
19041  -19.067  -80.952  6.239 0.5000000000
19047  -12.377  -82.741  6.582 0.6000000238
19048  -13.361  -82.520  6.735 0.6000000238
19051  -15.932  -82.451  5.595 0.6999999881
19052  -16.582  -81.601  5.520 0.8000000119
19053  -18.657  -81.021  5.604 0.5000000000
19058  -14.375  -82.810  6.259 0.6000000238
19059  -15.074  -82.747  5.970 0.6999999881
19060  -17.114  -81.866  5.354 0.8000000119
19062  -17.996  -81.518  5.475 0.6000000238
19928  -18.310  -80.279  20.346 0.6000000238
19941  -17.875  -80.577  19.772 0.6000000238
19944  -20.365  -80.398  19.877 0.4000000060
20013  -19.918  -80.909  14.463 0.5000000000
20026  -19.579  -81.432  13.782 0.5000000000
20035  -14.403  -80.369  12.330 0.6999999881
20036  -15.417  -80.488  12.394 0.6000000238
20049  -12.581  -80.416  11.417 0.6999999881
20067  -11.799  -80.303  10.852 0.8000000119
20093  -10.577  -81.080  8.406 0.6000000238
20094  -11.026  -80.283  8.756 0.8000000119
20107  -11.430  -80.864  8.369 0.6000000238
20108  -12.471  -80.824  8.180 0.6999999881
20109  -13.373  -80.633  7.807 0.6999999881
20124  -13.830  -81.012  7.268 0.6999999881
20133  -15.540  -81.432  6.641 0.6999999881
20134  -16.263  -81.030  6.017 0.8000000119
20135  -17.171  -80.704  5.606 0.8000000119
20136  -17.936  -80.704  5.383 0.6000000238
20137  -18.694  -80.228  5.589 0.5000000000
20148  -17.745  -81.387  5.409 0.6000000238
21000  -19.717  -79.843  20.597 0.4000000060
21001  -20.600  -79.856  20.244 0.4000000060
21019  -21.608  -79.463  19.893 0.4000000060
21036  -21.787  -79.901  19.161 0.4000000060
21044  -14.946  -79.216  17.323 0.8000000119
21047  -20.555  -80.531  17.281 0.4000000060
21050  -22.462  -79.555  18.674 0.3000000119
21073  -13.833  -79.743  15.811 0.6999999881
21084  -12.019  -79.757  14.897 0.5000000000
21124  -12.897  -79.659  11.398 0.6000000238
21144  -11.836  -79.871  10.560 0.8000000119
21162  -11.596  -79.839  9.892 0.8000000119
21164  -13.570  -79.356  9.525 0.6999999881
21179  -12.595  -79.859  9.053 0.8000000119
21181  -15.358  -78.960  8.289 0.6999999881
21202  -15.869  -79.497  7.645 0.6999999881
21203  -16.909  -78.384  7.100 0.6000000238
21237  -18.037  -79.790  5.788 0.5000000000
22155  -14.405  -78.838  19.724 0.6999999881
22160  -22.223  -78.945  19.786 0.4000000060
22186  -15.139  -79.060  18.066 0.8000000119
22199  -12.713  -78.266  16.309 0.6000000238
22216  -12.219  -78.594  15.732 0.6000000238
22285  -13.262  -78.997  10.864 0.6999999881
22319  -14.158  -78.588  9.305 0.6000000238
22343  -17.887  -77.801  6.633 0.5000000000
23272  -12.980  -77.137  21.340 0.6000000238
23273  -13.593  -77.384  21.377 0.6000000238
23281  -13.260  -77.547  21.095 0.6999999881
23299  -13.444  -77.842  19.673 0.8000000119
23351  -23.009  -78.301  15.885 0.3000000119
24314  -14.403  -77.151  21.356 0.5000000000
24341  -11.390  -76.100  19.911 0.6000000238
24343  -15.847  -76.587  20.174 0.4000000060
24360  -11.657  -76.170  19.114 0.6000000238
25481  -11.558  -75.248  20.786 0.6999999881
25482  -11.928  -75.181  21.243 0.6999999881
25505  -15.222  -75.408  19.724 0.4000000060
33388  -17.008  -67.622  14.477 0.3000000119
125744  -37.455  -93.550  1.784 0.5000000000
126499  -16.409  -85.536  3.887 0.6000000238
127635  -31.075  -95.804  -3.105 0.6000000238
128048  -21.891  -90.977  -1.810 0.5000000000
129046  -20.077  -85.870  4.296 0.5000000000
129227  -23.036  -90.845  -1.597 0.6000000238
129382  -16.000  -92.282  3.776 0.6999999881
129468  -23.132  -94.572  3.666 0.5000000000
129865  -20.010  -92.490  0.135 0.5000000000
130267  -15.236  -85.478  11.399 0.6999999881
130543  -15.980  -79.834  12.796 0.5000000000
130739  -20.715  -85.688  2.010 0.5000000000
131159  -16.730  -92.787  7.646 0.6999999881
131694  -36.497  -98.370  13.486 0.3000000119
131724  -24.722  -95.819  3.579 0.4000000060
131769  -16.472  -84.459  5.303 0.6000000238
131874  -14.378  -89.185  0.577 0.5000000000
131923  -17.143  -94.028  3.196 0.6999999881
131970  -18.675  -82.727  14.554 0.6000000238
132015  -32.728  -99.787  2.379 0.6000000238
132403  -31.547  -93.707  8.624 0.4000000060
132749  -20.742  -91.401  5.101 0.6000000238
132970  -22.233  -85.789  0.494 0.5000000000
132972  -13.295  -93.013  -2.722 0.6000000238
133012  -18.258  -94.331  1.120 0.6000000238
133610  -31.424  -100.283  1.538 0.4000000060
134034  -14.065  -83.526  5.839 0.6000000238
134687  -13.927  -78.346  20.012 0.6999999881
134770  -32.521  -100.215  3.124 0.4000000060
134803  -18.799  -79.821  20.687 0.4000000060
135090  -13.431  -85.945  3.235 0.6999999881
135422  -21.842  -92.472  1.217 0.5000000000
135722  -35.254  -97.972  2.303 0.5000000000
136021  -14.512  -85.554  3.512 0.6000000238
136399  -21.487  -94.687  -0.667 0.6000000238
136779  -23.061  -92.535  2.992 0.6000000238
137109  -20.573  -92.360  0.771 0.5000000000
137214  -24.909  -94.897  -2.767 0.5000000000
137247  -35.119  -98.372  3.402 0.5000000000
137483  -19.482  -81.883  16.988 0.6000000238
137579  -18.182  -88.124  3.262 0.6000000238
137844  -19.351  -90.764  -2.181 0.5000000000
137845  -16.782  -90.471  -1.954 0.6000000238
138192  -29.518  -97.280  -4.164 0.3000000119
138277  -15.849  -92.317  6.611 0.6999999881
138465  -36.707  -95.521  2.034 0.5000000000
138581  -30.196  -100.931  1.887 0.4000000060
138838  -32.095  -93.688  6.693 0.4000000060
138893  -19.417  -87.782  4.036 0.5000000000
139048  -29.439  -97.137  2.596 0.5000000000
139190  -26.558  -96.936  4.237 0.5000000000
139255  -13.641  -91.085  -2.541 0.6000000238
139466  -38.369  -96.603  10.685 0.4000000060
139936  -15.149  -94.846  5.487 0.6999999881
140306  -12.610  -83.395  6.044 0.6000000238
140992  -18.646  -91.161  4.761 0.6000000238
141114  -12.941  -77.520  20.393 0.8000000119
141456  -16.795  -93.126  7.583 0.6999999881
141806  -30.143  -95.448  13.510 0.3000000119
141811  -19.653  -92.084  1.529 0.5000000000
141821  -17.929  -78.294  20.671 0.5000000000
142191  -17.916  -82.547  12.558 0.6000000238
142227  -20.822  -87.887  1.943 0.5000000000
142628  -12.017  -81.739  10.939 0.8000000119
142757  -21.496  -89.855  -1.687 0.6000000238
143290  -20.157  -91.660  9.053 0.5000000000
143350  -19.853  -93.133  6.885 0.6000000238
143891  -22.370  -94.956  0.337 0.6999999881
143904  -17.722  -87.367  4.919 0.5000000000
143983  -35.746  -91.353  8.043 0.3000000119
144291  -18.306  -87.966  3.910 0.6000000238
144322  -23.057  -79.194  18.327 0.4000000060
144428  -12.263  -75.779  21.461 0.6999999881
144442  -19.259  -75.748  18.612 0.4000000060
144453  -26.080  -90.053  -2.199 0.6000000238
144467  -19.013  -94.108  1.515 0.6999999881
144635  -25.181  -90.267  -1.329 0.6000000238
144735  -37.986  -97.509  10.863 0.4000000060
144854  -31.425  -94.716  7.663 0.4000000060
144878  -17.102  -86.832  3.097 0.5000000000
145029  -30.974  -95.155  13.271 0.3000000119
145100  -27.164  -95.012  -0.689 0.5000000000
145145  -37.318  -93.044  1.069 0.4000000060
145195  -34.542  -95.474  5.440 0.5000000000
145210  -18.514  -86.635  5.958 0.5000000000
145617  -22.245  -92.174  -1.015 0.6000000238
145685  -32.888  -95.789  9.135 0.3000000119
145782  -22.863  -94.684  2.967 0.6000000238
145984  -18.414  -93.550  4.538 0.6999999881
146041  -31.814  -96.327  8.797 0.3000000119
146295  -16.295  -87.413  1.799 0.6000000238
146450  -37.340  -94.687  3.316 0.5000000000
146570  -13.375  -92.349  -2.772 0.6000000238
147096  -17.888  -92.095  1.447 0.6999999881
147103  -12.499  -88.174  0.725 0.6000000238
147110  -16.221  -81.158  15.871 0.6000000238
147235  -21.293  -86.421  0.919 0.6000000238
147287  -13.883  -77.100  21.516 0.6000000238
147431  -20.931  -91.817  -2.115 0.5000000000
147535  -28.800  -96.386  -4.974 0.4000000060
147623  -13.433  -82.810  13.832 0.6000000238
148143  -16.377  -87.986  1.413 0.6000000238
148604  -21.645  -94.543  3.159 0.6999999881
148962  -19.258  -89.534  -1.129 0.4000000060
149261  -16.452  -94.206  5.821 0.6999999881
149375  -18.244  -88.315  0.651 0.5000000000
149386  -14.104  -94.048  0.478 0.6999999881
149600  -22.472  -94.548  -3.482 0.5000000000
149676  -15.915  -80.145  7.311 0.6999999881
149747  -15.316  -94.153  6.742 0.6999999881
150195  -12.027  -72.321  21.360 0.6000000238
150224  -29.531  -100.984  1.669 0.4000000060
150438  -19.053  -94.573  -0.524 0.5000000000
150878  -16.182  -92.241  -2.700 0.6000000238
151088  -26.360  -88.553  -2.065 0.5000000000
151090  -32.289  -95.684  9.044 0.3000000119
151093  -29.014  -96.888  0.390 0.5000000000
151131  -27.438  -94.248  -2.794 0.5000000000
151559  -13.810  -94.097  -2.114 0.6000000238
151661  -29.541  -95.595  -4.600 0.5000000000
151938  -27.048  -96.970  4.351 0.5000000000
152066  -23.879  -95.225  2.712 0.6000000238
152723  -19.531  -88.426  2.429 0.5000000000
152736  -14.519  -83.164  5.947 0.6000000238
