#!ascii label  , from subject sub1 vox2ras=TkReg
1550
5501  -36.928  -95.256  1.129 0.5000000000
5483  -36.084  -95.589  1.926 0.6000000238
9616  -35.350  -90.052  2.858 0.3000000119
136846  -35.368  -96.309  2.624 0.5000000000
8718  -35.232  -91.204  1.045 0.4000000060
9649  -35.538  -90.412  1.115 0.4000000060
10639  -35.440  -90.184  1.900 0.4000000060
9662  -35.831  -90.651  0.442 0.4000000060
7016  -32.918  -93.974  -0.287 0.5000000000
132276  -34.256  -94.613  -0.210 0.5000000000
6206  -36.186  -95.182  0.925 0.5000000000
147177  -32.651  -94.096  0.309 0.6000000238
6240  -33.291  -94.279  0.433 0.5000000000
6205  -34.901  -95.042  1.904 0.6000000238
10605  -35.739  -90.082  5.045 0.3000000119
6187  -33.955  -95.452  2.573 0.5000000000
7793  -37.060  -92.421  -0.405 0.5000000000
7792  -35.980  -91.611  0.235 0.5000000000
9596  -35.863  -90.189  4.069 0.3000000119
142828  -32.900  -94.849  2.396 0.6000000238
133275  -34.247  -96.096  2.792 0.5000000000
8726  -36.616  -91.497  -0.830 0.5000000000
8725  -35.745  -91.061  0.297 0.4000000060
10630  -36.240  -89.896  1.354 0.4000000060
9634  -36.913  -89.773  2.227 0.3000000119
9617  -36.482  -90.002  3.126 0.3000000119
137267  -36.715  -91.488  -1.847 0.4000000060
9663  -36.611  -90.400  -0.280 0.4000000060
10648  -36.783  -89.876  0.465 0.4000000060
8734  -36.826  -90.876  -1.386 0.4000000060
150325  -31.421  -91.283  -1.391 0.6999999881
7828  -31.622  -91.893  -1.173 0.6999999881
136536  -33.015  -92.728  -1.361 0.6999999881
142728  -37.200  -95.120  0.225 0.5000000000
8732  -30.063  -91.366  -0.820 0.6999999881
7811  -30.284  -91.973  -0.630 0.6999999881
7025  -31.697  -93.229  -0.400 0.8000000119
7026  -32.584  -93.319  -0.665 0.5000000000
7005  -32.117  -93.866  0.129 0.6999999881
6224  -37.982  -94.991  -0.132 0.5000000000
7014  -29.982  -92.897  -0.441 0.6999999881
6244  -37.833  -94.184  -0.331 0.4000000060
7794  -37.554  -93.420  -0.454 0.5000000000
10606  -36.630  -90.128  4.928 0.3000000119
6218  -30.706  -94.579  0.670 0.6000000238
7029  -36.562  -92.788  -1.368 0.5000000000
7813  -36.874  -92.502  -1.227 0.5000000000
6219  -31.646  -94.437  0.844 0.5000000000
7832  -36.406  -91.685  -2.134 0.5000000000
8763  -36.429  -90.634  -2.517 0.4000000060
8744  -36.887  -90.499  -2.228 0.4000000060
9664  -37.620  -90.045  -0.398 0.4000000060
10640  -37.333  -89.715  1.239 0.4000000060
130591  -37.367  -89.940  -2.377 0.3000000119
11629  -29.026  -89.200  1.708 0.5000000000
10638  -29.335  -89.441  0.905 0.6000000238
11641  -29.967  -89.128  0.557 0.6000000238
10674  -30.479  -90.294  -1.071 0.6000000238
147319  -30.529  -90.941  -1.202 0.6000000238
11603  -27.406  -88.680  3.387 0.5000000000
10618  -27.790  -89.016  2.827 0.5000000000
10628  -28.376  -89.608  2.282 0.6000000238
10657  -29.295  -90.321  -0.141 0.6000000238
9674  -29.322  -90.821  -0.510 0.6999999881
7017  -34.251  -94.299  -0.893 0.6000000238
10549  -36.948  -89.455  8.347 0.3000000119
10604  -26.512  -89.430  4.092 0.6999999881
10617  -26.985  -89.225  3.295 0.6000000238
10627  -27.544  -89.795  2.867 0.6000000238
9631  -28.430  -90.273  1.837 0.6000000238
9648  -28.703  -90.573  1.177 0.6999999881
7809  -29.013  -91.917  -0.228 0.6999999881
7830  -33.822  -92.885  -1.517 0.6000000238
6264  -34.934  -93.940  -1.057 0.6000000238
6243  -37.165  -94.492  -0.200 0.5000000000
11574  -25.835  -88.190  5.190 0.6999999881
9613  -27.016  -90.092  3.462 0.6000000238
9630  -27.910  -90.418  2.377 0.6000000238
7790  -28.439  -92.148  1.115 0.6999999881
7001  -29.028  -93.087  0.841 0.6999999881
7018  -36.759  -93.629  -0.661 0.5000000000
10590  -36.096  -89.710  5.835 0.3000000119
10577  -25.864  -88.750  6.136 0.6999999881
10588  -26.096  -89.046  5.016 0.6000000238
9575  -26.997  -90.029  5.142 0.6999999881
126500  -27.650  -91.334  2.436 0.6000000238
8702  -27.656  -92.170  2.282 0.6000000238
7003  -30.316  -93.847  0.149 0.6999999881
7847  -34.960  -92.134  -2.233 0.5000000000
7848  -35.803  -91.960  -2.398 0.5000000000
9592  -27.092  -90.545  4.358 0.6000000238
135150  -27.063  -91.863  3.573 0.6000000238
6993  -28.532  -93.763  1.519 0.6000000238
6994  -29.835  -94.624  0.912 0.6000000238
151741  -30.463  -95.065  1.073 0.6000000238
8761  -35.157  -91.472  -2.512 0.5000000000
141301  -37.277  -90.301  4.015 0.3000000119
9565  -27.336  -90.435  7.022 0.6999999881
148752  -27.529  -91.005  6.326 0.6000000238
8676  -27.285  -91.497  4.445 0.6000000238
7745  -26.961  -92.747  3.342 0.6000000238
6984  -27.468  -93.493  2.672 0.5000000000
6985  -28.075  -93.973  2.467 0.5000000000
144857  -29.500  -95.103  1.891 0.5000000000
145142  -31.115  -95.140  1.291 0.5000000000
8762  -35.892  -91.013  -2.691 0.5000000000
11693  -37.942  -88.799  -2.197 0.3000000119
9707  -37.956  -89.641  -2.216 0.3000000119
9685  -37.786  -89.946  -2.136 0.3000000119
9665  -39.016  -90.069  -0.597 0.4000000060
151494  -37.430  -89.817  0.472 0.4000000060
5482  -30.372  -95.450  1.702 0.5000000000
11692  -36.913  -89.155  -2.435 0.3000000119
10697  -37.453  -89.617  -2.407 0.3000000119
9675  -37.393  -90.389  -1.559 0.4000000060
12752  -28.786  -88.058  3.821 0.5000000000
11605  -29.323  -88.385  3.140 0.5000000000
12768  -29.898  -88.508  2.342 0.5000000000
147659  -29.927  -88.645  1.618 0.5000000000
12702  -27.384  -87.235  5.635 0.5000000000
12725  -27.168  -87.473  4.750 0.5000000000
11588  -27.603  -88.105  3.964 0.5000000000
136863  -29.355  -88.783  1.980 0.5000000000
11631  -30.257  -88.671  1.008 0.5000000000
144881  -31.564  -89.506  -0.893 0.6000000238
10675  -31.144  -90.060  -1.417 0.6000000238
150298  -26.512  -87.504  5.254 0.5000000000
9684  -31.854  -90.189  -1.690 0.6000000238
7845  -32.847  -91.339  -2.010 0.8000000119
148181  -37.918  -91.075  8.122 0.3000000119
12682  -25.548  -87.735  6.526 0.6000000238
12701  -25.931  -87.751  5.487 0.6000000238
151306  -26.583  -88.056  4.316 0.6000000238
9703  -32.531  -90.402  -1.867 0.4000000060
9536  -38.201  -90.278  8.586 0.3000000119
11564  -25.532  -88.008  6.085 0.6999999881
8760  -33.297  -91.210  -2.393 0.5000000000
7846  -33.384  -91.923  -2.038 0.6000000238
10566  -37.257  -88.899  7.401 0.3000000119
140975  -37.286  -89.122  6.548 0.3000000119
11563  -24.890  -87.981  6.695 0.6999999881
10694  -33.825  -89.807  -2.191 0.4000000060
126171  -37.883  -89.428  5.926 0.3000000119
10576  -25.275  -88.492  6.576 0.6000000238
10561  -26.680  -89.718  7.227 0.6999999881
9705  -33.929  -90.676  -2.552 0.4000000060
138164  -37.585  -89.910  3.076 0.3000000119
10560  -25.019  -89.040  6.977 0.6000000238
9550  -26.503  -89.883  8.231 0.6999999881
7716  -27.361  -92.059  5.254 0.6000000238
144031  -26.896  -93.297  3.843 0.5000000000
6975  -26.970  -93.607  3.291 0.5000000000
6200  -28.726  -94.653  2.148 0.6000000238
10695  -35.046  -89.590  -2.324 0.4000000060
139291  -35.496  -90.271  -2.534 0.4000000060
12857  -37.109  -87.993  -1.338 0.3000000119
142460  -37.872  -88.202  -1.856 0.3000000119
11683  -38.585  -88.337  -1.902 0.3000000119
10678  -39.327  -89.107  -1.798 0.3000000119
9676  -38.405  -90.007  -1.531 0.4000000060
9635  -37.894  -89.772  2.172 0.3000000119
7707  -27.274  -92.066  6.719 0.6000000238
7715  -26.993  -93.098  5.279 0.5000000000
6974  -26.950  -94.043  4.249 0.5000000000
6183  -27.536  -94.059  3.127 0.5000000000
5461  -29.121  -95.478  2.726 0.5000000000
5462  -29.297  -96.241  2.838 0.6000000238
132870  -29.787  -96.640  2.387 0.5000000000
149891  -36.086  -89.417  -2.339 0.3000000119
142816  -35.967  -88.649  -1.907 0.3000000119
134156  -27.112  -92.545  6.080 0.5000000000
6151  -27.008  -95.045  4.905 0.5000000000
5448  -27.906  -95.623  3.841 0.5000000000
139973  -27.184  -96.582  4.501 0.5000000000
12684  -28.460  -87.297  6.209 0.5000000000
12703  -28.356  -87.205  5.280 0.5000000000
144290  -29.651  -88.151  3.729 0.5000000000
134200  -31.018  -88.053  3.234 0.5000000000
12769  -30.749  -88.238  2.364 0.5000000000
12791  -30.489  -88.436  1.583 0.5000000000
12668  -26.941  -87.210  7.433 0.5000000000
12726  -28.447  -87.611  4.542 0.5000000000
12819  -31.312  -88.650  0.544 0.4000000060
12683  -26.492  -87.437  6.206 0.5000000000
12840  -31.976  -89.029  0.042 0.4000000060
8604  -38.688  -91.608  7.809 0.3000000119
9537  -39.076  -90.616  8.562 0.3000000119
12667  -25.825  -87.204  7.281 0.6000000238
11661  -32.244  -89.172  -0.635 0.4000000060
11677  -32.458  -89.372  -1.211 0.4000000060
12666  -24.729  -87.303  7.359 0.6000000238
10550  -37.788  -89.405  8.568 0.3000000119
11555  -38.182  -88.660  7.984 0.3000000119
11554  -24.311  -88.003  6.858 0.6000000238
10677  -33.524  -89.467  -1.720 0.4000000060
11553  -23.741  -87.973  6.974 0.6000000238
11680  -34.520  -88.615  -1.673 0.4000000060
11690  -34.678  -88.969  -2.044 0.4000000060
10607  -37.771  -90.139  4.898 0.3000000119
10559  -24.678  -89.386  7.048 0.6999999881
11681  -35.131  -88.555  -1.787 0.3000000119
142815  -36.279  -88.145  -1.330 0.3000000119
12704  -29.372  -87.511  5.030 0.5000000000
12727  -29.474  -87.810  4.330 0.5000000000
150879  -30.868  -87.802  4.448 0.5000000000
134459  -31.790  -87.850  3.394 0.4000000060
144471  -27.659  -87.274  6.733 0.5000000000
12770  -31.556  -87.972  2.485 0.4000000060
12792  -31.254  -88.184  1.413 0.4000000060
135451  -28.037  -87.380  7.849 0.6000000238
149927  -32.968  -88.461  0.215 0.4000000060
12841  -32.748  -88.847  -0.453 0.4000000060
10551  -38.613  -89.463  8.715 0.3000000119
12664  -23.476  -87.166  7.310 0.6000000238
11662  -33.051  -89.050  -1.075 0.4000000060
11678  -33.168  -89.323  -1.406 0.4000000060
12854  -34.417  -88.364  -1.326 0.4000000060
12843  -34.710  -87.798  -1.088 0.4000000060
12855  -34.875  -88.042  -1.435 0.3000000119
140817  -36.012  -87.824  -1.092 0.3000000119
10558  -23.820  -88.878  6.860 0.6000000238
139978  -29.493  -87.524  5.985 0.5000000000
12705  -30.331  -87.640  5.481 0.5000000000
129300  -31.786  -87.642  5.054 0.4000000060
134197  -31.261  -87.838  3.982 0.4000000060
145199  -28.714  -87.411  7.222 0.5000000000
12669  -29.738  -87.472  7.615 0.5000000000
144689  -32.361  -87.777  2.789 0.4000000060
12647  -26.327  -86.827  8.247 0.6000000238
12648  -27.438  -87.125  8.553 0.6000000238
12649  -28.401  -87.217  8.733 0.6000000238
145841  -32.179  -87.912  1.765 0.4000000060
12646  -25.259  -86.719  8.202 0.6000000238
13782  -25.852  -86.389  9.005 0.6000000238
129433  -33.683  -87.734  1.386 0.4000000060
136402  -33.664  -88.031  0.362 0.4000000060
13799  -23.818  -86.578  7.978 0.6000000238
151870  -33.989  -88.177  -0.351 0.4000000060
12822  -34.937  -87.568  0.543 0.4000000060
130402  -35.089  -87.469  -0.593 0.4000000060
134481  -35.796  -87.524  0.791 0.4000000060
11566  -38.458  -88.690  7.312 0.3000000119
11556  -38.943  -88.649  8.011 0.3000000119
13798  -23.313  -86.603  7.459 0.6000000238
143682  -35.544  -87.471  -0.076 0.4000000060
9597  -38.723  -90.220  4.534 0.3000000119
10581  -38.784  -89.113  6.311 0.3000000119
12663  -23.039  -87.441  7.070 0.6000000238
144055  -23.237  -88.880  6.187 0.6000000238
12723  -23.212  -87.474  4.874 0.6999999881
13848  -23.916  -86.444  4.599 0.6999999881
11573  -22.889  -88.234  5.985 0.6000000238
12724  -23.623  -87.042  4.337 0.6999999881
144502  -24.734  -86.756  2.978 0.6999999881
11602  -24.002  -88.024  3.464 0.6000000238
13849  -24.654  -86.031  4.155 0.6999999881
13863  -25.961  -85.944  3.024 0.6000000238
133034  -24.406  -87.916  2.669 0.6999999881
13874  -25.458  -86.558  2.616 0.6999999881
12686  -30.531  -87.639  6.305 0.5000000000
12706  -31.354  -87.630  5.843 0.5000000000
12650  -29.753  -87.244  8.571 0.5000000000
12651  -30.640  -87.370  8.307 0.5000000000
149872  -30.629  -87.655  6.862 0.5000000000
12707  -32.193  -87.568  5.653 0.5000000000
132148  -32.692  -87.518  5.019 0.4000000060
143925  -32.442  -87.708  3.565 0.4000000060
13760  -27.392  -86.323  9.710 0.6000000238
12633  -27.892  -86.884  9.318 0.6000000238
12635  -29.599  -86.899  9.181 0.6000000238
142201  -30.345  -87.025  9.119 0.6000000238
134474  -33.065  -87.614  3.249 0.4000000060
13781  -24.904  -86.277  8.966 0.6000000238
13742  -27.775  -85.926  9.917 0.6000000238
13762  -29.404  -86.431  9.513 0.6000000238
12771  -33.122  -87.683  2.214 0.4000000060
13779  -23.720  -86.068  8.268 0.6000000238
14831  -24.376  -85.877  8.793 0.6000000238
15843  -25.360  -85.023  8.894 0.6000000238
15826  -27.001  -85.042  9.605 0.6000000238
148400  -28.187  -85.353  9.911 0.6000000238
12794  -34.444  -87.638  1.527 0.4000000060
12774  -36.584  -87.306  2.542 0.4000000060
14857  -24.061  -85.312  7.496 0.6000000238
15858  -24.514  -85.019  8.014 0.6000000238
15844  -25.968  -84.665  8.701 0.6000000238
138231  -27.379  -84.268  8.480 0.6000000238
15846  -28.232  -84.191  8.663 0.6000000238
12795  -35.287  -87.561  1.639 0.4000000060
138892  -36.171  -87.476  1.705 0.4000000060
13813  -23.088  -86.278  6.963 0.6000000238
14858  -24.502  -85.371  6.551 0.5000000000
15870  -25.262  -84.833  7.242 0.6000000238
15871  -26.373  -84.425  7.094 0.6000000238
131119  -27.080  -84.172  7.573 0.6000000238
16844  -28.788  -83.639  7.287 0.6999999881
12700  -22.985  -87.561  5.657 0.6999999881
14870  -24.047  -85.854  5.992 0.6000000238
15884  -25.584  -85.246  6.056 0.6000000238
133608  -26.333  -84.657  6.310 0.6000000238
16843  -27.912  -83.737  6.971 0.6000000238
16862  -28.710  -83.428  6.564 0.6000000238
16864  -30.486  -83.343  6.514 0.6000000238
15886  -27.136  -84.152  5.565 0.6000000238
16861  -27.847  -83.614  6.141 0.6000000238
16883  -28.509  -83.109  5.837 0.6000000238
16884  -29.575  -83.007  6.146 0.6000000238
14884  -25.192  -85.592  4.694 0.6000000238
15885  -26.323  -84.895  5.358 0.6000000238
15899  -27.560  -83.902  4.696 0.5000000000
17984  -28.244  -82.803  5.198 0.6000000238
17985  -29.045  -82.493  5.238 0.6000000238
15898  -26.943  -84.574  4.603 0.5000000000
12767  -24.988  -87.272  2.374 0.6999999881
13875  -26.480  -86.314  2.240 0.6999999881
14907  -27.001  -85.632  2.653 0.5000000000
14897  -27.304  -84.963  3.129 0.6000000238
15908  -27.494  -84.261  3.765 0.5000000000
16925  -28.022  -82.588  3.983 0.5000000000
151621  -28.339  -84.090  2.343 0.6000000238
15869  -20.249  -84.450  6.375 0.6000000238
16902  -20.774  -83.830  4.485 0.6000000238
15907  -20.711  -84.254  3.272 0.6000000238
12687  -31.245  -87.656  6.892 0.5000000000
151367  -31.216  -87.518  7.712 0.5000000000
12688  -32.282  -87.525  6.526 0.5000000000
12731  -33.598  -87.404  4.686 0.5000000000
12730  -32.925  -87.574  4.103 0.4000000060
14795  -28.998  -85.264  9.917 0.5000000000
145632  -30.086  -86.597  9.485 0.5000000000
13744  -31.154  -86.022  10.077 0.5000000000
12732  -34.401  -87.234  4.333 0.4000000060
12733  -35.285  -87.011  4.028 0.4000000060
143340  -30.208  -86.048  9.882 0.5000000000
14797  -30.781  -85.429  10.195 0.5000000000
130800  -33.957  -87.655  2.154 0.4000000060
149784  -35.271  -87.380  3.212 0.4000000060
12753  -36.097  -87.151  3.406 0.4000000060
15847  -29.022  -84.141  8.957 0.5000000000
15829  -30.199  -84.519  9.736 0.5000000000
15805  -29.583  -84.901  9.987 0.5000000000
12773  -35.690  -87.437  2.532 0.4000000060
16828  -29.661  -83.893  8.399 0.6000000238
16815  -30.448  -83.983  8.837 0.6000000238
16845  -29.578  -83.653  7.582 0.6000000238
142283  -30.326  -83.709  7.858 0.5000000000
16885  -30.329  -83.038  5.988 0.4000000060
16886  -30.957  -83.259  5.658 0.4000000060
16865  -31.505  -83.550  6.274 0.4000000060
18002  -29.574  -81.823  4.057 0.6000000238
137638  -30.141  -82.614  5.402 0.6000000238
18004  -31.241  -82.972  3.864 0.5000000000
16906  -31.722  -83.285  3.990 0.4000000060
16907  -32.218  -83.583  4.388 0.4000000060
16928  -32.306  -83.476  3.101 0.4000000060
11618  -24.875  -88.045  1.958 0.6999999881
18001  -28.415  -82.419  4.600 0.6000000238
19073  -30.278  -81.856  3.532 0.5000000000
16927  -31.798  -83.198  3.135 0.4000000060
13876  -27.528  -85.930  1.753 0.6000000238
15909  -28.168  -83.393  2.975 0.5000000000
18013  -28.545  -81.931  3.915 0.5000000000
19086  -30.556  -81.255  2.793 0.5000000000
18023  -31.475  -81.661  2.403 0.5000000000
18024  -31.744  -82.653  2.635 0.4000000060
18025  -32.348  -82.746  2.100 0.4000000060
14908  -28.083  -85.165  2.155 0.6000000238
19084  -29.101  -81.070  2.442 0.5000000000
152625  -19.996  -83.919  7.745 0.6999999881
16841  -20.623  -83.632  7.773 0.6000000238
16826  -21.140  -83.249  8.484 0.6999999881
140370  -20.854  -83.788  6.048 0.6000000238
17926  -21.644  -82.788  9.108 0.6000000238
16923  -20.840  -83.649  3.597 0.6000000238
17965  -21.614  -83.043  6.852 0.6000000238
130277  -22.119  -82.795  7.494 0.6000000238
17912  -22.867  -82.234  9.418 0.6000000238
19001  -23.419  -81.845  9.878 0.6000000238
16941  -21.007  -83.742  2.963 0.5000000000
134739  -21.348  -82.548  4.321 0.6000000238
17983  -22.112  -82.076  5.428 0.6000000238
19027  -22.765  -81.919  7.084 0.6000000238
17928  -23.076  -82.258  8.580 0.6000000238
12708  -33.459  -87.206  5.541 0.5000000000
16957  -21.614  -83.825  2.189 0.5000000000
16942  -21.394  -83.400  2.942 0.5000000000
19042  -22.690  -81.638  5.920 0.5000000000
19028  -23.469  -81.490  7.308 0.5000000000
12636  -31.154  -87.054  9.129 0.4000000060
12653  -32.388  -87.062  8.320 0.5000000000
12690  -34.121  -86.772  6.100 0.5000000000
134764  -34.296  -86.986  5.203 0.4000000060
16943  -22.077  -83.362  2.700 0.5000000000
18012  -22.160  -82.285  3.556 0.5000000000
19054  -23.381  -81.135  5.163 0.5000000000
19044  -23.990  -81.083  6.732 0.5000000000
13765  -32.374  -86.405  9.714 0.5000000000
148488  -34.940  -86.864  4.746 0.4000000060
13850  -35.729  -86.681  4.899 0.4000000060
13851  -36.822  -86.598  4.770 0.4000000060
16969  -22.952  -84.205  1.193 0.5000000000
152367  -22.880  -81.999  3.265 0.5000000000
19064  -22.638  -81.593  3.853 0.6000000238
20151  -23.570  -80.722  4.082 0.6000000238
12734  -36.122  -86.870  4.213 0.4000000060
16959  -23.625  -83.656  1.459 0.6000000238
18020  -23.512  -82.333  2.745 0.6000000238
19070  -23.445  -81.287  3.393 0.6999999881
15830  -31.140  -84.545  10.051 0.4000000060
16829  -31.349  -83.792  8.932 0.5000000000
11675  -26.895  -88.442  -2.031 0.6000000238
144866  -31.004  -83.792  8.127 0.5000000000
16848  -32.577  -83.602  7.263 0.4000000060
11659  -27.114  -87.810  -1.153 0.6000000238
135087  -31.864  -83.700  7.003 0.4000000060
12816  -26.686  -87.554  0.013 0.6000000238
12790  -26.395  -87.302  1.028 0.6000000238
16888  -32.742  -83.702  4.933 0.4000000060
13892  -28.137  -85.417  0.556 0.6000000238
13889  -25.899  -86.923  1.834 0.6999999881
141684  -28.578  -83.925  1.619 0.6000000238
18048  -28.125  -82.911  0.628 0.6000000238
16944  -28.547  -82.694  1.791 0.5000000000
18022  -28.594  -81.673  2.130 0.5000000000
147892  -20.020  -82.763  8.877 0.6999999881
17910  -21.373  -82.388  9.839 0.6999999881
17891  -21.105  -81.885  10.488 0.6000000238
17911  -22.127  -82.444  9.743 0.6000000238
18977  -22.340  -80.911  10.835 0.6000000238
18992  -23.142  -81.406  10.607 0.6000000238
20071  -23.571  -80.937  10.741 0.6999999881
18994  -24.918  -81.221  10.130 0.6000000238
149666  -24.052  -81.938  8.790 0.6000000238
13800  -33.069  -86.868  8.350 0.5000000000
12672  -32.950  -87.141  7.470 0.5000000000
12689  -33.246  -87.134  6.414 0.5000000000
127911  -24.218  -81.351  7.577 0.6000000238
19015  -25.225  -81.374  8.996 0.5000000000
13814  -33.840  -86.741  7.075 0.5000000000
12709  -35.013  -86.678  5.379 0.5000000000
13831  -35.656  -86.469  5.778 0.4000000060
20139  -25.007  -80.103  5.513 0.6000000238
20130  -24.475  -80.605  6.143 0.6000000238
20098  -25.834  -80.976  8.244 0.5000000000
13745  -31.997  -85.931  10.119 0.5000000000
13913  -26.504  -87.152  -1.444 0.6000000238
15946  -25.604  -85.614  -0.353 0.4000000060
127359  -24.994  -84.400  0.603 0.6000000238
19081  -23.670  -81.401  3.129 0.6000000238
20152  -24.190  -80.373  3.956 0.6000000238
20131  -25.283  -80.381  6.450 0.6000000238
16796  -32.093  -84.388  10.348 0.4000000060
15807  -32.857  -84.671  10.698 0.4000000060
14927  -26.307  -85.891  -0.638 0.5000000000
15947  -25.913  -84.909  -0.074 0.5000000000
16960  -24.546  -83.615  1.101 0.6000000238
18031  -24.682  -82.798  2.068 0.6999999881
19082  -24.514  -81.116  3.075 0.6000000238
20163  -24.457  -80.547  3.434 0.6000000238
21239  -24.971  -79.929  4.557 0.6000000238
16816  -31.721  -83.973  9.768 0.5000000000
13914  -26.926  -86.918  -1.078 0.6000000238
15938  -26.052  -84.265  0.385 0.6000000238
16961  -25.223  -83.044  1.379 0.6000000238
20177  -25.651  -79.662  3.054 0.6000000238
21268  -25.667  -78.573  3.402 0.6000000238
21241  -26.224  -79.191  5.029 0.6000000238
16847  -31.856  -83.681  7.971 0.4000000060
13915  -27.051  -86.313  -0.617 0.5000000000
14928  -26.919  -85.350  -0.246 0.6000000238
18045  -26.407  -83.122  1.052 0.6000000238
142534  -26.140  -79.879  2.588 0.6000000238
21279  -25.696  -78.509  3.022 0.6000000238
12817  -26.899  -87.029  -0.373 0.6000000238
13902  -27.492  -86.073  0.182 0.6000000238
14929  -27.602  -85.182  -0.003 0.6000000238
16972  -27.505  -83.154  0.653 0.6000000238
18046  -27.111  -82.130  0.914 0.6000000238
16974  -28.653  -83.754  0.079 0.6000000238
14918  -28.707  -84.812  0.605 0.6000000238
19100  -28.580  -81.321  1.660 0.5000000000
19101  -29.018  -80.609  1.969 0.5000000000
17924  -19.941  -82.252  9.325 0.6999999881
17909  -20.565  -82.145  9.911 0.6999999881
20096  -18.612  -79.867  8.139 0.6999999881
20068  -18.713  -79.956  10.265 0.6999999881
19000  -19.747  -81.683  10.026 0.6999999881
20070  -20.821  -81.055  10.714 0.6999999881
20051  -21.608  -80.652  10.702 0.6000000238
144947  -22.485  -79.898  10.431 0.6000000238
22269  -24.188  -79.379  10.811 0.5000000000
18978  -23.005  -80.971  10.924 0.6999999881
21126  -24.540  -79.667  11.055 0.5000000000
20054  -24.835  -80.068  11.122 0.5000000000
150343  -25.449  -80.942  10.272 0.5000000000
13801  -33.676  -86.678  8.014 0.4000000060
145805  -35.097  -86.274  7.429 0.5000000000
13803  -35.740  -86.005  7.587 0.5000000000
13816  -35.539  -86.301  6.701 0.5000000000
13817  -36.432  -86.181  6.222 0.4000000060
13746  -32.795  -85.848  10.237 0.4000000060
13787  -35.120  -86.096  8.329 0.4000000060
20115  -26.387  -80.463  7.704 0.6000000238
21222  -25.856  -79.894  5.795 0.6000000238
20132  -26.146  -80.206  6.768 0.6000000238
21257  -25.655  -77.998  4.369 0.6000000238
21223  -26.730  -79.678  6.113 0.6000000238
20188  -27.541  -80.997  1.787 0.6000000238
21280  -26.141  -78.735  2.869 0.6000000238
133939  -26.859  -79.183  5.226 0.6000000238
18047  -27.948  -82.410  0.635 0.6000000238
22374  -26.349  -77.747  3.289 0.5000000000
19099  -28.195  -81.251  1.460 0.6000000238
21289  -27.734  -79.588  2.514 0.5000000000
20189  -28.075  -80.407  2.002 0.5000000000
137904  -17.728  -79.262  8.975 0.6999999881
21166  -17.925  -79.539  10.121 0.6999999881
21145  -19.324  -79.523  10.455 0.6999999881
21146  -20.147  -79.897  10.646 0.6999999881
22291  -20.898  -79.122  9.475 0.6000000238
21147  -20.881  -79.724  10.328 0.6999999881
22292  -22.822  -79.358  9.912 0.4000000060
134624  -16.887  -77.472  9.292 0.6999999881
22288  -18.128  -78.637  10.297 0.6999999881
22289  -19.035  -78.609  10.449 0.6000000238
22307  -19.886  -78.383  9.995 0.6000000238
22293  -23.712  -79.037  10.217 0.5000000000
23469  -15.771  -77.271  8.987 0.6999999881
150170  -16.309  -77.103  8.948 0.6999999881
22294  -24.459  -78.624  10.738 0.5000000000
24483  -14.856  -76.920  10.389 0.6999999881
22270  -24.822  -78.974  11.203 0.5000000000
131416  -14.018  -77.218  11.093 0.6000000238
23406  -14.133  -77.171  11.720 0.6000000238
152016  -14.625  -77.406  12.533 0.6000000238
140751  -15.969  -78.116  13.065 0.5000000000
22243  -17.057  -78.260  13.479 0.5000000000
13788  -35.983  -85.722  8.433 0.4000000060
134329  -36.237  -85.991  7.021 0.4000000060
22351  -27.401  -78.817  4.973 0.6000000238
22323  -21.394  -78.528  8.718 0.5000000000
22308  -22.066  -78.928  9.122 0.5000000000
23454  -17.499  -77.127  9.987 0.6000000238
23435  -18.387  -77.770  10.266 0.6000000238
133933  -19.823  -77.591  9.310 0.6000000238
23472  -20.254  -77.110  8.367 0.6000000238
23458  -22.592  -78.125  8.598 0.5000000000
22309  -23.147  -78.608  9.444 0.5000000000
23436  -23.990  -78.227  9.920 0.5000000000
24500  -15.856  -76.673  9.613 0.6999999881
24485  -16.193  -76.279  9.884 0.6000000238
24468  -17.843  -76.825  10.162 0.6000000238
23455  -18.434  -76.093  9.502 0.6000000238
24502  -19.383  -75.692  8.633 0.6000000238
23461  -25.189  -76.929  9.932 0.5000000000
24466  -15.192  -76.086  10.783 0.6999999881
25638  -16.316  -75.529  10.394 0.6000000238
25623  -17.196  -74.798  10.266 0.6000000238
25639  -17.735  -74.777  9.889 0.6000000238
25640  -19.156  -74.987  9.223 0.6000000238
25619  -14.605  -76.113  11.517 0.6000000238
25621  -15.517  -75.300  10.992 0.6000000238
26763  -15.981  -75.008  11.017 0.6000000238
26765  -17.422  -74.843  10.256 0.6000000238
25596  -14.858  -76.055  12.565 0.6000000238
26706  -15.196  -75.711  13.121 0.6000000238
140021  -15.473  -75.160  12.262 0.6000000238
26746  -17.125  -74.910  11.312 0.6000000238
23396  -15.211  -76.747  12.916 0.5000000000
23397  -15.789  -77.047  13.296 0.5000000000
24435  -15.440  -76.051  13.649 0.5000000000
26708  -15.188  -74.848  13.983 0.6000000238
26727  -16.746  -74.737  12.482 0.6000000238
13804  -36.533  -85.783  7.733 0.4000000060
21098  -18.752  -79.880  13.544 0.5000000000
23380  -16.126  -76.392  13.995 0.5000000000
24420  -16.000  -75.705  14.311 0.6000000238
137530  -16.448  -74.586  14.144 0.6000000238
21085  -18.572  -78.947  14.198 0.5000000000
143835  -17.681  -78.145  15.060 0.5000000000
22230  -17.324  -77.814  14.339 0.4000000060
24399  -16.746  -76.396  14.595 0.5000000000
26697  -16.565  -74.879  14.429 0.6000000238
23474  -22.142  -77.852  7.584 0.6000000238
23475  -22.976  -77.478  7.842 0.5000000000
23459  -23.459  -77.754  8.996 0.5000000000
149034  -20.950  -76.478  7.090 0.6000000238
24519  -22.335  -76.696  6.659 0.5000000000
24488  -24.761  -76.535  8.781 0.5000000000
25654  -20.369  -75.141  7.968 0.6999999881
26795  -21.552  -75.246  7.274 0.6999999881
149964  -18.906  -75.056  9.808 0.6000000238
25641  -19.753  -74.985  8.420 0.6999999881
26766  -18.357  -74.854  10.352 0.6000000238
26767  -19.502  -75.058  10.778 0.6999999881
26728  -17.748  -74.732  12.478 0.6000000238
26748  -18.944  -74.709  11.620 0.6999999881
27847  -17.392  -74.427  13.362 0.6000000238
26729  -18.566  -74.328  12.561 0.6999999881
20001  -20.332  -81.075  16.092 0.5000000000
21074  -19.066  -78.973  15.202 0.5000000000
23362  -17.277  -77.106  14.925 0.4000000060
25556  -17.267  -75.794  14.871 0.6000000238
139101  -18.094  -74.214  13.780 0.6000000238
21075  -20.095  -80.207  15.387 0.5000000000
23364  -18.059  -77.962  15.588 0.4000000060
131903  -17.815  -76.389  15.246 0.5000000000
23476  -23.865  -76.973  8.271 0.5000000000
24521  -23.909  -76.280  6.593 0.5000000000
24530  -22.190  -75.910  6.802 0.6000000238
25671  -22.989  -75.031  6.706 0.5000000000
26806  -23.920  -74.885  6.651 0.5000000000
25642  -20.802  -75.081  8.743 0.6999999881
26769  -21.229  -75.039  9.991 0.6999999881
26768  -20.338  -75.084  10.605 0.6000000238
27848  -18.531  -73.883  13.305 0.6999999881
26749  -19.561  -74.383  11.539 0.6000000238
26689  -18.075  -74.592  14.420 0.6000000238
27835  -18.839  -73.489  13.728 0.6000000238
21061  -19.575  -79.123  15.776 0.5000000000
23347  -18.528  -77.527  15.738 0.4000000060
25557  -17.890  -75.537  14.826 0.6000000238
22203  -19.842  -78.643  15.999 0.4000000060
23348  -19.333  -77.805  15.833 0.4000000060
24402  -19.140  -76.924  15.666 0.5000000000
128108  -18.527  -76.190  15.147 0.5000000000
149360  -22.072  -74.804  8.153 0.6000000238
127285  -23.312  -74.714  7.474 0.5000000000
26786  -22.549  -74.353  9.330 0.6000000238
26798  -23.719  -74.302  8.474 0.5000000000
26770  -21.922  -74.372  9.830 0.6000000238
29041  -20.615  -72.691  10.602 0.6000000238
29057  -22.148  -72.786  9.703 0.5000000000
29040  -19.896  -71.963  10.942 0.6000000238
29001  -19.413  -72.287  12.744 0.6999999881
29039  -19.612  -71.380  11.297 0.5000000000
27826  -18.673  -73.884  14.090 0.6000000238
26699  -18.964  -74.219  14.374 0.5000000000
23365  -19.886  -77.457  15.712 0.4000000060
25558  -19.401  -76.041  14.939 0.5000000000
130510  -19.057  -74.152  18.687 0.4000000060
27786  -19.598  -73.554  18.286 0.3000000119
26650  -19.931  -74.510  18.352 0.4000000060
27908  -23.783  -73.680  8.878 0.5000000000
24364  -19.716  -76.297  18.753 0.3000000119
25522  -19.859  -75.515  18.514 0.4000000060
29056  -21.035  -71.863  9.946 0.5000000000
27899  -23.069  -72.946  9.271 0.5000000000
141041  -20.743  -77.549  19.560 0.3000000119
24365  -20.597  -76.250  18.585 0.4000000060
29055  -20.084  -71.462  10.474 0.5000000000
23304  -21.452  -77.858  19.659 0.3000000119
29002  -19.563  -71.950  12.380 0.6000000238
26711  -20.029  -73.359  13.974 0.6999999881
28990  -19.921  -72.451  12.932 0.6000000238
24403  -20.221  -76.751  15.197 0.5000000000
26700  -19.795  -74.161  14.216 0.5000000000
25572  -20.570  -75.232  14.223 0.4000000060
26712  -21.041  -73.920  13.337 0.4000000060
28928  -19.263  -72.734  18.310 0.3000000119
27787  -20.402  -73.762  18.051 0.3000000119
26651  -20.821  -74.466  18.050 0.3000000119
146520  -20.594  -75.253  18.251 0.4000000060
30170  -22.014  -71.712  9.188 0.5000000000
24349  -21.103  -77.148  19.101 0.4000000060
144209  -21.309  -75.736  18.228 0.4000000060
30169  -21.153  -70.820  9.510 0.5000000000
23320  -21.983  -77.451  19.073 0.4000000060
24367  -22.492  -76.898  18.542 0.4000000060
30128  -19.562  -71.070  11.178 0.5000000000
30168  -20.263  -70.905  10.185 0.5000000000
23305  -22.232  -78.296  19.541 0.4000000060
30109  -19.735  -71.379  11.843 0.5000000000
27838  -20.286  -73.000  13.425 0.5000000000
29003  -20.480  -71.857  12.380 0.5000000000
23350  -21.259  -78.330  16.176 0.3000000119
24404  -21.322  -77.069  14.967 0.4000000060
25587  -21.295  -75.015  13.607 0.4000000060
27849  -21.183  -72.887  12.962 0.4000000060
149971  -19.360  -72.043  18.342 0.3000000119
28929  -20.122  -73.022  18.040 0.3000000119
27800  -21.122  -73.871  17.901 0.4000000060
26666  -21.658  -74.404  17.834 0.4000000060
30195  -24.713  -71.124  7.962 0.4000000060
26652  -21.893  -75.198  18.014 0.4000000060
31238  -23.753  -70.699  8.346 0.4000000060
24366  -21.573  -76.603  18.577 0.4000000060
25523  -22.128  -76.046  18.224 0.4000000060
30182  -21.960  -70.872  8.828 0.4000000060
143243  -22.898  -76.304  18.233 0.4000000060
31188  -20.091  -70.691  10.776 0.5000000000
23321  -22.950  -77.847  18.882 0.4000000060
130675  -23.329  -78.919  17.641 0.3000000119
30129  -20.607  -70.912  11.324 0.5000000000
24422  -22.659  -76.740  14.227 0.3000000119
28945  -19.943  -72.172  18.206 0.3000000119
28946  -20.765  -72.388  17.876 0.3000000119
138992  -20.951  -73.192  17.849 0.3000000119
27801  -21.814  -73.485  17.680 0.4000000060
135208  -22.295  -74.059  17.680 0.4000000060
127096  -22.880  -74.216  17.763 0.3000000119
26667  -22.428  -74.697  17.833 0.4000000060
31249  -26.373  -70.953  7.095 0.4000000060
135146  -26.935  -70.296  7.106 0.4000000060
26653  -22.700  -75.515  18.032 0.4000000060
137075  -22.778  -70.862  8.508 0.4000000060
30181  -21.326  -70.121  9.189 0.4000000060
24368  -23.370  -76.992  18.310 0.3000000119
132918  -21.231  -69.811  9.405 0.4000000060
22172  -23.416  -78.493  18.456 0.3000000119
23334  -23.762  -77.674  18.281 0.3000000119
23352  -23.764  -78.331  16.416 0.3000000119
26730  -21.851  -73.989  12.747 0.4000000060
30061  -20.994  -70.870  17.284 0.3000000119
28947  -21.558  -72.575  17.598 0.4000000060
28948  -22.332  -72.717  17.493 0.4000000060
27802  -22.635  -73.498  17.570 0.4000000060
31252  -28.233  -70.242  7.471 0.4000000060
141142  -25.880  -70.290  7.536 0.4000000060
25532  -23.231  -75.026  17.926 0.4000000060
31239  -24.774  -70.366  8.036 0.4000000060
25524  -23.621  -76.045  17.992 0.4000000060
140064  -21.866  -69.501  8.891 0.4000000060
32366  -23.198  -69.059  8.548 0.4000000060
24377  -24.112  -76.919  17.931 0.3000000119
32364  -21.518  -69.241  9.092 0.4000000060
130653  -24.686  -77.623  17.064 0.3000000119
31189  -21.065  -70.349  10.880 0.5000000000
22190  -24.276  -78.154  17.063 0.3000000119
23370  -24.632  -77.308  15.565 0.3000000119
30130  -21.766  -71.043  11.439 0.5000000000
24436  -22.853  -76.224  13.608 0.3000000119
29004  -21.798  -72.394  12.275 0.4000000060
150655  -22.194  -76.292  13.849 0.4000000060
30042  -21.351  -71.748  17.465 0.3000000119
27803  -23.345  -73.603  17.835 0.3000000119
26668  -23.726  -74.441  18.023 0.3000000119
32386  -27.196  -69.453  7.443 0.4000000060
25533  -24.168  -75.303  17.963 0.3000000119
32368  -25.342  -69.607  8.016 0.4000000060
33504  -26.664  -68.659  7.775 0.3000000119
130216  -24.575  -76.187  17.822 0.3000000119
32365  -22.239  -68.946  8.906 0.4000000060
140793  -24.812  -68.889  8.518 0.4000000060
24388  -25.058  -77.039  16.658 0.3000000119
24406  -25.211  -76.604  15.666 0.3000000119
31210  -21.576  -69.711  10.300 0.4000000060
23384  -24.090  -77.217  14.657 0.3000000119
26732  -23.556  -74.701  12.736 0.3000000119
27851  -23.384  -73.861  12.221 0.3000000119
29022  -23.447  -72.363  11.512 0.3000000119
26669  -24.636  -74.617  18.108 0.3000000119
27788  -25.234  -74.021  18.395 0.3000000119
25534  -25.080  -75.420  17.814 0.3000000119
33503  -25.689  -68.767  8.196 0.3000000119
33488  -23.838  -68.481  8.744 0.4000000060
33490  -25.951  -67.793  8.425 0.4000000060
24407  -25.659  -75.940  15.720 0.3000000119
33486  -22.013  -68.626  9.186 0.4000000060
140581  -23.526  -67.692  9.032 0.4000000060
152178  -24.686  -76.797  14.862 0.3000000119
25590  -24.001  -75.216  13.416 0.3000000119
31190  -22.372  -70.481  10.861 0.3000000119
27869  -23.883  -73.191  11.650 0.3000000119
26691  -26.175  -74.907  15.276 0.3000000119
25576  -25.131  -75.292  14.414 0.3000000119
34558  -23.202  -67.519  9.488 0.3000000119
35664  -24.311  -66.274  9.193 0.3000000119
26701  -24.805  -74.959  13.887 0.3000000119
137519  -23.055  -68.809  10.369 0.3000000119
26733  -24.150  -74.303  12.558 0.3000000119
30131  -23.598  -71.153  10.897 0.3000000119
26702  -26.379  -74.262  14.706 0.3000000119
28979  -26.850  -72.631  14.302 0.3000000119
26715  -25.183  -74.373  13.608 0.3000000119
139645  -23.089  -67.611  10.036 0.3000000119
27841  -26.312  -73.119  13.624 0.3000000119
150995  -26.672  -72.503  13.682 0.3000000119
26713  -21.930  -74.858  12.916 0.4000000060
23368  -22.854  -77.705  15.256 0.3000000119
24423  -23.505  -76.708  14.126 0.3000000119
7027  -33.535  -93.699  -1.001 0.6000000238
6241  -35.033  -94.629  -0.552 0.5000000000
6222  -35.182  -94.805  0.610 0.5000000000
6221  -34.099  -94.527  1.304 0.5000000000
6223  -36.189  -94.794  -0.046 0.5000000000
6995  -37.684  -93.216  0.216 0.5000000000
7812  -30.827  -92.362  -0.731 0.6999999881
8743  -32.030  -91.198  -1.686 0.6999999881
7810  -29.573  -92.007  -0.498 0.6999999881
7015  -30.844  -93.191  -0.379 0.6999999881
7006  -38.212  -94.008  0.221 0.4000000060
7002  -29.601  -93.570  0.326 0.6999999881
7831  -36.130  -92.520  -1.993 0.5000000000
130611  -38.373  -90.335  4.058 0.3000000119
127011  -36.191  -90.339  -2.582 0.3000000119
144607  -30.965  -89.366  -0.303 0.6000000238
10658  -29.895  -90.158  -0.579 0.6000000238
12818  -30.788  -88.466  0.927 0.5000000000
11587  -26.689  -88.653  3.835 0.6000000238
8723  -28.781  -91.711  0.354 0.6999999881
10565  -36.687  -89.160  7.884 0.3000000119
147972  -27.277  -91.334  3.081 0.6000000238
9647  -28.182  -90.969  1.771 0.6000000238
7791  -28.803  -92.318  0.542 0.6999999881
141458  -34.157  -91.520  -2.537 0.5000000000
7028  -35.861  -93.226  -1.371 0.6000000238
6242  -35.951  -94.154  -0.647 0.5000000000
7774  -27.884  -92.596  1.773 0.6000000238
132368  -29.200  -93.960  0.964 0.6999999881
7732  -26.961  -92.607  4.237 0.5000000000
9618  -38.196  -90.171  3.552 0.3000000119
9551  -27.084  -90.212  7.991 0.6000000238
6170  -28.324  -94.878  3.234 0.5000000000
9686  -38.820  -89.600  -1.859 0.3000000119
9704  -33.197  -90.571  -2.170 0.5000000000
133849  -38.565  -90.112  2.827 0.3000000119
5436  -27.430  -95.832  4.548 0.5000000000
12793  -32.911  -87.972  1.109 0.4000000060
11545  -38.994  -89.007  8.588 0.3000000119
14816  -25.710  -85.827  9.476 0.6000000238
13847  -23.306  -86.909  5.156 0.6999999881
14883  -24.383  -85.956  5.056 0.6000000238
14896  -26.434  -85.342  3.490 0.6000000238
14817  -26.575  -85.633  9.762 0.6000000238
13763  -30.763  -86.577  9.629 0.5000000000
136575  -33.862  -87.607  2.942 0.4000000060
126712  -27.591  -84.589  9.261 0.6000000238
15804  -28.707  -84.905  9.878 0.5000000000
15872  -27.122  -84.095  6.578 0.6000000238
146883  -30.204  -83.545  7.190 0.4000000060
12789  -25.571  -87.624  1.564 0.6000000238
13890  -26.915  -86.612  1.364 0.6999999881
16881  -21.135  -83.321  5.061 0.6000000238
12671  -31.955  -87.401  7.551 0.4000000060
148804  -32.099  -84.948  10.427 0.4000000060
16866  -32.349  -83.713  6.401 0.4000000060
19071  -29.102  -81.516  3.634 0.4000000060
11628  -25.582  -88.769  0.681 0.6000000238
16842  -21.368  -83.314  7.750 0.6000000238
140579  -22.662  -81.614  4.746 0.6000000238
13830  -34.923  -86.563  6.069 0.5000000000
16958  -22.609  -83.624  1.976 0.5000000000
20113  -24.770  -80.908  7.010 0.6000000238
16970  -23.920  -84.206  0.903 0.4000000060
15939  -28.637  -83.979  -0.017 0.5000000000
16797  -32.929  -83.987  10.656 0.5000000000
128890  -26.286  -82.110  1.944 0.6000000238
16983  -27.885  -83.831  0.083 0.5000000000
23421  -13.800  -77.414  11.209 0.6000000238
22231  -17.761  -78.395  14.226 0.5000000000
24503  -19.836  -76.171  7.770 0.5000000000
24486  -16.972  -75.890  10.100 0.6000000238
24501  -18.813  -74.986  9.538 0.6000000238
24517  -20.436  -76.067  7.233 0.6000000238
26744  -15.202  -75.438  11.987 0.6000000238
21086  -19.423  -79.868  14.381 0.5000000000
24532  -23.496  -75.982  6.503 0.5000000000
29019  -19.488  -72.579  11.829 0.6000000238
22202  -18.814  -78.263  15.685 0.5000000000
27836  -19.174  -72.737  13.474 0.6000000238
128967  -19.204  -75.020  18.676 0.3000000119
27898  -22.536  -73.722  9.657 0.5000000000
23366  -20.777  -77.592  15.618 0.3000000119
30183  -23.764  -71.412  8.355 0.4000000060
29068  -22.838  -71.653  8.577 0.4000000060
24421  -20.914  -76.284  14.497 0.4000000060
23367  -21.950  -77.818  15.568 0.3000000119
29020  -21.262  -71.524  11.890 0.5000000000
30041  -20.507  -71.493  17.859 0.3000000119
24378  -24.726  -76.984  17.465 0.3000000119
32336  -21.546  -69.436  9.792 0.4000000060
27850  -22.295  -73.480  12.340 0.3000000119
24379  -25.168  -76.282  17.376 0.3000000119
29021  -22.411  -71.955  11.760 0.4000000060
30062  -21.755  -71.037  17.148 0.3000000119
24389  -25.517  -76.219  16.616 0.3000000119
149009  -22.397  -68.417  9.857 0.4000000060
26690  -25.563  -74.722  14.424 0.3000000119
6150  -24.287  -94.917  4.781 0.5000000000
5433  -24.896  -95.600  5.130 0.5000000000
5434  -25.316  -96.205  4.946 0.5000000000
4726  -26.592  -96.640  4.725 0.4000000060
6115  -23.191  -94.073  5.971 0.5000000000
6133  -23.809  -94.438  5.341 0.5000000000
5411  -24.763  -94.906  5.700 0.5000000000
5423  -25.598  -95.689  5.646 0.5000000000
5424  -26.273  -95.800  5.668 0.5000000000
5435  -26.804  -96.047  5.195 0.4000000060
6934  -22.606  -93.762  6.686 0.4000000060
6116  -23.510  -93.870  6.825 0.5000000000
5412  -25.521  -95.003  6.235 0.5000000000
6134  -26.684  -95.272  5.742 0.4000000060
136319  -22.978  -93.498  7.580 0.5000000000
6104  -24.384  -94.023  7.027 0.5000000000
6117  -24.974  -94.549  6.567 0.5000000000
6897  -24.233  -93.122  8.583 0.5000000000
6105  -25.222  -94.142  7.222 0.5000000000
6918  -25.466  -93.627  7.762 0.5000000000
6919  -26.054  -93.579  7.539 0.5000000000
6947  -26.755  -93.568  6.318 0.4000000060
142540  -23.352  -93.126  8.496 0.5000000000
6898  -25.057  -93.118  8.517 0.5000000000
6899  -25.764  -92.980  8.257 0.5000000000
7706  -26.863  -92.700  6.900 0.5000000000
132240  -22.306  -91.554  6.190 0.5000000000
7654  -22.844  -92.102  9.704 0.5000000000
8576  -22.887  -91.526  9.729 0.5000000000
150390  -23.523  -91.919  9.863 0.5000000000
9513  -23.476  -91.199  9.553 0.5000000000
7656  -25.107  -91.940  9.639 0.5000000000
8578  -24.819  -91.524  9.716 0.5000000000
7678  -26.131  -92.144  8.759 0.5000000000
7694  -27.179  -91.881  7.521 0.5000000000
8617  -22.813  -91.033  7.932 0.5000000000
8637  -23.246  -91.441  6.832 0.5000000000
143369  -24.186  -91.957  4.320 0.5000000000
143556  -23.377  -90.894  8.543 0.5000000000
8654  -24.166  -91.457  5.510 0.5000000000
9574  -24.258  -91.396  4.848 0.5000000000
127055  -24.206  -90.903  9.105 0.5000000000
9548  -24.176  -90.820  8.487 0.5000000000
8619  -24.305  -90.871  7.290 0.5000000000
136918  -25.390  -90.904  9.530 0.5000000000
9549  -24.758  -90.435  8.293 0.5000000000
8579  -25.624  -91.321  9.603 0.5000000000
8620  -26.897  -91.555  8.481 0.5000000000
8640  -27.443  -91.364  6.960 0.5000000000
10636  -25.032  -89.530  0.976 0.5000000000
10635  -24.618  -89.520  1.943 0.6000000238
9612  -24.142  -90.459  3.341 0.5000000000
9590  -24.287  -90.875  5.539 0.5000000000
10602  -24.110  -89.611  3.932 0.5000000000
9564  -24.337  -90.663  6.592 0.5000000000
10587  -23.679  -89.793  5.933 0.5000000000
9529  -25.770  -90.309  9.068 0.5000000000
10546  -25.342  -89.907  8.251 0.5000000000
9530  -26.240  -90.167  8.904 0.5000000000
137092  -26.198  -89.419  -1.272 0.5000000000
11640  -26.455  -88.503  -0.526 0.5000000000
11617  -24.442  -88.708  2.441 0.6000000238
13811  -18.810  -86.210  6.233 0.5000000000
15882  -19.756  -85.169  5.946 0.6000000238
14854  -17.982  -85.865  7.000 0.5000000000
15868  -19.245  -84.904  6.745 0.5000000000
15857  -20.070  -84.253  7.259 0.6000000238
16840  -19.500  -83.577  7.808 0.6000000238
16859  -18.203  -83.874  6.940 0.5000000000
17943  -19.212  -82.584  7.795 0.6000000238
19026  -19.114  -81.314  7.217 0.5000000000
148263  -19.677  -82.956  8.383 0.6000000238
127596  -19.321  -82.081  8.485 0.6000000238
149705  -19.165  -79.462  6.204 0.5000000000
20097  -19.049  -80.760  7.719 0.6000000238
136880  -18.706  -80.779  9.043 0.6000000238
22344  -18.425  -78.001  6.710 0.5000000000
21204  -18.622  -78.643  7.140 0.5000000000
22321  -15.765  -77.692  8.246 0.5000000000
150929  -15.232  -77.662  8.980 0.6000000238
149972  -13.031  -78.643  12.095 0.6000000238
22286  -13.488  -78.303  10.517 0.5000000000
23471  -16.722  -77.331  7.853 0.6000000238
22334  -18.006  -77.938  7.531 0.5000000000
23450  -14.213  -77.514  10.192 0.5000000000
137010  -14.235  -78.822  12.372 0.6000000238
22254  -13.471  -78.535  12.147 0.6000000238
22241  -15.054  -77.598  12.751 0.6000000238
9636  -39.544  -90.451  2.391 0.3000000119
127759  -40.374  -90.565  1.530 0.3000000119
129914  -39.577  -90.288  0.213 0.3000000119
9656  -42.096  -89.907  0.981 0.3000000119
9666  -40.309  -90.183  -0.622 0.3000000119
9651  -38.411  -89.985  0.690 0.3000000119
150148  -38.113  -89.825  1.529 0.3000000119
138416  -26.643  -94.640  6.278 0.4000000060
10575  -24.509  -90.154  7.360 0.5000000000
10615  -23.630  -88.713  4.312 0.5000000000
15896  -20.116  -85.335  4.893 0.5000000000
5413  -26.197  -95.190  6.325 0.4000000060
6119  -26.310  -94.298  6.944 0.5000000000
7675  -23.692  -92.470  9.418 0.5000000000
9546  -21.500  -90.641  8.322 0.5000000000
9547  -22.412  -90.726  8.893 0.5000000000
7713  -23.659  -92.021  5.165 0.5000000000
8653  -24.045  -91.822  5.387 0.5000000000
8618  -23.922  -91.152  7.541 0.5000000000
10601  -23.866  -89.784  4.905 0.5000000000
9652  -39.541  -90.400  1.229 0.3000000119
9679  -40.792  -89.960  -0.783 0.3000000119
9654  -40.964  -90.548  0.835 0.3000000119
9653  -40.402  -90.477  0.493 0.3000000119
9668  -41.297  -90.040  -0.229 0.3000000119
34575  -24.939  -66.813  8.761 0.3000000119
4713  -26.045  -96.351  5.250 0.5000000000
4725  -25.892  -96.650  4.586 0.5000000000
4727  -27.802  -96.485  3.981 0.5000000000
5467  -35.115  -95.747  2.456 0.6000000238
6106  -25.832  -94.119  7.286 0.5000000000
6118  -25.768  -94.592  6.809 0.5000000000
6184  -29.790  -95.882  2.249 0.5000000000
6201  -29.114  -94.467  1.428 0.6999999881
6204  -33.686  -94.783  2.230 0.5000000000
6220  -32.466  -94.245  0.928 0.6000000238
6225  -38.151  -94.684  0.052 0.5000000000
6896  -22.495  -93.110  8.423 0.5000000000
6916  -23.860  -93.554  7.687 0.5000000000
6917  -24.715  -93.635  7.803 0.5000000000
6935  -26.490  -93.408  7.133 0.5000000000
6946  -22.254  -93.952  5.771 0.5000000000
6963  -26.947  -94.221  5.416 0.4000000060
6992  -27.821  -93.259  1.963 0.6000000238
7004  -31.149  -93.962  0.079 0.6999999881
7013  -29.266  -92.636  -0.027 0.6999999881
7041  -34.820  -92.970  -1.607 0.5000000000
7042  -35.618  -92.593  -1.991 0.6000000238
7655  -24.293  -92.042  9.837 0.5000000000
7657  -25.747  -91.799  9.392 0.5000000000
7676  -24.645  -92.513  9.298 0.5000000000
7677  -25.400  -92.435  9.038 0.5000000000
7693  -26.497  -92.648  7.807 0.5000000000
7731  -26.978  -93.463  4.528 0.5000000000
7759  -27.364  -92.885  2.569 0.5000000000
7775  -28.289  -92.857  1.224 0.6000000238
7777  -36.636  -92.361  0.633 0.5000000000
7827  -30.830  -91.463  -1.087 0.6999999881
7829  -32.566  -91.894  -1.555 0.8000000119
8575  -21.903  -91.117  9.570 0.5000000000
8577  -23.903  -91.616  9.805 0.5000000000
8580  -26.338  -91.290  9.281 0.5000000000
8596  -26.785  -90.545  8.780 0.5000000000
8621  -27.347  -90.944  7.926 0.5000000000
8636  -22.003  -91.258  7.238 0.5000000000
8638  -24.032  -91.406  6.294 0.5000000000
8639  -24.254  -91.114  6.196 0.5000000000
8652  -23.434  -91.717  5.837 0.5000000000
8655  -27.512  -91.048  5.412 0.6000000238
8692  -27.237  -92.053  2.849 0.6000000238
8715  -28.089  -91.812  1.749 0.6000000238
8716  -28.590  -91.391  1.106 0.6999999881
8724  -35.212  -90.881  1.014 0.4000000060
8731  -29.418  -91.384  -0.596 0.6999999881
8733  -36.281  -90.847  -0.294 0.4000000060
8741  -30.021  -90.764  -0.911 0.6000000238
8742  -31.216  -90.871  -1.506 0.6999999881
8758  -31.892  -90.652  -1.783 0.6000000238
8759  -32.623  -90.930  -2.057 0.6999999881
9512  -22.678  -91.060  9.561 0.5000000000
9514  -24.523  -91.203  9.527 0.5000000000
9515  -26.104  -90.635  9.401 0.5000000000
9526  -22.303  -90.866  9.379 0.5000000000
9527  -23.163  -90.877  9.238 0.5000000000
9528  -25.125  -90.701  9.069 0.5000000000
9591  -24.192  -90.544  4.445 0.5000000000
9619  -39.009  -90.394  3.377 0.3000000119
9650  -36.126  -90.232  0.610 0.4000000060
9655  -41.470  -90.341  0.679 0.3000000119
9661  -28.916  -90.901  0.254 0.6999999881
9667  -41.012  -90.373  -0.070 0.3000000119
9683  -30.776  -90.571  -1.305 0.6000000238
9706  -36.796  -90.138  -2.467 0.4000000060
10547  -25.837  -89.747  8.250 0.5000000000
10574  -23.818  -89.458  6.650 0.6000000238
10580  -37.877  -88.852  6.824 0.3000000119
10591  -37.008  -89.558  5.788 0.3000000119
10603  -26.118  -88.488  4.463 0.6999999881
10616  -24.065  -88.921  3.287 0.5000000000
10629  -36.029  -89.874  2.276 0.3000000119
10637  -28.841  -89.815  1.410 0.6000000238
10646  -29.089  -90.092  0.567 0.6000000238
10647  -29.593  -89.726  0.123 0.6000000238
10656  -26.957  -88.559  -1.699 0.5000000000
10659  -30.672  -89.797  -0.837 0.6000000238
10676  -32.667  -89.776  -1.605 0.4000000060
10693  -33.162  -90.011  -1.844 0.4000000060
10696  -36.560  -89.909  -2.497 0.3000000119
10698  -38.427  -89.304  -2.173 0.3000000119
11543  -37.514  -88.855  8.145 0.3000000119
11544  -38.297  -88.909  8.414 0.3000000119
11552  -23.264  -87.916  7.016 0.6000000238
11562  -23.162  -88.308  6.693 0.6000000238
11565  -37.836  -88.710  7.559 0.3000000119
11575  -26.147  -87.798  4.795 0.5000000000
11586  -23.056  -88.116  5.076 0.6999999881
11601  -23.515  -87.778  4.271 0.6999999881
11604  -28.340  -88.495  3.144 0.5000000000
11619  -28.690  -88.943  2.455 0.5000000000
11620  -29.110  -88.627  2.597 0.5000000000
11627  -24.933  -88.770  1.560 0.6000000238
11630  -29.636  -88.940  1.277 0.5000000000
11642  -30.732  -88.906  0.384 0.5000000000
11643  -31.496  -89.144  -0.093 0.6000000238
11660  -30.278  -89.471  -0.148 0.6000000238
11676  -27.219  -87.948  -1.807 0.6000000238
11679  -33.854  -88.947  -1.488 0.4000000060
11682  -37.029  -88.416  -1.907 0.3000000119
11689  -34.161  -89.121  -1.894 0.4000000060
11691  -35.352  -89.132  -2.226 0.3000000119
11694  -38.745  -88.801  -2.060 0.3000000119
12632  -26.908  -86.688  9.223 0.6000000238
12634  -28.806  -86.842  9.252 0.6000000238
12645  -24.413  -86.623  8.198 0.6000000238
12652  -31.563  -87.243  8.375 0.4000000060
12665  -24.001  -87.110  7.546 0.6000000238
12670  -30.606  -87.586  7.378 0.5000000000
12681  -22.891  -87.595  6.526 0.6999999881
12685  -29.298  -87.505  6.773 0.5000000000
12728  -30.233  -87.739  4.712 0.5000000000
12729  -32.043  -87.696  4.244 0.4000000060
12751  -23.902  -87.301  3.723 0.6999999881
12766  -24.301  -87.254  3.080 0.6999999881
12772  -34.726  -87.586  2.531 0.4000000060
12815  -26.045  -88.020  0.718 0.6000000238
12820  -32.147  -88.510  0.639 0.4000000060
12821  -33.536  -88.459  -0.429 0.4000000060
12839  -26.906  -87.155  -1.181 0.6000000238
12842  -33.672  -88.692  -1.033 0.4000000060
12844  -35.263  -87.634  -1.154 0.4000000060
12853  -27.093  -87.643  -1.828 0.6000000238
12856  -35.475  -88.031  -1.377 0.3000000119
12859  -39.097  -88.189  -1.657 0.3000000119
13741  -27.082  -86.012  10.001 0.6000000238
13743  -29.239  -85.840  9.749 0.5000000000
13758  -24.879  -86.035  9.248 0.6000000238
13759  -26.427  -86.128  9.617 0.6000000238
13761  -28.403  -86.334  9.639 0.6000000238
13764  -31.572  -86.528  9.702 0.5000000000
13780  -24.304  -86.167  8.657 0.6000000238
13783  -31.971  -86.902  9.107 0.5000000000
13786  -34.255  -86.348  8.617 0.4000000060
13802  -34.439  -86.439  7.712 0.4000000060
13812  -22.952  -86.955  6.921 0.6000000238
13815  -34.656  -86.505  6.841 0.5000000000
13828  -23.078  -86.835  6.204 0.6999999881
13829  -23.640  -86.340  5.526 0.6000000238
13861  -24.245  -86.666  3.689 0.6999999881
13862  -25.046  -86.248  3.359 0.6999999881
13891  -27.782  -86.121  0.900 0.6999999881
13901  -27.014  -86.747  0.475 0.6000000238
13903  -27.726  -85.473  0.121 0.6000000238
13908  -25.698  -86.382  -0.936 0.6000000238
13909  -27.169  -86.154  -0.421 0.5000000000
13910  -27.326  -85.602  -0.189 0.6000000238
14796  -29.889  -85.345  9.996 0.5000000000
14798  -31.642  -85.420  10.270 0.4000000060
14799  -32.461  -85.332  10.420 0.4000000060
14815  -25.114  -85.583  9.174 0.6000000238
14818  -27.403  -85.500  9.883 0.6000000238
14844  -23.980  -85.564  8.241 0.6000000238
14855  -18.500  -85.689  6.752 0.5000000000
14856  -23.473  -85.875  7.625 0.6000000238
14869  -19.102  -85.628  6.385 0.6000000238
14871  -24.881  -85.539  5.565 0.6000000238
14872  -25.612  -85.283  5.188 0.6000000238
14885  -26.106  -85.143  4.426 0.6000000238
14895  -25.558  -85.703  3.864 0.6000000238
14909  -28.733  -84.760  1.321 0.6000000238
14917  -28.356  -85.423  1.183 0.6000000238
14923  -28.280  -84.831  0.336 0.5000000000
14930  -27.803  -85.068  0.145 0.6000000238
14931  -26.514  -86.488  -1.006 0.5000000000
14932  -26.900  -86.021  -0.648 0.5000000000
14933  -27.218  -85.812  -0.333 0.5000000000
15803  -27.869  -84.963  9.756 0.6000000238
15806  -30.469  -84.935  10.164 0.5000000000
15825  -26.010  -85.155  9.381 0.6000000238
15827  -28.446  -84.574  9.428 0.6000000238
15828  -29.275  -84.578  9.614 0.5000000000
15842  -24.706  -85.284  8.601 0.6000000238
15845  -26.627  -84.400  8.361 0.6000000238
15848  -29.708  -84.193  9.166 0.6000000238
15859  -25.241  -84.760  8.241 0.6000000238
15860  -26.068  -84.473  7.867 0.6000000238
15861  -28.046  -83.926  7.819 0.6000000238
15867  -18.388  -84.936  6.990 0.5000000000
15883  -20.353  -84.568  5.217 0.5000000000
15897  -20.450  -84.389  4.104 0.6000000238
15916  -20.891  -84.340  2.564 0.5000000000
15917  -27.953  -84.413  2.764 0.6000000238
15928  -21.950  -84.283  1.566 0.5000000000
15929  -28.805  -84.223  0.576 0.6000000238
15940  -28.824  -84.280  0.115 0.5000000000
15948  -26.936  -84.376  -0.057 0.6000000238
15949  -27.834  -84.512  0.045 0.5000000000
15950  -28.276  -84.530  0.178 0.5000000000
16827  -28.886  -83.835  8.102 0.6000000238
16839  -19.337  -84.310  7.347 0.6000000238
16846  -31.039  -83.619  7.250 0.4000000060
16860  -20.908  -83.832  7.033 0.6000000238
16863  -29.571  -83.450  6.886 0.6000000238
16880  -20.696  -84.029  5.450 0.6000000238
16882  -27.863  -83.469  5.384 0.6000000238
16887  -32.127  -83.742  5.472 0.4000000060
16903  -20.981  -82.950  3.975 0.6000000238
16904  -27.883  -82.997  4.708 0.5000000000
16905  -30.990  -83.095  4.691 0.4000000060
16924  -21.115  -83.061  3.409 0.5000000000
16926  -28.408  -82.211  3.079 0.5000000000
16956  -21.104  -84.001  2.325 0.5000000000
16962  -28.430  -83.341  0.865 0.6000000238
16971  -25.643  -83.737  0.910 0.6000000238
16973  -28.215  -83.452  0.258 0.6000000238
17892  -21.890  -82.059  10.444 0.6000000238
17893  -22.635  -81.964  10.214 0.6000000238
17925  -20.782  -82.769  9.162 0.6999999881
17927  -22.394  -82.629  8.926 0.6000000238
17942  -18.771  -83.190  7.316 0.6000000238
17944  -21.915  -83.031  8.378 0.6000000238
17945  -22.597  -82.498  8.073 0.6000000238
17946  -23.160  -82.021  7.818 0.6000000238
17966  -22.168  -82.284  6.482 0.6000000238
17982  -21.593  -82.604  5.188 0.6000000238
17999  -21.552  -82.478  3.789 0.6000000238
18000  -21.885  -82.011  4.311 0.6000000238
18003  -30.336  -82.394  4.358 0.5000000000
18014  -30.965  -82.077  2.959 0.5000000000
18015  -31.049  -82.594  3.416 0.4000000060
18019  -22.133  -82.838  3.277 0.5000000000
18021  -24.435  -82.113  2.636 0.6999999881
18030  -23.469  -83.102  2.170 0.6000000238
18032  -26.103  -82.625  1.464 0.6000000238
18033  -28.399  -81.841  0.829 0.6000000238
18034  -28.635  -82.147  1.047 0.5000000000
18035  -32.410  -81.998  1.630 0.4000000060
18988  -19.857  -81.050  10.634 0.6999999881
18989  -20.399  -81.603  10.421 0.6999999881
18990  -21.701  -81.372  10.735 0.6000000238
18991  -22.440  -81.427  10.697 0.6000000238
18993  -23.942  -81.317  10.334 0.6999999881
19002  -24.273  -81.723  9.412 0.6000000238
19012  -19.182  -81.546  9.143 0.6999999881
19013  -23.703  -81.820  8.187 0.6000000238
19014  -24.443  -81.602  8.447 0.6000000238
19029  -25.041  -81.209  7.901 0.6000000238
19043  -23.321  -81.296  6.402 0.5000000000
19063  -22.165  -81.992  3.696 0.5000000000
19065  -23.139  -81.256  4.155 0.6000000238
19069  -22.781  -81.728  3.500 0.6000000238
19072  -29.762  -81.199  3.223 0.5000000000
19083  -26.683  -80.914  2.458 0.6000000238
19097  -25.410  -81.757  2.601 0.6000000238
19098  -27.085  -81.536  1.561 0.6000000238
19114  -27.868  -81.596  0.903 0.6000000238
20052  -22.991  -80.351  10.746 0.6000000238
20053  -23.654  -80.497  10.817 0.6999999881
20069  -19.543  -80.298  10.551 0.6999999881
20072  -24.322  -80.680  10.779 0.6999999881
20073  -25.910  -80.679  10.321 0.5000000000
20084  -18.324  -80.153  9.608 0.6999999881
20085  -19.006  -80.887  10.098 0.6999999881
20086  -25.689  -81.059  9.750 0.5000000000
20112  -18.923  -79.526  6.731 0.5000000000
20114  -25.581  -80.684  7.342 0.6000000238
20129  -23.833  -80.860  5.941 0.6000000238
20138  -24.154  -80.467  5.047 0.6000000238
20150  -23.279  -81.233  3.621 0.6000000238
20162  -23.772  -80.810  3.531 0.6000000238
20175  -23.980  -80.834  3.318 0.6000000238
20176  -24.818  -80.471  3.271 0.6000000238
20178  -27.025  -79.902  2.449 0.5000000000
21096  -16.614  -79.030  12.965 0.5000000000
21125  -23.840  -79.971  10.929 0.6999999881
21148  -23.364  -79.705  10.559 0.6000000238
21165  -17.607  -78.979  9.723 0.6999999881
21167  -21.794  -79.555  10.004 0.4000000060
21183  -17.346  -78.494  9.046 0.6999999881
21205  -19.018  -78.943  6.359 0.5000000000
21221  -18.498  -78.758  6.458 0.5000000000
21240  -25.675  -79.382  4.883 0.6000000238
21242  -27.526  -79.376  5.820 0.6000000238
21255  -25.240  -79.917  3.725 0.6000000238
21256  -25.770  -79.023  4.050 0.6000000238
21267  -25.482  -79.812  3.308 0.6000000238
22189  -23.870  -78.257  17.747 0.3000000119
22206  -23.684  -78.551  17.102 0.3000000119
22218  -17.818  -78.160  15.360 0.4000000060
22219  -18.400  -78.446  15.500 0.5000000000
22232  -18.053  -78.396  15.180 0.5000000000
22242  -14.987  -78.549  12.672 0.6000000238
22253  -12.917  -79.089  12.123 0.6000000238
22255  -14.242  -78.087  12.488 0.6000000238
22267  -12.975  -78.839  11.647 0.6000000238
22268  -13.416  -77.955  11.761 0.6000000238
22287  -18.010  -77.727  10.198 0.6000000238
22290  -19.972  -79.255  10.289 0.6000000238
22304  -14.433  -77.857  9.411 0.6000000238
22305  -17.637  -78.118  9.813 0.6999999881
22306  -19.131  -77.645  10.069 0.6000000238
22322  -16.263  -77.337  8.237 0.6999999881
22324  -21.873  -78.383  8.273 0.5000000000
22332  -16.602  -77.546  7.622 0.5000000000
22333  -17.673  -77.523  6.987 0.5000000000
22350  -26.340  -78.377  4.478 0.6000000238
22362  -25.482  -77.917  3.755 0.6000000238
22363  -26.039  -77.749  4.050 0.6000000238
22364  -27.122  -78.260  4.129 0.6000000238
22373  -25.719  -77.849  3.228 0.6000000238
22384  -25.841  -77.884  2.916 0.6000000238
22385  -26.212  -77.885  2.867 0.5000000000
23335  -24.291  -77.627  17.609 0.3000000119
23349  -20.246  -78.141  16.000 0.4000000060
23363  -17.628  -77.582  15.341 0.4000000060
23369  -23.797  -77.854  15.448 0.3000000119
23381  -16.966  -77.114  14.434 0.4000000060
23382  -17.505  -77.783  15.030 0.4000000060
23383  -23.241  -77.324  14.657 0.3000000119
23395  -14.755  -76.717  12.526 0.6000000238
23398  -16.564  -77.415  13.707 0.5000000000
23407  -14.060  -77.706  12.246 0.6000000238
23420  -13.449  -78.143  11.092 0.5000000000
23422  -25.101  -78.226  11.158 0.5000000000
23434  -13.764  -77.627  10.730 0.5000000000
23437  -24.717  -77.800  10.479 0.5000000000
23451  -15.020  -77.395  9.642 0.6999999881
23452  -15.433  -76.966  9.755 0.6999999881
23453  -16.623  -76.679  9.678 0.6999999881
23456  -19.326  -76.619  9.123 0.6000000238
23457  -20.643  -78.126  8.970 0.6000000238
23460  -24.326  -77.374  9.445 0.5000000000
23470  -16.126  -77.043  8.968 0.6999999881
23473  -21.277  -77.733  7.981 0.6000000238
23484  -20.647  -76.697  7.429 0.6000000238
23485  -21.609  -77.123  7.041 0.6000000238
23486  -22.634  -77.184  6.942 0.5000000000
23507  -25.740  -77.841  3.506 0.6000000238
23513  -25.856  -77.754  3.042 0.5000000000
24400  -17.370  -76.615  15.025 0.4000000060
24401  -17.900  -77.185  15.572 0.5000000000
24405  -22.307  -77.234  14.801 0.3000000119
24418  -15.198  -75.527  14.019 0.5000000000
24419  -15.479  -75.640  14.120 0.5000000000
24424  -24.302  -76.482  14.270 0.3000000119
24434  -15.263  -76.030  13.333 0.5000000000
24443  -14.441  -76.457  11.986 0.6000000238
24452  -14.263  -76.722  11.486 0.6000000238
24465  -14.517  -76.589  11.063 0.6000000238
24467  -15.780  -75.650  10.538 0.6000000238
24482  -14.158  -77.253  10.795 0.6000000238
24484  -15.530  -76.382  10.198 0.6999999881
24487  -17.751  -75.560  9.767 0.6000000238
24504  -23.482  -76.893  6.970 0.5000000000
24516  -20.064  -75.655  7.744 0.6000000238
24518  -21.317  -76.192  6.896 0.6000000238
24520  -23.176  -76.736  6.462 0.5000000000
24531  -22.854  -76.235  6.586 0.5000000000
24533  -23.815  -75.254  6.419 0.5000000000
25544  -25.974  -75.617  16.554 0.3000000119
25555  -16.698  -75.830  14.670 0.5000000000
25559  -25.098  -76.078  14.747 0.3000000119
25560  -25.620  -75.386  15.046 0.3000000119
25569  -15.351  -75.195  14.192 0.6000000238
25570  -16.151  -75.291  14.408 0.6000000238
25571  -18.713  -75.227  14.705 0.6000000238
25573  -21.468  -75.920  13.924 0.4000000060
25574  -23.692  -76.029  13.622 0.3000000119
25575  -24.532  -75.619  14.030 0.3000000119
25583  -15.118  -75.948  13.064 0.6000000238
25584  -15.222  -75.534  13.634 0.6000000238
25585  -15.011  -75.078  14.033 0.6000000238
25586  -20.507  -74.350  13.844 0.5000000000
25588  -22.119  -75.700  13.417 0.4000000060
25589  -22.924  -75.413  13.019 0.3000000119
25606  -14.610  -75.921  12.031 0.6000000238
25607  -14.926  -75.671  11.766 0.6000000238
25608  -15.230  -75.438  11.481 0.6000000238
25620  -15.006  -75.826  11.288 0.6000000238
25622  -16.330  -75.208  10.672 0.6000000238
25624  -19.971  -75.276  10.064 0.6999999881
25625  -20.511  -75.269  9.865 0.6999999881
25653  -19.865  -75.116  8.663 0.6000000238
25668  -20.817  -75.503  7.372 0.6000000238
25669  -21.573  -75.579  7.058 0.6000000238
25670  -22.214  -75.311  6.961 0.5000000000
25683  -22.913  -75.511  6.624 0.5000000000
26688  -17.233  -75.036  14.671 0.6000000238
26696  -15.819  -74.815  14.197 0.6000000238
26698  -17.194  -74.572  14.288 0.6000000238
26707  -15.215  -75.318  13.456 0.6000000238
26709  -15.905  -74.576  13.759 0.6000000238
26710  -17.028  -74.377  13.907 0.6000000238
26723  -15.097  -75.683  12.693 0.6000000238
26724  -15.230  -75.453  12.681 0.6000000238
26725  -15.420  -74.990  13.165 0.6000000238
26726  -15.881  -74.701  12.786 0.6000000238
26731  -22.634  -74.431  12.590 0.3000000119
26743  -15.024  -75.614  12.259 0.6000000238
26745  -15.522  -75.151  11.450 0.6000000238
26747  -18.076  -74.924  11.433 0.6000000238
26764  -16.834  -75.087  10.664 0.6000000238
26783  -17.681  -74.717  9.989 0.6000000238
26784  -18.287  -74.879  9.702 0.6000000238
26785  -21.927  -74.815  9.051 0.6000000238
26787  -23.210  -74.052  9.217 0.5000000000
26796  -21.214  -74.895  7.751 0.6999999881
26797  -22.768  -74.540  8.506 0.6000000238
26805  -22.224  -74.966  7.372 0.6000000238
26816  -24.487  -74.983  6.303 0.5000000000
27825  -18.059  -74.231  14.011 0.6000000238
27827  -19.229  -73.278  14.006 0.6000000238
27828  -25.908  -73.926  13.999 0.3000000119
27829  -26.529  -73.447  14.427 0.3000000119
27834  -16.476  -74.499  13.365 0.6000000238
27837  -19.442  -72.771  13.543 0.6999999881
27867  -19.118  -73.694  12.454 0.6000000238
27868  -22.898  -72.959  11.846 0.3000000119
27883  -20.168  -73.542  11.197 0.6000000238
27884  -21.137  -74.300  10.536 0.6000000238
27897  -21.690  -73.370  10.163 0.5000000000
28988  -19.108  -72.697  13.224 0.6999999881
28989  -19.197  -72.324  13.089 0.6000000238
29069  -23.974  -72.607  8.578 0.5000000000
30108  -19.705  -71.648  11.807 0.6000000238
30150  -19.601  -70.959  10.830 0.5000000000
30151  -23.329  -70.361  10.716 0.3000000119
31209  -20.811  -70.158  10.151 0.5000000000
31211  -22.623  -69.605  10.495 0.3000000119
31225  -20.115  -70.701  10.515 0.5000000000
31226  -20.776  -70.197  9.783 0.4000000060
31235  -21.323  -69.610  9.276 0.4000000060
31236  -21.950  -70.187  8.769 0.4000000060
31237  -22.777  -69.925  8.618 0.4000000060
32337  -22.080  -68.823  10.051 0.4000000060
32353  -21.504  -69.264  9.217 0.4000000060
32367  -24.317  -69.442  8.428 0.4000000060
32385  -26.300  -69.516  7.566 0.4000000060
32387  -27.963  -69.487  7.608 0.4000000060
33457  -21.860  -68.862  9.451 0.4000000060
33458  -22.768  -68.065  10.024 0.3000000119
33473  -22.229  -68.474  9.418 0.4000000060
33485  -21.786  -68.915  9.239 0.4000000060
33487  -23.010  -68.210  9.076 0.4000000060
33489  -24.639  -67.880  8.763 0.4000000060
34543  -22.816  -67.911  9.681 0.3000000119
34557  -22.780  -68.062  9.464 0.3000000119
34573  -23.340  -67.493  9.324 0.3000000119
34574  -23.823  -66.948  9.145 0.3000000119
35641  -23.297  -67.150  9.847 0.3000000119
126360  -24.138  -91.180  4.058 0.5000000000
126749  -19.613  -75.094  14.525 0.5000000000
128050  -25.640  -80.810  2.947 0.6000000238
128821  -21.318  -83.230  6.072 0.6000000238
129297  -16.090  -74.828  11.559 0.6000000238
129301  -30.993  -87.724  5.019 0.5000000000
129307  -25.479  -86.055  9.344 0.6000000238
129396  -24.288  -74.516  7.666 0.5000000000
130143  -28.738  -81.586  3.127 0.5000000000
130182  -21.754  -82.610  6.018 0.6000000238
130198  -25.804  -89.330  7.193 0.6000000238
130323  -39.128  -88.544  -1.852 0.3000000119
130885  -22.728  -82.807  2.698 0.5000000000
131063  -34.150  -88.253  -0.728 0.4000000060
131163  -27.213  -90.975  3.656 0.6000000238
131501  -24.094  -91.677  3.448 0.5000000000
131516  -27.782  -83.373  4.106 0.5000000000
131546  -23.790  -69.956  8.445 0.4000000060
131898  -31.593  -83.500  4.956 0.4000000060
132071  -35.755  -87.429  -0.780 0.4000000060
132073  -28.988  -87.349  8.153 0.5000000000
132434  -30.197  -88.250  3.146 0.5000000000
132533  -31.915  -89.759  -1.461 0.4000000060
132567  -20.904  -80.262  10.605 0.6999999881
132930  -30.407  -87.988  3.975 0.5000000000
132973  -24.494  -77.834  16.377 0.3000000119
133074  -15.878  -76.026  10.102 0.6999999881
133113  -34.902  -90.811  -2.596 0.4000000060
133174  -21.660  -80.055  10.449 0.6000000238
133332  -33.099  -94.439  1.619 0.5000000000
133978  -21.817  -76.566  14.405 0.4000000060
134189  -24.266  -83.211  1.676 0.6000000238
135282  -31.349  -84.928  10.332 0.5000000000
136013  -25.204  -80.625  10.714 0.5000000000
136112  -24.104  -94.308  6.219 0.5000000000
136237  -34.449  -89.375  -2.187 0.4000000060
137382  -34.555  -87.442  3.497 0.4000000060
137493  -25.407  -88.257  1.354 0.6000000238
137503  -26.891  -89.693  6.160 0.6000000238
138132  -23.620  -82.124  9.046 0.6000000238
138659  -24.869  -85.167  0.114 0.4000000060
138895  -23.554  -85.706  6.885 0.6000000238
139123  -24.224  -80.140  11.008 0.5000000000
139292  -34.605  -90.035  -2.380 0.4000000060
139345  -27.360  -90.637  2.943 0.6000000238
139526  -20.236  -80.483  10.711 0.6999999881
139696  -27.420  -91.689  6.120 0.6000000238
139926  -19.453  -85.934  5.707 0.5000000000
139979  -33.746  -87.548  3.828 0.4000000060
141063  -37.165  -93.258  -0.632 0.4000000060
141220  -18.336  -76.852  15.615 0.4000000060
141319  -34.239  -93.729  -1.223 0.6000000238
141581  -23.296  -88.874  5.415 0.5000000000
141586  -19.673  -70.981  11.206 0.5000000000
141659  -28.990  -81.911  4.458 0.6000000238
142270  -34.190  -92.279  -2.057 0.5000000000
142275  -29.130  -87.140  8.828 0.6000000238
142736  -22.260  -78.515  16.222 0.3000000119
143273  -31.397  -87.741  4.551 0.4000000060
143423  -28.517  -84.542  2.058 0.6000000238
143599  -38.753  -90.087  1.874 0.3000000119
144275  -32.778  -87.377  5.824 0.5000000000
144278  -18.888  -73.039  13.027 0.6999999881
144333  -22.965  -71.482  11.366 0.4000000060
144429  -20.176  -75.886  14.667 0.5000000000
144503  -28.492  -85.724  9.805 0.5000000000
144615  -21.283  -84.291  1.824 0.5000000000
144681  -22.899  -92.650  9.089 0.5000000000
144737  -30.059  -87.644  6.825 0.5000000000
145055  -26.772  -83.774  0.437 0.5000000000
145099  -24.154  -91.846  4.981 0.5000000000
145249  -35.779  -89.898  -2.447 0.3000000119
145252  -34.426  -87.827  -0.248 0.4000000060
145289  -24.195  -84.791  0.498 0.6000000238
145772  -25.511  -70.857  7.595 0.4000000060
145970  -18.557  -79.270  10.365 0.6999999881
146094  -16.777  -75.348  14.640 0.6000000238
146156  -26.288  -81.555  2.467 0.6000000238
146208  -25.365  -82.489  2.051 0.6000000238
146297  -27.371  -90.454  6.058 0.6999999881
146516  -31.345  -90.460  -1.560 0.6000000238
146523  -19.615  -70.872  10.914 0.5000000000
146740  -26.718  -84.628  9.093 0.6000000238
147069  -27.395  -94.680  3.948 0.5000000000
147157  -31.563  -83.544  5.585 0.4000000060
147488  -20.287  -71.295  11.713 0.5000000000
147729  -19.213  -79.637  6.006 0.5000000000
148019  -26.804  -84.826  3.873 0.6000000238
148157  -21.637  -82.848  3.537 0.5000000000
148430  -18.837  -84.046  7.379 0.5000000000
148650  -32.174  -92.590  -0.978 0.8000000119
148825  -20.300  -83.340  8.341 0.6999999881
148841  -21.415  -69.602  8.965 0.4000000060
148849  -30.974  -84.189  9.505 0.5000000000
149706  -34.582  -86.731  5.677 0.5000000000
149728  -18.526  -76.988  9.988 0.6000000238
149749  -19.115  -80.136  6.394 0.5000000000
149758  -23.403  -86.177  6.341 0.6000000238
149774  -17.354  -77.582  7.937 0.6999999881
150183  -26.171  -85.446  -0.354 0.5000000000
150189  -17.542  -78.950  9.378 0.6999999881
150416  -33.676  -94.266  -0.541 0.5000000000
150483  -29.026  -91.371  -0.254 0.6999999881
150561  -22.229  -80.375  10.629 0.6000000238
150568  -24.076  -82.751  2.321 0.6999999881
150635  -27.701  -70.057  7.271 0.4000000060
150982  -31.423  -92.652  -0.735 0.6999999881
151070  -29.586  -82.198  4.757 0.6000000238
151298  -24.141  -89.601  3.313 0.5000000000
151470  -34.199  -87.703  0.731 0.4000000060
151723  -28.531  -80.832  1.823 0.5000000000
151793  -26.089  -75.460  15.772 0.3000000119
152302  -24.177  -88.378  2.936 0.6000000238
152608  -21.233  -75.011  18.012 0.4000000060
