#!ascii label  , from subject sub1 vox2ras=TkReg
586
10314  -47.309  -89.457  25.380 0.0000000000
12519  -42.824  -87.301  17.190 0.0000000000
131760  -50.972  -84.283  25.930 0.0000000000
13631  -47.153  -86.998  20.815 0.0000000000
132083  -44.015  -84.091  25.061 0.0000000000
139076  -46.170  -87.208  29.990 0.0000000000
22045  -45.321  -78.984  27.132 0.0000000000
27667  -40.070  -73.748  27.140 0.0000000000
20904  -50.524  -79.874  25.902 0.0000000000
15652  -47.856  -83.756  24.882 0.0000000000
19878  -48.018  -80.719  24.526 0.0000000000
17693  -46.336  -82.834  28.393 0.0000000000
20887  -43.310  -79.981  28.401 0.0000000000
32103  -41.732  -69.741  27.168 0.0000000000
28842  -43.199  -72.726  25.578 0.0000000000
10358  -45.412  -89.843  21.181 0.0000000000
13672  -44.834  -87.212  19.351 0.0000000000
152047  -46.390  -88.611  16.071 0.0000000000
11477  -45.010  -88.489  14.368 0.0000000000
12401  -49.091  -87.184  27.051 0.0000000000
10348  -48.425  -88.523  22.605 0.0000000000
13600  -44.729  -86.803  23.030 0.0000000000
14702  -42.826  -85.412  21.072 0.0000000000
14625  -48.907  -85.386  28.558 0.0000000000
18774  -48.822  -81.038  26.901 0.0000000000
23210  -48.204  -77.945  26.423 0.0000000000
23180  -40.440  -77.783  28.621 0.0000000000
24265  -42.309  -76.294  26.344 0.0000000000
137566  -45.391  -75.004  25.483 0.0000000000
26580  -48.512  -74.872  24.978 0.0000000000
136056  -45.747  -89.664  18.349 0.0000000000
16728  -39.081  -83.701  17.264 0.0000000000
14753  -41.111  -85.863  14.959 0.0000000000
136155  -44.510  -85.383  11.678 0.0000000000
22071  -50.608  -78.463  25.986 0.0000000000
19880  -50.342  -80.112  24.738 0.0000000000
10324  -45.619  -89.602  23.514 0.0000000000
13685  -43.255  -87.104  18.146 0.0000000000
12548  -44.509  -87.809  16.639 0.0000000000
12571  -43.589  -88.063  15.174 0.0000000000
11499  -44.243  -88.320  12.602 0.0000000000
12592  -42.951  -87.930  13.988 0.0000000000
14649  -50.650  -85.499  26.730 0.0000000000
14660  -48.484  -85.975  25.969 0.0000000000
16642  -45.460  -83.937  24.968 0.0000000000
13580  -45.251  -86.198  25.372 0.0000000000
14667  -43.650  -85.629  24.372 0.0000000000
13627  -43.514  -86.122  21.415 0.0000000000
14676  -42.651  -85.289  23.017 0.0000000000
12364  -48.905  -87.498  28.780 0.0000000000
13513  -47.935  -86.725  29.065 0.0000000000
19836  -45.502  -80.440  27.622 0.0000000000
18772  -46.957  -81.281  27.616 0.0000000000
20890  -47.005  -79.750  27.208 0.0000000000
20891  -48.503  -79.640  26.797 0.0000000000
22059  -46.582  -78.425  26.688 0.0000000000
148606  -40.090  -75.871  27.318 0.0000000000
23194  -41.695  -77.315  27.146 0.0000000000
25422  -41.172  -75.319  26.503 0.0000000000
28843  -44.118  -72.613  25.222 0.0000000000
136174  -44.184  -74.052  25.557 0.0000000000
27713  -45.452  -73.643  25.179 0.0000000000
26578  -46.687  -74.467  25.259 0.0000000000
136794  -48.358  -87.737  21.550 0.0000000000
10375  -47.104  -88.900  20.447 0.0000000000
11399  -47.400  -88.084  19.561 0.0000000000
10465  -45.982  -89.795  15.570 0.0000000000
139275  -39.651  -82.034  16.856 0.0000000000
15733  -39.986  -84.669  16.231 0.0000000000
15764  -44.041  -84.293  13.839 0.0000000000
17722  -50.305  -82.716  25.497 0.0000000000
16659  -49.781  -83.706  25.032 0.0000000000
128833  -49.823  -82.063  24.729 0.0000000000
143298  -48.210  -82.222  24.683 0.0000000000
17734  -46.233  -82.660  24.747 0.0000000000
15594  -45.956  -84.835  29.876 0.0000000000
18757  -44.482  -81.632  29.229 0.0000000000
22044  -44.433  -79.098  27.301 0.0000000000
29924  -40.783  -71.855  26.975 0.0000000000
27690  -41.274  -73.453  26.470 0.0000000000
29926  -41.935  -71.320  26.072 0.0000000000
29940  -43.366  -71.117  25.043 0.0000000000
31045  -44.618  -70.516  23.738 0.0000000000
13660  -46.196  -87.172  20.053 0.0000000000
12524  -46.749  -88.008  18.249 0.0000000000
12522  -45.869  -87.762  17.766 0.0000000000
130078  -46.008  -88.474  14.839 0.0000000000
11515  -46.420  -88.945  12.855 0.0000000000
11514  -46.062  -88.898  12.230 0.0000000000
11524  -44.534  -88.377  10.871 0.0000000000
11530  -44.397  -87.894  10.048 0.0000000000
133433  -48.132  -88.551  26.372 0.0000000000
10327  -48.166  -89.177  23.946 0.0000000000
136628  -48.250  -87.884  23.319 0.0000000000
13602  -47.524  -87.411  23.036 0.0000000000
134646  -46.979  -86.155  25.980 0.0000000000
12436  -46.216  -87.456  24.331 0.0000000000
13612  -46.190  -86.796  21.709 0.0000000000
127504  -44.904  -86.718  20.799 0.0000000000
13659  -43.523  -86.542  20.245 0.0000000000
13670  -42.614  -86.613  18.868 0.0000000000
10287  -48.490  -88.233  28.063 0.0000000000
13531  -49.837  -85.895  27.798 0.0000000000
15618  -50.340  -84.270  27.339 0.0000000000
15606  -47.344  -84.450  28.583 0.0000000000
16624  -49.242  -83.157  27.471 0.0000000000
139481  -49.843  -82.592  26.871 0.0000000000
19850  -49.390  -80.207  26.585 0.0000000000
20902  -49.577  -79.222  26.501 0.0000000000
128770  -49.636  -77.113  25.953 0.0000000000
20872  -42.088  -79.085  28.703 0.0000000000
22042  -43.073  -78.568  27.257 0.0000000000
23207  -44.343  -77.565  26.251 0.0000000000
26558  -42.496  -74.409  25.941 0.0000000000
25425  -43.574  -75.837  25.771 0.0000000000
23220  -44.937  -77.002  25.926 0.0000000000
24278  -46.414  -76.433  25.615 0.0000000000
25444  -48.097  -75.563  25.323 0.0000000000
128311  -47.055  -89.132  21.997 0.0000000000
152716  -45.393  -89.804  19.983 0.0000000000
10453  -46.492  -89.055  16.932 0.0000000000
9417  -45.170  -90.168  16.446 0.0000000000
14685  -41.861  -85.073  22.017 0.0000000000
144358  -41.541  -85.232  20.838 0.0000000000
13669  -41.635  -86.229  18.541 0.0000000000
14732  -40.416  -85.806  17.112 0.0000000000
12569  -41.700  -87.045  15.507 0.0000000000
13718  -42.140  -86.542  13.146 0.0000000000
13731  -43.532  -86.621  11.358 0.0000000000
128844  -50.950  -77.690  25.706 0.0000000000
20936  -50.616  -79.231  25.208 0.0000000000
10325  -46.336  -89.499  24.133 0.0000000000
12547  -43.407  -87.659  16.496 0.0000000000
138875  -43.041  -87.835  15.637 0.0000000000
128941  -42.950  -87.880  14.792 0.0000000000
12546  -42.358  -87.413  16.198 0.0000000000
15641  -50.940  -84.638  25.873 0.0000000000
14661  -49.532  -85.805  26.157 0.0000000000
15640  -50.211  -84.896  25.723 0.0000000000
15635  -44.763  -84.410  25.197 0.0000000000
14656  -44.962  -85.273  25.300 0.0000000000
15651  -44.151  -85.000  25.086 0.0000000000
15650  -43.488  -84.633  24.632 0.0000000000
12353  -45.762  -87.768  30.028 0.0000000000
12354  -46.344  -87.807  29.981 0.0000000000
11301  -47.512  -88.092  29.579 0.0000000000
13512  -46.927  -86.215  29.495 0.0000000000
20889  -46.007  -79.589  27.259 0.0000000000
19837  -46.455  -80.455  27.431 0.0000000000
20899  -46.088  -78.862  26.994 0.0000000000
20900  -46.797  -79.049  26.979 0.0000000000
27666  -39.550  -73.378  27.794 0.0000000000
26530  -39.053  -74.196  28.186 0.0000000000
26542  -39.582  -74.323  27.530 0.0000000000
25401  -39.067  -75.005  27.845 0.0000000000
25410  -39.803  -75.124  27.409 0.0000000000
24263  -40.761  -76.011  26.814 0.0000000000
26556  -40.795  -74.694  26.644 0.0000000000
28862  -44.753  -72.111  24.630 0.0000000000
28844  -45.067  -72.916  24.948 0.0000000000
27714  -46.324  -73.766  25.098 0.0000000000
28864  -46.321  -72.666  24.320 0.0000000000
13632  -47.663  -87.325  20.702 0.0000000000
11385  -48.055  -87.888  20.634 0.0000000000
12488  -47.332  -87.580  19.829 0.0000000000
15739  -41.066  -83.900  15.042 0.0000000000
15763  -42.857  -84.512  13.704 0.0000000000
15749  -43.589  -83.871  14.442 0.0000000000
18801  -50.413  -81.585  25.508 0.0000000000
150516  -50.046  -82.532  25.053 0.0000000000
18819  -50.266  -81.805  24.996 0.0000000000
19879  -49.242  -80.446  24.458 0.0000000000
18817  -48.978  -81.562  24.487 0.0000000000
18816  -47.688  -81.603  24.694 0.0000000000
17735  -47.289  -82.426  24.701 0.0000000000
138115  -46.647  -81.751  24.819 0.0000000000
147161  -44.756  -80.523  27.975 0.0000000000
20873  -44.134  -80.301  28.168 0.0000000000
30983  -40.717  -70.654  27.962 0.0000000000
30998  -41.210  -70.416  27.389 0.0000000000
29925  -41.197  -71.146  26.756 0.0000000000
30999  -41.686  -70.382  26.549 0.0000000000
29954  -43.852  -71.010  24.564 0.0000000000
9373  -44.770  -90.240  20.677 0.0000000000
12485  -45.806  -87.339  19.574 0.0000000000
12502  -46.100  -87.583  18.831 0.0000000000
12501  -45.363  -87.448  18.600 0.0000000000
127289  -45.386  -88.392  15.196 0.0000000000
12572  -44.995  -88.232  15.887 0.0000000000
11501  -46.119  -88.724  13.064 0.0000000000
136994  -44.897  -88.592  11.815 0.0000000000
11513  -43.990  -88.093  11.591 0.0000000000
11523  -44.022  -87.676  10.823 0.0000000000
11346  -48.450  -88.065  26.329 0.0000000000
10316  -48.180  -88.686  25.135 0.0000000000
12448  -48.215  -87.611  22.827 0.0000000000
12437  -47.065  -87.631  24.060 0.0000000000
15653  -48.841  -84.165  25.069 0.0000000000
15638  -47.620  -84.698  25.437 0.0000000000
13593  -45.746  -87.129  25.056 0.0000000000
13601  -45.342  -87.328  23.930 0.0000000000
132517  -45.823  -86.982  22.675 0.0000000000
13629  -45.548  -86.662  21.140 0.0000000000
14694  -42.981  -85.526  21.358 0.0000000000
126102  -43.872  -86.346  21.102 0.0000000000
13646  -43.388  -86.075  21.055 0.0000000000
145826  -42.881  -86.499  19.771 0.0000000000
13645  -42.771  -86.036  20.539 0.0000000000
13529  -48.902  -86.255  28.769 0.0000000000
12372  -49.298  -87.239  28.341 0.0000000000
136991  -49.647  -85.847  28.267 0.0000000000
14626  -50.263  -85.308  28.110 0.0000000000
15608  -49.791  -84.911  27.993 0.0000000000
16611  -45.666  -83.402  29.306 0.0000000000
16612  -46.616  -83.744  28.649 0.0000000000
18773  -47.928  -81.071  27.354 0.0000000000
17705  -47.954  -82.304  27.655 0.0000000000
126245  -48.439  -81.705  27.347 0.0000000000
17706  -48.873  -82.400  27.400 0.0000000000
18775  -49.330  -81.776  26.922 0.0000000000
18785  -49.791  -81.090  26.495 0.0000000000
152209  -48.245  -78.448  26.544 0.0000000000
22061  -48.993  -78.474  26.486 0.0000000000
23211  -49.364  -77.854  26.324 0.0000000000
23223  -48.540  -77.220  26.054 0.0000000000
23181  -41.106  -78.150  28.394 0.0000000000
23204  -41.845  -76.714  26.702 0.0000000000
23195  -42.255  -78.006  27.297 0.0000000000
22055  -42.987  -77.869  26.748 0.0000000000
22056  -43.734  -78.125  26.620 0.0000000000
23206  -43.435  -77.348  26.329 0.0000000000
28841  -42.401  -72.833  25.870 0.0000000000
27691  -42.049  -73.589  26.079 0.0000000000
27710  -42.877  -73.572  25.726 0.0000000000
146137  -44.729  -75.022  25.569 0.0000000000
144551  -43.677  -75.092  25.683 0.0000000000
25441  -44.943  -75.702  25.571 0.0000000000
24276  -44.716  -76.371  25.680 0.0000000000
24277  -45.444  -76.397  25.643 0.0000000000
23221  -45.850  -77.143  25.861 0.0000000000
25442  -45.862  -75.674  25.471 0.0000000000
26579  -47.611  -74.637  25.156 0.0000000000
25443  -46.914  -75.460  25.390 0.0000000000
24280  -48.795  -76.385  25.637 0.0000000000
10337  -48.368  -88.954  23.342 0.0000000000
10336  -47.589  -89.269  23.256 0.0000000000
10347  -47.879  -89.045  22.578 0.0000000000
10393  -47.069  -88.724  19.612 0.0000000000
10392  -46.139  -89.380  19.942 0.0000000000
10411  -45.408  -89.831  19.360 0.0000000000
9391  -44.886  -90.283  18.816 0.0000000000
152396  -45.206  -90.054  18.033 0.0000000000
11428  -46.541  -88.257  17.514 0.0000000000
11429  -46.775  -88.333  17.870 0.0000000000
11439  -46.443  -88.552  16.704 0.0000000000
9432  -45.379  -90.473  14.935 0.0000000000
15666  -42.392  -84.561  23.551 0.0000000000
15665  -41.752  -84.233  23.265 0.0000000000
14713  -40.829  -85.171  20.654 0.0000000000
13658  -41.354  -85.721  19.352 0.0000000000
14722  -40.852  -85.707  18.646 0.0000000000
148377  -40.369  -85.013  15.717 0.0000000000
14745  -40.283  -85.414  16.359 0.0000000000
13705  -40.680  -85.645  15.665 0.0000000000
13682  -40.909  -86.258  17.095 0.0000000000
140334  -41.400  -86.530  15.006 0.0000000000
12590  -41.749  -86.987  14.649 0.0000000000
13714  -41.509  -86.238  14.221 0.0000000000
14772  -43.857  -85.185  12.306 0.0000000000
13730  -43.074  -86.357  11.875 0.0000000000
13732  -43.969  -85.960  11.153 0.0000000000
20913  -50.621  -79.197  25.737 0.0000000000
19881  -50.531  -80.920  25.086 0.0000000000
128333  -50.683  -80.066  25.390 0.0000000000
20934  -49.293  -79.318  24.426 0.0000000000
32104  -42.235  -69.527  26.392 0.0000000000
33218  -43.394  -68.208  26.613 0.0000000000
10334  -45.740  -89.621  22.600 0.0000000000
12500  -44.324  -87.336  18.383 0.0000000000
12521  -44.979  -87.596  17.544 0.0000000000
12520  -43.871  -87.475  17.396 0.0000000000
129420  -43.974  -87.999  15.849 0.0000000000
11454  -44.428  -88.269  15.161 0.0000000000
11500  -45.249  -88.571  13.344 0.0000000000
11476  -43.743  -88.197  14.417 0.0000000000
150968  -43.458  -88.149  13.796 0.0000000000
12604  -43.220  -87.982  13.173 0.0000000000
13567  -49.655  -86.344  26.971 0.0000000000
140535  -48.978  -86.675  26.584 0.0000000000
13584  -48.484  -86.689  26.169 0.0000000000
13583  -47.678  -86.548  25.925 0.0000000000
15637  -46.813  -84.178  24.930 0.0000000000
130097  -46.282  -84.773  25.389 0.0000000000
15636  -45.521  -84.668  25.287 0.0000000000
14668  -44.434  -85.896  24.967 0.0000000000
13591  -44.181  -86.341  24.326 0.0000000000
13610  -44.070  -86.455  22.217 0.0000000000
13599  -43.816  -86.349  23.435 0.0000000000
13609  -43.206  -85.838  22.364 0.0000000000
14686  -42.484  -85.324  22.110 0.0000000000
14615  -47.867  -85.846  28.820 0.0000000000
18759  -46.178  -81.978  28.197 0.0000000000
19838  -47.402  -80.444  27.336 0.0000000000
19839  -48.283  -80.353  27.076 0.0000000000
20901  -47.640  -79.279  26.909 0.0000000000
22060  -47.548  -78.544  26.659 0.0000000000
138600  -47.170  -77.875  26.406 0.0000000000
149373  -39.834  -76.392  27.785 0.0000000000
24240  -40.059  -77.080  28.083 0.0000000000
23193  -40.857  -77.423  27.664 0.0000000000
24253  -40.429  -76.604  27.395 0.0000000000
24264  -41.520  -76.098  26.495 0.0000000000
136479  -43.330  -71.914  25.304 0.0000000000
27711  -43.749  -73.451  25.540 0.0000000000
27712  -44.588  -73.492  25.326 0.0000000000
131532  -44.905  -74.323  25.435 0.0000000000
141676  -46.128  -74.985  25.373 0.0000000000
26577  -45.817  -74.349  25.331 0.0000000000
27715  -47.189  -73.900  25.002 0.0000000000
130634  -48.606  -88.055  22.167 0.0000000000
10361  -48.119  -88.579  21.794 0.0000000000
11384  -47.913  -88.386  20.902 0.0000000000
137110  -47.613  -88.265  20.198 0.0000000000
10412  -46.508  -89.159  18.812 0.0000000000
132839  -46.491  -88.993  15.998 0.0000000000
16736  -40.192  -83.015  16.229 0.0000000000
16735  -39.539  -83.351  16.622 0.0000000000
15732  -39.504  -84.223  16.772 0.0000000000
15737  -39.926  -83.831  16.073 0.0000000000
14757  -40.821  -84.932  15.003 0.0000000000
14758  -41.405  -85.353  14.303 0.0000000000
14763  -41.817  -85.774  13.542 0.0000000000
15778  -43.214  -84.966  12.982 0.0000000000
16643  -50.593  -83.701  25.655 0.0000000000
15655  -50.544  -84.132  25.474 0.0000000000
17738  -50.161  -83.312  25.274 0.0000000000
17737  -49.714  -82.863  24.982 0.0000000000
16658  -48.893  -83.298  24.924 0.0000000000
18818  -50.069  -81.195  24.617 0.0000000000
17736  -49.001  -82.478  24.759 0.0000000000
16657  -48.027  -82.918  24.737 0.0000000000
126181  -47.053  -83.281  24.697 0.0000000000
16655  -45.573  -83.230  24.839 0.0000000000
16654  -44.728  -83.410  24.985 0.0000000000
14613  -46.038  -85.636  29.935 0.0000000000
17692  -45.439  -82.642  28.963 0.0000000000
18737  -44.709  -82.379  29.726 0.0000000000
18758  -45.238  -81.863  28.597 0.0000000000
19827  -45.008  -81.109  28.245 0.0000000000
20888  -44.896  -79.777  27.562 0.0000000000
134144  -40.325  -71.895  27.589 0.0000000000
28827  -40.428  -72.535  27.155 0.0000000000
27689  -40.565  -73.247  26.840 0.0000000000
28828  -41.030  -72.644  26.680 0.0000000000
139496  -41.441  -71.996  26.466 0.0000000000
140999  -42.563  -72.044  25.658 0.0000000000
31012  -42.292  -70.380  25.857 0.0000000000
29939  -42.718  -71.190  25.517 0.0000000000
29941  -43.981  -71.688  24.834 0.0000000000
29955  -44.533  -71.231  24.259 0.0000000000
29956  -45.274  -71.722  24.078 0.0000000000
13648  -46.602  -87.050  20.319 0.0000000000
12487  -46.861  -87.444  19.653 0.0000000000
12486  -46.390  -87.366  19.661 0.0000000000
12523  -46.409  -87.912  18.047 0.0000000000
12550  -46.236  -88.199  17.112 0.0000000000
11456  -46.311  -88.647  15.463 0.0000000000
10500  -46.397  -89.351  13.141 0.0000000000
137350  -45.389  -88.628  12.609 0.0000000000
11525  -45.460  -89.000  11.162 0.0000000000
10538  -45.791  -89.549  10.552 0.0000000000
10543  -45.499  -89.319  9.483 0.0000000000
11537  -44.987  -88.077  9.198 0.0000000000
10315  -47.916  -89.080  25.513 0.0000000000
134561  -47.062  -89.466  24.613 0.0000000000
130735  -48.273  -89.071  24.426 0.0000000000
11362  -48.515  -88.641  23.664 0.0000000000
146220  -48.346  -88.602  24.033 0.0000000000
11361  -48.553  -88.314  23.049 0.0000000000
143418  -48.516  -87.952  22.811 0.0000000000
13613  -47.765  -87.310  22.166 0.0000000000
129574  -47.103  -87.059  21.486 0.0000000000
15639  -48.872  -85.100  25.657 0.0000000000
14659  -47.692  -85.639  25.863 0.0000000000
13581  -46.204  -86.335  25.699 0.0000000000
147408  -46.477  -86.994  25.483 0.0000000000
133627  -46.474  -87.384  23.400 0.0000000000
136439  -46.861  -87.175  22.345 0.0000000000
13630  -46.442  -86.844  20.916 0.0000000000
13647  -45.889  -86.888  20.504 0.0000000000
126893  -45.291  -87.055  20.153 0.0000000000
13628  -44.469  -86.513  21.374 0.0000000000
127516  -44.223  -86.639  20.601 0.0000000000
134350  -44.316  -86.936  19.946 0.0000000000
13671  -43.651  -86.956  19.259 0.0000000000
13684  -42.317  -86.736  17.839 0.0000000000
136251  -47.715  -88.949  26.637 0.0000000000
10299  -48.008  -88.681  27.497 0.0000000000
11334  -48.854  -87.598  27.400 0.0000000000
11303  -48.765  -87.760  28.530 0.0000000000
132167  -49.297  -87.337  28.146 0.0000000000
12402  -49.652  -86.386  27.401 0.0000000000
14639  -50.584  -85.845  27.000 0.0000000000
15619  -50.758  -84.654  26.702 0.0000000000
133175  -51.247  -84.274  26.102 0.0000000000
14614  -46.895  -85.247  29.117 0.0000000000
14624  -47.886  -85.076  28.589 0.0000000000
15607  -48.543  -84.463  28.144 0.0000000000
17694  -47.295  -82.982  27.946 0.0000000000
16623  -48.274  -83.025  27.710 0.0000000000
16614  -48.612  -83.679  27.738 0.0000000000
15617  -49.460  -83.985  27.630 0.0000000000
16625  -50.172  -83.457  27.161 0.0000000000
16635  -50.768  -83.667  26.000 0.0000000000
128856  -50.288  -82.432  26.061 0.0000000000
18786  -50.354  -81.292  26.040 0.0000000000
19851  -50.313  -80.442  26.155 0.0000000000
20903  -50.390  -79.153  26.202 0.0000000000
23224  -50.331  -77.813  26.081 0.0000000000
147071  -41.522  -77.883  27.683 0.0000000000
144766  -42.346  -78.723  27.809 0.0000000000
22043  -43.574  -79.242  27.559 0.0000000000
22057  -44.671  -78.408  26.677 0.0000000000
26557  -41.527  -74.403  26.361 0.0000000000
25423  -42.128  -75.357  26.222 0.0000000000
145718  -42.813  -75.832  26.072 0.0000000000
26575  -43.433  -74.352  25.656 0.0000000000
25424  -43.008  -75.149  25.862 0.0000000000
138070  -43.100  -76.531  26.152 0.0000000000
24266  -44.031  -76.704  25.891 0.0000000000
23208  -45.287  -77.720  26.281 0.0000000000
23209  -46.231  -77.802  26.311 0.0000000000
23222  -46.816  -77.237  25.935 0.0000000000
148853  -47.660  -77.383  26.115 0.0000000000
24279  -47.591  -76.533  25.704 0.0000000000
24281  -49.832  -76.303  25.576 0.0000000000
10335  -46.508  -89.458  23.300 0.0000000000
10346  -46.837  -89.328  22.599 0.0000000000
10359  -46.225  -89.496  21.558 0.0000000000
10360  -47.143  -88.988  21.264 0.0000000000
10374  -46.213  -89.423  20.851 0.0000000000
10373  -45.394  -89.826  20.485 0.0000000000
134025  -44.647  -90.411  19.518 0.0000000000
12504  -47.065  -87.858  19.020 0.0000000000
10437  -46.823  -88.705  18.123 0.0000000000
10436  -46.521  -89.157  17.776 0.0000000000
10452  -45.999  -89.563  16.581 0.0000000000
10435  -45.928  -89.567  17.454 0.0000000000
151214  -46.158  -81.100  24.957 0.0000000000
17733  -45.233  -82.528  24.876 0.0000000000
16653  -43.790  -83.218  24.884 0.0000000000
142497  -43.435  -83.844  24.685 0.0000000000
15649  -42.897  -84.159  24.238 0.0000000000
15676  -42.065  -84.856  22.725 0.0000000000
14693  -42.319  -85.249  21.405 0.0000000000
15675  -41.473  -84.545  22.479 0.0000000000
15684  -41.451  -84.897  21.657 0.0000000000
14701  -41.987  -85.208  21.186 0.0000000000
132523  -42.087  -86.027  19.760 0.0000000000
14744  -39.785  -85.122  17.145 0.0000000000
14731  -39.650  -85.074  18.208 0.0000000000
14721  -40.173  -85.407  18.747 0.0000000000
14733  -40.877  -86.075  17.808 0.0000000000
13683  -41.482  -86.498  17.484 0.0000000000
13696  -41.948  -86.997  16.958 0.0000000000
12570  -42.307  -87.491  15.191 0.0000000000
12603  -42.443  -87.401  13.499 0.0000000000
12608  -42.667  -87.236  12.649 0.0000000000
13722  -42.644  -86.450  12.401 0.0000000000
12615  -43.562  -87.375  11.430 0.0000000000
12625  -44.189  -87.120  10.296 0.0000000000
9351  -45.517  -89.798  21.831 0.0000000000
9384  -44.923  -90.103  19.984 0.0000000000
10273  -48.320  -88.375  28.483 0.0000000000
10300  -48.534  -88.110  27.336 0.0000000000
10313  -46.432  -89.581  25.006 0.0000000000
10326  -47.265  -89.380  23.971 0.0000000000
10338  -48.378  -89.048  23.904 0.0000000000
10413  -47.022  -88.460  18.865 0.0000000000
10454  -46.650  -88.635  17.426 0.0000000000
11294  -45.657  -88.541  30.059 0.0000000000
11312  -48.639  -88.040  28.249 0.0000000000
11323  -48.914  -87.711  27.930 0.0000000000
11378  -48.420  -88.018  21.278 0.0000000000
11413  -46.942  -88.250  18.359 0.0000000000
11438  -46.240  -88.433  16.248 0.0000000000
11455  -45.949  -88.331  15.695 0.0000000000
11531  -45.031  -88.740  10.127 0.0000000000
12362  -47.000  -87.283  29.728 0.0000000000
12363  -48.176  -87.563  29.219 0.0000000000
12373  -49.813  -86.015  27.734 0.0000000000
12385  -49.361  -87.191  27.736 0.0000000000
12386  -49.610  -86.533  27.882 0.0000000000
12387  -49.906  -86.017  27.421 0.0000000000
12438  -47.891  -87.828  23.699 0.0000000000
12439  -48.364  -88.310  23.601 0.0000000000
12449  -48.343  -87.618  22.133 0.0000000000
12462  -48.114  -87.611  20.961 0.0000000000
12475  -47.688  -87.531  20.428 0.0000000000
12503  -46.606  -87.706  18.962 0.0000000000
12545  -41.653  -86.954  16.236 0.0000000000
12591  -42.334  -87.457  14.323 0.0000000000
12602  -41.882  -86.848  13.859 0.0000000000
12614  -42.978  -87.000  11.885 0.0000000000
12624  -43.814  -87.084  10.888 0.0000000000
13497  -46.069  -86.502  29.974 0.0000000000
13530  -49.417  -86.670  28.467 0.0000000000
13548  -50.280  -85.719  27.371 0.0000000000
13549  -50.088  -85.953  27.472 0.0000000000
13568  -50.418  -85.867  26.936 0.0000000000
13569  -50.387  -86.088  26.805 0.0000000000
13614  -47.913  -87.327  21.349 0.0000000000
13649  -47.155  -87.250  20.188 0.0000000000
13661  -46.623  -87.221  19.986 0.0000000000
13694  -40.730  -86.070  16.428 0.0000000000
13695  -41.302  -86.559  16.666 0.0000000000
13706  -41.172  -86.418  15.766 0.0000000000
14638  -50.436  -84.794  27.284 0.0000000000
14648  -50.225  -85.854  26.717 0.0000000000
14657  -45.801  -85.427  25.563 0.0000000000
14658  -46.740  -85.371  25.739 0.0000000000
14662  -50.704  -85.246  26.225 0.0000000000
14677  -43.220  -85.647  23.460 0.0000000000
14703  -43.268  -85.784  21.182 0.0000000000
14714  -41.439  -85.479  20.175 0.0000000000
14715  -42.161  -85.469  20.683 0.0000000000
14771  -43.025  -85.706  12.258 0.0000000000
14784  -43.567  -85.802  11.678 0.0000000000
15605  -46.492  -84.499  29.158 0.0000000000
15628  -50.996  -84.873  26.181 0.0000000000
15654  -49.741  -84.365  25.291 0.0000000000
15667  -42.988  -85.026  23.927 0.0000000000
15738  -40.407  -84.311  15.573 0.0000000000
15779  -44.529  -84.687  13.220 0.0000000000
16613  -47.752  -83.727  28.075 0.0000000000
16626  -50.751  -83.897  26.617 0.0000000000
16656  -46.196  -83.598  24.789 0.0000000000
17704  -47.041  -82.195  27.772 0.0000000000
17707  -50.442  -83.219  26.483 0.0000000000
17715  -49.974  -81.836  26.432 0.0000000000
17817  -39.755  -82.634  16.616 0.0000000000
18771  -45.869  -81.217  27.819 0.0000000000
19862  -50.579  -80.667  25.659 0.0000000000
20886  -42.746  -79.320  28.016 0.0000000000
22041  -41.742  -78.486  28.100 0.0000000000
22058  -45.694  -78.398  26.651 0.0000000000
22062  -50.044  -78.499  26.375 0.0000000000
23205  -42.503  -77.166  26.625 0.0000000000
24252  -39.421  -75.773  27.822 0.0000000000
24254  -41.164  -76.718  26.975 0.0000000000
24275  -44.282  -76.019  25.632 0.0000000000
25411  -40.465  -75.259  26.925 0.0000000000
25440  -44.224  -75.399  25.614 0.0000000000
26543  -40.232  -74.523  27.035 0.0000000000
26576  -44.192  -74.703  25.601 0.0000000000
28795  -39.925  -71.991  28.114 0.0000000000
28808  -39.929  -72.557  27.689 0.0000000000
28829  -41.701  -72.802  26.243 0.0000000000
29906  -40.669  -71.159  27.435 0.0000000000
33217  -42.715  -68.760  26.543 0.0000000000
126872  -45.733  -81.754  24.877 0.0000000000
127162  -50.646  -85.487  26.847 0.0000000000
129950  -44.115  -88.340  13.612 0.0000000000
131394  -40.236  -85.579  17.920 0.0000000000
135063  -47.857  -89.307  24.660 0.0000000000
135989  -40.696  -74.011  26.665 0.0000000000
136163  -49.836  -85.905  28.087 0.0000000000
137037  -45.934  -88.710  13.932 0.0000000000
137833  -46.853  -88.155  29.906 0.0000000000
140169  -49.622  -86.510  28.052 0.0000000000
140233  -48.402  -78.936  26.610 0.0000000000
140978  -44.059  -79.695  27.721 0.0000000000
141071  -41.999  -72.214  26.030 0.0000000000
141108  -40.033  -73.069  27.254 0.0000000000
141785  -50.178  -79.740  26.277 0.0000000000
146155  -48.787  -86.845  28.893 0.0000000000
146219  -47.710  -87.879  20.073 0.0000000000
146808  -47.754  -79.880  27.109 0.0000000000
147253  -46.053  -84.264  24.964 0.0000000000
147726  -44.496  -86.811  23.925 0.0000000000
147863  -46.233  -89.540  22.100 0.0000000000
148178  -38.793  -83.977  17.888 0.0000000000
149792  -41.793  -86.338  13.656 0.0000000000
150122  -46.830  -84.746  25.430 0.0000000000
150796  -47.678  -81.694  27.569 0.0000000000
152676  -43.913  -78.681  27.065 0.0000000000
