#!ascii label  , from subject sub1 vox2ras=TkReg
902
63357  -28.998  -39.298  10.260 0.4285714328
127304  -29.514  -37.859  9.848 0.2857142985
64303  -29.614  -38.614  10.377 0.4285714328
64304  -30.083  -37.893  10.502 0.4285714328
66204  -31.079  -36.566  11.255 0.4285714328
149691  -29.641  -36.644  9.575 0.2857142985
66215  -30.423  -36.365  10.546 0.4285714328
66216  -30.807  -35.833  10.894 0.4285714328
67182  -30.007  -35.069  9.548 0.4285714328
68159  -30.520  -34.601  10.172 0.4285714328
125469  -30.461  -33.475  8.924 0.4285714328
145244  -31.182  -32.845  9.895 0.4285714328
125461  -30.497  -32.561  7.437 0.5714285970
125296  -30.775  -32.863  9.095 0.5714285970
142995  -31.987  -31.974  9.953 0.2857142985
143094  -31.359  -31.916  8.463 0.7142857313
143037  -31.880  -31.575  9.260 0.7142857313
146699  -32.465  -31.000  9.518 0.7142857313
125221  -32.834  -30.408  9.997 0.4285714328
125640  -32.390  -31.471  10.134 0.5714285970
125473  -33.110  -29.773  9.768 0.5714285970
125297  -32.124  -30.940  8.776 0.5714285970
125517  -32.454  -29.801  8.846 0.5714285970
125646  -32.971  -29.454  9.427 0.5714285970
125567  -31.924  -30.457  8.342 0.5714285970
125222  -33.386  -29.193  10.188 0.4285714328
142758  -32.953  -28.228  8.856 0.5714285970
149379  -33.627  -27.228  9.497 0.5714285970
73775  -32.421  -28.777  8.212 0.7142857313
74709  -33.400  -27.791  9.346 0.7142857313
74710  -33.993  -26.884  9.953 0.5714285970
72899  -30.990  -29.332  6.535 0.5714285970
74728  -31.999  -27.539  7.689 0.8571428657
75699  -33.627  -26.416  9.378 0.7142857313
143787  -34.085  -26.173  9.936 0.5714285970
148495  -31.011  -27.772  6.604 0.5714285970
76698  -33.537  -25.605  8.933 0.7142857313
76685  -34.517  -25.699  10.214 0.5714285970
130416  -32.472  -26.932  8.266 0.7142857313
77665  -33.874  -24.890  9.041 0.5714285970
75713  -33.041  -26.281  8.673 0.7142857313
77666  -34.405  -24.711  9.618 0.5714285970
75721  -32.002  -26.649  7.561 0.5714285970
75712  -32.560  -26.063  7.994 0.7142857313
144246  -33.493  -25.047  8.540 0.7142857313
78662  -34.045  -23.969  9.210 0.7142857313
77697  -32.771  -24.508  7.465 0.7142857313
77681  -33.228  -24.807  8.014 0.7142857313
78679  -33.771  -23.573  8.363 0.7142857313
78680  -34.229  -23.016  8.943 0.7142857313
77698  -33.400  -24.053  7.799 0.7142857313
76730  -31.532  -25.485  6.740 0.5714285970
79713  -34.248  -22.102  8.853 0.5714285970
80702  -34.718  -21.544  9.540 0.5714285970
78696  -32.768  -23.630  7.346 0.8571428657
80714  -33.773  -21.836  8.134 0.7142857313
78697  -33.433  -23.223  7.714 0.8571428657
79733  -33.453  -22.437  7.577 0.7142857313
81703  -34.272  -20.412  8.148 0.8571428657
126824  -34.776  -20.376  8.811 0.5714285970
136450  -33.630  -21.071  7.880 0.8571428657
80730  -33.426  -21.742  7.315 0.8571428657
79732  -32.930  -22.843  7.187 0.8571428657
152031  -33.569  -19.657  7.364 0.8571428657
142823  -34.317  -18.639  8.245 0.8571428657
83503  -34.041  -18.052  7.813 0.8571428657
82644  -33.761  -18.902  7.545 0.8571428657
82684  -32.708  -18.800  6.482 1.0000000000
83502  -33.308  -18.263  6.952 1.0000000000
135192  -32.953  -20.066  7.000 0.8571428657
82665  -33.089  -19.222  6.959 1.0000000000
84350  -33.151  -17.435  6.477 1.0000000000
149052  -32.365  -16.665  5.515 0.7142857313
83524  -32.593  -18.125  6.230 1.0000000000
84373  -33.029  -16.578  6.106 1.0000000000
88158  -33.563  -13.489  5.323 1.0000000000
125360  -32.859  -13.868  5.001 0.8571428657
89109  -33.133  -12.165  5.043 0.8571428657
125624  -33.013  -13.036  4.911 1.0000000000
150508  -33.593  -9.816  3.421 0.8571428657
90998  -32.694  -10.898  4.217 0.8571428657
90077  -33.311  -11.327  4.932 1.0000000000
93436  -33.264  -8.185  2.423 0.8571428657
92686  -33.325  -8.932  2.899 0.8571428657
93435  -32.243  -7.764  2.463 0.7142857313
141858  -31.493  -9.162  2.720 0.5714285970
141466  -31.642  -7.174  2.100 0.7142857313
93446  -32.300  -7.062  2.013 0.5714285970
141136  -29.708  -8.176  2.343 0.5714285970
92695  -30.562  -8.552  2.443 0.5714285970
93432  -29.098  -7.498  1.993 0.4285714328
93443  -28.066  -7.074  0.854 0.4285714328
94164  -28.719  -6.586  0.910 0.4285714328
93418  -28.826  -7.473  3.423 0.2857142985
128250  -28.411  -7.397  2.687 0.2857142985
93406  -29.624  -7.221  4.441 0.2857142985
65289  -29.815  -36.993  10.179 0.2857142985
73769  -32.754  -29.105  8.829 0.5714285970
76699  -34.123  -25.519  9.575 0.5714285970
80716  -35.044  -20.767  9.441 0.5714285970
79712  -33.827  -22.712  8.245 0.7142857313
81679  -34.772  -19.845  8.584 0.8571428657
82645  -34.277  -19.590  7.943 0.8571428657
86244  -33.327  -15.712  5.954 0.8571428657
93404  -29.843  -7.140  6.005 0.1428571492
65303  -29.319  -37.084  9.427 0.2857142985
66228  -29.479  -36.413  9.022 0.2857142985
66214  -29.953  -36.102  9.691 0.2857142985
67167  -30.441  -35.523  10.300 0.4285714328
68160  -30.952  -34.144  10.908 0.4285714328
68172  -29.643  -34.563  8.727 0.2857142985
125284  -31.386  -33.236  10.800 0.4285714328
142990  -29.881  -33.430  7.360 0.5714285970
125474  -30.942  -32.466  8.315 0.5714285970
143000  -31.147  -31.843  7.719 0.2857142985
149606  -32.040  -31.208  8.982 0.7142857313
125489  -32.623  -30.233  9.371 0.4285714328
125277  -31.536  -30.383  7.499 0.5714285970
74683  -34.505  -27.982  11.244 0.4285714328
72878  -31.580  -29.920  7.424 0.7142857313
72887  -31.834  -29.264  7.598 0.7142857313
73770  -33.347  -28.536  9.553 0.7142857313
74702  -33.879  -27.703  9.853 0.4285714328
139675  -33.097  -27.254  8.925 0.7142857313
73794  -30.951  -28.518  6.585 0.5714285970
73784  -32.035  -28.441  7.650 0.5714285970
138550  -34.563  -23.994  9.897 0.5714285970
74727  -31.452  -27.235  7.060 0.5714285970
143721  -34.657  -25.146  10.017 0.5714285970
76717  -32.702  -25.283  7.677 0.7142857313
76718  -33.084  -25.497  8.328 0.7142857313
78663  -34.645  -23.283  9.695 0.5714285970
76731  -32.119  -25.804  7.308 0.8571428657
81725  -33.161  -21.005  6.974 1.0000000000
84327  -33.853  -17.469  7.146 1.0000000000
82664  -32.483  -19.605  6.290 1.0000000000
84372  -32.387  -17.408  5.748 0.8571428657
86259  -32.229  -15.410  5.050 0.7142857313
144693  -32.923  -15.379  5.488 1.0000000000
87205  -33.478  -14.986  5.696 1.0000000000
132876  -32.786  -14.703  5.307 0.7142857313
91010  -33.393  -10.254  3.716 0.8571428657
90068  -33.945  -11.881  5.109 1.0000000000
92697  -32.476  -8.778  2.844 0.7142857313
92696  -31.637  -8.375  2.602 0.5714285970
93434  -31.173  -7.754  2.287 0.7142857313
93445  -30.635  -7.055  1.756 0.7142857313
92694  -29.294  -8.257  2.540 0.4285714328
93417  -27.937  -7.071  2.562 0.2857142985
94162  -27.674  -7.044  0.993 0.4285714328
94166  -31.512  -6.471  1.538 0.4285714328
94139  -28.473  -6.736  3.497 0.2857142985
94150  -27.712  -6.966  1.695 0.4285714328
125305  -31.342  -31.025  7.385 0.4285714328
142999  -31.046  -30.683  6.837 0.4285714328
93431  -27.941  -7.246  1.699 0.4285714328
93433  -30.086  -7.689  1.981 0.7142857313
64291  -30.229  -38.567  11.006 0.4285714328
64320  -28.733  -37.759  9.259 0.2857142985
64302  -28.935  -38.557  9.740 0.2857142985
65278  -30.931  -37.522  11.455 0.4285714328
65290  -30.453  -37.201  10.855 0.4285714328
68173  -30.259  -34.172  9.277 0.4285714328
69226  -30.744  -33.584  9.892 0.4285714328
142991  -30.072  -33.782  8.295 0.4285714328
125464  -30.459  -33.166  8.035 0.4285714328
150860  -30.954  -32.209  7.797 0.2857142985
142958  -31.416  -32.267  9.324 0.4285714328
125527  -31.626  -31.409  8.415 0.5714285970
125642  -31.662  -31.080  8.099 0.5714285970
125589  -32.058  -29.689  8.144 0.5714285970
125229  -34.004  -28.283  10.362 0.4285714328
74718  -32.557  -27.878  8.249 0.7142857313
74703  -34.345  -27.298  10.614 0.5714285970
73783  -31.322  -28.908  7.148 0.7142857313
72886  -31.310  -29.686  6.986 0.7142857313
77682  -33.633  -24.405  8.472 0.7142857313
77696  -32.264  -25.037  7.036 0.8571428657
80715  -34.291  -21.137  8.714 0.8571428657
81702  -33.658  -20.318  7.499 0.8571428657
79750  -33.217  -22.219  6.962 0.8571428657
85327  -31.978  -16.273  5.091 0.8571428657
91895  -33.047  -9.563  3.276 0.8571428657
92693  -29.101  -7.812  2.733 0.4285714328
93444  -29.254  -7.025  1.258 0.4285714328
92675  -30.121  -7.979  4.425 0.2857142985
92676  -30.417  -7.810  5.051 0.2857142985
67181  -29.603  -35.586  8.881 0.2857142985
143053  -31.252  -31.481  7.564 0.2857142985
95595  -30.023  -4.606  1.147 0.2857142985
95583  -29.737  -4.377  2.041 0.1428571492
94866  -28.886  -5.991  0.994 0.2857142985
95607  -30.387  -4.568  0.481 0.2857142985
149980  -29.694  -3.947  2.683 0.1428571492
94853  -28.362  -5.904  2.301 0.1428571492
94865  -28.461  -6.009  1.275 0.2857142985
94885  -31.149  -4.500  -0.120 0.2857142985
94875  -29.762  -5.219  0.824 0.2857142985
94186  -34.507  -6.461  -1.432 0.2857142985
94887  -33.107  -5.474  -0.607 0.2857142985
137569  -29.633  -4.345  2.831 0.1428571492
94867  -29.694  -5.726  0.909 0.2857142985
94173  -33.255  -6.363  0.438 0.2857142985
94877  -31.442  -5.419  0.057 0.2857142985
93460  -34.923  -8.101  -0.012 0.1428571492
94180  -33.551  -6.170  -0.325 0.2857142985
94878  -32.500  -5.932  -0.170 0.2857142985
95582  -29.224  -5.159  2.116 0.1428571492
94172  -32.024  -6.125  0.479 0.2857142985
91929  -36.165  -9.952  -0.149 0.1428571492
138435  -35.727  -9.309  0.285 0.1428571492
129447  -34.544  -7.317  -0.215 0.4285714328
94167  -32.876  -6.740  1.425 0.2857142985
91019  -35.655  -10.311  2.831 0.2857142985
92706  -34.216  -8.230  1.827 0.4285714328
93448  -33.957  -6.892  1.078 0.2857142985
94165  -30.048  -6.403  1.104 0.2857142985
90082  -36.704  -11.460  3.532 0.1428571492
91911  -35.570  -9.266  1.917 0.2857142985
144983  -34.194  -7.695  1.277 0.4285714328
91904  -34.508  -9.493  2.923 0.5714285970
89110  -37.055  -12.176  4.165 0.1428571492
92698  -34.040  -8.791  2.663 0.7142857313
142022  -32.914  -7.398  2.113 0.4285714328
91012  -35.430  -10.554  3.574 0.4285714328
131364  -37.372  -13.409  4.937 0.2857142985
89104  -36.639  -12.444  5.021 0.7142857313
89101  -33.741  -12.676  5.293 0.8571428657
90078  -35.650  -11.336  4.654 0.8571428657
91011  -34.552  -10.494  3.879 0.5714285970
87198  -37.293  -14.256  6.035 0.2857142985
88162  -37.156  -13.659  5.555 0.2857142985
91001  -35.208  -10.844  4.333 0.7142857313
91009  -32.499  -10.310  3.412 0.5714285970
91000  -34.507  -10.827  4.584 0.8571428657
86245  -37.610  -14.964  6.237 0.1428571492
88160  -35.905  -13.223  5.912 0.7142857313
86233  -37.214  -15.374  7.037 0.1428571492
81752  -30.206  -20.284  4.740 0.5714285970
83543  -31.535  -18.600  5.496 0.8571428657
128600  -32.061  -18.149  5.743 0.8571428657
84371  -31.580  -17.750  5.351 0.5714285970
147360  -33.477  -14.253  5.440 0.8571428657
134205  -34.482  -15.758  6.735 0.8571428657
88150  -34.044  -13.887  5.605 0.8571428657
86224  -36.593  -15.602  7.401 0.2857142985
87195  -34.878  -14.542  6.283 0.8571428657
139065  -35.167  -13.386  5.905 0.8571428657
129446  -34.070  -11.162  4.950 0.8571428657
85280  -37.545  -16.347  7.205 0.4285714328
87196  -35.894  -14.638  6.593 0.7142857313
88152  -35.541  -13.911  6.155 0.7142857313
80777  -29.235  -21.049  4.037 0.2857142985
82682  -31.845  -19.434  5.731 0.5714285970
82681  -31.185  -19.342  5.328 0.5714285970
85294  -33.847  -16.094  6.477 0.8571428657
86230  -34.137  -15.234  6.292 0.8571428657
87194  -34.104  -14.476  5.860 0.8571428657
85278  -35.762  -16.165  7.624 0.4285714328
85277  -35.021  -15.854  7.201 0.8571428657
86231  -34.994  -15.170  6.795 0.8571428657
85279  -36.795  -16.200  7.741 0.4285714328
147891  -30.724  -24.480  5.300 0.7142857313
149593  -29.700  -23.880  4.581 0.4285714328
77708  -31.560  -24.331  6.238 0.7142857313
79748  -31.764  -22.704  6.190 0.8571428657
79764  -30.617  -22.760  5.144 0.5714285970
80778  -30.046  -21.941  4.901 0.5714285970
145078  -29.408  -21.654  4.449 0.4285714328
79766  -31.915  -21.855  6.016 0.8571428657
80763  -31.494  -21.427  5.441 0.5714285970
80762  -30.740  -21.056  5.101 0.5714285970
81724  -32.549  -20.573  6.341 0.8571428657
81723  -32.023  -20.241  5.798 0.7142857313
81740  -31.579  -20.696  5.371 0.5714285970
83481  -34.601  -18.025  8.452 0.7142857313
84328  -34.373  -17.367  7.835 0.7142857313
84351  -34.254  -16.928  7.240 0.7142857313
85295  -34.396  -16.375  6.949 0.8571428657
83484  -37.230  -18.218  8.762 0.2857142985
84313  -35.803  -17.466  8.512 0.4285714328
84330  -36.309  -16.864  8.065 0.5714285970
75731  -30.960  -27.094  6.308 0.4285714328
76739  -30.515  -25.762  5.571 0.4285714328
77720  -29.627  -24.961  4.757 0.4285714328
78708  -32.291  -23.208  6.728 0.7142857313
80747  -32.577  -21.434  6.371 0.8571428657
82623  -34.927  -18.898  8.876 0.7142857313
83483  -36.462  -18.127  8.992 0.2857142985
83482  -35.406  -18.112  8.793 0.5714285970
75745  -29.785  -26.938  5.336 0.5714285970
76740  -30.867  -26.020  6.306 0.5714285970
77707  -31.051  -25.012  5.904 0.5714285970
77709  -32.142  -24.165  6.818 0.7142857313
82624  -35.716  -18.992  9.217 0.4285714328
82625  -36.790  -18.970  9.319 0.4285714328
72885  -30.963  -29.967  6.455 0.5714285970
76686  -35.128  -25.160  10.711 0.4285714328
136788  -34.895  -24.456  10.311 0.4285714328
79697  -35.869  -21.987  10.438 0.4285714328
79696  -34.651  -22.395  9.574 0.4285714328
80704  -36.196  -21.150  10.195 0.4285714328
143821  -31.914  -32.644  11.079 0.1428571492
78645  -35.270  -23.565  10.360 0.4285714328
78664  -35.271  -22.679  10.107 0.4285714328
125303  -32.310  -32.033  10.818 0.1428571492
125671  -32.656  -31.227  11.041 0.1428571492
143010  -33.914  -28.921  11.174 0.2857142985
76653  -35.940  -25.840  12.202 0.2857142985
77640  -37.648  -24.131  12.140 0.2857142985
76667  -36.161  -24.939  12.370 0.2857142985
75669  -34.745  -26.470  11.194 0.4285714328
77651  -37.377  -23.605  11.564 0.2857142985
76687  -35.890  -24.847  11.422 0.2857142985
76666  -35.496  -25.705  11.495 0.2857142985
78646  -36.596  -23.438  11.094 0.2857142985
142381  -32.357  -32.443  11.704 0.1428571492
142969  -32.695  -31.706  11.710 0.1428571492
142979  -31.690  -32.475  10.321 0.1428571492
143111  -33.468  -30.524  12.265 0.2857142985
142959  -33.629  -29.833  11.503 0.2857142985
125465  -35.557  -27.781  13.136 0.2857142985
125544  -36.352  -26.490  13.165 0.2857142985
125223  -35.765  -26.936  12.797 0.2857142985
75653  -36.127  -26.202  12.689 0.2857142985
142940  -33.198  -31.382  12.411 0.1428571492
142946  -35.453  -29.604  14.201 0.2857142985
143107  -33.621  -30.949  13.141 0.2857142985
143061  -34.596  -29.540  12.832 0.2857142985
150924  -33.963  -29.836  12.330 0.2857142985
125212  -33.162  -30.605  11.263 0.2857142985
125453  -35.040  -28.740  12.751 0.2857142985
69215  -31.530  -33.863  11.612 0.1428571492
67159  -30.830  -35.058  10.921 0.2857142985
125276  -31.929  -33.128  11.656 0.1428571492
64290  -29.677  -39.425  11.067 0.2857142985
62373  -28.913  -40.148  10.700 0.2857142985
68147  -31.397  -34.750  11.538 0.2857142985
63343  -30.506  -39.128  11.610 0.1428571492
61242  -28.832  -41.165  11.085 0.1428571492
142945  -33.035  -31.085  11.756 0.1428571492
125456  -34.168  -30.254  12.955 0.2857142985
143109  -35.629  -28.485  13.591 0.2857142985
74684  -35.085  -27.585  12.158 0.2857142985
76654  -36.572  -25.564  12.479 0.2857142985
76665  -34.813  -25.880  10.790 0.4285714328
148603  -36.530  -24.039  12.057 0.2857142985
131325  -37.241  -22.983  11.096 0.2857142985
78721  -30.710  -23.730  5.206 0.7142857313
79682  -36.623  -22.593  10.776 0.4285714328
80746  -32.127  -21.045  5.700 0.5714285970
145204  -35.158  -21.933  9.972 0.4285714328
81680  -35.422  -19.883  9.229 0.4285714328
81681  -36.299  -19.803  9.591 0.2857142985
125880  -32.601  -11.650  4.745 0.7142857313
84352  -34.805  -16.573  7.604 0.7142857313
91894  -32.146  -9.738  2.937 0.4285714328
84331  -37.218  -16.894  7.926 0.2857142985
88159  -34.406  -13.171  5.678 0.8571428657
152255  -33.963  -10.360  3.860 0.8571428657
87197  -36.530  -13.863  6.147 0.5714285970
127406  -36.181  -10.743  3.252 0.4285714328
91906  -35.878  -10.012  2.180 0.4285714328
95574  -29.745  -4.258  3.719 0.1428571492
92715  -35.347  -8.635  0.567 0.1428571492
94886  -32.154  -4.909  -0.290 0.2857142985
65279  -31.463  -37.136  11.938 0.1428571492
125468  -33.467  -31.852  13.108 0.1428571492
143035  -34.112  -31.527  13.761 0.1428571492
125235  -33.521  -29.655  10.709 0.2857142985
149618  -34.277  -29.219  12.081 0.2857142985
149319  -35.148  -28.186  12.434 0.2857142985
135948  -34.699  -27.130  11.520 0.2857142985
76751  -29.563  -25.698  4.822 0.2857142985
79683  -37.821  -22.484  10.939 0.2857142985
77722  -31.219  -24.075  5.669 0.7142857313
78740  -29.357  -23.385  4.328 0.4285714328
78741  -30.090  -23.482  4.782 0.5714285970
147046  -37.152  -22.343  10.889 0.4285714328
81751  -29.531  -20.451  4.360 0.2857142985
133265  -29.773  -21.054  4.715 0.5714285970
79765  -31.314  -22.282  5.595 0.7142857313
82696  -29.613  -19.711  4.384 0.2857142985
80705  -37.084  -21.080  10.271 0.1428571492
81672  -36.661  -20.497  9.903 0.4285714328
81671  -35.856  -20.553  9.791 0.4285714328
82612  -37.171  -19.808  9.525 0.1428571492
145699  -33.790  -16.834  6.706 0.8571428657
84314  -36.839  -17.409  8.514 0.2857142985
86223  -35.817  -15.411  7.082 0.7142857313
89102  -34.600  -12.266  5.415 0.8571428657
85296  -38.260  -16.646  6.434 0.2857142985
86234  -37.877  -15.829  6.357 0.1428571492
94138  -27.963  -6.591  2.495 0.2857142985
140220  -36.922  -14.622  6.616 0.4285714328
87206  -37.802  -14.568  5.531 0.1428571492
90079  -36.365  -11.652  4.498 0.5714285970
87218  -37.606  -14.084  4.952 0.1428571492
89111  -37.312  -12.835  4.617 0.1428571492
89116  -37.332  -12.195  3.282 0.1428571492
95573  -29.477  -5.183  3.138 0.1428571492
127360  -37.567  -12.778  3.844 0.1428571492
144691  -36.619  -11.044  2.785 0.1428571492
93453  -34.515  -7.546  0.622 0.2857142985
92708  -35.104  -8.567  1.414 0.2857142985
91022  -36.388  -10.458  1.307 0.1428571492
91026  -36.447  -10.542  0.540 0.1428571492
94181  -34.293  -6.603  -0.593 0.2857142985
93459  -34.620  -7.225  -1.052 0.2857142985
93467  -34.929  -7.926  -1.565 0.1428571492
92722  -35.079  -8.596  -0.912 0.1428571492
65269  -31.783  -37.652  12.465 0.1428571492
143066  -32.587  -33.065  12.392 0.1428571492
76655  -37.498  -25.368  12.635 0.2857142985
148559  -37.809  -18.371  8.360 0.2857142985
91935  -35.357  -9.405  -1.443 0.1428571492
94191  -34.704  -6.247  -2.373 0.2857142985
147525  -28.462  -39.178  9.642 0.2857142985
137551  -30.795  -38.339  11.526 0.1428571492
66194  -31.703  -36.260  11.914 0.1428571492
67160  -31.325  -35.665  11.406 0.1428571492
125211  -32.740  -30.778  10.440 0.2857142985
137657  -33.263  -29.979  10.060 0.4285714328
125224  -33.292  -30.222  10.613 0.2857142985
75687  -34.356  -26.392  10.465 0.4285714328
145868  -31.698  -24.799  6.575 0.5714285970
75720  -31.469  -26.375  6.909 0.4285714328
80703  -35.446  -21.272  9.959 0.4285714328
80748  -33.115  -21.784  6.740 0.7142857313
82683  -32.253  -18.799  5.928 0.8571428657
91903  -33.782  -9.401  3.170 0.7142857313
93447  -33.619  -7.499  1.751 0.5714285970
94171  -30.841  -5.759  0.724 0.2857142985
125614  -31.252  -30.231  6.873 0.5714285970
142960  -34.647  -28.451  11.953 0.2857142985
148055  -31.495  -19.962  5.517 0.5714285970
90069  -34.826  -11.419  4.953 0.8571428657
94163  -28.013  -6.733  0.791 0.2857142985
94864  -27.815  -6.653  1.422 0.2857142985
79749  -32.590  -22.292  6.567 0.8571428657
95594  -29.313  -5.262  1.241 0.2857142985
94876  -30.428  -4.995  0.238 0.2857142985
94888  -33.822  -6.048  -1.078 0.2857142985
95618  -32.687  -4.515  -0.834 0.2857142985
94174  -34.203  -6.664  0.285 0.2857142985
92707  -34.563  -8.035  1.153 0.2857142985
148453  -34.771  -7.863  -0.740 0.1428571492
128747  -35.371  -8.753  -0.113 0.1428571492
91928  -35.574  -9.354  -0.551 0.1428571492
91919  -35.690  -9.235  1.104 0.1428571492
91020  -36.230  -10.559  2.497 0.1428571492
92699  -34.890  -8.892  2.304 0.5714285970
90086  -37.135  -11.674  2.525 0.1428571492
91920  -36.159  -9.861  0.782 0.2857142985
91897  -34.878  -10.178  3.156 0.5714285970
91896  -34.105  -10.007  3.475 0.7142857313
91002  -35.990  -11.004  4.033 0.5714285970
88161  -36.576  -13.122  5.593 0.5714285970
136181  -35.297  -12.736  5.693 0.7142857313
89103  -35.668  -11.979  5.215 0.7142857313
86232  -36.526  -15.063  7.026 0.4285714328
88151  -34.681  -13.915  5.894 0.8571428657
81739  -30.938  -20.125  5.170 0.5714285970
83559  -31.153  -18.031  4.776 0.4285714328
82697  -30.412  -19.303  4.829 0.4285714328
77721  -30.307  -25.213  5.096 0.5714285970
78720  -30.096  -24.311  4.846 0.4285714328
78707  -31.683  -23.608  6.219 0.7142857313
78722  -31.260  -23.193  5.621 0.7142857313
79784  -29.909  -22.812  4.679 0.4285714328
139623  -30.874  -21.880  5.246 0.5714285970
79783  -29.323  -22.428  4.355 0.4285714328
79782  -28.644  -22.807  3.740 0.2857142985
84312  -34.478  -17.358  7.949 0.5714285970
84329  -35.142  -16.924  8.157 0.7142857313
75730  -30.407  -26.544  5.746 0.5714285970
82626  -37.694  -19.075  8.936 0.2857142985
77650  -35.730  -24.112  11.030 0.4285714328
79698  -36.685  -21.763  10.667 0.4285714328
79681  -35.942  -22.951  10.590 0.4285714328
75670  -35.345  -26.549  12.029 0.2857142985
142947  -32.950  -32.220  12.380 0.1428571492
143103  -35.286  -29.239  13.450 0.2857142985
62361  -30.100  -39.918  11.854 0.1428571492
128902  -29.465  -40.377  11.433 0.1428571492
63330  -30.833  -39.602  12.255 0.1428571492
95562  -29.773  -5.042  4.235 0.1428571492
63344  -31.260  -38.869  11.977 0.1428571492
66195  -31.987  -36.831  12.507 0.1428571492
94843  -28.862  -5.999  3.603 0.1428571492
90081  -31.867  -11.698  4.161 0.5714285970
125365  -31.268  -13.558  4.240 0.4285714328
125361  -31.559  -12.654  4.212 0.4285714328
125751  -32.110  -13.290  4.756 0.4285714328
127379  -32.328  -12.395  4.725 0.5714285970
150737  -31.518  -15.913  4.837 0.4285714328
127133  -31.881  -14.333  4.860 0.4285714328
125359  -31.316  -15.199  4.700 0.4285714328
84391  -31.668  -17.000  5.255 0.5714285970
77631  -39.048  -24.818  12.247 0.1428571492
78635  -38.004  -23.800  11.963 0.1428571492
78638  -38.429  -23.464  11.471 0.1428571492
142966  -29.983  -32.962  6.979 0.2857142985
76668  -37.017  -24.784  12.324 0.1428571492
76670  -40.170  -26.038  11.545 0.1428571492
76689  -40.183  -25.665  10.739 0.1428571492
76669  -39.690  -25.337  11.766 0.1428571492
75688  -40.405  -26.464  9.918 0.1428571492
75655  -38.317  -25.820  13.233 0.1428571492
75656  -39.135  -26.078  13.093 0.1428571492
76657  -39.374  -25.599  12.517 0.1428571492
74704  -40.374  -27.405  10.121 0.1428571492
75671  -39.873  -26.083  12.226 0.1428571492
135491  -39.395  -28.956  6.101 0.1428571492
74711  -39.821  -27.852  8.641 0.1428571492
74729  -39.666  -28.069  6.853 0.1428571492
143863  -28.933  -33.412  6.412 0.2857142985
143102  -36.988  -28.807  14.559 0.1428571492
143110  -37.070  -27.836  14.038 0.1428571492
142944  -36.162  -28.050  13.777 0.1428571492
145382  -36.944  -26.614  13.282 0.1428571492
75657  -39.827  -26.831  12.640 0.1428571492
75639  -39.141  -26.753  13.432 0.1428571492
75658  -40.230  -26.755  11.791 0.1428571492
137639  -39.504  -26.633  13.063 0.1428571492
73765  -40.154  -28.258  10.431 0.1428571492
73776  -39.562  -28.674  8.451 0.1428571492
74719  -39.788  -28.017  7.852 0.1428571492
129607  -29.486  -34.056  7.675 0.2857142985
68184  -28.836  -34.488  7.465 0.2857142985
67211  -28.121  -34.797  7.404 0.2857142985
143060  -37.797  -28.268  14.788 0.1428571492
125533  -38.140  -27.811  14.595 0.1428571492
74667  -39.868  -27.571  12.825 0.1428571492
125664  -38.737  -27.446  13.952 0.1428571492
73751  -40.195  -28.382  11.332 0.1428571492
73809  -39.126  -29.515  4.490 0.1428571492
144252  -39.221  -28.989  5.117 0.1428571492
143104  -34.811  -29.935  13.553 0.1428571492
143112  -36.240  -29.391  14.719 0.1428571492
143108  -36.513  -29.812  15.138 0.1428571492
143027  -39.163  -28.393  15.661 0.1428571492
125557  -37.824  -29.250  16.544 0.1428571492
73716  -39.779  -28.662  13.758 0.1428571492
73736  -39.749  -28.104  13.277 0.1428571492
125228  -39.127  -28.000  14.349 0.1428571492
73737  -40.063  -28.383  12.330 0.1428571492
72888  -39.352  -29.930  6.501 0.1428571492
137590  -39.683  -29.291  9.794 0.1428571492
132125  -38.930  -29.961  5.230 0.1428571492
142943  -35.976  -30.572  15.382 0.1428571492
143082  -34.379  -30.683  13.708 0.1428571492
125486  -39.437  -28.468  17.169 0.1428571492
143006  -39.327  -29.453  17.531 0.1428571492
125498  -39.704  -28.147  15.706 0.1428571492
142977  -39.251  -29.374  17.106 0.1428571492
150119  -37.237  -29.392  15.194 0.1428571492
72837  -40.247  -29.332  12.316 0.1428571492
72808  -39.974  -29.063  14.058 0.1428571492
150461  -40.103  -29.036  11.580 0.1428571492
130394  -39.477  -29.388  7.737 0.1428571492
71900  -40.879  -30.484  17.132 0.1428571492
143083  -38.904  -30.307  16.731 0.1428571492
72809  -40.726  -28.886  14.618 0.1428571492
71909  -41.670  -30.158  16.052 0.1428571492
72819  -40.186  -29.576  13.179 0.1428571492
151548  -39.688  -29.532  9.244 0.1428571492
72850  -40.213  -29.806  11.540 0.1428571492
125230  -40.495  -28.359  16.445 0.1428571492
147225  -38.184  -28.958  15.397 0.1428571492
73707  -39.480  -28.494  14.917 0.1428571492
74655  -39.396  -27.346  13.483 0.1428571492
142939  -36.266  -27.157  13.492 0.1428571492
72916  -38.915  -30.588  4.625 0.1428571492
73822  -39.499  -28.878  3.997 0.1428571492
73785  -39.520  -28.839  7.310 0.1428571492
75672  -40.343  -26.636  10.865 0.1428571492
147039  -37.867  -24.780  12.449 0.1428571492
77642  -39.290  -24.483  11.559 0.1428571492
67200  -29.132  -34.981  8.215 0.2857142985
72880  -39.647  -30.143  7.588 0.1428571492
72929  -39.257  -29.894  4.176 0.1428571492
73811  -40.863  -28.532  4.783 0.1428571492
85326  -31.317  -16.595  4.700 0.4285714328
139450  -39.348  -28.522  4.463 0.1428571492
74720  -39.951  -27.268  8.191 0.1428571492
141679  -39.408  -28.034  5.537 0.1428571492
78639  -39.014  -23.669  11.293 0.1428571492
135806  -37.940  -23.083  11.401 0.1428571492
93473  -34.877  -6.893  -3.200 0.1428571492
94902  -34.465  -5.448  -2.742 0.1428571492
77630  -38.360  -24.444  12.276 0.1428571492
142941  -35.658  -30.037  14.859 0.1428571492
143105  -35.055  -30.373  14.285 0.1428571492
142942  -35.894  -28.802  14.264 0.1428571492
75654  -36.907  -26.040  12.887 0.1428571492
80697  -37.582  -21.749  10.566 0.1428571492
76656  -38.641  -25.261  12.581 0.1428571492
77641  -38.659  -24.093  11.843 0.1428571492
76688  -39.771  -24.901  11.047 0.1428571492
76701  -40.274  -25.640  9.661 0.1428571492
74712  -40.194  -27.150  9.113 0.1428571492
75638  -38.515  -26.577  13.484 0.1428571492
138185  -39.544  -26.240  12.717 0.1428571492
73771  -39.879  -28.186  9.425 0.1428571492
143062  -38.074  -27.067  13.851 0.1428571492
74685  -40.365  -27.528  11.086 0.1428571492
74668  -40.124  -27.567  12.033 0.1428571492
72872  -39.577  -28.982  9.271 0.1428571492
125667  -38.712  -28.331  14.722 0.1428571492
148776  -39.842  -29.247  10.661 0.1428571492
72879  -39.567  -29.432  8.546 0.1428571492
143106  -37.218  -30.354  16.075 0.1428571492
125543  -39.638  -28.782  17.124 0.1428571492
125659  -39.390  -28.114  14.110 0.1428571492
73717  -40.097  -28.832  12.967 0.1428571492
73706  -39.606  -28.464  14.454 0.1428571492
143068  -39.275  -28.092  15.099 0.1428571492
143007  -40.703  -29.108  16.635 0.1428571492
139376  -40.490  -28.397  15.329 0.1428571492
126566  -39.900  -30.081  9.755 0.1428571492
72803  -41.803  -28.769  15.291 0.1428571492
61255  -27.441  -41.267  9.723 0.1428571492
62372  -28.200  -40.790  10.228 0.1428571492
62393  -26.956  -40.881  8.942 0.1428571492
62394  -27.645  -40.400  9.427 0.1428571492
63356  -28.322  -39.877  9.950 0.1428571492
64319  -28.101  -38.589  9.073 0.1428571492
64337  -27.989  -37.731  8.522 0.1428571492
65321  -27.955  -36.866  8.034 0.1428571492
65302  -28.739  -36.889  8.669 0.1428571492
66246  -29.201  -36.060  8.241 0.1428571492
64336  -27.184  -38.158  8.234 0.1428571492
66244  -27.149  -36.732  7.751 0.1428571492
66245  -28.533  -36.296  7.963 0.1428571492
67199  -28.617  -35.504  7.780 0.1428571492
67210  -27.215  -34.997  7.356 0.1428571492
68196  -26.463  -34.584  7.401 0.1428571492
69267  -28.309  -33.427  6.413 0.1428571492
68197  -27.811  -34.159  6.774 0.1428571492
125302  -28.772  -32.947  6.077 0.2857142985
125306  -29.465  -33.273  6.594 0.1428571492
140616  -29.356  -32.833  6.219 0.1428571492
142994  -30.060  -32.544  6.621 0.1428571492
125288  -28.089  -32.633  6.157 0.2857142985
142972  -30.139  -31.896  6.386 0.2857142985
72915  -30.178  -29.136  5.732 0.4285714328
74736  -30.885  -28.028  6.011 0.4285714328
74749  -30.281  -27.426  5.811 0.4285714328
84407  -31.171  -16.959  3.794 0.2857142985
142984  -30.478  -13.809  3.425 0.2857142985
125593  -30.809  -12.983  3.499 0.2857142985
125366  -31.162  -12.184  3.465 0.4285714328
68198  -28.573  -33.993  6.774 0.1428571492
143093  -28.762  -32.511  6.034 0.2857142985
125192  -30.073  -32.250  6.493 0.1428571492
63374  -27.350  -39.093  8.313 0.1428571492
65319  -26.686  -37.396  8.035 0.1428571492
67209  -26.391  -35.351  7.610 0.1428571492
148227  -27.134  -34.189  6.898 0.1428571492
69266  -27.528  -33.486  6.520 0.1428571492
125512  -27.265  -32.793  6.387 0.1428571492
133041  -27.981  -32.037  5.871 0.2857142985
125580  -29.402  -32.271  6.146 0.2857142985
125601  -28.965  -32.052  5.951 0.2857142985
125470  -28.477  -31.677  5.648 0.2857142985
125552  -29.272  -31.973  5.976 0.2857142985
142953  -30.229  -31.517  6.367 0.2857142985
125483  -30.689  -30.426  6.441 0.4285714328
72012  -30.092  -30.308  5.988 0.4285714328
129121  -28.921  -28.785  5.239 0.2857142985
83542  -30.930  -18.711  5.075 0.2857142985
84389  -29.971  -17.858  4.011 0.2857142985
84390  -31.276  -17.325  4.554 0.2857142985
84406  -30.432  -17.171  3.655 0.2857142985
125522  -30.228  -14.569  3.579 0.2857142985
143052  -29.702  -14.956  3.181 0.2857142985
125462  -29.629  -31.631  5.946 0.2857142985
83558  -30.517  -18.288  4.537 0.2857142985
136010  -30.981  -17.510  3.970 0.2857142985
83573  -29.079  -18.374  3.573 0.2857142985
129976  -29.692  -16.835  3.470 0.2857142985
125738  -30.181  -15.503  3.857 0.2857142985
86258  -30.949  -16.048  4.261 0.2857142985
125677  -30.905  -14.418  4.313 0.2857142985
85340  -28.766  -17.106  3.159 0.2857142985
85342  -30.447  -16.538  3.759 0.2857142985
72898  -30.603  -29.607  6.147 0.4285714328
73793  -30.723  -28.866  6.066 0.4285714328
142997  -30.632  -31.089  6.649 0.4285714328
63375  -27.825  -39.519  9.184 0.1428571492
125363  -30.584  -15.125  4.338 0.2857142985
150448  -27.644  -38.388  8.534 0.1428571492
65320  -27.380  -37.391  8.058 0.1428571492
66254  -26.808  -35.964  7.608 0.1428571492
67198  -25.895  -35.907  7.928 0.1428571492
147743  -27.811  -35.971  7.546 0.1428571492
125281  -27.738  -32.344  6.169 0.2857142985
72914  -29.468  -29.427  5.581 0.4285714328
72025  -29.552  -30.733  5.624 0.4285714328
85341  -28.713  -16.268  3.510 0.2857142985
140631  -29.291  -27.250  5.027 0.2857142985
74748  -29.625  -27.728  5.417 0.2857142985
76752  -30.032  -26.114  5.148 0.2857142985
97086  -31.265  -0.803  -3.597 0.1428571492
97088  -32.672  -1.880  -5.130 0.1428571492
96361  -31.819  -2.248  -2.880 0.1428571492
95635  -33.473  -3.908  -2.618 0.1428571492
95630  -33.966  -4.822  -2.105 0.1428571492
97081  -32.675  -1.231  -3.106 0.1428571492
96351  -32.415  -3.250  -2.192 0.1428571492
95616  -31.374  -3.583  -0.258 0.1428571492
96307  -31.020  -3.295  1.098 0.1428571492
75744  -29.392  -26.539  4.888 0.2857142985
75754  -28.879  -26.042  4.597 0.2857142985
95636  -33.960  -4.665  -3.296 0.1428571492
96368  -33.262  -2.730  -5.782 0.1428571492
94896  -34.338  -5.651  -1.773 0.1428571492
96362  -33.023  -2.873  -3.189 0.1428571492
95617  -31.636  -3.976  -0.562 0.1428571492
94895  -33.568  -5.157  -1.298 0.1428571492
96349  -30.784  -2.213  -1.870 0.1428571492
96322  -31.312  -3.172  0.301 0.1428571492
96306  -30.550  -3.914  1.094 0.1428571492
95608  -30.838  -4.150  0.119 0.1428571492
95629  -33.178  -4.144  -1.583 0.1428571492
95628  -32.020  -3.537  -1.241 0.1428571492
73808  -30.195  -28.294  5.757 0.2857142985
96364  -32.411  -2.012  -3.911 0.1428571492
97814  -31.306  -0.687  -3.367 0.1428571492
96365  -33.168  -2.650  -4.544 0.1428571492
96350  -31.327  -2.689  -2.021 0.1428571492
97810  -32.010  -1.002  -2.491 0.1428571492
96337  -31.547  -3.065  -1.051 0.1428571492
95639  -33.512  -3.738  -3.972 0.1428571492
135264  -28.671  -17.817  2.949 0.1428571492
84405  -29.489  -17.468  3.434 0.1428571492
86270  -29.360  -15.779  3.592 0.1428571492
131261  -26.934  -15.999  2.376 0.1428571492
86269  -28.511  -15.204  2.775 0.1428571492
83557  -29.704  -18.745  4.334 0.1428571492
85360  -28.505  -15.816  3.216 0.1428571492
125369  -28.860  -14.780  2.478 0.1428571492
143630  -29.373  -14.362  2.426 0.1428571492
143042  -29.632  -13.818  2.437 0.2857142985
78739  -28.570  -23.774  3.996 0.1428571492
81769  -28.423  -20.460  3.001 0.1428571492
145009  -29.070  -20.249  3.669 0.1428571492
83572  -28.210  -18.675  3.151 0.1428571492
84404  -27.970  -17.316  2.661 0.1428571492
125518  -29.852  -14.220  2.513 0.1428571492
143051  -30.095  -13.393  2.802 0.1428571492
125371  -30.695  -11.700  2.998 0.2857142985
91016  -28.928  -9.938  2.657 0.2857142985
132029  -28.767  -10.437  2.891 0.2857142985
91900  -28.815  -9.034  2.608 0.2857142985
142568  -30.043  -8.647  5.489 0.1428571492
125367  -31.345  -11.527  3.380 0.2857142985
125734  -30.357  -12.460  3.112 0.2857142985
91008  -31.112  -11.068  2.937 0.2857142985
91902  -31.388  -9.908  2.798 0.2857142985
91018  -30.797  -10.417  2.753 0.2857142985
91006  -29.226  -10.878  2.756 0.2857142985
135522  -30.559  -9.586  2.633 0.2857142985
92684  -29.051  -8.095  3.169 0.1428571492
91892  -28.574  -9.950  3.438 0.2857142985
93403  -29.677  -6.690  5.366 0.1428571492
125372  -28.822  -11.370  3.320 0.1428571492
126121  -29.376  -13.501  2.761 0.2857142985
91015  -28.678  -9.755  2.900 0.2857142985
92674  -28.631  -9.137  3.279 0.1428571492
92685  -29.172  -8.468  3.848 0.1428571492
91885  -28.984  -9.335  4.288 0.1428571492
88181  -28.474  -14.927  2.715 0.2857142985
139355  -28.710  -10.051  4.024 0.1428571492
144173  -28.929  -9.793  4.751 0.1428571492
87214  -26.731  -15.519  3.448 0.1428571492
83485  -38.315  -18.859  8.150 0.1428571492
80795  -28.682  -21.143  3.277 0.1428571492
82713  -27.855  -19.555  2.984 0.1428571492
84353  -38.496  -17.312  6.636 0.1428571492
83571  -27.606  -18.859  2.682 0.1428571492
84421  -27.284  -17.539  2.084 0.1428571492
126082  -26.948  -16.782  2.053 0.1428571492
85358  -27.391  -16.840  2.370 0.1428571492
86287  -26.365  -16.203  1.962 0.1428571492
125602  -29.161  -14.881  2.538 0.1428571492
88180  -27.206  -15.543  2.841 0.1428571492
125370  -29.224  -14.267  2.463 0.2857142985
126224  -29.872  -11.823  2.938 0.1428571492
91007  -30.139  -11.134  2.583 0.2857142985
91877  -29.605  -9.164  5.201 0.1428571492
92669  -30.258  -8.500  4.936 0.1428571492
84315  -37.550  -17.652  8.170 0.1428571492
84332  -37.972  -17.292  7.406 0.1428571492
130084  -38.628  -17.971  6.990 0.1428571492
141416  -28.767  -8.883  2.814 0.2857142985
135342  -31.850  -10.968  3.488 0.2857142985
80794  -28.341  -21.976  3.145 0.1428571492
91893  -31.681  -10.441  2.975 0.2857142985
82715  -29.107  -19.285  4.010 0.1428571492
85359  -27.965  -16.491  2.917 0.1428571492
130847  -26.683  -18.071  1.796 0.1428571492
83582  -27.211  -18.530  2.027 0.1428571492
86288  -27.652  -16.177  2.803 0.1428571492
147916  -27.753  -15.474  2.843 0.1428571492
82714  -28.593  -19.449  3.461 0.1428571492
143642  -29.575  -12.730  2.839 0.2857142985
91901  -29.457  -9.140  2.471 0.2857142985
125844  -28.672  -10.488  3.087 0.1428571492
92665  -29.454  -8.194  6.301 0.1428571492
91017  -29.764  -10.217  2.594 0.2857142985
125373  -28.920  -11.233  3.120 0.1428571492
94832  -29.599  -5.537  4.881 0.1428571492
145104  -29.533  -11.381  2.742 0.2857142985
143033  -26.242  -31.926  6.562 0.1428571492
143077  -27.752  -31.679  5.822 0.1428571492
142954  -28.069  -31.193  5.546 0.1428571492
125732  -25.372  -30.798  6.988 0.1428571492
72884  -25.878  -30.353  6.566 0.1428571492
72894  -25.918  -29.631  6.418 0.1428571492
125562  -27.058  -30.971  5.986 0.1428571492
73792  -26.429  -29.240  5.969 0.1428571492
72896  -27.922  -30.578  5.556 0.1428571492
143004  -29.037  -31.212  5.385 0.1428571492
73805  -27.004  -28.727  5.551 0.1428571492
72912  -28.180  -29.840  5.422 0.1428571492
72026  -29.500  -30.254  5.653 0.1428571492
73806  -28.301  -29.003  5.130 0.1428571492
72913  -28.841  -29.708  5.459 0.1428571492
144973  -26.095  -28.315  5.878 0.1428571492
144023  -28.796  -27.067  4.763 0.1428571492
76760  -28.278  -25.377  4.305 0.1428571492
76761  -28.952  -25.192  4.522 0.1428571492
125484  -29.906  -31.193  5.940 0.1428571492
125493  -25.642  -32.389  6.953 0.1428571492
142971  -25.761  -31.394  6.743 0.1428571492
134691  -28.668  -10.417  3.384 0.1428571492
77739  -29.226  -24.328  4.413 0.1428571492
73807  -29.535  -28.547  5.459 0.1428571492
125521  -26.735  -31.527  6.265 0.1428571492
143048  -27.266  -31.991  6.218 0.1428571492
143115  -29.072  -31.532  5.583 0.1428571492
72024  -28.929  -30.576  5.418 0.1428571492
74747  -29.094  -27.914  5.051 0.1428571492
143050  -26.150  -31.035  6.429 0.1428571492
131506  -24.863  -30.227  7.273 0.1428571492
72895  -26.775  -30.109  6.047 0.1428571492
72911  -27.343  -29.652  5.645 0.1428571492
149374  -27.717  -29.125  5.292 0.1428571492
74746  -27.690  -28.179  5.142 0.1428571492
145367  -25.519  -28.825  6.437 0.1428571492
72011  -29.776  -30.628  5.775 0.4285714328
72013  -30.391  -30.177  6.166 0.4285714328
72786  -41.204  -29.816  16.593 0.1428571492
72797  -41.183  -29.336  16.438 0.1428571492
72798  -41.398  -29.056  16.046 0.1428571492
72810  -41.729  -29.383  14.939 0.1428571492
72897  -29.997  -29.833  5.848 0.4285714328
73700  -41.497  -28.546  15.692 0.1428571492
73708  -41.610  -28.268  15.436 0.1428571492
73795  -31.285  -28.056  7.259 0.5714285970
80776  -28.838  -21.846  3.889 0.1428571492
83583  -27.816  -18.089  2.574 0.1428571492
85313  -32.688  -16.024  5.478 0.8571428657
89105  -37.067  -13.043  5.194 0.2857142985
90999  -33.770  -10.658  4.418 0.8571428657
91905  -35.255  -9.718  2.554 0.4285714328
91912  -36.055  -9.835  1.529 0.2857142985
92714  -34.912  -8.153  0.748 0.2857142985
97087  -31.956  -1.402  -3.990 0.1428571492
97808  -31.038  -0.712  -2.693 0.1428571492
97813  -30.879  -0.687  -3.219 0.1428571492
97816  -32.558  -1.447  -4.443 0.1428571492
125203  -40.214  -29.761  17.108 0.1428571492
125295  -28.505  -31.867  5.771 0.2857142985
125298  -29.286  -30.968  5.368 0.1428571492
125304  -30.695  -31.859  7.000 0.2857142985
125480  -30.398  -30.785  6.321 0.4285714328
125539  -39.327  -28.238  16.801 0.1428571492
125654  -30.738  -31.516  6.903 0.2857142985
125670  -29.197  -33.778  6.861 0.1428571492
125806  -41.002  -28.204  15.888 0.1428571492
125870  -39.708  -28.811  9.924 0.1428571492
129667  -31.831  -0.814  -4.028 0.1428571492
132568  -36.255  -10.366  1.888 0.2857142985
142951  -29.509  -32.653  6.290 0.1428571492
142996  -30.571  -32.240  7.155 0.2857142985
142998  -30.073  -30.618  6.002 0.4285714328
143003  -29.830  -30.871  5.823 0.4285714328
143038  -27.971  -33.052  6.267 0.1428571492
143054  -40.051  -28.036  16.463 0.1428571492
144142  -41.797  -28.436  14.939 0.1428571492
144465  -36.059  -12.625  5.587 0.7142857313
145112  -26.769  -17.301  1.905 0.1428571492
146724  -38.759  -28.582  16.752 0.1428571492
148673  -30.515  -37.916  11.063 0.1428571492
151182  -38.048  -16.916  6.907 0.1428571492
151467  -29.553  -33.573  7.061 0.2857142985
151620  -37.064  -15.794  7.458 0.5714285970
151967  -35.868  -23.516  10.787 0.4285714328
152602  -37.471  -14.149  5.549 0.2857142985
