#!ascii label  , from subject sub1 vox2ras=TkReg
351
125646  -32.971  -29.454  9.427 0.0000000000
76739  -30.515  -25.762  5.571 0.0000000000
125751  -32.110  -13.290  4.756 0.0000000000
84372  -32.387  -17.408  5.748 0.0000000000
136450  -33.630  -21.071  7.880 0.0000000000
136788  -34.895  -24.456  10.311 0.0000000000
125366  -31.162  -12.184  3.465 0.0000000000
82665  -33.089  -19.222  6.959 0.0000000000
80763  -31.494  -21.427  5.441 0.0000000000
74728  -31.999  -27.539  7.689 0.0000000000
76717  -32.702  -25.283  7.677 0.0000000000
74710  -33.993  -26.884  9.953 0.0000000000
142990  -29.881  -33.430  7.360 0.0000000000
125614  -31.252  -30.231  6.873 0.0000000000
93432  -29.098  -7.498  1.993 0.0000000000
92696  -31.637  -8.375  2.602 0.0000000000
91895  -33.047  -9.563  3.276 0.0000000000
91000  -34.507  -10.827  4.584 0.0000000000
88159  -34.406  -13.171  5.678 0.0000000000
86259  -32.229  -15.410  5.050 0.0000000000
86231  -34.994  -15.170  6.795 0.0000000000
84352  -34.805  -16.573  7.604 0.0000000000
83482  -35.406  -18.112  8.793 0.0000000000
81671  -35.856  -20.553  9.791 0.0000000000
78708  -32.291  -23.208  6.728 0.0000000000
78680  -34.229  -23.016  8.943 0.0000000000
80762  -30.740  -21.056  5.101 0.0000000000
145078  -29.408  -21.654  4.449 0.0000000000
73775  -32.421  -28.777  8.212 0.0000000000
139675  -33.097  -27.254  8.925 0.0000000000
74709  -33.400  -27.791  9.346 0.0000000000
64304  -30.083  -37.893  10.502 0.0000000000
66215  -30.423  -36.365  10.546 0.0000000000
67167  -30.441  -35.523  10.300 0.0000000000
72898  -30.603  -29.607  6.147 0.0000000000
72025  -29.552  -30.733  5.624 0.0000000000
92697  -32.476  -8.778  2.844 0.0000000000
125361  -31.559  -12.654  4.212 0.0000000000
125880  -32.601  -11.650  4.745 0.0000000000
89109  -33.133  -12.165  5.043 0.0000000000
90069  -34.826  -11.419  4.953 0.0000000000
88158  -33.563  -13.489  5.323 0.0000000000
149052  -32.365  -16.665  5.515 0.0000000000
87205  -33.478  -14.986  5.696 0.0000000000
85294  -33.847  -16.094  6.477 0.0000000000
85277  -35.021  -15.854  7.201 0.0000000000
145699  -33.790  -16.834  6.706 0.0000000000
135192  -32.953  -20.066  7.000 0.0000000000
142823  -34.317  -18.639  8.245 0.0000000000
81679  -34.772  -19.845  8.584 0.0000000000
82624  -35.716  -18.992  9.217 0.0000000000
126824  -34.776  -20.376  8.811 0.0000000000
77720  -29.627  -24.961  4.757 0.0000000000
78721  -30.710  -23.730  5.206 0.0000000000
77708  -31.560  -24.331  6.238 0.0000000000
77665  -33.874  -24.890  9.041 0.0000000000
78679  -33.771  -23.573  8.363 0.0000000000
78663  -34.645  -23.283  9.695 0.0000000000
145204  -35.158  -21.933  9.972 0.0000000000
79681  -35.942  -22.951  10.590 0.0000000000
145244  -31.182  -32.845  9.895 0.0000000000
125461  -30.497  -32.561  7.437 0.0000000000
142958  -31.416  -32.267  9.324 0.0000000000
143037  -31.880  -31.575  9.260 0.0000000000
83543  -31.535  -18.600  5.496 0.0000000000
83524  -32.593  -18.125  6.230 0.0000000000
82682  -31.845  -19.434  5.731 0.0000000000
81723  -32.023  -20.241  5.798 0.0000000000
80747  -32.577  -21.434  6.371 0.0000000000
75731  -30.960  -27.094  6.308 0.0000000000
76730  -31.532  -25.485  6.740 0.0000000000
75721  -32.002  -26.649  7.561 0.0000000000
76698  -33.537  -25.605  8.933 0.0000000000
76685  -34.517  -25.699  10.214 0.0000000000
68159  -30.520  -34.601  10.172 0.0000000000
75745  -29.785  -26.938  5.336 0.0000000000
74736  -30.885  -28.028  6.011 0.0000000000
73783  -31.322  -28.908  7.148 0.0000000000
125589  -32.058  -29.689  8.144 0.0000000000
94164  -28.719  -6.586  0.910 0.0000000000
92694  -29.294  -8.257  2.540 0.0000000000
93433  -30.086  -7.689  1.981 0.0000000000
142022  -32.914  -7.398  2.113 0.0000000000
93436  -33.264  -8.185  2.423 0.0000000000
92699  -34.890  -8.892  2.304 0.0000000000
91009  -32.499  -10.310  3.412 0.0000000000
91010  -33.393  -10.254  3.716 0.0000000000
91897  -34.878  -10.178  3.156 0.0000000000
91012  -35.430  -10.554  3.574 0.0000000000
90079  -36.365  -11.652  4.498 0.0000000000
89104  -36.639  -12.444  5.021 0.0000000000
127133  -31.881  -14.333  4.860 0.0000000000
147360  -33.477  -14.253  5.440 0.0000000000
88151  -34.681  -13.915  5.894 0.0000000000
87197  -36.530  -13.863  6.147 0.0000000000
140220  -36.922  -14.622  6.616 0.0000000000
85279  -36.795  -16.200  7.741 0.0000000000
83503  -34.041  -18.052  7.813 0.0000000000
84312  -34.478  -17.358  7.949 0.0000000000
79784  -29.909  -22.812  4.679 0.0000000000
79765  -31.314  -22.282  5.595 0.0000000000
79750  -33.217  -22.219  6.962 0.0000000000
77697  -32.771  -24.508  7.465 0.0000000000
78697  -33.433  -23.223  7.714 0.0000000000
80714  -33.773  -21.836  8.134 0.0000000000
80702  -34.718  -21.544  9.540 0.0000000000
80704  -36.196  -21.150  10.195 0.0000000000
125305  -31.342  -31.025  7.385 0.0000000000
125297  -32.124  -30.940  8.776 0.0000000000
137657  -33.263  -29.979  10.060 0.0000000000
73769  -32.754  -29.105  8.829 0.0000000000
142758  -32.953  -28.228  8.856 0.0000000000
73770  -33.347  -28.536  9.553 0.0000000000
125229  -34.004  -28.283  10.362 0.0000000000
125222  -33.386  -29.193  10.188 0.0000000000
65278  -30.931  -37.522  11.455 0.0000000000
65290  -30.453  -37.201  10.855 0.0000000000
66204  -31.079  -36.566  11.255 0.0000000000
125365  -31.268  -13.558  4.240 0.0000000000
127379  -32.328  -12.395  4.725 0.0000000000
125624  -33.013  -13.036  4.911 0.0000000000
84371  -31.580  -17.750  5.351 0.0000000000
84391  -31.668  -17.000  5.255 0.0000000000
84373  -33.029  -16.578  6.106 0.0000000000
84350  -33.151  -17.435  6.477 0.0000000000
81702  -33.658  -20.318  7.499 0.0000000000
82645  -34.277  -19.590  7.943 0.0000000000
81703  -34.272  -20.412  8.148 0.0000000000
77721  -30.307  -25.213  5.096 0.0000000000
147891  -30.724  -24.480  5.300 0.0000000000
77707  -31.051  -25.012  5.904 0.0000000000
77666  -34.405  -24.711  9.618 0.0000000000
78662  -34.045  -23.969  9.210 0.0000000000
138550  -34.563  -23.994  9.897 0.0000000000
78645  -35.270  -23.565  10.360 0.0000000000
78646  -36.596  -23.438  11.094 0.0000000000
77650  -35.730  -24.112  11.030 0.0000000000
82697  -30.412  -19.303  4.829 0.0000000000
82681  -31.185  -19.342  5.328 0.0000000000
81740  -31.579  -20.696  5.371 0.0000000000
80746  -32.127  -21.045  5.700 0.0000000000
74727  -31.452  -27.235  7.060 0.0000000000
149379  -33.627  -27.228  9.497 0.0000000000
75713  -33.041  -26.281  8.673 0.0000000000
75699  -33.627  -26.416  9.378 0.0000000000
76699  -34.123  -25.519  9.575 0.0000000000
143787  -34.085  -26.173  9.936 0.0000000000
76665  -34.813  -25.880  10.790 0.0000000000
75687  -34.356  -26.392  10.465 0.0000000000
64303  -29.614  -38.614  10.377 0.0000000000
68160  -30.952  -34.144  10.908 0.0000000000
74749  -30.281  -27.426  5.811 0.0000000000
72885  -30.963  -29.967  6.455 0.0000000000
72899  -30.990  -29.332  6.535 0.0000000000
72886  -31.310  -29.686  6.986 0.0000000000
72887  -31.834  -29.264  7.598 0.0000000000
72878  -31.580  -29.920  7.424 0.0000000000
93431  -27.941  -7.246  1.699 0.0000000000
94162  -27.674  -7.044  0.993 0.0000000000
93443  -28.066  -7.074  0.854 0.0000000000
93444  -29.254  -7.025  1.258 0.0000000000
92695  -30.562  -8.552  2.443 0.0000000000
93434  -31.173  -7.754  2.287 0.0000000000
93445  -30.635  -7.055  1.756 0.0000000000
141466  -31.642  -7.174  2.100 0.0000000000
93446  -32.300  -7.062  2.013 0.0000000000
93435  -32.243  -7.764  2.463 0.0000000000
92686  -33.325  -8.932  2.899 0.0000000000
92698  -34.040  -8.791  2.663 0.0000000000
91903  -33.782  -9.401  3.170 0.0000000000
90081  -31.867  -11.698  4.161 0.0000000000
90077  -33.311  -11.327  4.932 0.0000000000
90998  -32.694  -10.898  4.217 0.0000000000
152255  -33.963  -10.360  3.860 0.0000000000
91896  -34.105  -10.007  3.475 0.0000000000
91011  -34.552  -10.494  3.879 0.0000000000
91001  -35.208  -10.844  4.333 0.0000000000
89102  -34.600  -12.266  5.415 0.0000000000
90078  -35.650  -11.336  4.654 0.0000000000
89103  -35.668  -11.979  5.215 0.0000000000
136181  -35.297  -12.736  5.693 0.0000000000
85326  -31.317  -16.595  4.700 0.0000000000
150737  -31.518  -15.913  4.837 0.0000000000
132876  -32.786  -14.703  5.307 0.0000000000
86230  -34.137  -15.234  6.292 0.0000000000
87194  -34.104  -14.476  5.860 0.0000000000
87195  -34.878  -14.542  6.283 0.0000000000
88152  -35.541  -13.911  6.155 0.0000000000
87196  -35.894  -14.638  6.593 0.0000000000
86223  -35.817  -15.411  7.082 0.0000000000
85278  -35.762  -16.165  7.624 0.0000000000
84330  -36.309  -16.864  8.065 0.0000000000
82684  -32.708  -18.800  6.482 0.0000000000
83502  -33.308  -18.263  6.952 0.0000000000
83481  -34.601  -18.025  8.452 0.0000000000
84313  -35.803  -17.466  8.512 0.0000000000
83483  -36.462  -18.127  8.992 0.0000000000
81681  -36.299  -19.803  9.591 0.0000000000
81672  -36.661  -20.497  9.903 0.0000000000
78740  -29.357  -23.385  4.328 0.0000000000
78707  -31.683  -23.608  6.219 0.0000000000
78722  -31.260  -23.193  5.621 0.0000000000
79748  -31.764  -22.704  6.190 0.0000000000
79749  -32.590  -22.292  6.567 0.0000000000
77696  -32.264  -25.037  7.036 0.0000000000
79712  -33.827  -22.712  8.245 0.0000000000
79733  -33.453  -22.437  7.577 0.0000000000
79713  -34.248  -22.102  8.853 0.0000000000
79697  -35.869  -21.987  10.438 0.0000000000
79698  -36.685  -21.763  10.667 0.0000000000
125640  -32.390  -31.471  10.134 0.0000000000
149606  -32.040  -31.208  8.982 0.0000000000
146699  -32.465  -31.000  9.518 0.0000000000
125489  -32.623  -30.233  9.371 0.0000000000
125221  -32.834  -30.408  9.997 0.0000000000
81752  -30.206  -20.284  4.740 0.0000000000
133265  -29.773  -21.054  4.715 0.0000000000
80778  -30.046  -21.941  4.901 0.0000000000
73784  -32.035  -28.441  7.650 0.0000000000
74718  -32.557  -27.878  8.249 0.0000000000
74703  -34.345  -27.298  10.614 0.0000000000
74702  -33.879  -27.703  9.853 0.0000000000
74683  -34.505  -27.982  11.244 0.0000000000
64291  -30.229  -38.567  11.006 0.0000000000
67182  -30.007  -35.069  9.548 0.0000000000
66216  -30.807  -35.833  10.894 0.0000000000
72915  -30.178  -29.136  5.732 0.0000000000
72914  -29.468  -29.427  5.581 0.0000000000
72012  -30.092  -30.308  5.988 0.0000000000
125483  -30.689  -30.426  6.441 0.0000000000
141858  -31.493  -9.162  2.720 0.0000000000
91894  -32.146  -9.738  2.937 0.0000000000
129446  -34.070  -11.162  4.950 0.0000000000
90068  -33.945  -11.881  5.109 0.0000000000
89101  -33.741  -12.676  5.293 0.0000000000
85327  -31.978  -16.273  5.091 0.0000000000
144693  -32.923  -15.379  5.488 0.0000000000
86244  -33.327  -15.712  5.954 0.0000000000
134205  -34.482  -15.758  6.735 0.0000000000
85295  -34.396  -16.375  6.949 0.0000000000
84351  -34.254  -16.928  7.240 0.0000000000
82644  -33.761  -18.902  7.545 0.0000000000
152031  -33.569  -19.657  7.364 0.0000000000
82623  -34.927  -18.898  8.876 0.0000000000
81680  -35.422  -19.883  9.229 0.0000000000
80716  -35.044  -20.767  9.441 0.0000000000
149593  -29.700  -23.880  4.581 0.0000000000
78720  -30.096  -24.311  4.846 0.0000000000
77722  -31.219  -24.075  5.669 0.0000000000
144246  -33.493  -25.047  8.540 0.0000000000
77681  -33.228  -24.807  8.014 0.0000000000
77682  -33.633  -24.405  8.472 0.0000000000
79696  -34.651  -22.395  9.574 0.0000000000
78664  -35.271  -22.679  10.107 0.0000000000
79682  -36.623  -22.593  10.776 0.0000000000
147046  -37.152  -22.343  10.889 0.0000000000
125469  -30.461  -33.475  8.924 0.0000000000
125464  -30.459  -33.166  8.035 0.0000000000
125296  -30.775  -32.863  9.095 0.0000000000
125474  -30.942  -32.466  8.315 0.0000000000
143094  -31.359  -31.916  8.463 0.0000000000
143000  -31.147  -31.843  7.719 0.0000000000
142995  -31.987  -31.974  9.953 0.0000000000
83559  -31.153  -18.031  4.776 0.0000000000
128600  -32.061  -18.149  5.743 0.0000000000
82683  -32.253  -18.799  5.928 0.0000000000
82664  -32.483  -19.605  6.290 0.0000000000
81739  -30.938  -20.125  5.170 0.0000000000
148055  -31.495  -19.962  5.517 0.0000000000
81724  -32.549  -20.573  6.341 0.0000000000
81725  -33.161  -21.005  6.974 0.0000000000
76740  -30.867  -26.020  6.306 0.0000000000
75720  -31.469  -26.375  6.909 0.0000000000
76731  -32.119  -25.804  7.308 0.0000000000
75712  -32.560  -26.063  7.994 0.0000000000
130416  -32.472  -26.932  8.266 0.0000000000
76718  -33.084  -25.497  8.328 0.0000000000
143721  -34.657  -25.146  10.017 0.0000000000
76686  -35.128  -25.160  10.711 0.0000000000
75669  -34.745  -26.470  11.194 0.0000000000
63357  -28.998  -39.298  10.260 0.0000000000
142991  -30.072  -33.782  8.295 0.0000000000
68173  -30.259  -34.172  9.277 0.0000000000
69226  -30.744  -33.584  9.892 0.0000000000
125284  -31.386  -33.236  10.800 0.0000000000
75730  -30.407  -26.544  5.746 0.0000000000
148495  -31.011  -27.772  6.604 0.0000000000
73793  -30.723  -28.866  6.066 0.0000000000
73794  -30.951  -28.518  6.585 0.0000000000
94150  -27.712  -6.966  1.695 0.0000000000
92693  -29.101  -7.812  2.733 0.0000000000
141136  -29.708  -8.176  2.343 0.0000000000
94166  -31.512  -6.471  1.538 0.0000000000
93447  -33.619  -7.499  1.751 0.0000000000
144983  -34.194  -7.695  1.277 0.0000000000
92706  -34.216  -8.230  1.827 0.0000000000
150508  -33.593  -9.816  3.421 0.0000000000
91904  -34.508  -9.493  2.923 0.0000000000
91911  -35.570  -9.266  1.917 0.0000000000
91906  -35.878  -10.012  2.180 0.0000000000
127406  -36.181  -10.743  3.252 0.0000000000
91002  -35.990  -11.004  4.033 0.0000000000
125359  -31.316  -15.199  4.700 0.0000000000
125360  -32.859  -13.868  5.001 0.0000000000
88150  -34.044  -13.887  5.605 0.0000000000
139065  -35.167  -13.386  5.905 0.0000000000
88160  -35.905  -13.223  5.912 0.0000000000
88161  -36.576  -13.122  5.593 0.0000000000
86232  -36.526  -15.063  7.026 0.0000000000
86234  -37.877  -15.829  6.357 0.0000000000
85280  -37.545  -16.347  7.205 0.0000000000
84327  -33.853  -17.469  7.146 0.0000000000
84328  -34.373  -17.367  7.835 0.0000000000
84329  -35.142  -16.924  8.157 0.0000000000
82625  -36.790  -18.970  9.319 0.0000000000
79783  -29.323  -22.428  4.355 0.0000000000
139623  -30.874  -21.880  5.246 0.0000000000
78741  -30.090  -23.482  4.782 0.0000000000
79764  -30.617  -22.760  5.144 0.0000000000
79766  -31.915  -21.855  6.016 0.0000000000
80748  -33.115  -21.784  6.740 0.0000000000
80730  -33.426  -21.742  7.315 0.0000000000
145868  -31.698  -24.799  6.575 0.0000000000
77709  -32.142  -24.165  6.818 0.0000000000
77698  -33.400  -24.053  7.799 0.0000000000
78696  -32.768  -23.630  7.346 0.0000000000
79732  -32.930  -22.843  7.187 0.0000000000
80715  -34.291  -21.137  8.714 0.0000000000
80703  -35.446  -21.272  9.959 0.0000000000
142997  -30.632  -31.089  6.649 0.0000000000
142999  -31.046  -30.683  6.837 0.0000000000
125527  -31.626  -31.409  8.415 0.0000000000
125642  -31.662  -31.080  8.099 0.0000000000
125277  -31.536  -30.383  7.499 0.0000000000
125567  -31.924  -30.457  8.342 0.0000000000
125517  -32.454  -29.801  8.846 0.0000000000
125473  -33.110  -29.773  9.768 0.0000000000
72011  -29.776  -30.628  5.775 0.0000000000
72013  -30.391  -30.177  6.166 0.0000000000
72897  -29.997  -29.833  5.848 0.0000000000
73795  -31.285  -28.056  7.259 0.0000000000
83542  -30.930  -18.711  5.075 0.0000000000
85313  -32.688  -16.024  5.478 0.0000000000
90999  -33.770  -10.658  4.418 0.0000000000
91905  -35.255  -9.718  2.554 0.0000000000
125480  -30.398  -30.785  6.321 0.0000000000
142998  -30.073  -30.618  6.002 0.0000000000
143003  -29.830  -30.871  5.823 0.0000000000
144465  -36.059  -12.625  5.587 0.0000000000
151620  -37.064  -15.794  7.458 0.0000000000
151967  -35.868  -23.516  10.787 0.0000000000
