#!ascii label  , from subject sub1 vox2ras=TkReg
2076
43469  12.578  -55.797  95.231 0.0000000000
65934  45.859  -34.476  62.072 0.0000000000
45496  29.145  -52.252  86.654 0.0000000000
47593  39.484  -50.752  83.775 0.0000000000
48707  22.385  -49.766  85.003 0.0000000000
48594  20.349  -51.021  92.354 0.0000000000
73308  55.885  -27.585  55.319 0.0000000000
72154  53.905  -27.589  63.542 0.0000000000
58566  42.690  -40.739  72.365 0.0000000000
76362  58.059  -24.006  46.627 0.0000000000
41585  28.240  -56.278  80.440 0.0000000000
45402  16.957  -52.956  94.405 0.0000000000
132173  55.304  -29.518  60.088 0.0000000000
139062  50.109  -30.125  58.707 0.0000000000
64876  46.719  -35.296  67.382 0.0000000000
67908  50.472  -32.377  67.875 0.0000000000
63915  42.301  -36.869  67.698 0.0000000000
49918  36.168  -48.350  76.709 0.0000000000
127202  33.805  -53.270  83.836 0.0000000000
41571  22.072  -56.066  82.145 0.0000000000
151069  22.731  -57.212  88.176 0.0000000000
132534  21.210  -48.994  88.586 0.0000000000
45459  17.186  -52.818  88.632 0.0000000000
149808  25.546  -52.073  86.869 0.0000000000
73303  60.069  -26.873  55.824 0.0000000000
73214  60.966  -26.988  61.926 0.0000000000
69019  50.068  -30.933  63.042 0.0000000000
62671  43.336  -37.720  74.103 0.0000000000
53192  42.391  -46.355  77.155 0.0000000000
145842  56.180  -26.507  50.608 0.0000000000
74438  61.165  -26.485  50.908 0.0000000000
74481  63.135  -26.175  46.139 0.0000000000
38228  27.788  -59.310  81.541 0.0000000000
44430  14.404  -54.495  94.645 0.0000000000
47457  16.643  -52.314  98.440 0.0000000000
45367  13.635  -53.061  98.975 0.0000000000
70153  50.857  -30.268  56.073 0.0000000000
63845  48.200  -36.110  71.524 0.0000000000
65838  50.549  -34.989  70.973 0.0000000000
40324  7.334  -58.397  97.664 0.0000000000
152998  41.644  -37.689  64.613 0.0000000000
127678  30.130  -52.842  80.507 0.0000000000
45585  32.728  -53.242  80.348 0.0000000000
44528  31.504  -53.680  85.091 0.0000000000
45500  21.983  -52.275  85.890 0.0000000000
43578  20.413  -54.252  85.515 0.0000000000
48676  22.062  -48.967  87.094 0.0000000000
47544  24.213  -50.896  86.574 0.0000000000
135347  23.509  -53.784  83.687 0.0000000000
43503  20.744  -54.904  90.711 0.0000000000
73306  57.671  -27.211  55.166 0.0000000000
73240  61.613  -27.944  58.763 0.0000000000
73259  58.321  -27.469  58.418 0.0000000000
72166  54.961  -27.721  62.568 0.0000000000
73201  57.425  -27.102  62.991 0.0000000000
66948  45.999  -33.262  59.865 0.0000000000
68022  47.665  -31.595  59.861 0.0000000000
66924  48.071  -32.675  62.620 0.0000000000
60570  39.909  -38.185  71.664 0.0000000000
63853  40.330  -37.093  70.835 0.0000000000
132525  42.983  -38.607  73.712 0.0000000000
48791  38.161  -50.174  79.032 0.0000000000
51010  38.733  -47.769  77.406 0.0000000000
48771  41.169  -49.361  80.294 0.0000000000
74405  54.297  -26.858  52.367 0.0000000000
74445  53.820  -25.511  50.664 0.0000000000
74403  55.735  -27.208  52.526 0.0000000000
74401  58.602  -26.915  53.071 0.0000000000
74524  61.233  -25.332  44.288 0.0000000000
74482  59.644  -26.174  45.674 0.0000000000
74460  63.210  -26.115  48.918 0.0000000000
73360  58.539  -26.743  48.090 0.0000000000
41524  28.367  -54.936  85.556 0.0000000000
41509  29.984  -55.827  87.251 0.0000000000
40453  30.797  -56.845  82.385 0.0000000000
48584  18.450  -50.019  93.531 0.0000000000
46407  20.118  -52.025  95.113 0.0000000000
48550  19.294  -49.780  97.021 0.0000000000
72247  53.433  -28.226  55.023 0.0000000000
72219  55.915  -28.747  57.865 0.0000000000
71193  53.595  -29.600  57.489 0.0000000000
70094  52.989  -30.003  59.225 0.0000000000
71136  52.369  -28.851  61.407 0.0000000000
64891  46.597  -34.766  64.775 0.0000000000
65907  48.812  -34.013  64.852 0.0000000000
65871  48.782  -34.000  68.444 0.0000000000
56565  41.029  -42.747  71.915 0.0000000000
49802  41.890  -49.978  84.042 0.0000000000
41437  10.481  -57.460  95.062 0.0000000000
145242  11.583  -55.056  98.844 0.0000000000
42458  9.265  -56.019  97.981 0.0000000000
64917  44.011  -35.275  62.100 0.0000000000
128659  44.022  -35.979  64.990 0.0000000000
62765  45.224  -36.685  67.937 0.0000000000
63848  45.451  -35.924  71.076 0.0000000000
48860  33.165  -49.193  76.089 0.0000000000
46571  35.330  -51.253  79.827 0.0000000000
46522  36.463  -51.753  83.796 0.0000000000
134466  31.982  -54.068  89.872 0.0000000000
45449  35.099  -52.575  88.307 0.0000000000
39315  24.882  -58.853  83.351 0.0000000000
134682  25.665  -60.214  86.797 0.0000000000
41538  22.245  -56.836  85.371 0.0000000000
43534  20.061  -54.360  88.274 0.0000000000
138472  21.016  -49.573  90.540 0.0000000000
47586  18.796  -50.601  85.527 0.0000000000
47549  18.225  -50.720  87.520 0.0000000000
48623  18.267  -50.286  90.338 0.0000000000
45419  17.456  -53.077  91.368 0.0000000000
44448  15.371  -54.716  92.749 0.0000000000
42497  12.478  -55.784  92.877 0.0000000000
144594  28.213  -52.382  81.280 0.0000000000
46537  25.909  -51.894  82.038 0.0000000000
143163  26.994  -52.497  87.350 0.0000000000
42596  25.908  -54.752  83.808 0.0000000000
41607  24.731  -56.360  79.881 0.0000000000
72160  62.679  -27.688  61.663 0.0000000000
72179  58.315  -28.501  61.799 0.0000000000
127947  48.075  -31.131  58.552 0.0000000000
70066  49.924  -29.629  61.159 0.0000000000
71117  51.306  -28.823  63.255 0.0000000000
67951  50.447  -32.300  65.413 0.0000000000
145427  51.673  -30.360  65.451 0.0000000000
62771  39.205  -36.988  67.710 0.0000000000
63871  42.513  -36.092  70.534 0.0000000000
127604  45.793  -36.546  74.575 0.0000000000
53220  39.849  -44.906  74.952 0.0000000000
55407  42.805  -43.869  75.444 0.0000000000
52066  43.522  -47.196  80.749 0.0000000000
128278  44.658  -44.359  78.566 0.0000000000
57567  45.640  -41.778  75.547 0.0000000000
59464  45.508  -39.296  77.214 0.0000000000
62625  45.485  -37.245  78.518 0.0000000000
74462  56.885  -26.046  48.245 0.0000000000
74440  58.485  -26.643  50.492 0.0000000000
74399  60.784  -26.339  53.001 0.0000000000
37163  29.737  -61.347  82.636 0.0000000000
43459  13.073  -55.091  95.480 0.0000000000
44412  14.029  -53.871  97.039 0.0000000000
43449  13.205  -54.968  96.460 0.0000000000
64828  48.209  -36.160  73.001 0.0000000000
64827  49.010  -36.145  72.952 0.0000000000
142756  5.909  -59.279  96.132 0.0000000000
45545  29.807  -52.701  83.496 0.0000000000
45544  30.549  -53.246  83.682 0.0000000000
45495  30.115  -52.691  86.567 0.0000000000
47566  23.207  -49.973  87.049 0.0000000000
46464  22.394  -50.814  86.907 0.0000000000
132237  22.431  -49.207  86.452 0.0000000000
47605  23.112  -50.638  84.633 0.0000000000
47565  23.985  -50.041  86.579 0.0000000000
44517  22.942  -52.627  85.900 0.0000000000
151408  20.216  -52.205  91.347 0.0000000000
44437  20.042  -53.262  93.012 0.0000000000
73307  57.000  -27.174  55.646 0.0000000000
147499  58.030  -26.791  57.171 0.0000000000
73278  57.221  -27.076  57.098 0.0000000000
73204  54.239  -27.358  62.982 0.0000000000
73190  55.097  -26.664  63.809 0.0000000000
65947  46.358  -33.694  61.402 0.0000000000
66939  46.807  -32.869  61.010 0.0000000000
65932  47.499  -33.218  62.560 0.0000000000
58578  41.190  -40.388  70.934 0.0000000000
59508  41.051  -39.129  71.855 0.0000000000
60558  41.327  -38.399  72.555 0.0000000000
59496  42.997  -39.451  73.013 0.0000000000
47653  38.546  -50.854  81.526 0.0000000000
145391  39.473  -50.401  79.998 0.0000000000
48751  39.904  -50.169  81.573 0.0000000000
73317  54.881  -27.961  53.855 0.0000000000
74404  54.984  -26.677  52.538 0.0000000000
73316  55.899  -27.768  54.149 0.0000000000
73314  57.591  -27.256  54.274 0.0000000000
75453  59.357  -24.817  44.988 0.0000000000
75439  58.264  -25.140  46.088 0.0000000000
73395  59.427  -26.474  46.591 0.0000000000
74484  57.863  -25.633  46.806 0.0000000000
41557  27.869  -56.095  83.239 0.0000000000
40440  29.262  -56.107  84.055 0.0000000000
41567  29.368  -56.451  81.765 0.0000000000
46413  17.690  -51.309  94.421 0.0000000000
48568  18.765  -49.804  95.559 0.0000000000
47467  17.906  -50.669  95.857 0.0000000000
47437  16.039  -51.605  100.344 0.0000000000
147545  18.002  -51.057  99.456 0.0000000000
72249  51.888  -28.516  54.414 0.0000000000
71215  53.417  -28.717  55.597 0.0000000000
149615  52.296  -29.337  55.633 0.0000000000
70115  50.532  -30.203  57.807 0.0000000000
131610  52.151  -29.958  57.908 0.0000000000
70096  51.346  -29.952  59.331 0.0000000000
71169  52.558  -29.810  60.090 0.0000000000
71171  50.999  -29.549  59.909 0.0000000000
144773  46.128  -34.966  66.603 0.0000000000
65891  47.783  -34.441  66.680 0.0000000000
65872  47.986  -34.166  68.128 0.0000000000
72256  52.375  -27.678  53.345 0.0000000000
41423  9.875  -57.035  96.773 0.0000000000
41424  9.238  -57.346  97.066 0.0000000000
63962  42.560  -35.995  61.606 0.0000000000
63952  44.375  -35.686  63.476 0.0000000000
63954  43.061  -36.604  63.536 0.0000000000
149430  42.289  -37.560  65.894 0.0000000000
129816  43.528  -36.845  65.934 0.0000000000
62767  43.587  -36.868  67.266 0.0000000000
62737  45.270  -36.747  68.820 0.0000000000
63901  43.815  -36.665  69.059 0.0000000000
48847  32.488  -49.656  75.995 0.0000000000
45555  33.119  -53.678  82.223 0.0000000000
46560  34.211  -52.438  80.068 0.0000000000
45569  34.589  -52.786  81.848 0.0000000000
46547  35.717  -51.834  81.237 0.0000000000
45540  35.136  -52.472  83.500 0.0000000000
40407  31.101  -56.416  85.812 0.0000000000
42532  30.455  -55.020  88.718 0.0000000000
40399  32.084  -56.325  86.813 0.0000000000
42528  34.236  -55.025  89.404 0.0000000000
129117  35.918  -52.348  88.059 0.0000000000
40456  23.366  -57.343  82.280 0.0000000000
40430  23.905  -58.683  84.423 0.0000000000
41547  22.101  -56.809  84.412 0.0000000000
46466  20.287  -51.432  87.699 0.0000000000
43549  20.052  -53.928  87.146 0.0000000000
46448  20.018  -51.722  88.659 0.0000000000
130672  20.006  -52.106  89.502 0.0000000000
48645  21.024  -49.004  89.427 0.0000000000
48726  18.722  -50.362  84.128 0.0000000000
45503  17.475  -53.167  86.887 0.0000000000
45502  17.832  -52.462  86.405 0.0000000000
46468  17.354  -52.213  88.315 0.0000000000
48633  18.002  -50.024  89.075 0.0000000000
46441  17.856  -51.692  89.639 0.0000000000
46436  17.494  -52.276  90.719 0.0000000000
151782  16.932  -52.738  90.000 0.0000000000
43485  13.774  -55.014  92.645 0.0000000000
130544  28.367  -52.757  78.710 0.0000000000
45604  27.589  -52.485  79.687 0.0000000000
46499  25.636  -50.738  85.855 0.0000000000
46498  26.435  -50.978  85.621 0.0000000000
46497  27.339  -51.389  85.376 0.0000000000
128333  26.142  -52.398  87.023 0.0000000000
42572  26.929  -53.990  86.056 0.0000000000
43563  25.602  -53.566  85.841 0.0000000000
43615  22.443  -54.116  82.260 0.0000000000
43628  23.523  -54.730  81.578 0.0000000000
41588  23.123  -56.174  81.013 0.0000000000
40455  24.877  -57.954  81.423 0.0000000000
40409  24.409  -58.712  87.076 0.0000000000
44388  9.960  -53.976  100.233 0.0000000000
44379  11.120  -53.206  100.494 0.0000000000
73272  62.754  -26.370  57.626 0.0000000000
72195  61.501  -27.710  59.877 0.0000000000
73226  62.085  -26.942  60.545 0.0000000000
73196  62.046  -26.997  61.947 0.0000000000
143887  60.984  -27.646  63.230 0.0000000000
71167  55.883  -29.101  59.336 0.0000000000
71165  57.589  -28.662  59.622 0.0000000000
71131  56.985  -28.832  61.133 0.0000000000
73187  58.487  -26.663  63.993 0.0000000000
69041  49.288  -31.028  61.518 0.0000000000
69053  48.933  -30.215  60.760 0.0000000000
69040  49.559  -30.133  61.344 0.0000000000
70056  50.739  -29.150  62.452 0.0000000000
70049  50.936  -29.380  63.340 0.0000000000
66853  50.066  -33.043  66.759 0.0000000000
66862  49.951  -32.935  65.868 0.0000000000
67923  50.444  -32.346  67.182 0.0000000000
62753  38.801  -36.767  68.527 0.0000000000
63815  42.396  -37.282  72.863 0.0000000000
129929  41.442  -36.869  71.088 0.0000000000
63831  42.828  -36.995  72.426 0.0000000000
64832  44.368  -36.521  72.796 0.0000000000
63798  44.424  -37.169  74.092 0.0000000000
51042  35.392  -47.590  75.302 0.0000000000
51041  36.296  -47.382  75.326 0.0000000000
52128  40.837  -47.002  77.107 0.0000000000
52163  39.096  -46.138  75.753 0.0000000000
54327  40.904  -45.541  76.338 0.0000000000
54345  41.159  -44.032  75.035 0.0000000000
54326  41.842  -45.033  76.225 0.0000000000
50935  42.999  -48.410  82.012 0.0000000000
55382  45.098  -43.836  78.845 0.0000000000
55396  44.772  -43.562  76.845 0.0000000000
139035  46.257  -42.000  77.930 0.0000000000
58525  45.665  -40.306  76.020 0.0000000000
57529  46.659  -41.052  78.634 0.0000000000
74430  55.479  -26.247  51.022 0.0000000000
136916  56.921  -26.574  49.607 0.0000000000
74453  57.705  -26.617  49.708 0.0000000000
74441  57.565  -26.527  50.339 0.0000000000
74389  59.537  -26.767  53.924 0.0000000000
127441  59.263  -26.324  52.789 0.0000000000
74388  61.156  -26.750  54.437 0.0000000000
74387  62.114  -26.665  54.448 0.0000000000
74504  62.468  -25.875  44.885 0.0000000000
74461  62.017  -26.538  49.094 0.0000000000
140070  62.929  -25.665  51.063 0.0000000000
75405  62.329  -25.899  51.456 0.0000000000
40484  27.572  -57.367  79.614 0.0000000000
39369  29.481  -57.386  79.538 0.0000000000
38226  29.494  -59.604  81.163 0.0000000000
44428  15.756  -53.811  94.691 0.0000000000
46401  16.885  -52.383  96.873 0.0000000000
45387  15.403  -52.990  96.546 0.0000000000
46385  15.351  -52.740  99.236 0.0000000000
46359  14.523  -51.618  100.753 0.0000000000
70170  49.483  -30.220  55.613 0.0000000000
70135  49.656  -30.494  57.841 0.0000000000
64861  47.137  -35.823  69.199 0.0000000000
64859  48.608  -35.025  69.243 0.0000000000
63865  48.806  -35.753  70.755 0.0000000000
64810  50.567  -35.460  73.241 0.0000000000
40323  7.914  -58.014  96.916 0.0000000000
39208  7.299  -58.685  96.460 0.0000000000
39202  6.624  -59.127  98.155 0.0000000000
62829  41.477  -37.269  63.176 0.0000000000
62798  40.631  -37.898  65.764 0.0000000000
46596  32.402  -51.579  77.532 0.0000000000
45586  31.803  -53.178  80.162 0.0000000000
140871  31.960  -53.812  82.727 0.0000000000
44542  32.427  -53.731  84.575 0.0000000000
44561  21.717  -53.808  83.125 0.0000000000
43587  20.869  -54.896  84.195 0.0000000000
151113  21.049  -53.108  84.968 0.0000000000
46465  21.128  -50.633  87.258 0.0000000000
49739  21.519  -48.888  87.808 0.0000000000
44478  16.391  -54.425  89.481 0.0000000000
43535  15.580  -55.294  88.218 0.0000000000
47604  23.998  -51.014  84.791 0.0000000000
46462  24.968  -51.557  86.731 0.0000000000
43564  24.710  -53.470  85.551 0.0000000000
44516  23.936  -53.068  85.961 0.0000000000
129101  22.444  -53.091  84.419 0.0000000000
42533  22.360  -55.932  89.338 0.0000000000
73304  59.167  -27.011  55.631 0.0000000000
73274  60.738  -26.765  57.422 0.0000000000
73275  59.742  -26.755  57.371 0.0000000000
72216  59.886  -27.620  58.656 0.0000000000
72206  59.574  -28.011  59.536 0.0000000000
71133  55.232  -29.110  61.107 0.0000000000
72181  56.505  -28.408  61.835 0.0000000000
72165  56.001  -27.799  62.480 0.0000000000
74293  56.493  -26.172  64.494 0.0000000000
145370  47.226  -31.487  59.238 0.0000000000
68023  46.958  -32.027  59.617 0.0000000000
66938  48.182  -32.125  61.892 0.0000000000
129048  49.150  -31.840  62.751 0.0000000000
144395  51.113  -31.100  68.020 0.0000000000
63876  38.190  -36.551  70.314 0.0000000000
63892  38.676  -36.310  69.905 0.0000000000
62698  39.796  -37.690  71.658 0.0000000000
62682  41.423  -37.492  72.791 0.0000000000
61584  43.104  -38.168  74.077 0.0000000000
49878  37.125  -48.985  78.297 0.0000000000
51011  37.918  -47.937  77.286 0.0000000000
49860  38.595  -49.140  78.715 0.0000000000
50977  40.304  -48.663  78.558 0.0000000000
50991  41.683  -47.843  78.536 0.0000000000
134802  52.895  -26.141  51.672 0.0000000000
74432  53.304  -25.683  51.274 0.0000000000
74419  54.610  -26.299  52.074 0.0000000000
74418  55.226  -26.469  52.181 0.0000000000
74417  56.194  -27.100  52.036 0.0000000000
128577  57.123  -27.205  51.754 0.0000000000
74402  57.695  -27.336  52.942 0.0000000000
73313  58.245  -27.123  54.454 0.0000000000
75472  59.940  -24.290  44.319 0.0000000000
130849  60.402  -25.805  44.909 0.0000000000
73392  62.133  -26.458  45.965 0.0000000000
131102  63.675  -26.145  48.038 0.0000000000
73374  61.310  -26.738  47.284 0.0000000000
73375  60.427  -26.897  47.833 0.0000000000
73352  59.933  -27.080  49.497 0.0000000000
42547  28.433  -54.239  87.540 0.0000000000
43518  28.965  -54.186  88.681 0.0000000000
41523  29.186  -55.253  85.991 0.0000000000
40416  30.262  -56.145  84.867 0.0000000000
39313  31.322  -57.101  83.970 0.0000000000
49666  19.263  -50.530  92.657 0.0000000000
47472  20.216  -51.226  94.004 0.0000000000
48566  20.344  -49.886  95.028 0.0000000000
47460  19.752  -50.746  96.445 0.0000000000
153024  18.014  -50.141  97.984 0.0000000000
47433  19.578  -50.340  99.109 0.0000000000
72246  54.457  -27.969  55.437 0.0000000000
133815  55.350  -27.880  56.570 0.0000000000
72239  54.546  -28.111  56.198 0.0000000000
71192  54.350  -29.157  57.579 0.0000000000
71181  54.700  -29.558  58.544 0.0000000000
71206  52.316  -29.751  56.308 0.0000000000
70112  53.318  -29.898  58.329 0.0000000000
129887  54.477  -29.813  59.754 0.0000000000
148426  53.596  -28.951  61.218 0.0000000000
71135  53.138  -28.751  61.602 0.0000000000
72168  52.925  -28.233  62.834 0.0000000000
64898  46.416  -34.685  63.908 0.0000000000
65919  47.811  -34.069  63.664 0.0000000000
65901  47.386  -34.622  65.052 0.0000000000
65890  48.525  -33.932  66.787 0.0000000000
66840  49.453  -33.542  68.065 0.0000000000
65858  49.004  -34.315  69.106 0.0000000000
66819  50.306  -33.544  69.936 0.0000000000
67879  51.357  -32.301  69.906 0.0000000000
56564  41.850  -42.338  72.137 0.0000000000
48717  41.160  -50.561  83.527 0.0000000000
74421  51.983  -25.923  51.678 0.0000000000
73327  52.896  -27.304  52.815 0.0000000000
73318  54.027  -27.741  53.756 0.0000000000
77350  58.705  -21.815  46.667 0.0000000000
77351  58.138  -22.262  46.878 0.0000000000
42479  11.536  -57.100  95.043 0.0000000000
43450  12.543  -55.760  96.940 0.0000000000
42456  10.974  -56.224  97.528 0.0000000000
43442  10.345  -56.069  98.240 0.0000000000
43430  9.272  -55.457  100.326 0.0000000000
41417  8.299  -57.202  98.196 0.0000000000
65949  45.013  -34.441  60.657 0.0000000000
65950  44.045  -34.905  60.421 0.0000000000
64916  44.954  -35.072  62.236 0.0000000000
64907  45.000  -35.261  63.174 0.0000000000
63932  45.254  -35.404  65.274 0.0000000000
63923  45.533  -35.794  66.473 0.0000000000
62818  42.951  -36.946  64.561 0.0000000000
63925  44.223  -36.393  65.772 0.0000000000
142507  45.911  -36.024  67.491 0.0000000000
63885  46.699  -36.230  69.716 0.0000000000
63847  46.524  -36.078  71.191 0.0000000000
64829  47.059  -36.297  72.842 0.0000000000
49920  34.635  -48.648  76.328 0.0000000000
46595  32.962  -51.003  78.008 0.0000000000
47715  34.193  -50.095  77.819 0.0000000000
48827  35.769  -49.240  77.903 0.0000000000
47687  36.529  -50.212  79.489 0.0000000000
46545  37.419  -51.336  81.679 0.0000000000
47595  37.911  -50.990  83.749 0.0000000000
45454  30.080  -52.982  88.774 0.0000000000
45453  31.554  -52.988  88.255 0.0000000000
45494  33.223  -53.164  86.784 0.0000000000
41493  33.440  -55.752  88.209 0.0000000000
45433  33.288  -53.401  89.490 0.0000000000
45510  34.320  -52.728  85.824 0.0000000000
46478  35.648  -52.087  85.833 0.0000000000
46476  37.007  -51.655  86.104 0.0000000000
142531  38.029  -51.185  85.355 0.0000000000
38181  26.344  -60.674  84.171 0.0000000000
39305  24.803  -59.600  84.747 0.0000000000
40418  24.157  -58.822  86.086 0.0000000000
41526  22.979  -57.126  86.578 0.0000000000
141687  21.045  -55.780  85.051 0.0000000000
42561  21.587  -56.290  86.546 0.0000000000
42548  21.936  -56.253  88.125 0.0000000000
43520  20.133  -54.475  89.243 0.0000000000
45423  20.082  -52.765  90.640 0.0000000000
142807  20.815  -49.831  91.072 0.0000000000
49791  20.473  -48.883  84.994 0.0000000000
49773  20.089  -48.700  85.764 0.0000000000
49754  19.521  -48.665  86.488 0.0000000000
46500  17.928  -52.044  85.627 0.0000000000
47568  18.224  -50.771  86.716 0.0000000000
149182  18.849  -48.791  87.588 0.0000000000
49732  18.830  -48.768  88.962 0.0000000000
49710  18.790  -48.975  90.421 0.0000000000
49683  19.375  -50.233  91.288 0.0000000000
148599  18.480  -51.298  91.609 0.0000000000
46430  18.109  -52.332  91.835 0.0000000000
45407  17.167  -52.989  93.475 0.0000000000
44464  16.356  -54.401  90.432 0.0000000000
44447  16.197  -54.370  92.369 0.0000000000
44439  16.037  -54.308  93.296 0.0000000000
44441  14.478  -54.688  93.882 0.0000000000
148804  13.126  -54.981  93.814 0.0000000000
42485  12.653  -55.676  93.711 0.0000000000
42487  11.314  -56.347  94.092 0.0000000000
41448  10.589  -57.101  94.249 0.0000000000
45613  29.682  -52.930  78.083 0.0000000000
129691  29.372  -52.581  80.761 0.0000000000
45546  28.863  -52.230  83.687 0.0000000000
145152  27.339  -52.249  81.622 0.0000000000
144653  28.097  -51.671  84.752 0.0000000000
131500  28.154  -52.121  86.975 0.0000000000
42560  27.594  -54.090  86.343 0.0000000000
41537  27.250  -54.995  84.213 0.0000000000
41558  26.868  -56.142  82.758 0.0000000000
42612  25.046  -54.581  83.417 0.0000000000
129624  25.018  -55.214  81.434 0.0000000000
41605  26.327  -55.973  79.836 0.0000000000
40478  25.875  -57.666  80.342 0.0000000000
39331  26.195  -59.019  82.432 0.0000000000
136427  12.706  -54.172  98.668 0.0000000000
132942  12.760  -52.849  100.029 0.0000000000
73255  62.378  -27.206  58.307 0.0000000000
131745  56.860  -28.014  58.251 0.0000000000
127358  58.809  -28.473  60.008 0.0000000000
72177  60.219  -27.742  61.475 0.0000000000
72163  57.898  -28.051  62.549 0.0000000000
73199  59.271  -27.020  62.854 0.0000000000
73198  60.635  -27.127  62.775 0.0000000000
127449  48.092  -31.265  57.450 0.0000000000
70116  49.248  -30.096  58.923 0.0000000000
70082  48.530  -30.529  59.274 0.0000000000
70081  48.730  -29.881  60.007 0.0000000000
70098  49.833  -29.851  59.547 0.0000000000
150261  51.002  -28.898  61.153 0.0000000000
140063  51.837  -28.887  62.227 0.0000000000
72156  52.383  -28.264  63.598 0.0000000000
65918  48.633  -33.864  63.962 0.0000000000
66889  49.690  -32.468  63.989 0.0000000000
69005  50.261  -31.411  64.030 0.0000000000
68983  51.094  -31.014  67.243 0.0000000000
68996  51.336  -30.920  65.438 0.0000000000
69004  50.918  -30.660  64.551 0.0000000000
70036  51.822  -29.295  64.455 0.0000000000
142191  52.132  -28.301  64.435 0.0000000000
62799  39.494  -37.972  66.000 0.0000000000
62770  41.052  -37.073  67.338 0.0000000000
136092  39.901  -36.973  69.277 0.0000000000
137685  41.177  -37.401  69.365 0.0000000000
129389  42.394  -36.670  69.101 0.0000000000
126829  44.399  -35.913  71.317 0.0000000000
64830  46.069  -36.429  72.643 0.0000000000
64787  47.100  -35.406  74.184 0.0000000000
52149  37.893  -47.003  75.890 0.0000000000
138308  40.121  -44.139  73.737 0.0000000000
55437  41.618  -43.518  73.440 0.0000000000
56552  43.008  -42.491  73.112 0.0000000000
135689  41.628  -49.591  82.135 0.0000000000
50961  42.468  -47.674  80.404 0.0000000000
53176  43.119  -46.705  79.750 0.0000000000
54307  43.438  -45.242  80.390 0.0000000000
53191  43.244  -46.023  77.848 0.0000000000
55390  43.652  -44.658  76.808 0.0000000000
56529  44.363  -42.954  75.071 0.0000000000
57575  44.118  -41.756  73.690 0.0000000000
58544  44.409  -40.363  73.889 0.0000000000
133469  45.032  -39.260  75.284 0.0000000000
60532  45.012  -38.684  75.598 0.0000000000
130965  46.246  -39.542  78.789 0.0000000000
60501  44.879  -38.853  77.946 0.0000000000
62650  44.861  -37.889  75.764 0.0000000000
148364  45.783  -36.700  75.912 0.0000000000
76344  56.953  -23.465  47.615 0.0000000000
75430  57.173  -25.057  47.160 0.0000000000
73361  57.599  -26.441  48.207 0.0000000000
73353  58.845  -27.063  49.108 0.0000000000
74439  59.679  -26.729  51.094 0.0000000000
145454  58.782  -26.903  51.689 0.0000000000
74414  59.497  -26.507  52.065 0.0000000000
74413  60.623  -26.322  51.951 0.0000000000
75391  62.866  -26.099  52.793 0.0000000000
36060  28.248  -62.247  84.353 0.0000000000
36059  28.937  -62.311  83.783 0.0000000000
43460  13.141  -55.839  95.996 0.0000000000
64813  47.639  -35.172  73.219 0.0000000000
64812  48.234  -35.450  73.459 0.0000000000
45530  29.438  -52.537  84.326 0.0000000000
45529  29.991  -52.827  84.933 0.0000000000
127737  29.697  -52.600  85.774 0.0000000000
48674  23.253  -49.699  86.513 0.0000000000
153188  22.962  -50.242  87.126 0.0000000000
48692  22.050  -49.016  85.565 0.0000000000
48690  23.510  -49.631  85.942 0.0000000000
47545  23.423  -50.636  86.765 0.0000000000
46423  20.374  -52.102  92.170 0.0000000000
45413  20.068  -52.999  92.133 0.0000000000
46422  20.483  -51.755  92.571 0.0000000000
73297  56.395  -27.320  55.873 0.0000000000
73296  56.913  -27.127  56.344 0.0000000000
73191  54.470  -26.926  63.742 0.0000000000
73177  54.355  -26.953  64.448 0.0000000000
65933  46.802  -33.892  62.453 0.0000000000
58567  42.161  -40.480  71.862 0.0000000000
58568  41.514  -39.899  71.441 0.0000000000
59507  41.893  -39.450  72.115 0.0000000000
58557  42.624  -39.871  72.421 0.0000000000
47635  38.760  -50.830  82.397 0.0000000000
47652  39.187  -50.636  81.723 0.0000000000
47612  39.494  -50.688  82.967 0.0000000000
73309  55.207  -27.924  54.826 0.0000000000
135802  56.504  -27.419  55.095 0.0000000000
149289  58.250  -24.400  46.232 0.0000000000
75440  57.736  -24.744  46.574 0.0000000000
144051  27.550  -56.282  82.322 0.0000000000
132164  28.456  -56.359  82.387 0.0000000000
135202  28.630  -56.278  81.280 0.0000000000
46414  17.319  -52.220  94.867 0.0000000000
47474  17.661  -51.462  95.364 0.0000000000
71216  52.729  -28.879  55.025 0.0000000000
71217  51.783  -29.162  55.050 0.0000000000
142696  50.947  -30.099  58.591 0.0000000000
70097  50.595  -29.891  59.379 0.0000000000
64875  47.450  -34.819  67.158 0.0000000000
64868  47.621  -34.886  67.757 0.0000000000
41439  9.420  -57.614  96.155 0.0000000000
63968  42.094  -36.027  60.994 0.0000000000
131971  41.844  -36.197  61.820 0.0000000000
127161  42.644  -36.289  62.449 0.0000000000
144949  42.268  -37.310  66.585 0.0000000000
62781  42.823  -37.077  66.268 0.0000000000
62768  42.732  -36.949  67.074 0.0000000000
62750  43.860  -36.889  68.136 0.0000000000
62751  42.945  -36.727  67.868 0.0000000000
45542  33.488  -53.493  83.102 0.0000000000
45554  33.898  -53.019  82.497 0.0000000000
138065  34.081  -52.906  83.264 0.0000000000
45553  34.816  -52.704  82.749 0.0000000000
45541  34.495  -52.799  83.888 0.0000000000
39294  31.590  -56.788  85.178 0.0000000000
40400  31.260  -56.282  86.669 0.0000000000
39285  32.218  -56.824  85.674 0.0000000000
41570  22.676  -56.536  81.857 0.0000000000
132783  22.763  -57.105  82.969 0.0000000000
41548  21.663  -56.354  83.504 0.0000000000
47548  20.316  -50.497  88.124 0.0000000000
45481  20.037  -52.306  87.810 0.0000000000
47527  20.680  -49.560  88.650 0.0000000000
47528  20.182  -50.508  89.126 0.0000000000
49729  20.980  -48.834  89.047 0.0000000000
45482  17.356  -52.892  87.805 0.0000000000
46449  18.029  -51.731  88.805 0.0000000000
46450  17.206  -52.099  89.135 0.0000000000
46442  17.004  -52.069  90.027 0.0000000000
45439  16.993  -52.763  89.467 0.0000000000
46512  25.779  -50.784  84.873 0.0000000000
46480  26.080  -51.307  86.346 0.0000000000
44499  26.065  -52.953  86.833 0.0000000000
44514  25.738  -53.280  86.470 0.0000000000
145974  22.086  -55.195  81.757 0.0000000000
42627  22.552  -55.134  81.456 0.0000000000
41589  22.419  -55.748  81.575 0.0000000000
40471  23.478  -56.888  81.146 0.0000000000
40402  23.911  -58.275  87.506 0.0000000000
132454  9.255  -53.804  100.948 0.0000000000
44380  9.856  -53.363  101.086 0.0000000000
74366  61.046  -26.486  56.046 0.0000000000
74351  62.289  -26.040  57.031 0.0000000000
73291  61.369  -26.466  56.769 0.0000000000
73227  61.276  -27.280  61.039 0.0000000000
73213  61.729  -26.963  61.520 0.0000000000
73183  61.515  -27.362  62.582 0.0000000000
73197  61.354  -27.087  62.270 0.0000000000
71166  56.736  -28.899  59.603 0.0000000000
71151  55.949  -29.015  60.316 0.0000000000
67990  49.509  -31.322  62.463 0.0000000000
145859  49.910  -30.592  62.126 0.0000000000
70050  50.526  -30.092  62.687 0.0000000000
131966  50.131  -33.067  67.611 0.0000000000
132619  37.867  -36.768  68.501 0.0000000000
63800  42.896  -37.556  73.498 0.0000000000
63814  43.249  -37.232  73.179 0.0000000000
63813  43.911  -37.141  73.495 0.0000000000
63789  43.983  -37.514  74.453 0.0000000000
51028  35.806  -47.887  76.025 0.0000000000
51027  36.632  -47.759  76.184 0.0000000000
52146  40.392  -46.286  76.714 0.0000000000
53193  41.291  -46.273  76.868 0.0000000000
53205  41.868  -45.784  76.635 0.0000000000
55377  45.209  -44.180  79.749 0.0000000000
148421  45.503  -42.877  78.176 0.0000000000
137048  46.041  -42.259  78.894 0.0000000000
57535  46.600  -41.134  77.945 0.0000000000
57530  46.434  -41.546  79.234 0.0000000000
74443  55.434  -26.173  50.079 0.0000000000
74442  56.116  -26.509  49.718 0.0000000000
151426  56.771  -26.564  50.261 0.0000000000
148241  59.782  -27.151  54.890 0.0000000000
150116  60.337  -26.966  54.351 0.0000000000
74377  60.723  -26.880  55.153 0.0000000000
74376  61.890  -26.617  55.331 0.0000000000
74503  63.406  -25.787  45.380 0.0000000000
74480  63.885  -25.947  46.159 0.0000000000
74479  64.190  -26.222  46.612 0.0000000000
74451  61.072  -26.795  49.872 0.0000000000
74450  62.079  -26.327  50.218 0.0000000000
75413  62.185  -25.971  50.984 0.0000000000
39363  27.396  -58.158  80.279 0.0000000000
39371  28.164  -58.070  79.839 0.0000000000
38227  28.728  -59.334  81.145 0.0000000000
44429  14.897  -53.902  94.868 0.0000000000
144967  15.568  -53.268  95.920 0.0000000000
45398  14.980  -53.562  96.134 0.0000000000
45389  14.274  -53.264  97.754 0.0000000000
45379  14.021  -52.992  98.492 0.0000000000
46371  14.846  -51.967  99.899 0.0000000000
45360  14.401  -52.817  99.322 0.0000000000
145760  48.939  -30.685  56.228 0.0000000000
70154  49.625  -30.659  56.616 0.0000000000
63884  47.475  -35.921  69.846 0.0000000000
64849  48.282  -35.485  69.911 0.0000000000
63844  48.829  -35.987  71.632 0.0000000000
39214  7.219  -58.817  95.427 0.0000000000
39206  5.879  -59.617  97.001 0.0000000000
38069  5.824  -60.131  98.045 0.0000000000
45612  30.536  -53.185  78.403 0.0000000000
45611  31.496  -53.045  78.474 0.0000000000
45587  30.942  -53.169  79.905 0.0000000000
44559  31.138  -53.697  83.837 0.0000000000
144576  31.398  -53.589  82.307 0.0000000000
44543  31.531  -53.766  84.331 0.0000000000
44558  31.966  -53.832  83.613 0.0000000000
127529  21.569  -53.120  84.538 0.0000000000
44546  21.295  -53.762  83.837 0.0000000000
45517  21.255  -52.676  85.380 0.0000000000
47546  22.321  -49.976  87.199 0.0000000000
46484  21.226  -51.455  86.787 0.0000000000
47547  21.296  -49.690  87.668 0.0000000000
48656  21.910  -49.330  87.415 0.0000000000
139831  24.421  -50.051  86.157 0.0000000000
47584  24.518  -50.019  85.675 0.0000000000
47583  24.925  -50.486  86.023 0.0000000000
46482  24.651  -50.655  86.425 0.0000000000
45498  24.480  -52.803  86.318 0.0000000000
46463  24.011  -51.591  86.496 0.0000000000
140443  22.780  -52.108  86.272 0.0000000000
44531  22.160  -52.725  85.198 0.0000000000
44545  22.009  -53.386  83.543 0.0000000000
146902  21.358  -55.321  90.146 0.0000000000
42517  21.747  -55.427  90.792 0.0000000000
73305  58.349  -27.071  55.427 0.0000000000
73293  59.412  -26.758  56.562 0.0000000000
73294  58.543  -26.832  56.437 0.0000000000
152546  58.374  -26.878  57.770 0.0000000000
73258  59.166  -26.983  58.099 0.0000000000
149109  59.110  -27.680  58.721 0.0000000000
72183  54.605  -28.408  61.870 0.0000000000
72182  55.568  -28.368  61.834 0.0000000000
73189  55.954  -26.637  63.719 0.0000000000
66962  46.197  -32.449  59.199 0.0000000000
66947  46.669  -32.766  60.079 0.0000000000
144429  47.647  -32.706  62.071 0.0000000000
134306  47.518  -32.485  61.346 0.0000000000
67991  48.888  -31.679  62.136 0.0000000000
145337  48.645  -32.211  62.635 0.0000000000
62727  37.592  -37.049  70.712 0.0000000000
62712  38.191  -37.375  71.040 0.0000000000
62726  38.487  -37.060  70.758 0.0000000000
61609  39.374  -37.888  71.539 0.0000000000
60557  41.956  -38.656  72.997 0.0000000000
61597  41.228  -37.834  72.548 0.0000000000
60549  42.484  -38.497  73.464 0.0000000000
61590  42.550  -38.211  73.606 0.0000000000
60543  43.008  -38.387  73.887 0.0000000000
48792  37.276  -49.923  79.164 0.0000000000
49877  37.889  -48.895  78.275 0.0000000000
48789  40.184  -49.849  79.838 0.0000000000
49859  39.743  -49.263  78.940 0.0000000000
49858  40.789  -49.117  79.337 0.0000000000
50992  40.829  -48.109  78.125 0.0000000000
50976  41.277  -48.427  78.910 0.0000000000
73337  53.397  -26.888  52.217 0.0000000000
74420  53.818  -26.361  51.777 0.0000000000
145386  55.556  -26.372  51.746 0.0000000000
128873  57.145  -27.350  52.368 0.0000000000
139341  56.747  -27.403  52.710 0.0000000000
74506  59.645  -25.558  45.080 0.0000000000
73413  60.633  -26.276  45.482 0.0000000000
73393  61.123  -26.563  46.252 0.0000000000
73394  60.069  -26.516  46.084 0.0000000000
73376  59.449  -26.765  47.500 0.0000000000
73359  59.612  -27.039  48.437 0.0000000000
73358  60.759  -26.994  48.812 0.0000000000
42559  28.278  -54.363  86.863 0.0000000000
42570  28.636  -54.852  86.587 0.0000000000
40439  29.972  -56.405  83.618 0.0000000000
40428  29.950  -56.199  84.328 0.0000000000
146703  30.801  -56.785  83.739 0.0000000000
40427  30.666  -56.585  84.320 0.0000000000
40437  31.273  -57.064  83.213 0.0000000000
48583  18.949  -50.080  92.857 0.0000000000
128362  19.171  -49.907  93.463 0.0000000000
48576  18.929  -49.817  93.859 0.0000000000
48560  18.842  -49.790  96.379 0.0000000000
48558  20.143  -49.873  95.909 0.0000000000
48548  20.315  -49.959  96.799 0.0000000000
145866  19.441  -50.942  97.245 0.0000000000
47443  19.635  -50.771  98.306 0.0000000000
46393  16.966  -52.200  97.656 0.0000000000
47462  17.582  -51.709  97.251 0.0000000000
47456  17.527  -51.735  98.089 0.0000000000
153108  53.925  -27.951  55.105 0.0000000000
72240  53.942  -28.238  55.657 0.0000000000
71204  53.841  -28.877  56.539 0.0000000000
70111  53.994  -29.697  58.167 0.0000000000
71207  51.678  -29.829  55.722 0.0000000000
70152  51.607  -30.151  56.630 0.0000000000
70113  52.529  -29.972  58.508 0.0000000000
70093  53.842  -29.870  59.001 0.0000000000
71168  53.464  -29.805  59.964 0.0000000000
71153  53.845  -29.472  60.672 0.0000000000
71155  52.038  -29.105  60.617 0.0000000000
71154  52.994  -29.030  60.679 0.0000000000
72184  53.333  -28.124  62.225 0.0000000000
72185  52.686  -28.646  62.257 0.0000000000
65909  47.205  -34.429  64.197 0.0000000000
65882  47.881  -34.206  67.477 0.0000000000
143990  48.079  -34.134  66.107 0.0000000000
65881  48.624  -33.881  67.705 0.0000000000
66854  49.383  -33.565  67.241 0.0000000000
65847  49.253  -35.027  69.826 0.0000000000
65846  50.072  -34.488  70.198 0.0000000000
65845  50.813  -34.061  70.467 0.0000000000
66818  51.026  -33.225  70.154 0.0000000000
153319  50.687  -32.960  69.754 0.0000000000
56574  40.862  -42.409  71.117 0.0000000000
56573  41.418  -42.147  71.448 0.0000000000
73339  51.579  -26.486  52.121 0.0000000000
73338  52.469  -26.684  52.159 0.0000000000
73328  51.968  -27.091  52.681 0.0000000000
72248  52.773  -28.098  54.243 0.0000000000
73319  53.290  -27.664  53.621 0.0000000000
72255  53.677  -27.998  54.387 0.0000000000
72254  54.415  -27.976  54.657 0.0000000000
42480  11.059  -57.447  95.784 0.0000000000
136015  11.601  -57.041  96.072 0.0000000000
41415  9.528  -56.775  97.486 0.0000000000
42457  10.107  -56.517  97.491 0.0000000000
42448  9.833  -56.025  99.020 0.0000000000
42449  8.969  -56.051  98.905 0.0000000000
151417  7.933  -57.745  97.745 0.0000000000
40318  7.701  -57.658  98.506 0.0000000000
65960  45.239  -33.798  59.793 0.0000000000
65961  44.350  -34.283  59.666 0.0000000000
64925  43.642  -35.247  61.255 0.0000000000
64938  43.304  -35.199  60.439 0.0000000000
64924  44.479  -34.969  61.366 0.0000000000
64908  44.382  -35.395  62.766 0.0000000000
63941  44.222  -35.880  64.230 0.0000000000
141256  45.044  -35.514  64.115 0.0000000000
132714  44.688  -35.791  64.758 0.0000000000
63933  44.627  -35.908  65.343 0.0000000000
62828  42.166  -37.300  63.964 0.0000000000
146282  44.036  -36.776  66.559 0.0000000000
63924  44.809  -36.441  66.505 0.0000000000
63914  45.261  -36.432  67.124 0.0000000000
63900  45.916  -36.396  68.438 0.0000000000
128857  45.329  -36.459  70.207 0.0000000000
63868  46.152  -36.332  70.359 0.0000000000
64840  46.981  -36.090  71.932 0.0000000000
64841  46.215  -36.059  71.870 0.0000000000
49942  33.456  -48.522  75.598 0.0000000000
49941  34.229  -48.252  75.759 0.0000000000
49921  33.911  -48.860  76.170 0.0000000000
46585  32.792  -52.003  78.225 0.0000000000
46574  33.086  -52.334  79.022 0.0000000000
46572  34.613  -51.675  79.593 0.0000000000
46583  34.208  -51.135  78.966 0.0000000000
47703  34.604  -50.506  78.509 0.0000000000
48809  35.072  -49.765  78.122 0.0000000000
149044  35.229  -50.305  78.765 0.0000000000
129334  35.891  -49.757  78.752 0.0000000000
47688  35.640  -50.545  79.344 0.0000000000
46533  36.456  -51.716  82.733 0.0000000000
46546  36.664  -51.613  81.673 0.0000000000
46532  37.292  -51.443  82.374 0.0000000000
46521  37.225  -51.501  83.302 0.0000000000
128090  29.067  -54.959  88.428 0.0000000000
44475  29.410  -53.752  89.063 0.0000000000
43517  29.644  -54.511  89.045 0.0000000000
43515  31.303  -53.858  89.529 0.0000000000
44474  30.576  -53.923  89.567 0.0000000000
45435  31.676  -53.486  89.081 0.0000000000
44496  32.283  -53.203  87.188 0.0000000000
45452  32.348  -53.045  88.447 0.0000000000
127895  34.282  -53.542  89.835 0.0000000000
44461  33.833  -53.921  90.159 0.0000000000
45450  34.218  -52.794  88.484 0.0000000000
45471  33.653  -52.798  87.692 0.0000000000
45470  34.486  -52.630  87.555 0.0000000000
45509  35.074  -52.450  85.826 0.0000000000
45469  35.295  -52.447  87.337 0.0000000000
46477  36.121  -51.886  86.327 0.0000000000
46494  37.327  -51.576  85.187 0.0000000000
38201  25.978  -60.094  83.396 0.0000000000
38182  25.504  -60.143  84.412 0.0000000000
39306  24.429  -59.122  84.099 0.0000000000
41546  22.932  -57.299  85.017 0.0000000000
129684  23.730  -58.524  85.322 0.0000000000
40419  23.391  -57.830  85.521 0.0000000000
40411  23.426  -57.681  86.264 0.0000000000
40420  23.085  -57.037  85.807 0.0000000000
43577  20.546  -55.001  85.226 0.0000000000
43548  20.326  -55.228  87.709 0.0000000000
42562  20.765  -55.816  86.971 0.0000000000
134181  21.686  -56.286  87.398 0.0000000000
42549  21.036  -56.072  88.090 0.0000000000
152297  21.155  -55.849  88.739 0.0000000000
43533  20.547  -55.373  88.765 0.0000000000
47514  20.429  -50.504  90.195 0.0000000000
45438  20.040  -52.803  89.938 0.0000000000
46434  20.170  -51.834  90.309 0.0000000000
46428  20.403  -51.038  91.043 0.0000000000
46433  20.753  -50.004  90.949 0.0000000000
47606  18.718  -50.909  84.762 0.0000000000
48693  19.200  -49.498  84.946 0.0000000000
48694  18.900  -49.705  85.607 0.0000000000
49774  19.295  -48.918  85.655 0.0000000000
45533  17.907  -53.185  84.427 0.0000000000
45519  17.796  -52.909  85.406 0.0000000000
128634  18.104  -51.598  87.032 0.0000000000
127502  18.081  -51.486  86.182 0.0000000000
48659  18.392  -50.125  87.193 0.0000000000
144663  18.691  -49.621  86.817 0.0000000000
48658  18.573  -49.443  87.398 0.0000000000
48646  18.556  -48.959  88.195 0.0000000000
48647  18.265  -49.844  88.109 0.0000000000
148508  18.126  -50.266  89.801 0.0000000000
48632  18.347  -49.642  89.845 0.0000000000
48622  18.698  -49.848  90.515 0.0000000000
49698  19.176  -49.318  90.997 0.0000000000
48611  19.016  -50.408  91.036 0.0000000000
135377  18.281  -50.938  90.813 0.0000000000
46425  17.766  -52.203  93.005 0.0000000000
45414  17.470  -53.103  92.441 0.0000000000
43521  15.641  -55.116  88.990 0.0000000000
43483  15.496  -54.866  91.832 0.0000000000
43494  15.583  -54.973  90.871 0.0000000000
44440  15.220  -54.528  93.571 0.0000000000
43476  14.544  -54.806  93.092 0.0000000000
43497  13.145  -55.637  92.339 0.0000000000
43477  13.793  -54.879  93.469 0.0000000000
43486  13.141  -55.182  93.142 0.0000000000
42493  11.069  -56.462  93.019 0.0000000000
41456  10.481  -56.843  93.424 0.0000000000
128723  28.380  -52.583  79.945 0.0000000000
45603  28.789  -52.731  79.312 0.0000000000
45589  28.675  -52.482  80.667 0.0000000000
139072  29.133  -52.447  82.291 0.0000000000
45560  28.526  -52.152  82.899 0.0000000000
46548  26.356  -52.065  81.456 0.0000000000
46561  26.789  -52.322  80.892 0.0000000000
46536  26.660  -51.920  82.276 0.0000000000
46510  27.352  -51.543  84.358 0.0000000000
45497  27.713  -51.697  86.274 0.0000000000
45516  28.088  -51.624  85.578 0.0000000000
45457  27.499  -52.904  87.970 0.0000000000
43532  27.313  -53.285  87.271 0.0000000000
126834  26.586  -54.621  84.471 0.0000000000
42584  27.179  -54.611  85.043 0.0000000000
42595  26.666  -55.131  83.799 0.0000000000
41545  27.030  -55.836  83.638 0.0000000000
42610  26.257  -55.552  83.157 0.0000000000
146014  24.116  -53.975  84.252 0.0000000000
42597  25.072  -54.063  84.165 0.0000000000
137894  24.322  -54.185  83.614 0.0000000000
136601  24.004  -55.294  80.840 0.0000000000
42625  24.820  -55.627  80.379 0.0000000000
139611  25.533  -55.559  80.780 0.0000000000
41606  25.547  -56.113  79.774 0.0000000000
40486  26.048  -57.103  79.719 0.0000000000
144878  25.290  -57.251  79.905 0.0000000000
39333  24.785  -58.349  82.599 0.0000000000
39332  25.519  -58.591  82.028 0.0000000000
147675  25.943  -59.344  83.014 0.0000000000
38151  26.174  -60.762  86.409 0.0000000000
139795  20.249  -51.312  94.646 0.0000000000
45406  20.135  -52.684  93.683 0.0000000000
45401  20.093  -52.902  94.563 0.0000000000
151702  11.694  -55.232  98.008 0.0000000000
145040  12.127  -55.225  97.601 0.0000000000
151310  11.969  -54.339  98.807 0.0000000000
45349  11.961  -52.398  101.198 0.0000000000
44386  11.918  -52.882  100.430 0.0000000000
46354  12.418  -51.936  101.664 0.0000000000
46360  13.201  -51.851  101.247 0.0000000000
145177  12.983  -51.932  102.571 0.0000000000
73256  61.205  -27.166  58.084 0.0000000000
73211  62.727  -27.116  61.021 0.0000000000
72229  55.614  -28.160  57.322 0.0000000000
72218  56.321  -28.037  57.768 0.0000000000
71164  58.078  -28.689  60.255 0.0000000000
72198  58.648  -28.615  60.896 0.0000000000
72197  59.517  -28.227  60.667 0.0000000000
130711  59.185  -28.214  61.590 0.0000000000
72164  56.961  -27.904  62.487 0.0000000000
73200  58.677  -26.901  63.351 0.0000000000
134625  59.816  -26.856  64.304 0.0000000000
130349  59.964  -26.911  63.308 0.0000000000
73185  60.385  -27.121  63.776 0.0000000000
73172  60.526  -27.473  64.072 0.0000000000
70118  47.155  -31.208  57.609 0.0000000000
70137  47.232  -30.961  56.551 0.0000000000
70117  48.810  -30.847  58.329 0.0000000000
69066  47.914  -31.243  59.195 0.0000000000
70067  49.301  -29.872  60.773 0.0000000000
70080  49.675  -29.721  60.364 0.0000000000
137186  49.046  -29.817  59.664 0.0000000000
70079  50.438  -29.548  60.137 0.0000000000
71137  50.530  -29.151  60.935 0.0000000000
71124  51.217  -28.842  62.594 0.0000000000
71116  51.797  -28.667  63.137 0.0000000000
133681  51.873  -28.252  63.985 0.0000000000
65908  48.022  -34.244  64.471 0.0000000000
66874  49.881  -32.823  64.934 0.0000000000
67962  50.286  -32.171  64.648 0.0000000000
68989  51.801  -30.594  65.981 0.0000000000
70025  51.508  -30.123  64.894 0.0000000000
70037  51.223  -29.744  64.122 0.0000000000
135302  38.692  -37.454  67.192 0.0000000000
62784  39.442  -37.512  66.987 0.0000000000
62783  40.390  -37.616  66.749 0.0000000000
129209  40.125  -37.007  67.550 0.0000000000
63874  39.848  -37.165  70.445 0.0000000000
63891  39.551  -36.765  69.911 0.0000000000
149479  40.377  -37.337  70.142 0.0000000000
63851  42.048  -36.293  71.133 0.0000000000
63873  41.195  -37.517  70.125 0.0000000000
63890  41.901  -37.243  69.598 0.0000000000
63904  41.585  -37.097  68.769 0.0000000000
63889  42.479  -36.372  69.836 0.0000000000
151242  42.979  -35.958  70.025 0.0000000000
63870  43.450  -35.953  70.703 0.0000000000
64816  45.121  -36.641  73.308 0.0000000000
64831  45.166  -36.408  72.648 0.0000000000
151335  45.802  -36.562  73.150 0.0000000000
64815  46.560  -36.408  73.368 0.0000000000
64788  46.517  -36.166  74.445 0.0000000000
51025  38.345  -47.445  76.686 0.0000000000
51026  37.465  -47.635  76.379 0.0000000000
53221  39.489  -45.530  75.338 0.0000000000
53222  38.738  -45.870  75.003 0.0000000000
53238  39.211  -45.335  74.556 0.0000000000
54347  39.636  -44.719  74.165 0.0000000000
55408  42.000  -43.801  75.065 0.0000000000
55422  41.794  -43.712  74.311 0.0000000000
56543  42.448  -43.284  73.669 0.0000000000
55421  42.665  -43.597  74.498 0.0000000000
133188  41.448  -50.144  82.731 0.0000000000
150637  41.923  -50.044  83.451 0.0000000000
52051  43.321  -47.724  81.324 0.0000000000
50947  42.659  -48.131  81.151 0.0000000000
52067  42.765  -47.099  80.326 0.0000000000
52079  42.739  -47.143  80.103 0.0000000000
142331  42.480  -46.512  80.551 0.0000000000
55383  44.711  -44.416  79.518 0.0000000000
54306  44.343  -45.002  79.951 0.0000000000
149132  44.371  -45.133  78.857 0.0000000000
132741  43.725  -45.630  78.601 0.0000000000
54318  43.700  -45.320  77.712 0.0000000000
55389  44.304  -44.626  77.799 0.0000000000
56528  45.656  -42.531  76.046 0.0000000000
56517  44.759  -43.195  75.952 0.0000000000
132262  45.098  -42.471  75.319 0.0000000000
56541  44.137  -42.588  74.185 0.0000000000
57574  44.609  -41.784  74.250 0.0000000000
143499  44.413  -41.128  73.933 0.0000000000
58543  44.757  -40.940  74.498 0.0000000000
58515  45.873  -39.919  76.871 0.0000000000
58526  45.171  -39.976  75.542 0.0000000000
59473  45.466  -39.615  76.262 0.0000000000
60542  44.488  -38.738  74.696 0.0000000000
59465  45.396  -39.136  76.467 0.0000000000
146446  46.485  -39.656  79.551 0.0000000000
59424  46.418  -39.349  80.107 0.0000000000
60500  44.911  -38.607  78.646 0.0000000000
61542  45.085  -38.050  78.560 0.0000000000
62639  45.412  -37.915  76.893 0.0000000000
62638  45.627  -37.323  77.565 0.0000000000
63776  45.581  -36.977  76.172 0.0000000000
63767  45.822  -36.905  77.224 0.0000000000
77352  57.545  -22.813  47.223 0.0000000000
75427  56.372  -24.849  47.870 0.0000000000
75431  56.865  -24.450  47.608 0.0000000000
74470  56.764  -25.357  47.791 0.0000000000
74469  57.293  -25.852  47.599 0.0000000000
149271  58.371  -26.783  49.722 0.0000000000
74452  59.184  -26.933  50.131 0.0000000000
74416  57.947  -27.289  52.346 0.0000000000
128578  58.063  -27.126  51.636 0.0000000000
74415  58.750  -26.882  52.290 0.0000000000
127629  60.152  -26.308  52.505 0.0000000000
74412  61.195  -26.271  52.305 0.0000000000
75397  62.239  -26.127  52.221 0.0000000000
74398  61.908  -26.331  52.903 0.0000000000
126799  62.710  -26.330  53.813 0.0000000000
75471  61.011  -24.639  43.935 0.0000000000
75489  61.866  -24.005  43.405 0.0000000000
75470  62.257  -24.718  43.852 0.0000000000
74468  62.551  -26.452  47.899 0.0000000000
37143  28.917  -61.622  83.034 0.0000000000
43458  13.740  -54.835  95.089 0.0000000000
44411  14.406  -53.928  96.444 0.0000000000
153271  13.641  -54.713  95.801 0.0000000000
44413  13.145  -54.059  96.989 0.0000000000
44400  13.621  -53.856  97.619 0.0000000000
63828  48.567  -36.142  72.380 0.0000000000
45558  29.803  -52.636  81.866 0.0000000000
45573  30.427  -52.853  81.382 0.0000000000
138025  30.424  -52.961  83.035 0.0000000000
45513  30.605  -53.235  85.657 0.0000000000
46483  22.107  -51.721  86.530 0.0000000000
48675  22.548  -49.560  87.032 0.0000000000
133483  21.911  -48.795  86.450 0.0000000000
135060  23.873  -49.816  85.437 0.0000000000
47585  24.017  -49.767  86.102 0.0000000000
45480  23.084  -51.558  86.552 0.0000000000
43493  20.184  -54.241  91.000 0.0000000000
44454  20.231  -53.872  91.785 0.0000000000
44453  20.617  -54.293  92.300 0.0000000000
44445  20.531  -54.017  93.000 0.0000000000
73295  57.654  -26.936  56.227 0.0000000000
73277  57.726  -27.055  57.776 0.0000000000
132405  54.026  -27.834  62.305 0.0000000000
147444  54.799  -26.990  63.121 0.0000000000
73176  54.689  -26.383  64.645 0.0000000000
153284  46.383  -33.347  60.577 0.0000000000
66925  47.024  -33.061  61.858 0.0000000000
59509  40.257  -38.798  71.491 0.0000000000
60569  40.765  -38.544  72.084 0.0000000000
59498  41.413  -38.863  72.558 0.0000000000
59497  42.186  -39.102  72.822 0.0000000000
59488  42.606  -38.854  73.315 0.0000000000
47670  38.383  -50.849  80.817 0.0000000000
48790  39.193  -50.057  79.292 0.0000000000
48752  39.142  -50.536  80.890 0.0000000000
140577  39.854  -50.113  80.668 0.0000000000
48750  40.575  -49.814  80.912 0.0000000000
73325  54.551  -27.303  53.113 0.0000000000
73324  55.390  -27.517  53.156 0.0000000000
73323  56.352  -27.532  53.264 0.0000000000
73315  56.829  -27.451  54.141 0.0000000000
152995  57.126  -27.356  54.881 0.0000000000
74507  59.003  -25.402  45.602 0.0000000000
74483  58.753  -25.906  46.282 0.0000000000
73377  58.625  -26.350  47.108 0.0000000000
152859  57.907  -26.253  47.501 0.0000000000
41544  27.989  -55.368  84.036 0.0000000000
41543  28.792  -55.631  84.385 0.0000000000
127824  28.570  -55.875  83.798 0.0000000000
41555  29.286  -56.431  82.845 0.0000000000
40454  30.047  -56.568  82.592 0.0000000000
47479  17.946  -50.381  93.974 0.0000000000
48577  18.369  -49.932  94.572 0.0000000000
47473  17.914  -50.521  94.931 0.0000000000
48569  18.152  -50.046  95.466 0.0000000000
48551  18.553  -49.935  96.979 0.0000000000
47446  16.621  -52.165  99.564 0.0000000000
48542  17.797  -51.091  99.109 0.0000000000
71205  52.924  -29.173  56.007 0.0000000000
146502  50.949  -30.317  57.040 0.0000000000
70133  51.440  -30.099  57.668 0.0000000000
70114  51.747  -29.998  58.563 0.0000000000
70095  52.143  -30.059  59.349 0.0000000000
71170  51.691  -29.726  60.054 0.0000000000
64884  46.690  -34.830  65.728 0.0000000000
65892  47.547  -34.643  65.880 0.0000000000
64883  47.053  -34.859  66.569 0.0000000000
143699  9.500  -57.624  95.131 0.0000000000
41438  10.215  -57.375  95.924 0.0000000000
41416  8.990  -56.958  97.868 0.0000000000
64926  42.875  -35.622  60.932 0.0000000000
63961  43.278  -35.744  61.841 0.0000000000
63953  43.639  -35.825  62.844 0.0000000000
131247  43.734  -35.997  63.712 0.0000000000
62819  42.303  -37.502  64.987 0.0000000000
62796  42.893  -37.060  65.464 0.0000000000
137076  43.345  -36.895  66.611 0.0000000000
62766  44.520  -36.796  67.340 0.0000000000
62749  44.576  -36.843  68.608 0.0000000000
63887  44.712  -36.705  69.553 0.0000000000
45571  32.893  -53.424  81.242 0.0000000000
45598  33.438  -52.844  79.717 0.0000000000
45584  33.600  -52.979  80.633 0.0000000000
45583  34.407  -52.663  80.963 0.0000000000
46559  34.982  -51.925  80.484 0.0000000000
46558  35.711  -51.536  80.413 0.0000000000
45568  35.320  -52.306  81.991 0.0000000000
46534  35.566  -52.052  82.846 0.0000000000
46523  35.665  -52.010  83.712 0.0000000000
41521  30.620  -56.022  86.509 0.0000000000
41497  30.092  -56.030  88.032 0.0000000000
41496  30.838  -56.101  88.060 0.0000000000
42544  31.058  -55.662  88.392 0.0000000000
41485  31.985  -55.470  88.338 0.0000000000
43513  34.965  -54.711  89.408 0.0000000000
40441  24.056  -57.940  82.940 0.0000000000
39307  24.354  -58.504  83.527 0.0000000000
40442  23.366  -57.752  83.354 0.0000000000
41559  22.875  -57.471  84.032 0.0000000000
44518  20.247  -52.989  86.247 0.0000000000
43566  20.211  -54.062  86.172 0.0000000000
149942  20.080  -52.706  87.055 0.0000000000
44501  19.908  -53.249  87.897 0.0000000000
132726  19.920  -52.713  88.447 0.0000000000
44489  20.004  -53.545  88.780 0.0000000000
46440  20.166  -51.364  89.530 0.0000000000
48631  21.113  -49.024  90.318 0.0000000000
46513  18.395  -51.635  84.373 0.0000000000
46486  17.749  -52.428  87.471 0.0000000000
46467  18.126  -51.667  87.933 0.0000000000
47529  18.264  -50.848  88.452 0.0000000000
47515  18.204  -50.954  89.326 0.0000000000
47501  18.165  -51.027  90.166 0.0000000000
144532  18.168  -51.356  90.624 0.0000000000
46435  17.838  -51.741  90.380 0.0000000000
45424  17.042  -52.837  90.524 0.0000000000
43495  14.699  -55.333  91.299 0.0000000000
43484  14.582  -54.959  92.211 0.0000000000
42507  12.926  -55.799  91.390 0.0000000000
147208  28.173  -52.628  79.344 0.0000000000
45590  27.677  -52.442  80.614 0.0000000000
46526  25.773  -51.170  83.900 0.0000000000
130085  25.943  -51.693  82.925 0.0000000000
46525  26.669  -51.580  83.776 0.0000000000
46511  26.583  -51.200  84.645 0.0000000000
46479  26.884  -51.517  86.292 0.0000000000
45477  26.985  -52.874  87.288 0.0000000000
43546  27.092  -53.555  86.535 0.0000000000
43547  26.364  -53.327  86.614 0.0000000000
42585  26.429  -54.084  85.390 0.0000000000
135870  25.919  -54.250  84.568 0.0000000000
43614  23.172  -54.138  82.157 0.0000000000
43613  23.967  -54.508  82.280 0.0000000000
43629  22.811  -54.550  81.624 0.0000000000
42642  23.528  -55.812  80.697 0.0000000000
41608  23.940  -56.472  80.348 0.0000000000
40470  24.235  -57.289  80.673 0.0000000000
132547  24.082  -57.670  81.774 0.0000000000
43428  10.841  -54.696  99.642 0.0000000000
44393  11.336  -53.989  99.178 0.0000000000
44387  10.853  -53.778  99.941 0.0000000000
45355  10.552  -52.899  101.231 0.0000000000
73239  62.305  -27.216  59.474 0.0000000000
73212  62.326  -26.941  61.211 0.0000000000
73195  62.528  -27.213  61.531 0.0000000000
72161  62.197  -27.448  62.206 0.0000000000
72152  61.511  -27.776  62.859 0.0000000000
71179  56.405  -28.748  58.542 0.0000000000
71149  57.323  -28.836  60.346 0.0000000000
71130  57.810  -28.750  61.051 0.0000000000
73188  57.568  -26.606  63.985 0.0000000000
137994  58.090  -26.935  63.432 0.0000000000
70101  47.201  -31.244  58.302 0.0000000000
69042  48.783  -31.158  60.836 0.0000000000
69054  48.435  -30.918  60.025 0.0000000000
70065  50.467  -29.296  61.618 0.0000000000
70057  50.212  -29.801  61.868 0.0000000000
66863  49.471  -33.657  66.352 0.0000000000
66875  49.492  -33.622  65.352 0.0000000000
67939  50.448  -32.337  66.327 0.0000000000
70024  51.882  -29.949  65.317 0.0000000000
62772  38.293  -37.108  67.729 0.0000000000
63833  41.078  -36.610  72.267 0.0000000000
63852  40.907  -36.731  71.599 0.0000000000
130784  41.636  -36.373  71.796 0.0000000000
151179  42.210  -36.636  72.072 0.0000000000
63850  42.642  -36.513  71.767 0.0000000000
134388  43.508  -36.167  71.558 0.0000000000
126892  43.553  -36.502  72.277 0.0000000000
64817  44.437  -36.851  73.452 0.0000000000
64789  45.132  -36.806  73.989 0.0000000000
52129  39.882  -46.843  77.171 0.0000000000
51024  39.084  -47.041  76.950 0.0000000000
52147  39.534  -46.478  76.472 0.0000000000
53206  39.911  -45.820  76.082 0.0000000000
145189  40.245  -45.158  75.649 0.0000000000
131148  40.539  -44.654  75.190 0.0000000000
54335  41.068  -44.737  75.715 0.0000000000
54334  41.867  -44.274  75.635 0.0000000000
54325  42.689  -44.562  76.182 0.0000000000
49801  42.390  -49.284  83.540 0.0000000000
50907  42.758  -48.738  83.724 0.0000000000
52036  43.523  -48.025  82.176 0.0000000000
52050  43.791  -47.309  81.513 0.0000000000
55388  44.805  -43.771  77.818 0.0000000000
56508  45.223  -43.117  77.309 0.0000000000
57555  46.139  -41.723  76.288 0.0000000000
58534  45.875  -41.068  75.874 0.0000000000
57546  46.483  -41.473  77.131 0.0000000000
58514  46.440  -40.513  77.395 0.0000000000
59453  45.932  -39.542  77.872 0.0000000000
74444  54.707  -25.791  50.399 0.0000000000
135179  56.319  -26.214  48.870 0.0000000000
74454  57.171  -26.556  48.887 0.0000000000
139342  58.748  -26.801  53.834 0.0000000000
128874  59.100  -26.338  53.370 0.0000000000
144999  60.474  -26.617  53.717 0.0000000000
127245  61.528  -26.569  53.685 0.0000000000
74523  62.389  -25.367  44.322 0.0000000000
74502  63.799  -25.800  44.969 0.0000000000
127826  62.789  -26.024  49.687 0.0000000000
75419  63.505  -25.615  50.563 0.0000000000
41604  27.783  -56.473  79.789 0.0000000000
41603  28.671  -56.622  79.827 0.0000000000
137354  28.331  -57.478  79.568 0.0000000000
38239  29.587  -58.937  80.474 0.0000000000
37178  29.474  -60.591  82.226 0.0000000000
144845  16.418  -53.378  94.764 0.0000000000
46408  17.193  -52.359  95.822 0.0000000000
45397  16.285  -52.906  96.129 0.0000000000
46402  15.957  -52.661  96.943 0.0000000000
46394  16.075  -52.316  97.597 0.0000000000
45388  14.780  -53.468  96.938 0.0000000000
45377  15.226  -52.751  97.461 0.0000000000
46384  16.080  -52.612  99.110 0.0000000000
46370  15.739  -52.110  99.825 0.0000000000
46358  15.280  -51.339  100.561 0.0000000000
46352  15.352  -51.227  101.541 0.0000000000
70169  50.234  -29.981  55.555 0.0000000000
136652  50.127  -30.386  56.086 0.0000000000
70134  50.304  -30.464  56.934 0.0000000000
64869  47.194  -35.488  68.380 0.0000000000
64860  47.839  -35.326  69.084 0.0000000000
64848  49.708  -35.346  70.748 0.0000000000
63827  49.286  -36.002  72.143 0.0000000000
64839  49.981  -35.608  71.633 0.0000000000
64825  50.862  -35.274  72.054 0.0000000000
40327  8.006  -58.443  95.937 0.0000000000
39205  6.575  -58.995  96.892 0.0000000000
40320  6.440  -58.590  99.315 0.0000000000
62797  41.571  -37.793  65.432 0.0000000000
62782  41.475  -37.585  66.465 0.0000000000
46586  32.044  -52.448  77.916 0.0000000000
45599  32.547  -52.956  79.516 0.0000000000
134047  31.242  -53.374  81.594 0.0000000000
45572  31.957  -53.419  81.004 0.0000000000
151994  32.477  -53.808  82.463 0.0000000000
44557  32.988  -53.679  83.766 0.0000000000
44541  33.474  -53.509  84.486 0.0000000000
42613  21.436  -55.158  82.611 0.0000000000
137384  21.259  -55.532  83.426 0.0000000000
43602  21.272  -54.545  83.274 0.0000000000
43588  20.812  -53.840  84.742 0.0000000000
44532  20.560  -53.208  85.424 0.0000000000
45501  21.163  -52.108  86.115 0.0000000000
45518  20.694  -52.529  85.841 0.0000000000
138897  20.558  -52.135  86.526 0.0000000000
46485  20.666  -51.539  87.097 0.0000000000
48657  21.392  -49.139  88.058 0.0000000000
44519  17.187  -54.351  86.504 0.0000000000
44502  17.351  -53.733  87.368 0.0000000000
44490  17.110  -53.726  88.159 0.0000000000
44477  16.990  -53.682  89.042 0.0000000000
137018  16.481  -54.644  88.458 0.0000000000
47603  25.008  -50.539  85.218 0.0000000000
46481  25.360  -50.970  86.525 0.0000000000
45478  25.417  -52.423  86.756 0.0000000000
44500  25.202  -52.891  86.559 0.0000000000
150003  23.902  -53.391  85.267 0.0000000000
150198  23.452  -53.442  84.496 0.0000000000
45499  23.700  -52.351  86.296 0.0000000000
44530  23.102  -53.057  85.250 0.0000000000
44544  22.759  -53.393  83.775 0.0000000000
44560  22.769  -53.701  82.975 0.0000000000
43616  21.764  -54.353  82.504 0.0000000000
73292  60.354  -26.646  56.658 0.0000000000
73257  60.184  -27.022  58.068 0.0000000000
73276  58.837  -26.743  57.271 0.0000000000
148424  60.718  -27.699  58.502 0.0000000000
72205  60.655  -28.022  59.228 0.0000000000
72196  60.486  -27.925  60.306 0.0000000000
71132  56.120  -28.838  61.160 0.0000000000
73202  56.438  -27.021  62.869 0.0000000000
73203  55.529  -26.972  62.941 0.0000000000
135288  56.783  -26.753  63.612 0.0000000000
68037  46.601  -31.603  58.976 0.0000000000
68010  47.312  -32.282  60.429 0.0000000000
68009  48.104  -31.748  60.805 0.0000000000
68008  48.649  -31.548  61.438 0.0000000000
67894  51.224  -31.738  69.214 0.0000000000
67907  50.824  -31.936  68.456 0.0000000000
63893  37.900  -36.362  69.796 0.0000000000
63907  38.311  -36.375  69.319 0.0000000000
63854  39.409  -37.367  70.748 0.0000000000
62710  39.951  -37.523  71.524 0.0000000000
60559  40.686  -37.987  72.146 0.0000000000
62683  40.700  -37.421  72.387 0.0000000000
62696  40.785  -36.988  72.514 0.0000000000
63816  41.483  -37.048  72.714 0.0000000000
62672  42.764  -37.876  73.750 0.0000000000
62664  43.277  -37.940  74.260 0.0000000000
49897  36.487  -48.754  77.569 0.0000000000
49917  37.005  -48.198  76.929 0.0000000000
49896  37.534  -48.578  77.703 0.0000000000
49895  38.456  -48.431  77.966 0.0000000000
49876  39.328  -48.602  78.358 0.0000000000
50994  39.145  -48.030  77.992 0.0000000000
51008  40.319  -47.523  77.582 0.0000000000
52110  41.247  -47.572  77.733 0.0000000000
52109  42.074  -47.451  78.108 0.0000000000
129526  54.070  -26.013  51.471 0.0000000000
74431  54.811  -26.098  51.467 0.0000000000
74429  56.286  -26.675  51.395 0.0000000000
74428  57.171  -26.784  50.998 0.0000000000
74390  57.306  -27.361  53.438 0.0000000000
149947  58.111  -27.150  53.684 0.0000000000
74378  58.935  -27.051  54.646 0.0000000000
74525  60.221  -25.136  44.493 0.0000000000
74505  61.413  -25.902  44.809 0.0000000000
73412  61.666  -26.280  45.430 0.0000000000
127759  63.424  -26.216  47.053 0.0000000000
73373  62.330  -26.595  46.752 0.0000000000
138798  60.244  -26.683  46.911 0.0000000000
73357  61.423  -26.826  48.174 0.0000000000
45456  28.353  -52.907  88.377 0.0000000000
44487  28.784  -53.379  88.586 0.0000000000
129354  28.483  -53.824  88.125 0.0000000000
42558  28.675  -54.996  87.648 0.0000000000
41510  29.277  -55.354  87.026 0.0000000000
41535  29.021  -55.412  85.093 0.0000000000
41534  29.801  -55.642  85.383 0.0000000000
41522  29.965  -55.580  86.285 0.0000000000
40408  30.498  -56.040  85.628 0.0000000000
39304  31.406  -56.901  84.496 0.0000000000
41602  29.392  -56.699  79.832 0.0000000000
41583  30.006  -56.686  80.245 0.0000000000
147144  31.047  -56.915  81.469 0.0000000000
151749  31.838  -57.570  80.257 0.0000000000
40452  31.523  -57.104  82.106 0.0000000000
48708  21.727  -49.580  84.611 0.0000000000
48595  20.019  -50.795  92.554 0.0000000000
47478  20.395  -51.389  92.978 0.0000000000
48581  19.842  -50.876  93.748 0.0000000000
48573  20.250  -50.660  94.431 0.0000000000
152502  20.247  -51.088  95.124 0.0000000000
48567  19.633  -49.723  95.282 0.0000000000
150999  20.453  -49.943  95.401 0.0000000000
139435  19.946  -51.403  95.807 0.0000000000
46400  19.749  -51.834  96.851 0.0000000000
47468  17.642  -51.646  96.339 0.0000000000
47461  17.958  -50.899  96.798 0.0000000000
146930  18.538  -49.934  97.760 0.0000000000
48532  18.047  -50.569  99.139 0.0000000000
135587  18.442  -49.976  98.992 0.0000000000
48530  19.699  -49.950  98.824 0.0000000000
151453  54.829  -27.978  55.164 0.0000000000
72238  55.828  -27.587  56.058 0.0000000000
72245  55.147  -27.803  55.673 0.0000000000
72230  54.806  -28.449  56.998 0.0000000000
71191  55.193  -28.928  57.734 0.0000000000
71180  55.582  -29.164  58.497 0.0000000000
128669  55.250  -29.574  59.237 0.0000000000
71194  52.993  -29.631  56.827 0.0000000000
70132  52.247  -29.991  57.146 0.0000000000
70131  52.831  -29.907  57.680 0.0000000000
71152  54.649  -29.532  60.635 0.0000000000
71134  54.276  -29.053  61.286 0.0000000000
143373  53.799  -28.488  61.815 0.0000000000
72167  53.590  -27.842  62.806 0.0000000000
146202  53.166  -28.129  63.202 0.0000000000
65921  46.230  -34.536  63.018 0.0000000000
65920  46.995  -34.244  63.372 0.0000000000
65900  48.089  -34.247  65.364 0.0000000000
65899  48.817  -34.085  65.800 0.0000000000
66839  50.214  -32.926  68.527 0.0000000000
148361  47.898  -34.970  68.327 0.0000000000
65859  48.382  -34.627  68.645 0.0000000000
65857  49.637  -33.917  69.593 0.0000000000
65870  49.505  -33.625  68.894 0.0000000000
66828  50.069  -33.164  69.417 0.0000000000
66827  50.733  -32.508  69.235 0.0000000000
57592  41.797  -41.447  71.606 0.0000000000
57591  42.331  -41.454  72.186 0.0000000000
136586  39.474  -50.758  84.613 0.0000000000
48718  40.175  -50.596  83.368 0.0000000000
48700  41.172  -50.520  84.437 0.0000000000
73326  53.752  -27.307  53.011 0.0000000000
76351  58.040  -23.257  46.734 0.0000000000
127222  11.943  -56.234  94.884 0.0000000000
42478  12.310  -56.480  95.849 0.0000000000
42467  11.704  -56.423  96.809 0.0000000000
43435  11.078  -55.507  98.113 0.0000000000
42468  10.864  -57.015  96.680 0.0000000000
43436  10.697  -55.550  99.034 0.0000000000
43429  10.066  -55.321  99.972 0.0000000000
40326  8.684  -57.895  96.500 0.0000000000
40322  8.576  -57.601  97.437 0.0000000000
41411  8.625  -56.508  98.514 0.0000000000
42450  8.407  -56.414  99.269 0.0000000000
42441  8.973  -56.164  99.857 0.0000000000
42435  8.795  -55.760  100.653 0.0000000000
65948  45.849  -33.892  60.570 0.0000000000
133376  45.665  -34.236  61.260 0.0000000000
65935  45.230  -34.697  61.500 0.0000000000
64915  45.562  -34.913  62.800 0.0000000000
64906  45.675  -34.989  63.578 0.0000000000
64899  45.764  -34.956  64.474 0.0000000000
150507  45.973  -34.860  65.266 0.0000000000
131637  45.810  -34.929  65.936 0.0000000000
64877  46.027  -35.369  66.997 0.0000000000
145855  42.245  -36.897  63.095 0.0000000000
63942  43.639  -36.443  64.352 0.0000000000
62795  43.605  -36.745  65.154 0.0000000000
131518  44.832  -35.910  65.906 0.0000000000
63913  46.487  -35.896  68.109 0.0000000000
63899  46.569  -36.141  68.884 0.0000000000
63867  47.029  -36.160  70.502 0.0000000000
63886  45.822  -36.565  69.455 0.0000000000
63846  47.393  -36.123  71.366 0.0000000000
63829  47.788  -36.182  72.435 0.0000000000
127531  47.695  -36.194  73.119 0.0000000000
51043  34.561  -47.689  75.285 0.0000000000
49940  34.994  -48.031  75.908 0.0000000000
49919  35.388  -48.471  76.510 0.0000000000
132546  32.293  -50.352  76.490 0.0000000000
47717  32.654  -50.699  77.210 0.0000000000
139701  33.092  -49.919  76.680 0.0000000000
46584  33.532  -51.611  78.546 0.0000000000
47704  33.812  -50.777  78.221 0.0000000000
47727  33.886  -49.759  77.068 0.0000000000
48828  34.631  -49.510  77.348 0.0000000000
130489  35.233  -49.247  77.508 0.0000000000
49898  35.647  -48.786  77.236 0.0000000000
48826  36.369  -49.246  78.228 0.0000000000
48808  36.783  -49.621  78.758 0.0000000000
47686  37.425  -50.374  79.779 0.0000000000
46557  36.423  -51.417  80.760 0.0000000000
47672  36.887  -50.828  80.285 0.0000000000
47671  37.732  -50.898  80.495 0.0000000000
47654  37.878  -51.091  81.251 0.0000000000
47614  37.910  -50.977  82.906 0.0000000000
47613  38.702  -50.845  83.322 0.0000000000
45474  29.613  -52.538  87.424 0.0000000000
145471  30.036  -52.693  88.029 0.0000000000
44497  30.979  -53.100  86.620 0.0000000000
131168  29.988  -53.971  89.448 0.0000000000
132144  30.942  -53.184  88.638 0.0000000000
45512  31.552  -53.565  85.995 0.0000000000
44527  32.321  -53.645  85.524 0.0000000000
44512  32.942  -53.440  85.940 0.0000000000
133512  33.633  -53.082  85.919 0.0000000000
41494  32.590  -55.787  88.080 0.0000000000
131748  32.333  -54.872  88.593 0.0000000000
42514  33.004  -54.548  89.828 0.0000000000
43502  32.735  -54.057  90.135 0.0000000000
45451  33.260  -52.975  88.645 0.0000000000
153155  33.955  -52.795  86.412 0.0000000000
45511  33.875  -53.010  85.141 0.0000000000
132348  34.719  -52.628  85.051 0.0000000000
45527  35.202  -52.378  84.354 0.0000000000
46509  35.885  -51.918  84.522 0.0000000000
45468  36.004  -52.109  87.161 0.0000000000
46495  36.230  -51.823  85.402 0.0000000000
46508  36.671  -51.714  84.653 0.0000000000
46507  37.267  -51.535  84.190 0.0000000000
47577  37.943  -51.095  84.593 0.0000000000
47594  38.678  -50.854  84.184 0.0000000000
37122  27.507  -61.797  84.642 0.0000000000
37106  26.197  -60.827  85.700 0.0000000000
145459  25.708  -60.358  85.949 0.0000000000
39295  24.647  -59.462  85.731 0.0000000000
39286  25.263  -59.740  86.291 0.0000000000
40410  23.868  -58.260  86.654 0.0000000000
41525  23.397  -57.735  87.026 0.0000000000
41512  22.821  -57.261  87.398 0.0000000000
42598  21.340  -56.019  84.270 0.0000000000
42586  21.611  -56.451  84.988 0.0000000000
42573  21.585  -56.347  85.716 0.0000000000
43565  20.404  -55.055  86.115 0.0000000000
42574  20.923  -55.750  85.943 0.0000000000
41527  22.297  -56.765  86.190 0.0000000000
41513  22.272  -56.772  86.992 0.0000000000
41500  22.241  -56.788  87.816 0.0000000000
133751  21.836  -55.967  88.679 0.0000000000
42534  21.399  -55.645  89.373 0.0000000000
43519  20.629  -55.031  89.722 0.0000000000
44476  19.956  -53.660  89.627 0.0000000000
44462  20.003  -53.583  90.432 0.0000000000
48609  20.411  -50.600  91.352 0.0000000000
49790  21.261  -49.057  85.028 0.0000000000
49772  21.171  -48.716  85.914 0.0000000000
49792  19.753  -48.905  85.133 0.0000000000
49752  21.498  -48.681  86.927 0.0000000000
49753  20.628  -48.567  86.619 0.0000000000
131095  21.057  -48.577  87.350 0.0000000000
49740  20.889  -48.598  88.039 0.0000000000
46514  18.000  -52.232  84.830 0.0000000000
47587  18.355  -51.397  85.329 0.0000000000
136456  18.422  -50.931  86.066 0.0000000000
47567  18.725  -50.171  86.322 0.0000000000
134729  19.355  -48.605  87.384 0.0000000000
49741  19.962  -48.583  88.111 0.0000000000
49730  20.585  -48.698  88.891 0.0000000000
49718  20.972  -48.854  89.879 0.0000000000
49719  20.154  -48.639  89.789 0.0000000000
49722  18.426  -49.370  88.970 0.0000000000
49721  18.631  -48.958  89.667 0.0000000000
146490  20.571  -48.799  90.565 0.0000000000
49708  20.460  -48.936  91.253 0.0000000000
49696  20.091  -49.579  91.248 0.0000000000
48610  20.202  -50.444  91.478 0.0000000000
49667  19.221  -50.734  92.006 0.0000000000
48596  19.121  -50.834  91.939 0.0000000000
146648  18.486  -51.179  92.552 0.0000000000
46429  18.175  -51.675  91.082 0.0000000000
46424  18.226  -51.442  92.600 0.0000000000
46418  17.838  -51.273  93.523 0.0000000000
46419  17.460  -52.144  93.942 0.0000000000
44463  16.913  -53.538  89.985 0.0000000000
135028  16.883  -53.713  90.943 0.0000000000
44456  16.320  -54.423  91.396 0.0000000000
44455  16.878  -53.771  91.919 0.0000000000
44438  16.830  -53.826  92.955 0.0000000000
45408  16.572  -53.804  94.021 0.0000000000
151622  15.803  -54.223  94.027 0.0000000000
132727  15.013  -54.103  94.227 0.0000000000
43467  13.752  -54.850  94.258 0.0000000000
43468  12.924  -55.162  94.542 0.0000000000
42486  12.231  -55.871  94.351 0.0000000000
42492  11.847  -55.924  93.459 0.0000000000
41457  9.680  -56.969  93.615 0.0000000000
41449  9.696  -57.263  94.359 0.0000000000
150699  9.215  -57.575  94.401 0.0000000000
45628  30.384  -52.981  77.416 0.0000000000
45601  30.284  -53.015  79.450 0.0000000000
127881  29.046  -52.839  78.625 0.0000000000
45588  29.289  -52.721  79.963 0.0000000000
45574  29.742  -52.622  81.199 0.0000000000
45559  29.147  -52.459  83.038 0.0000000000
128475  29.091  -52.104  85.793 0.0000000000
148386  26.914  -51.735  83.092 0.0000000000
46535  27.662  -51.898  82.736 0.0000000000
45547  28.134  -51.870  83.485 0.0000000000
146982  28.361  -51.875  84.089 0.0000000000
45515  28.671  -51.852  85.308 0.0000000000
144684  28.516  -51.835  86.124 0.0000000000
44488  27.985  -53.130  88.239 0.0000000000
43531  27.935  -53.551  87.659 0.0000000000
42571  27.992  -54.482  86.100 0.0000000000
136111  27.280  -54.342  85.766 0.0000000000
42583  27.699  -54.664  85.476 0.0000000000
41536  27.775  -54.977  84.863 0.0000000000
41569  26.943  -56.097  81.547 0.0000000000
43576  25.387  -53.817  85.038 0.0000000000
42611  25.563  -55.009  83.140 0.0000000000
135671  24.259  -54.882  81.666 0.0000000000
42619  24.840  -54.865  82.529 0.0000000000
137993  25.581  -55.249  82.460 0.0000000000
42618  26.059  -55.677  81.835 0.0000000000
41587  26.264  -55.798  80.542 0.0000000000
41586  27.219  -56.073  80.282 0.0000000000
40485  26.802  -56.989  79.531 0.0000000000
39364  26.714  -57.584  80.018 0.0000000000
39350  26.574  -58.363  80.889 0.0000000000
40469  25.019  -57.591  80.458 0.0000000000
131072  26.196  -58.708  81.680 0.0000000000
39330  26.890  -59.112  81.824 0.0000000000
38200  26.987  -60.499  83.107 0.0000000000
46417  20.413  -51.842  93.383 0.0000000000
44436  20.357  -53.737  93.881 0.0000000000
43441  12.811  -54.920  97.407 0.0000000000
44401  12.901  -54.133  97.798 0.0000000000
44392  12.996  -53.506  99.288 0.0000000000
132020  12.153  -53.851  99.261 0.0000000000
142321  13.538  -52.820  99.692 0.0000000000
150474  13.839  -51.844  100.829 0.0000000000
46353  14.032  -51.516  101.564 0.0000000000
73273  61.835  -26.829  57.438 0.0000000000
72228  56.338  -27.568  56.837 0.0000000000
72227  56.983  -27.532  57.681 0.0000000000
72217  57.500  -27.709  58.327 0.0000000000
71178  57.186  -28.408  58.879 0.0000000000
72208  57.876  -28.044  59.067 0.0000000000
146481  58.632  -27.995  59.237 0.0000000000
72180  57.420  -28.532  61.875 0.0000000000
72162  58.363  -27.336  62.966 0.0000000000
133472  58.786  -27.937  62.406 0.0000000000
72178  59.556  -27.680  62.172 0.0000000000
73215  60.155  -27.076  62.432 0.0000000000
73184  60.875  -27.389  63.098 0.0000000000
70155  48.198  -30.926  56.409 0.0000000000
70136  48.918  -30.970  57.140 0.0000000000
70100  47.872  -31.233  58.786 0.0000000000
70099  48.532  -30.142  59.287 0.0000000000
71156  51.121  -29.016  60.559 0.0000000000
145116  51.532  -28.894  61.297 0.0000000000
132478  50.963  -28.892  61.769 0.0000000000
72169  52.377  -28.508  62.915 0.0000000000
72155  53.149  -28.276  63.711 0.0000000000
145390  47.471  -33.808  63.053 0.0000000000
66905  48.128  -33.324  63.238 0.0000000000
145661  48.565  -32.706  63.095 0.0000000000
66890  49.320  -33.403  64.418 0.0000000000
66904  48.941  -33.056  63.640 0.0000000000
66903  49.153  -32.364  63.213 0.0000000000
67972  49.662  -31.752  63.233 0.0000000000
67922  50.793  -31.737  67.600 0.0000000000
67938  50.810  -31.685  66.769 0.0000000000
67950  50.843  -31.645  65.883 0.0000000000
68982  51.741  -30.607  66.851 0.0000000000
68990  51.299  -31.107  66.374 0.0000000000
67961  50.765  -31.581  64.974 0.0000000000
69018  50.688  -30.388  63.621 0.0000000000
71109  51.628  -28.912  63.854 0.0000000000
71098  52.179  -28.924  64.487 0.0000000000
71108  51.964  -28.255  64.352 0.0000000000
72147  52.108  -28.013  64.274 0.0000000000
73179  53.622  -28.223  64.089 0.0000000000
62769  41.920  -37.117  67.193 0.0000000000
63906  39.192  -36.661  69.305 0.0000000000
62752  39.812  -36.907  68.522 0.0000000000
63905  40.605  -37.090  68.932 0.0000000000
63916  41.651  -36.913  67.928 0.0000000000
63903  42.313  -36.769  68.355 0.0000000000
63902  42.995  -36.460  68.632 0.0000000000
63888  43.664  -36.119  69.888 0.0000000000
63869  44.467  -36.080  70.505 0.0000000000
63849  44.345  -36.120  72.105 0.0000000000
64842  45.253  -36.082  71.884 0.0000000000
64814  47.273  -36.074  73.593 0.0000000000
51040  37.134  -47.264  75.612 0.0000000000
52148  38.695  -46.721  76.200 0.0000000000
52178  38.037  -46.246  74.634 0.0000000000
138147  40.536  -43.411  72.425 0.0000000000
55423  40.942  -43.832  74.078 0.0000000000
55438  40.761  -43.680  73.217 0.0000000000
56554  41.337  -43.129  72.654 0.0000000000
56553  42.164  -42.887  72.892 0.0000000000
56563  42.498  -42.195  72.547 0.0000000000
57584  42.936  -41.516  72.632 0.0000000000
48733  40.341  -50.309  82.599 0.0000000000
48732  40.877  -49.881  81.881 0.0000000000
49832  41.441  -49.430  81.298 0.0000000000
49814  42.603  -48.981  82.712 0.0000000000
50948  41.945  -48.684  80.807 0.0000000000
50962  41.653  -48.540  79.856 0.0000000000
50975  42.032  -47.818  79.490 0.0000000000
52093  42.444  -47.387  79.045 0.0000000000
53185  42.789  -46.845  78.257 0.0000000000
53157  43.344  -46.000  80.222 0.0000000000
54291  44.336  -44.689  80.320 0.0000000000
54300  43.632  -45.336  80.144 0.0000000000
53167  43.115  -45.839  80.427 0.0000000000
53175  43.260  -45.840  79.873 0.0000000000
53184  43.460  -46.164  79.052 0.0000000000
54319  42.805  -45.458  76.848 0.0000000000
55398  43.341  -44.044  76.153 0.0000000000
148907  44.288  -44.086  77.139 0.0000000000
55406  43.837  -43.637  75.607 0.0000000000
56530  43.523  -43.342  74.769 0.0000000000
56542  43.297  -43.010  73.907 0.0000000000
56551  43.683  -42.366  73.539 0.0000000000
57583  43.567  -41.624  73.126 0.0000000000
58555  43.977  -40.871  73.427 0.0000000000
58545  43.764  -39.912  73.363 0.0000000000
59486  44.275  -39.584  73.846 0.0000000000
58535  45.260  -40.798  75.274 0.0000000000
58536  44.775  -39.963  74.640 0.0000000000
59479  44.424  -39.077  74.231 0.0000000000
59480  43.708  -38.592  74.136 0.0000000000
60533  44.099  -38.365  74.731 0.0000000000
62651  44.122  -37.928  75.101 0.0000000000
58495  46.703  -40.545  79.261 0.0000000000
58505  46.510  -40.373  78.301 0.0000000000
60489  45.219  -38.528  79.082 0.0000000000
141441  45.168  -39.021  78.644 0.0000000000
145847  45.321  -39.094  77.451 0.0000000000
60518  45.395  -38.844  76.891 0.0000000000
61571  45.207  -38.408  76.296 0.0000000000
62662  44.318  -37.650  75.103 0.0000000000
63788  44.673  -37.266  74.882 0.0000000000
63787  45.295  -36.967  75.402 0.0000000000
64768  45.759  -36.617  75.275 0.0000000000
64751  46.433  -36.434  75.950 0.0000000000
64767  46.445  -36.264  75.119 0.0000000000
76352  57.493  -23.956  47.145 0.0000000000
73354  57.957  -26.837  48.924 0.0000000000
130876  60.243  -26.834  50.489 0.0000000000
134855  58.211  -26.780  51.066 0.0000000000
74427  59.103  -26.799  51.402 0.0000000000
74426  59.885  -26.516  51.729 0.0000000000
74425  60.550  -26.477  51.556 0.0000000000
75406  61.474  -26.270  51.542 0.0000000000
75398  61.729  -26.185  51.839 0.0000000000
36076  29.502  -62.093  83.178 0.0000000000
37164  28.348  -61.115  82.784 0.0000000000
37189  29.914  -60.025  81.654 0.0000000000
38167  25.902  -60.572  85.114 0.0000000000
38168  25.310  -59.953  85.388 0.0000000000
38215  29.151  -59.896  81.896 0.0000000000
38218  26.544  -59.682  82.643 0.0000000000
39278  24.888  -59.120  87.580 0.0000000000
39314  25.279  -59.432  83.662 0.0000000000
39348  28.041  -58.717  80.671 0.0000000000
39349  27.329  -58.773  81.044 0.0000000000
39351  25.669  -58.194  81.121 0.0000000000
39359  31.984  -58.078  79.921 0.0000000000
39361  29.647  -58.142  79.750 0.0000000000
39362  28.850  -58.529  80.210 0.0000000000
39370  28.896  -57.818  79.649 0.0000000000
40389  32.352  -56.172  87.592 0.0000000000
40406  31.784  -56.573  86.039 0.0000000000
40415  30.909  -56.511  85.036 0.0000000000
40417  29.554  -55.848  84.614 0.0000000000
40429  24.063  -59.144  85.084 0.0000000000
40431  23.399  -58.112  84.628 0.0000000000
40438  30.591  -56.720  83.180 0.0000000000
40467  31.672  -57.174  80.888 0.0000000000
40468  30.826  -56.948  80.576 0.0000000000
40479  24.640  -57.029  79.948 0.0000000000
40483  28.841  -57.260  79.521 0.0000000000
40487  25.378  -56.725  79.659 0.0000000000
41482  34.176  -55.685  88.635 0.0000000000
41484  32.850  -55.405  88.369 0.0000000000
41495  31.691  -56.075  88.143 0.0000000000
41507  31.463  -56.188  87.488 0.0000000000
41508  30.678  -56.086  87.368 0.0000000000
41511  23.302  -57.739  87.911 0.0000000000
41556  28.869  -56.270  83.398 0.0000000000
41560  22.072  -56.528  82.738 0.0000000000
41561  21.602  -55.947  82.729 0.0000000000
41566  30.276  -56.677  81.437 0.0000000000
41568  27.847  -56.189  81.347 0.0000000000
41572  21.838  -55.523  82.103 0.0000000000
41584  29.174  -56.438  80.558 0.0000000000
41609  22.938  -55.639  81.164 0.0000000000
41615  29.115  -56.955  79.572 0.0000000000
41616  28.249  -56.949  79.539 0.0000000000
41617  27.283  -56.744  79.602 0.0000000000
41618  26.351  -56.498  79.669 0.0000000000
42512  34.345  -54.180  90.007 0.0000000000
42513  33.570  -54.326  90.088 0.0000000000
42530  32.950  -54.893  88.886 0.0000000000
42531  31.436  -54.736  88.809 0.0000000000
42545  29.778  -55.384  88.425 0.0000000000
42546  28.675  -54.557  88.157 0.0000000000
42557  29.422  -55.512  87.880 0.0000000000
42624  25.565  -55.745  80.029 0.0000000000
42626  23.175  -55.206  81.183 0.0000000000
42628  21.742  -54.956  82.074 0.0000000000
42640  24.949  -55.928  79.943 0.0000000000
42641  24.252  -55.910  80.188 0.0000000000
43423  9.015  -54.923  100.950 0.0000000000
43424  9.016  -55.223  100.843 0.0000000000
43437  9.431  -55.862  99.621 0.0000000000
43451  11.670  -55.680  97.548 0.0000000000
43482  21.220  -54.648  92.758 0.0000000000
43492  20.643  -54.612  91.588 0.0000000000
43504  20.080  -54.454  90.157 0.0000000000
43514  32.257  -54.363  89.511 0.0000000000
43516  30.483  -54.226  89.380 0.0000000000
43545  27.860  -53.791  86.940 0.0000000000
43562  26.346  -53.629  86.190 0.0000000000
43600  24.411  -54.432  82.978 0.0000000000
43601  23.661  -54.111  82.942 0.0000000000
43630  22.177  -54.672  81.854 0.0000000000
44385  12.288  -53.338  99.768 0.0000000000
44391  13.541  -53.709  98.406 0.0000000000
44421  14.346  -54.093  95.571 0.0000000000
44422  13.720  -54.211  96.379 0.0000000000
44446  20.222  -53.681  92.451 0.0000000000
44471  33.600  -53.579  89.980 0.0000000000
44472  32.209  -53.838  89.870 0.0000000000
44473  31.343  -53.948  89.851 0.0000000000
44498  26.760  -53.141  86.896 0.0000000000
44513  32.344  -53.473  86.403 0.0000000000
44515  24.935  -53.194  86.198 0.0000000000
44526  33.140  -53.515  85.255 0.0000000000
44529  30.728  -53.493  84.524 0.0000000000
44569  32.674  -53.770  82.983 0.0000000000
44570  22.091  -53.802  82.856 0.0000000000
45341  13.287  -52.056  102.490 0.0000000000
45350  10.880  -52.613  101.839 0.0000000000
45353  13.350  -52.344  100.459 0.0000000000
45354  12.593  -52.350  100.817 0.0000000000
45378  14.839  -52.921  98.443 0.0000000000
45396  16.752  -52.938  95.253 0.0000000000
45403  15.258  -53.656  95.429 0.0000000000
45412  20.249  -52.448  92.841 0.0000000000
45431  34.867  -52.908  89.295 0.0000000000
45432  33.942  -53.171  89.333 0.0000000000
45434  32.629  -53.443  89.262 0.0000000000
45436  30.713  -53.590  89.201 0.0000000000
45437  29.969  -53.563  89.207 0.0000000000
45455  29.276  -53.085  88.864 0.0000000000
45458  19.950  -52.761  89.156 0.0000000000
45472  32.811  -52.959  87.766 0.0000000000
45473  31.424  -52.973  87.444 0.0000000000
45475  28.657  -52.503  87.663 0.0000000000
45476  27.287  -51.979  87.044 0.0000000000
45479  24.649  -52.306  86.482 0.0000000000
45492  35.477  -52.281  86.495 0.0000000000
45493  34.669  -52.616  86.609 0.0000000000
45514  29.257  -52.367  85.113 0.0000000000
45528  34.129  -52.918  84.435 0.0000000000
45531  28.797  -52.039  84.533 0.0000000000
45543  31.133  -53.509  83.066 0.0000000000
45556  32.144  -53.726  81.923 0.0000000000
45557  30.626  -52.990  82.274 0.0000000000
45570  33.748  -53.119  81.564 0.0000000000
45575  29.059  -52.431  81.436 0.0000000000
45576  28.302  -52.242  82.101 0.0000000000
45591  26.785  -52.260  80.067 0.0000000000
45600  31.691  -53.087  79.330 0.0000000000
45602  29.561  -52.933  78.991 0.0000000000
45610  32.346  -52.746  78.690 0.0000000000
45614  28.839  -52.867  77.966 0.0000000000
46345  14.561  -51.374  101.783 0.0000000000
46355  11.598  -52.226  101.966 0.0000000000
46372  14.053  -52.142  100.108 0.0000000000
46412  20.292  -51.955  94.241 0.0000000000
46461  26.494  -51.843  86.924 0.0000000000
46496  35.456  -52.186  85.170 0.0000000000
46524  27.454  -51.722  83.588 0.0000000000
46562  25.993  -52.103  80.575 0.0000000000
46573  33.876  -52.033  79.292 0.0000000000
47413  14.898  -51.094  101.292 0.0000000000
47422  17.910  -51.469  99.968 0.0000000000
47423  16.374  -51.719  100.491 0.0000000000
47435  17.573  -51.500  99.678 0.0000000000
47436  17.058  -51.734  99.759 0.0000000000
47442  19.665  -50.745  97.787 0.0000000000
47444  17.857  -50.911  98.413 0.0000000000
47445  17.450  -51.804  98.941 0.0000000000
47453  20.326  -50.191  96.970 0.0000000000
47454  20.248  -50.065  97.537 0.0000000000
47455  17.947  -50.933  97.655 0.0000000000
47466  20.441  -50.651  94.781 0.0000000000
47483  20.491  -51.144  92.072 0.0000000000
47484  18.203  -50.704  93.230 0.0000000000
47493  20.476  -50.612  91.351 0.0000000000
47513  20.727  -49.581  89.730 0.0000000000
47634  39.576  -50.543  82.250 0.0000000000
47636  37.934  -51.007  82.038 0.0000000000
47655  37.150  -51.164  81.034 0.0000000000
47673  36.093  -50.915  80.086 0.0000000000
47689  34.915  -50.864  79.210 0.0000000000
47716  33.434  -50.393  77.459 0.0000000000
47718  31.905  -51.106  76.952 0.0000000000
48531  19.039  -50.027  99.189 0.0000000000
48538  20.032  -49.963  98.243 0.0000000000
48539  19.420  -49.893  98.046 0.0000000000
48540  18.690  -49.907  98.411 0.0000000000
48541  18.039  -50.027  98.627 0.0000000000
48549  20.036  -49.858  97.435 0.0000000000
48552  18.182  -50.176  97.270 0.0000000000
48557  20.339  -50.146  95.966 0.0000000000
48559  19.479  -49.721  96.141 0.0000000000
48561  18.242  -50.030  96.330 0.0000000000
48565  20.658  -50.136  95.014 0.0000000000
48574  20.287  -50.139  94.431 0.0000000000
48575  19.669  -49.883  94.344 0.0000000000
48580  20.118  -51.141  93.442 0.0000000000
48582  19.601  -50.381  93.666 0.0000000000
48597  18.782  -51.152  91.755 0.0000000000
48612  18.476  -50.719  90.803 0.0000000000
48621  21.112  -49.273  90.964 0.0000000000
48691  22.827  -49.477  85.784 0.0000000000
48710  19.777  -49.444  84.342 0.0000000000
48711  18.841  -50.126  84.878 0.0000000000
48772  38.544  -50.593  79.967 0.0000000000
48807  37.652  -49.539  78.624 0.0000000000
48845  34.291  -49.202  76.713 0.0000000000
48846  33.706  -49.442  76.489 0.0000000000
49665  19.610  -50.802  93.040 0.0000000000
49681  19.799  -50.640  92.026 0.0000000000
49682  19.640  -50.375  91.569 0.0000000000
49695  20.868  -49.519  91.224 0.0000000000
49697  19.809  -49.307  91.261 0.0000000000
49707  21.103  -48.977  90.881 0.0000000000
49709  19.709  -48.790  90.734 0.0000000000
49720  19.204  -48.628  89.803 0.0000000000
49731  19.594  -48.559  88.936 0.0000000000
49742  19.034  -48.606  88.177 0.0000000000
49755  18.843  -48.863  86.900 0.0000000000
49775  18.851  -49.024  86.134 0.0000000000
49815  42.192  -49.654  82.767 0.0000000000
49899  34.950  -48.905  76.987 0.0000000000
50922  42.949  -48.569  83.039 0.0000000000
50936  42.235  -48.975  81.863 0.0000000000
50993  39.869  -48.085  78.040 0.0000000000
51009  39.491  -47.617  77.482 0.0000000000
52127  41.857  -47.059  77.345 0.0000000000
52164  38.345  -46.475  75.407 0.0000000000
53147  44.169  -46.520  80.846 0.0000000000
53158  42.526  -46.263  80.587 0.0000000000
53168  42.412  -46.197  80.706 0.0000000000
54313  43.872  -45.614  79.656 0.0000000000
54346  40.401  -44.385  74.529 0.0000000000
55397  44.090  -43.862  76.420 0.0000000000
56507  45.943  -42.473  77.010 0.0000000000
56540  44.711  -42.351  74.696 0.0000000000
57536  46.431  -41.604  78.516 0.0000000000
57568  45.050  -41.707  74.904 0.0000000000
58524  46.275  -40.791  76.516 0.0000000000
58556  43.280  -40.529  72.839 0.0000000000
58577  41.624  -40.726  71.285 0.0000000000
59440  45.880  -38.989  79.281 0.0000000000
59487  43.542  -39.037  73.594 0.0000000000
60517  44.976  -39.118  78.086 0.0000000000
60550  41.873  -38.156  73.053 0.0000000000
61528  44.989  -37.938  79.113 0.0000000000
61559  45.333  -38.398  77.423 0.0000000000
61572  44.465  -38.194  75.305 0.0000000000
61583  43.695  -38.106  74.615 0.0000000000
62626  45.464  -37.817  77.818 0.0000000000
62663  43.712  -37.846  74.649 0.0000000000
62673  42.120  -37.878  73.216 0.0000000000
62681  42.127  -37.602  73.147 0.0000000000
62697  40.298  -37.318  72.094 0.0000000000
62711  39.068  -37.679  71.138 0.0000000000
63768  45.471  -37.438  76.472 0.0000000000
63777  45.021  -37.390  75.591 0.0000000000
63797  45.150  -36.900  74.694 0.0000000000
63799  43.633  -37.400  73.807 0.0000000000
63830  43.734  -36.878  72.948 0.0000000000
63832  41.873  -36.803  72.344 0.0000000000
63834  40.513  -36.929  71.989 0.0000000000
63864  49.331  -35.764  71.374 0.0000000000
63866  47.865  -35.978  70.642 0.0000000000
63872  41.979  -36.989  70.382 0.0000000000
63875  38.994  -36.688  70.302 0.0000000000
63917  40.807  -36.932  68.187 0.0000000000
67878  52.022  -32.256  70.489 0.0000000000
71114  61.523  -28.448  62.959 0.0000000000
71150  56.627  -28.917  60.477 0.0000000000
72207  58.202  -28.407  59.631 0.0000000000
73186  59.235  -26.806  63.770 0.0000000000
73411  62.556  -26.129  45.509 0.0000000000
74400  59.808  -26.364  53.187 0.0000000000
126787  11.318  -52.690  101.174 0.0000000000
126839  10.497  -53.459  100.629 0.0000000000
127169  30.503  -52.747  87.349 0.0000000000
127663  42.773  -36.120  71.154 0.0000000000
127727  27.744  -52.535  87.684 0.0000000000
127806  32.100  -52.953  87.825 0.0000000000
128082  45.273  -42.982  76.621 0.0000000000
128370  25.491  -58.924  82.893 0.0000000000
128448  29.280  -52.787  88.292 0.0000000000
128449  30.756  -52.838  88.113 0.0000000000
128747  33.982  -52.736  86.994 0.0000000000
128835  18.734  -50.715  92.800 0.0000000000
128853  19.054  -49.745  94.731 0.0000000000
128947  31.077  -53.135  80.774 0.0000000000
129260  45.938  -36.488  73.850 0.0000000000
129562  23.825  -58.217  83.833 0.0000000000
129650  20.273  -48.483  87.311 0.0000000000
129671  35.933  -51.843  82.068 0.0000000000
129892  46.665  -40.374  80.132 0.0000000000
130514  30.357  -55.837  88.362 0.0000000000
130664  30.972  -53.276  79.104 0.0000000000
130742  15.626  -52.458  98.228 0.0000000000
130783  40.696  -37.297  70.726 0.0000000000
131496  18.540  -51.053  84.035 0.0000000000
131621  13.110  -51.770  102.017 0.0000000000
131762  21.104  -48.803  88.472 0.0000000000
132032  20.518  -51.389  91.851 0.0000000000
132716  24.398  -53.774  84.831 0.0000000000
132938  40.460  -37.313  69.590 0.0000000000
133974  62.493  -25.906  51.798 0.0000000000
134778  27.622  -52.630  78.864 0.0000000000
135394  20.274  -54.901  86.834 0.0000000000
138749  25.753  -51.697  86.810 0.0000000000
139560  11.631  -53.555  99.862 0.0000000000
139605  62.092  -28.011  62.507 0.0000000000
140624  43.468  -38.296  74.277 0.0000000000
140727  28.379  -55.254  84.785 0.0000000000
142565  15.987  -53.303  95.368 0.0000000000
142715  18.973  -49.925  98.725 0.0000000000
142839  29.831  -52.688  82.652 0.0000000000
143693  22.270  -56.860  83.547 0.0000000000
143879  20.393  -50.539  95.409 0.0000000000
144516  23.702  -58.255  85.986 0.0000000000
144671  27.874  -51.735  84.036 0.0000000000
144820  32.941  -53.747  90.036 0.0000000000
144905  12.319  -54.810  98.199 0.0000000000
145244  30.136  -52.872  84.205 0.0000000000
145768  35.044  -52.327  81.296 0.0000000000
146068  60.401  -26.627  51.103 0.0000000000
146085  27.408  -53.067  87.925 0.0000000000
146593  20.279  -52.006  87.190 0.0000000000
147292  33.328  -53.893  90.186 0.0000000000
147703  46.693  -36.155  73.900 0.0000000000
148331  20.297  -50.747  91.887 0.0000000000
148780  42.992  -36.121  69.397 0.0000000000
148808  19.997  -49.742  96.705 0.0000000000
149068  20.099  -53.298  91.218 0.0000000000
150163  18.369  -51.665  91.793 0.0000000000
150287  31.688  -53.336  86.697 0.0000000000
150570  34.597  -52.777  83.396 0.0000000000
150658  23.332  -58.052  83.980 0.0000000000
150862  44.558  -36.856  68.000 0.0000000000
151090  34.627  -52.711  84.396 0.0000000000
151245  36.067  -51.816  83.319 0.0000000000
151341  40.084  -37.897  72.200 0.0000000000
151374  29.732  -56.505  80.971 0.0000000000
152045  20.019  -50.111  98.829 0.0000000000
153598  26.996  -56.318  79.771 0.0000000000
