#!ascii label  , from subject sub1 vox2ras=TkReg
990
36047  27.940  -62.478  85.134 0.0000000000
65795  47.643  -34.773  74.342 0.0000000000
67875  55.807  -32.671  70.554 0.0000000000
136142  48.145  -45.851  81.572 0.0000000000
39293  32.049  -57.185  84.784 0.0000000000
35030  33.828  -63.519  82.904 0.0000000000
135509  53.280  -33.866  74.215 0.0000000000
62635  52.013  -36.543  77.238 0.0000000000
50905  43.847  -47.927  83.831 0.0000000000
150649  36.186  -55.735  87.861 0.0000000000
142849  58.463  -27.678  65.707 0.0000000000
71071  52.904  -29.908  67.371 0.0000000000
56496  46.054  -42.328  79.858 0.0000000000
149712  48.055  -38.177  80.903 0.0000000000
37199  31.139  -59.457  80.281 0.0000000000
35032  31.451  -63.117  83.856 0.0000000000
152942  50.729  -34.857  74.715 0.0000000000
65745  53.168  -33.547  77.053 0.0000000000
65735  50.033  -34.289  77.371 0.0000000000
136545  42.511  -53.629  83.334 0.0000000000
37174  36.056  -59.957  81.796 0.0000000000
39274  34.351  -56.768  86.375 0.0000000000
37118  36.949  -59.576  84.501 0.0000000000
74274  55.019  -25.930  66.031 0.0000000000
71095  56.219  -28.500  65.324 0.0000000000
72129  54.880  -27.454  65.641 0.0000000000
68941  53.495  -31.242  70.634 0.0000000000
68976  51.725  -30.583  67.649 0.0000000000
69989  54.065  -29.603  69.289 0.0000000000
67921  53.345  -31.462  67.666 0.0000000000
65878  54.714  -33.627  68.418 0.0000000000
52032  46.073  -46.655  83.083 0.0000000000
54284  45.416  -44.846  81.502 0.0000000000
56472  46.734  -43.090  82.815 0.0000000000
59412  46.734  -39.417  80.846 0.0000000000
56479  48.536  -41.986  81.605 0.0000000000
145535  49.033  -40.856  79.311 0.0000000000
141420  48.830  -44.014  79.842 0.0000000000
38235  33.974  -59.617  80.099 0.0000000000
66808  52.061  -33.180  70.850 0.0000000000
67811  54.841  -32.670  73.438 0.0000000000
65773  55.204  -33.750  75.214 0.0000000000
62661  54.060  -36.843  75.494 0.0000000000
47534  40.378  -51.115  86.851 0.0000000000
47573  42.504  -51.152  85.230 0.0000000000
47611  45.281  -50.575  83.325 0.0000000000
132830  46.933  -50.299  81.124 0.0000000000
48804  47.724  -48.811  79.341 0.0000000000
150893  37.333  -51.694  87.514 0.0000000000
42555  38.484  -55.223  87.470 0.0000000000
70044  58.658  -29.538  63.920 0.0000000000
72140  53.039  -28.886  64.720 0.0000000000
70016  53.091  -30.123  66.267 0.0000000000
67949  52.416  -31.406  65.451 0.0000000000
64716  47.530  -34.898  78.237 0.0000000000
62623  49.086  -37.395  77.246 0.0000000000
58513  50.201  -40.194  76.790 0.0000000000
33838  29.948  -64.048  85.590 0.0000000000
36045  29.740  -62.959  84.457 0.0000000000
33837  30.692  -64.251  85.295 0.0000000000
64784  48.982  -34.926  74.182 0.0000000000
66735  50.080  -33.274  76.139 0.0000000000
65777  48.646  -33.997  75.525 0.0000000000
37160  36.091  -60.093  83.691 0.0000000000
73177  54.355  -26.953  64.448 0.0000000000
74266  54.669  -26.204  66.113 0.0000000000
74287  54.353  -26.999  64.860 0.0000000000
68939  54.369  -31.294  70.674 0.0000000000
69978  53.923  -29.863  69.922 0.0000000000
68953  55.015  -31.489  69.779 0.0000000000
67905  54.916  -31.628  69.272 0.0000000000
52049  47.160  -46.591  82.346 0.0000000000
54274  46.345  -44.955  82.887 0.0000000000
54272  47.582  -44.087  82.695 0.0000000000
56470  47.596  -42.440  82.473 0.0000000000
55358  48.200  -43.375  81.989 0.0000000000
55365  48.652  -42.770  80.521 0.0000000000
53155  48.697  -45.402  80.776 0.0000000000
37198  32.641  -59.842  80.077 0.0000000000
36096  33.707  -61.694  80.946 0.0000000000
35064  35.149  -61.747  80.275 0.0000000000
64824  51.645  -34.726  71.974 0.0000000000
65837  51.281  -34.506  71.215 0.0000000000
131163  52.912  -33.856  72.433 0.0000000000
67835  53.291  -33.129  71.832 0.0000000000
66779  53.963  -33.514  73.668 0.0000000000
66755  55.209  -32.106  74.526 0.0000000000
150408  54.601  -32.291  75.155 0.0000000000
63764  52.317  -35.169  77.359 0.0000000000
63762  53.712  -35.139  76.807 0.0000000000
61554  53.029  -37.369  76.461 0.0000000000
60530  53.198  -38.059  75.877 0.0000000000
60512  52.683  -38.225  76.553 0.0000000000
44494  40.861  -53.414  86.730 0.0000000000
47554  41.287  -51.242  86.035 0.0000000000
44510  41.895  -53.298  85.710 0.0000000000
45539  43.974  -52.361  82.983 0.0000000000
47632  46.370  -50.541  82.165 0.0000000000
150565  34.916  -56.023  87.682 0.0000000000
43512  35.700  -54.371  89.264 0.0000000000
43510  37.297  -54.090  89.010 0.0000000000
44486  38.703  -53.575  88.418 0.0000000000
42556  37.701  -55.561  87.851 0.0000000000
74282  58.299  -26.140  65.053 0.0000000000
70030  58.622  -28.985  64.724 0.0000000000
71107  54.874  -29.012  64.806 0.0000000000
70009  52.688  -29.629  67.819 0.0000000000
68982  51.741  -30.607  66.851 0.0000000000
71072  52.565  -30.111  67.023 0.0000000000
139669  52.313  -29.426  64.959 0.0000000000
71083  52.789  -29.897  66.055 0.0000000000
72130  53.500  -29.173  65.176 0.0000000000
71070  53.027  -30.000  67.199 0.0000000000
66851  53.085  -32.601  67.539 0.0000000000
67936  52.833  -31.220  66.993 0.0000000000
49764  42.638  -48.897  84.101 0.0000000000
52035  43.918  -47.536  82.555 0.0000000000
55366  45.294  -44.435  80.605 0.0000000000
55378  44.264  -44.150  80.295 0.0000000000
60459  47.346  -38.561  81.178 0.0000000000
60474  45.504  -38.193  79.133 0.0000000000
62598  46.388  -37.369  79.176 0.0000000000
64718  46.557  -35.581  78.408 0.0000000000
62596  47.393  -36.745  79.025 0.0000000000
62624  48.371  -36.385  77.938 0.0000000000
61526  48.165  -38.332  78.922 0.0000000000
131279  49.020  -42.032  78.698 0.0000000000
58504  49.084  -40.659  77.820 0.0000000000
57545  49.855  -41.824  76.796 0.0000000000
57554  51.715  -41.711  76.159 0.0000000000
36087  31.098  -61.738  82.655 0.0000000000
146234  32.442  -63.326  83.958 0.0000000000
33845  33.636  -64.571  83.735 0.0000000000
33835  32.356  -64.758  84.806 0.0000000000
131082  51.460  -34.487  74.632 0.0000000000
66744  53.156  -32.848  75.649 0.0000000000
66745  51.521  -32.888  75.655 0.0000000000
65747  51.575  -33.883  77.015 0.0000000000
63749  51.040  -35.449  77.582 0.0000000000
137046  33.814  -59.401  83.792 0.0000000000
39275  33.514  -56.749  86.392 0.0000000000
37121  34.193  -59.480  84.340 0.0000000000
140311  34.702  -58.007  85.253 0.0000000000
39281  34.918  -57.509  85.524 0.0000000000
148615  35.523  -56.642  86.631 0.0000000000
142644  37.253  -59.068  85.037 0.0000000000
74264  56.703  -26.220  66.048 0.0000000000
137882  56.805  -28.153  65.802 0.0000000000
72128  55.885  -27.050  65.939 0.0000000000
143769  55.320  -27.343  65.915 0.0000000000
71097  54.368  -28.839  65.109 0.0000000000
151149  51.637  -31.610  69.602 0.0000000000
68966  52.565  -30.444  69.493 0.0000000000
69991  53.011  -29.291  69.334 0.0000000000
71055  53.654  -29.056  68.743 0.0000000000
71065  53.393  -29.561  68.047 0.0000000000
68975  54.258  -30.468  68.779 0.0000000000
66850  53.958  -32.314  68.027 0.0000000000
52017  45.108  -47.159  83.441 0.0000000000
53118  44.781  -46.651  83.012 0.0000000000
146144  45.290  -46.170  83.099 0.0000000000
55353  45.865  -44.360  82.033 0.0000000000
144579  46.456  -42.748  81.855 0.0000000000
58486  46.480  -41.117  80.793 0.0000000000
58466  46.822  -41.097  81.987 0.0000000000
58464  47.586  -40.161  82.286 0.0000000000
59409  48.882  -39.310  81.529 0.0000000000
59423  48.768  -39.399  80.321 0.0000000000
57519  49.303  -41.100  80.590 0.0000000000
56490  48.835  -42.031  79.554 0.0000000000
54305  49.243  -44.486  78.761 0.0000000000
40477  31.229  -57.473  80.001 0.0000000000
40466  32.348  -57.681  80.575 0.0000000000
39327  33.653  -58.457  81.945 0.0000000000
38233  35.215  -59.759  80.435 0.0000000000
36103  36.616  -61.396  80.069 0.0000000000
67878  52.022  -32.256  70.489 0.0000000000
67856  53.932  -31.942  71.195 0.0000000000
138774  55.402  -32.522  71.845 0.0000000000
145944  55.237  -33.481  72.798 0.0000000000
64782  55.407  -34.454  73.647 0.0000000000
62669  55.024  -35.634  74.126 0.0000000000
65759  54.439  -33.214  76.323 0.0000000000
62648  54.610  -35.619  75.751 0.0000000000
47575  39.461  -50.788  85.579 0.0000000000
48665  40.904  -50.713  85.658 0.0000000000
48681  42.139  -50.139  84.891 0.0000000000
49763  43.406  -49.021  84.516 0.0000000000
45508  42.716  -52.651  84.948 0.0000000000
46491  43.776  -51.094  84.516 0.0000000000
48699  44.435  -49.261  84.334 0.0000000000
48716  45.621  -49.154  83.319 0.0000000000
49813  46.505  -48.681  82.618 0.0000000000
50946  47.749  -47.725  81.555 0.0000000000
50960  48.518  -47.417  80.597 0.0000000000
47668  47.256  -49.681  80.181 0.0000000000
46458  39.027  -51.229  87.266 0.0000000000
146922  39.867  -53.874  87.855 0.0000000000
42553  39.995  -54.813  86.697 0.0000000000
41532  36.764  -55.733  86.138 0.0000000000
42581  37.503  -55.425  85.704 0.0000000000
70043  59.579  -29.798  63.451 0.0000000000
73179  53.622  -28.223  64.089 0.0000000000
73157  53.792  -28.631  64.762 0.0000000000
71081  54.180  -28.856  65.132 0.0000000000
127795  53.207  -30.021  65.395 0.0000000000
137050  53.075  -30.572  67.021 0.0000000000
68988  52.871  -30.853  65.998 0.0000000000
68995  52.945  -30.556  65.017 0.0000000000
54292  44.494  -45.639  80.515 0.0000000000
129950  47.106  -35.950  75.777 0.0000000000
65764  47.786  -34.475  76.690 0.0000000000
143689  48.369  -33.828  77.919 0.0000000000
63750  49.893  -35.609  77.450 0.0000000000
61557  50.478  -37.723  76.727 0.0000000000
60499  48.550  -38.879  78.534 0.0000000000
59463  49.723  -39.488  76.994 0.0000000000
148566  51.387  -38.808  76.787 0.0000000000
58511  51.904  -40.133  76.203 0.0000000000
52092  49.251  -46.795  79.804 0.0000000000
52108  49.179  -46.408  78.789 0.0000000000
36033  28.509  -63.112  85.493 0.0000000000
35002  29.112  -63.670  85.882 0.0000000000
36046  28.890  -62.760  84.665 0.0000000000
35014  29.435  -63.370  85.159 0.0000000000
64785  47.913  -34.893  73.780 0.0000000000
128810  49.085  -34.315  74.925 0.0000000000
65794  48.361  -34.614  74.665 0.0000000000
73178  53.960  -27.592  64.097 0.0000000000
68937  55.179  -31.689  70.385 0.0000000000
68954  54.723  -30.869  69.932 0.0000000000
67876  55.529  -32.027  70.152 0.0000000000
67904  55.317  -32.163  69.412 0.0000000000
142978  55.584  -32.469  69.718 0.0000000000
53145  47.596  -45.786  82.238 0.0000000000
53128  47.460  -44.974  82.663 0.0000000000
53144  48.017  -45.063  82.133 0.0000000000
152035  48.008  -43.880  82.382 0.0000000000
54283  48.268  -44.284  81.858 0.0000000000
131050  48.583  -44.541  80.997 0.0000000000
53143  48.408  -45.195  81.386 0.0000000000
35038  33.498  -62.779  82.583 0.0000000000
36085  33.167  -62.091  81.886 0.0000000000
136836  34.262  -62.928  82.544 0.0000000000
33865  34.757  -63.547  82.698 0.0000000000
65827  52.760  -34.218  73.466 0.0000000000
65828  52.248  -34.368  72.457 0.0000000000
127075  53.437  -33.704  72.993 0.0000000000
67776  54.355  -31.919  74.991 0.0000000000
66757  53.895  -33.189  74.830 0.0000000000
135363  52.567  -35.799  77.231 0.0000000000
138881  53.309  -35.833  76.877 0.0000000000
62634  52.882  -36.601  76.922 0.0000000000
61555  52.484  -37.476  76.925 0.0000000000
43560  41.067  -54.088  86.075 0.0000000000
45491  41.378  -52.981  86.398 0.0000000000
43559  41.649  -53.760  85.605 0.0000000000
40385  35.427  -56.027  87.507 0.0000000000
150206  35.490  -55.203  89.021 0.0000000000
42526  36.220  -55.182  88.953 0.0000000000
43511  36.493  -54.229  89.120 0.0000000000
42525  37.033  -55.053  88.827 0.0000000000
42543  37.419  -55.451  88.314 0.0000000000
139544  36.947  -55.759  87.972 0.0000000000
74263  57.801  -26.483  65.499 0.0000000000
73154  58.904  -26.657  65.286 0.0000000000
72125  59.086  -27.333  65.503 0.0000000000
72139  58.969  -27.874  65.659 0.0000000000
71093  58.600  -28.379  65.463 0.0000000000
71067  52.932  -28.981  68.087 0.0000000000
72121  52.948  -30.024  66.077 0.0000000000
66860  52.861  -33.647  67.242 0.0000000000
66861  52.465  -32.738  66.893 0.0000000000
50890  43.328  -48.523  84.223 0.0000000000
50921  43.403  -48.220  83.144 0.0000000000
52020  43.892  -47.778  83.332 0.0000000000
56491  45.634  -43.272  79.989 0.0000000000
56497  45.575  -43.062  79.328 0.0000000000
61497  47.595  -38.197  80.825 0.0000000000
61498  47.222  -38.135  80.522 0.0000000000
62586  47.281  -37.818  80.080 0.0000000000
63723  46.874  -36.586  79.159 0.0000000000
62595  47.621  -37.671  79.468 0.0000000000
61527  47.810  -37.971  79.285 0.0000000000
61508  48.446  -38.302  80.330 0.0000000000
55381  49.489  -43.184  77.788 0.0000000000
57534  49.183  -41.574  77.920 0.0000000000
56506  49.905  -42.658  76.818 0.0000000000
56516  50.684  -42.965  76.240 0.0000000000
36075  30.348  -62.123  83.081 0.0000000000
150068  30.502  -61.340  82.483 0.0000000000
36074  31.255  -62.510  83.261 0.0000000000
35031  32.094  -62.870  83.507 0.0000000000
35023  31.937  -63.281  84.133 0.0000000000
33846  32.002  -63.887  84.347 0.0000000000
65817  50.168  -35.234  74.176 0.0000000000
64826  49.909  -35.789  72.617 0.0000000000
64810  50.567  -35.460  73.241 0.0000000000
65816  51.138  -35.099  73.989 0.0000000000
66759  51.532  -33.399  75.188 0.0000000000
65792  50.673  -34.049  75.133 0.0000000000
66723  50.329  -33.223  76.728 0.0000000000
66722  51.189  -33.086  76.788 0.0000000000
65734  51.000  -34.386  77.336 0.0000000000
63748  51.801  -35.070  77.527 0.0000000000
64712  51.263  -34.853  77.538 0.0000000000
38196  34.246  -59.833  83.066 0.0000000000
37142  33.754  -59.701  84.003 0.0000000000
37161  34.190  -60.083  83.641 0.0000000000
37139  36.548  -59.903  84.083 0.0000000000
37120  35.185  -59.542  84.246 0.0000000000
37119  36.249  -59.489  84.298 0.0000000000
38147  34.926  -58.220  85.028 0.0000000000
38161  36.055  -58.781  84.307 0.0000000000
39290  36.611  -58.580  84.300 0.0000000000
74294  55.331  -26.035  64.574 0.0000000000
74284  55.685  -25.849  65.349 0.0000000000
134276  56.669  -25.895  65.285 0.0000000000
74273  56.149  -25.872  65.955 0.0000000000
73156  55.904  -26.454  66.189 0.0000000000
74265  55.472  -26.242  66.217 0.0000000000
142702  54.482  -26.582  65.882 0.0000000000
143756  55.072  -26.578  66.134 0.0000000000
71080  54.954  -28.076  65.563 0.0000000000
68957  52.107  -31.315  70.015 0.0000000000
68967  51.794  -30.979  69.228 0.0000000000
68956  53.054  -30.443  70.092 0.0000000000
138424  54.132  -29.785  69.599 0.0000000000
69979  53.615  -29.727  69.735 0.0000000000
69990  53.723  -29.244  69.362 0.0000000000
71056  53.194  -28.787  68.633 0.0000000000
70001  54.004  -29.645  68.855 0.0000000000
70000  54.354  -30.216  69.230 0.0000000000
140285  54.889  -32.789  68.668 0.0000000000
66838  54.613  -32.154  68.554 0.0000000000
66849  54.450  -33.042  68.189 0.0000000000
65880  53.757  -33.400  67.738 0.0000000000
65879  54.199  -34.008  67.892 0.0000000000
50902  45.691  -47.231  83.255 0.0000000000
53116  45.032  -46.699  83.278 0.0000000000
52033  45.485  -46.610  83.196 0.0000000000
55351  46.651  -44.041  82.685 0.0000000000
54275  46.099  -44.631  82.500 0.0000000000
55352  46.425  -43.740  82.388 0.0000000000
55359  46.227  -43.572  81.911 0.0000000000
133027  46.434  -41.946  81.335 0.0000000000
57512  46.785  -42.058  82.218 0.0000000000
57509  47.976  -41.653  82.241 0.0000000000
57510  47.420  -40.975  82.437 0.0000000000
58463  48.140  -40.603  82.183 0.0000000000
59394  48.184  -39.545  82.082 0.0000000000
58462  48.896  -40.256  81.624 0.0000000000
57520  48.950  -41.534  81.012 0.0000000000
54290  48.663  -43.822  80.443 0.0000000000
55364  48.714  -42.487  79.924 0.0000000000
55371  48.695  -43.183  79.989 0.0000000000
55370  48.855  -43.139  79.456 0.0000000000
136561  49.047  -44.038  79.329 0.0000000000
38238  30.560  -58.615  79.974 0.0000000000
39360  30.368  -57.593  79.684 0.0000000000
127198  31.205  -58.050  79.783 0.0000000000
37197  33.462  -60.096  79.946 0.0000000000
38236  32.542  -58.924  79.957 0.0000000000
132767  33.404  -58.928  80.230 0.0000000000
39347  33.030  -57.957  81.181 0.0000000000
39345  34.085  -58.969  80.510 0.0000000000
148849  34.400  -58.919  81.208 0.0000000000
37196  34.799  -60.012  80.122 0.0000000000
66809  51.427  -33.617  70.715 0.0000000000
66817  51.537  -32.876  70.425 0.0000000000
67834  54.312  -32.490  72.040 0.0000000000
152629  53.805  -32.536  71.708 0.0000000000
67833  54.762  -32.506  72.387 0.0000000000
68928  54.734  -31.939  71.671 0.0000000000
67832  54.695  -32.800  72.687 0.0000000000
67830  55.443  -33.119  72.365 0.0000000000
67809  54.645  -33.232  73.351 0.0000000000
66742  55.052  -33.003  74.964 0.0000000000
65790  55.267  -33.984  73.875 0.0000000000
134582  55.350  -34.340  74.171 0.0000000000
141483  55.234  -35.290  73.799 0.0000000000
63785  55.236  -35.094  74.929 0.0000000000
66720  52.998  -32.924  77.013 0.0000000000
133199  53.545  -32.815  76.357 0.0000000000
65744  53.868  -33.721  76.735 0.0000000000
62649  54.076  -36.391  75.837 0.0000000000
63775  54.318  -35.049  76.336 0.0000000000
62660  54.517  -36.258  75.346 0.0000000000
62670  54.772  -36.054  74.759 0.0000000000
61582  54.251  -36.912  75.119 0.0000000000
152452  39.856  -50.848  86.231 0.0000000000
48666  40.346  -50.727  85.647 0.0000000000
47556  40.386  -50.967  86.298 0.0000000000
47553  41.850  -51.579  85.751 0.0000000000
48663  41.964  -50.982  85.386 0.0000000000
47574  42.544  -50.455  85.024 0.0000000000
48680  43.066  -49.871  84.751 0.0000000000
47572  43.288  -50.519  84.794 0.0000000000
43573  42.318  -53.598  84.601 0.0000000000
44540  42.711  -53.124  84.218 0.0000000000
46520  44.364  -51.660  83.264 0.0000000000
46505  44.034  -51.420  84.004 0.0000000000
147059  44.396  -50.851  84.183 0.0000000000
47592  44.255  -50.240  84.409 0.0000000000
146417  44.828  -49.809  84.171 0.0000000000
48698  45.007  -49.115  83.816 0.0000000000
135291  45.271  -49.883  83.670 0.0000000000
47631  46.725  -50.056  81.683 0.0000000000
48731  46.386  -49.582  82.349 0.0000000000
48730  46.851  -49.047  81.906 0.0000000000
49812  47.091  -48.091  82.230 0.0000000000
49831  47.457  -48.521  81.470 0.0000000000
48748  47.612  -48.832  80.836 0.0000000000
48770  47.256  -49.659  80.671 0.0000000000
40397  33.911  -56.521  87.103 0.0000000000
40388  33.295  -56.086  87.633 0.0000000000
46460  36.626  -51.941  87.851 0.0000000000
127130  36.692  -51.736  86.985 0.0000000000
46459  37.588  -51.544  86.830 0.0000000000
46475  38.378  -51.309  86.741 0.0000000000
141601  38.157  -51.627  87.649 0.0000000000
43529  38.526  -54.395  88.345 0.0000000000
44485  39.380  -53.320  88.018 0.0000000000
43544  39.785  -54.320  87.676 0.0000000000
42554  39.435  -54.893  87.165 0.0000000000
41519  36.046  -56.077  86.594 0.0000000000
42593  38.318  -55.238  85.217 0.0000000000
131330  59.319  -29.237  64.293 0.0000000000
141942  59.150  -29.845  63.458 0.0000000000
69012  58.842  -30.285  63.033 0.0000000000
132479  51.780  -30.674  68.404 0.0000000000
144395  51.113  -31.100  68.020 0.0000000000
72132  52.670  -29.429  65.134 0.0000000000
71098  52.179  -28.924  64.487 0.0000000000
72141  52.463  -28.894  64.603 0.0000000000
72146  52.908  -28.573  64.259 0.0000000000
73166  53.766  -28.402  64.479 0.0000000000
71082  53.103  -29.994  65.840 0.0000000000
70023  53.775  -29.711  65.241 0.0000000000
68981  53.659  -30.562  68.015 0.0000000000
70008  53.260  -30.116  67.507 0.0000000000
67937  52.415  -31.762  66.512 0.0000000000
54277  45.120  -45.563  81.976 0.0000000000
53146  44.766  -46.027  81.392 0.0000000000
54285  45.029  -45.215  80.911 0.0000000000
141708  46.696  -40.200  80.821 0.0000000000
143113  45.355  -37.279  78.984 0.0000000000
64717  46.795  -35.028  78.400 0.0000000000
64735  46.785  -36.128  77.626 0.0000000000
65751  47.656  -35.198  77.225 0.0000000000
64750  47.535  -35.456  76.424 0.0000000000
141915  47.681  -33.991  77.446 0.0000000000
65763  47.854  -33.898  76.987 0.0000000000
65737  47.860  -33.965  78.065 0.0000000000
62610  48.149  -37.433  77.913 0.0000000000
63751  48.927  -35.563  77.655 0.0000000000
137459  49.148  -36.509  77.347 0.0000000000
62622  50.386  -36.196  77.317 0.0000000000
62637  49.844  -37.097  76.848 0.0000000000
59422  48.853  -40.182  79.879 0.0000000000
59439  48.601  -39.517  79.349 0.0000000000
59438  48.815  -40.190  78.700 0.0000000000
59451  49.209  -40.055  77.571 0.0000000000
60515  50.302  -38.657  76.647 0.0000000000
59462  50.884  -39.411  76.641 0.0000000000
136419  51.823  -39.120  76.684 0.0000000000
58512  51.539  -39.862  76.431 0.0000000000
56514  51.997  -41.913  75.985 0.0000000000
49857  48.009  -48.288  79.738 0.0000000000
50959  49.111  -46.966  80.226 0.0000000000
49856  48.641  -47.563  79.342 0.0000000000
36058  29.781  -62.509  83.795 0.0000000000
35024  30.582  -62.994  83.924 0.0000000000
35012  31.227  -63.585  84.523 0.0000000000
35013  30.309  -63.523  84.879 0.0000000000
64811  49.512  -35.699  73.524 0.0000000000
65793  49.883  -34.633  74.905 0.0000000000
65776  49.732  -33.807  75.500 0.0000000000
65761  49.290  -33.669  76.064 0.0000000000
65749  49.484  -33.565  76.692 0.0000000000
37184  36.649  -60.301  80.884 0.0000000000
127899  36.025  -60.044  82.973 0.0000000000
37173  36.919  -59.875  81.911 0.0000000000
37172  37.869  -59.851  82.160 0.0000000000
74285  54.736  -25.935  65.426 0.0000000000
74275  54.414  -26.153  65.986 0.0000000000
73164  54.460  -26.509  65.628 0.0000000000
68940  53.994  -31.211  70.665 0.0000000000
68955  53.773  -30.361  70.233 0.0000000000
69964  54.154  -30.477  70.268 0.0000000000
69977  54.416  -30.394  70.069 0.0000000000
68965  54.616  -30.745  69.573 0.0000000000
68974  54.608  -30.921  69.327 0.0000000000
67893  54.919  -31.513  69.484 0.0000000000
66837  55.051  -32.109  68.966 0.0000000000
52031  46.568  -46.682  82.752 0.0000000000
127602  46.416  -46.119  82.897 0.0000000000
53129  46.965  -45.916  82.641 0.0000000000
54273  47.014  -44.451  82.894 0.0000000000
55350  47.089  -43.552  82.973 0.0000000000
56471  47.070  -42.712  82.904 0.0000000000
55349  47.686  -43.249  82.557 0.0000000000
56480  48.125  -42.595  82.099 0.0000000000
56486  48.735  -42.158  80.895 0.0000000000
54282  48.528  -43.574  81.216 0.0000000000
54298  48.800  -44.990  80.271 0.0000000000
37187  31.690  -60.200  80.813 0.0000000000
37186  32.406  -60.588  80.750 0.0000000000
36107  33.016  -60.504  80.375 0.0000000000
36106  33.614  -60.853  80.332 0.0000000000
36105  34.354  -61.249  80.259 0.0000000000
36095  34.420  -61.940  80.793 0.0000000000
64825  50.862  -35.274  72.054 0.0000000000
65836  51.931  -34.035  71.414 0.0000000000
66795  52.553  -33.539  71.628 0.0000000000
66807  52.674  -32.634  71.037 0.0000000000
66794  53.891  -33.157  72.480 0.0000000000
67812  54.721  -32.917  73.251 0.0000000000
67789  54.956  -32.308  74.333 0.0000000000
67790  54.947  -32.196  74.218 0.0000000000
130976  54.889  -32.238  75.221 0.0000000000
65774  54.962  -33.096  75.768 0.0000000000
64732  52.599  -34.505  77.189 0.0000000000
64731  53.366  -34.424  76.944 0.0000000000
63763  52.995  -35.161  77.149 0.0000000000
61553  53.477  -36.527  76.366 0.0000000000
61570  53.497  -37.231  75.941 0.0000000000
131554  53.668  -37.420  75.470 0.0000000000
144968  53.011  -37.992  76.207 0.0000000000
60531  52.746  -38.717  76.273 0.0000000000
45467  40.338  -52.781  86.948 0.0000000000
47533  40.866  -51.324  86.587 0.0000000000
45466  40.983  -52.675  86.670 0.0000000000
46474  41.897  -52.254  85.939 0.0000000000
45489  42.385  -52.530  85.539 0.0000000000
44556  43.141  -52.926  83.646 0.0000000000
46519  45.120  -51.187  82.898 0.0000000000
47633  45.808  -50.825  82.548 0.0000000000
46531  45.675  -51.324  82.218 0.0000000000
46530  46.179  -51.289  81.757 0.0000000000
40386  34.884  -56.236  87.525 0.0000000000
142994  33.996  -55.851  88.317 0.0000000000
41481  34.887  -55.819  88.040 0.0000000000
144945  35.100  -53.605  89.647 0.0000000000
137556  35.766  -52.629  88.969 0.0000000000
45448  36.650  -52.397  88.764 0.0000000000
45447  37.441  -52.526  88.860 0.0000000000
141860  38.121  -52.089  88.474 0.0000000000
43509  38.039  -53.824  88.849 0.0000000000
42542  38.146  -55.127  88.043 0.0000000000
41504  37.965  -55.524  87.350 0.0000000000
72138  59.689  -27.520  65.401 0.0000000000
71105  59.185  -28.619  65.012 0.0000000000
71106  55.681  -28.794  64.866 0.0000000000
70003  52.329  -29.945  68.037 0.0000000000
70010  52.233  -30.111  67.340 0.0000000000
70017  51.836  -30.355  66.666 0.0000000000
71084  52.449  -29.946  65.784 0.0000000000
72131  52.752  -29.059  65.014 0.0000000000
137759  53.054  -30.074  67.010 0.0000000000
66852  52.683  -31.942  67.235 0.0000000000
49782  42.261  -49.327  84.065 0.0000000000
55367  44.867  -44.534  80.600 0.0000000000
54291  44.336  -44.689  80.320 0.0000000000
55373  44.192  -44.210  80.378 0.0000000000
55377  45.209  -44.180  79.749 0.0000000000
60460  46.889  -38.853  80.833 0.0000000000
138649  46.373  -38.950  80.248 0.0000000000
60473  46.325  -38.559  79.785 0.0000000000
61511  46.196  -37.944  79.190 0.0000000000
62612  45.750  -36.663  78.981 0.0000000000
63755  45.828  -36.755  78.304 0.0000000000
63737  46.239  -36.254  78.767 0.0000000000
63736  46.469  -35.756  79.080 0.0000000000
149809  47.688  -36.009  78.823 0.0000000000
63752  48.175  -35.775  78.343 0.0000000000
151755  47.686  -36.881  78.568 0.0000000000
57528  49.014  -41.421  79.134 0.0000000000
136548  49.089  -41.102  78.262 0.0000000000
137914  49.774  -41.028  76.904 0.0000000000
145396  51.199  -40.641  76.362 0.0000000000
57544  51.049  -41.408  76.332 0.0000000000
38225  30.202  -59.543  80.721 0.0000000000
37177  30.256  -60.684  82.106 0.0000000000
37176  31.143  -60.829  81.995 0.0000000000
150611  31.610  -61.518  82.202 0.0000000000
35039  32.632  -62.497  82.734 0.0000000000
136970  33.037  -63.158  83.478 0.0000000000
33856  33.428  -63.992  83.351 0.0000000000
35022  32.825  -64.110  83.946 0.0000000000
32680  33.185  -64.866  84.403 0.0000000000
33836  31.446  -64.433  84.996 0.0000000000
64809  51.438  -34.958  72.896 0.0000000000
65815  51.921  -34.573  73.676 0.0000000000
65791  52.353  -34.140  74.496 0.0000000000
66758  52.462  -32.988  75.028 0.0000000000
133993  52.226  -32.783  75.766 0.0000000000
66721  52.101  -33.234  76.832 0.0000000000
66734  50.884  -32.900  76.229 0.0000000000
65746  52.398  -33.823  77.056 0.0000000000
151278  52.146  -34.841  77.373 0.0000000000
63765  51.879  -35.645  77.479 0.0000000000
43575  41.418  -54.225  85.432 0.0000000000
38166  33.000  -57.759  84.070 0.0000000000
39292  32.757  -57.308  85.059 0.0000000000
38180  33.661  -58.604  84.107 0.0000000000
38164  33.849  -58.474  84.681 0.0000000000
38148  33.843  -57.787  85.276 0.0000000000
37141  34.591  -60.086  83.976 0.0000000000
38163  34.293  -58.339  85.044 0.0000000000
38137  34.274  -57.210  85.457 0.0000000000
39273  34.923  -56.830  86.338 0.0000000000
39272  35.287  -57.305  86.535 0.0000000000
40395  35.515  -56.569  87.044 0.0000000000
41491  36.170  -55.844  87.376 0.0000000000
39271  35.272  -57.158  86.673 0.0000000000
39291  35.230  -57.653  84.996 0.0000000000
39300  37.186  -58.722  84.805 0.0000000000
74272  57.401  -26.018  65.587 0.0000000000
73155  57.436  -26.707  65.670 0.0000000000
71078  57.324  -27.833  65.924 0.0000000000
72127  56.790  -27.012  65.788 0.0000000000
144095  56.533  -27.608  65.920 0.0000000000
71079  55.816  -27.892  65.870 0.0000000000
71096  55.287  -28.406  65.272 0.0000000000
70022  54.013  -29.423  64.822 0.0000000000
68968  51.293  -31.257  68.669 0.0000000000
69992  52.481  -30.101  68.788 0.0000000000
70002  52.800  -29.096  68.398 0.0000000000
71066  53.163  -29.065  68.059 0.0000000000
70007  53.746  -29.956  68.331 0.0000000000
67920  54.157  -31.356  68.358 0.0000000000
67906  54.625  -31.434  68.931 0.0000000000
50904  44.657  -47.663  83.775 0.0000000000
52019  44.433  -47.298  83.330 0.0000000000
52018  44.704  -47.173  83.414 0.0000000000
53132  45.130  -45.977  82.804 0.0000000000
54276  45.561  -45.168  82.296 0.0000000000
53130  45.962  -45.881  83.062 0.0000000000
55360  45.597  -44.266  81.371 0.0000000000
56481  45.996  -43.380  81.142 0.0000000000
56487  46.100  -42.740  80.473 0.0000000000
57526  46.498  -41.340  80.033 0.0000000000
137383  46.244  -41.876  80.543 0.0000000000
58475  46.679  -40.782  81.430 0.0000000000
57511  46.992  -41.440  82.383 0.0000000000
58465  47.072  -40.347  82.200 0.0000000000
58474  46.865  -40.136  81.845 0.0000000000
59395  47.362  -39.450  82.118 0.0000000000
60445  47.725  -38.853  81.912 0.0000000000
147225  48.977  -38.645  81.315 0.0000000000
60457  48.969  -38.570  80.707 0.0000000000
141089  49.169  -39.229  80.951 0.0000000000
58485  49.153  -39.986  80.606 0.0000000000
58484  49.299  -40.733  80.297 0.0000000000
56485  48.868  -41.764  80.285 0.0000000000
57525  49.258  -41.254  80.020 0.0000000000
56495  49.105  -42.757  78.730 0.0000000000
39303  32.042  -57.344  84.138 0.0000000000
38237  31.627  -58.705  79.821 0.0000000000
153389  31.898  -57.309  82.750 0.0000000000
39329  32.471  -57.646  82.840 0.0000000000
39302  32.674  -57.703  83.543 0.0000000000
38197  33.834  -59.100  83.182 0.0000000000
38213  34.832  -59.477  81.958 0.0000000000
139156  35.459  -59.755  81.580 0.0000000000
141778  34.990  -60.784  80.054 0.0000000000
37194  36.262  -60.656  80.204 0.0000000000
67877  52.782  -31.656  70.549 0.0000000000
67857  53.391  -32.217  71.073 0.0000000000
153542  55.265  -31.952  71.206 0.0000000000
67855  55.589  -32.295  70.899 0.0000000000
65843  56.024  -33.479  70.691 0.0000000000
66793  55.923  -33.212  71.875 0.0000000000
66777  55.610  -33.497  72.485 0.0000000000
151567  55.619  -34.323  72.736 0.0000000000
66778  54.827  -33.338  73.278 0.0000000000
150533  55.439  -34.025  73.336 0.0000000000
66743  54.049  -32.597  75.491 0.0000000000
66731  54.346  -32.699  75.867 0.0000000000
65758  54.919  -33.919  75.814 0.0000000000
64730  53.967  -34.509  76.674 0.0000000000
64748  54.852  -34.807  75.852 0.0000000000
64764  55.187  -34.580  75.353 0.0000000000
63786  54.924  -35.626  75.130 0.0000000000
48684  40.288  -50.572  84.994 0.0000000000
49783  41.850  -50.144  84.527 0.0000000000
47555  40.851  -51.073  86.216 0.0000000000
48682  41.622  -50.411  84.975 0.0000000000
49765  42.183  -49.627  84.457 0.0000000000
129654  42.721  -49.261  84.480 0.0000000000
153053  43.679  -48.525  84.399 0.0000000000
44525  42.148  -53.484  85.262 0.0000000000
44509  42.315  -53.031  85.479 0.0000000000
136650  42.783  -52.124  85.138 0.0000000000
44539  43.250  -52.772  83.544 0.0000000000
46506  43.300  -51.923  84.553 0.0000000000
46492  43.057  -51.480  84.996 0.0000000000
48679  43.758  -49.561  84.589 0.0000000000
50889  44.057  -48.096  84.216 0.0000000000
49781  44.669  -48.366  84.025 0.0000000000
50903  45.240  -47.751  83.577 0.0000000000
50920  45.921  -47.857  83.266 0.0000000000
47610  45.834  -49.967  82.872 0.0000000000
49800  46.089  -48.502  83.128 0.0000000000
49799  46.496  -47.984  82.878 0.0000000000
50918  46.817  -47.355  82.549 0.0000000000
50934  47.416  -47.269  81.992 0.0000000000
50933  47.953  -47.128  81.477 0.0000000000
52065  48.461  -46.632  81.158 0.0000000000
50945  48.316  -47.313  81.119 0.0000000000
49843  48.015  -48.128  80.391 0.0000000000
48787  47.539  -49.106  79.840 0.0000000000
47669  46.943  -50.246  80.623 0.0000000000
47684  46.947  -50.114  80.104 0.0000000000
39276  32.613  -56.652  86.265 0.0000000000
42529  33.582  -55.037  89.204 0.0000000000
46493  38.541  -50.955  85.927 0.0000000000
47557  39.174  -50.905  86.541 0.0000000000
46457  39.609  -51.606  87.175 0.0000000000
45446  38.771  -52.627  88.284 0.0000000000
45445  39.404  -52.387  87.799 0.0000000000
45444  39.874  -52.451  87.138 0.0000000000
44495  40.282  -53.878  87.365 0.0000000000
43542  40.731  -54.014  86.728 0.0000000000
42568  40.209  -54.914  86.182 0.0000000000
41505  37.040  -55.728  87.495 0.0000000000
41518  37.185  -55.753  86.982 0.0000000000
41517  38.201  -55.550  86.909 0.0000000000
41531  37.858  -55.550  86.441 0.0000000000
41530  38.790  -55.522  86.451 0.0000000000
42569  39.527  -55.260  86.439 0.0000000000
132098  27.179  -61.834  85.771 0.0000000000
69010  59.930  -30.531  62.903 0.0000000000
144319  54.132  -27.770  64.431 0.0000000000
73165  54.375  -27.509  64.999 0.0000000000
127270  54.484  -28.060  65.032 0.0000000000
150351  53.068  -30.357  66.158 0.0000000000
69003  52.648  -31.066  64.383 0.0000000000
64786  47.170  -34.886  73.699 0.0000000000
52034  44.402  -47.038  82.881 0.0000000000
53134  44.325  -46.774  81.969 0.0000000000
64736  46.199  -36.561  76.803 0.0000000000
64766  46.908  -35.553  74.778 0.0000000000
65779  47.539  -35.092  75.576 0.0000000000
65778  47.841  -34.650  75.150 0.0000000000
142019  48.039  -34.427  76.132 0.0000000000
141944  48.896  -33.769  77.415 0.0000000000
65736  49.087  -33.918  77.787 0.0000000000
64715  48.336  -35.128  78.004 0.0000000000
64714  49.237  -34.711  77.657 0.0000000000
64713  50.298  -34.909  77.426 0.0000000000
62636  51.306  -36.073  77.445 0.0000000000
131796  50.915  -36.865  77.097 0.0000000000
60487  48.483  -38.833  79.837 0.0000000000
61541  48.730  -38.121  77.673 0.0000000000
59452  48.813  -39.544  78.013 0.0000000000
61558  49.559  -37.922  76.819 0.0000000000
60514  51.251  -38.260  76.848 0.0000000000
61556  51.638  -37.558  77.076 0.0000000000
60513  52.132  -38.415  76.935 0.0000000000
134911  52.421  -38.942  76.570 0.0000000000
58522  52.071  -39.948  76.093 0.0000000000
57543  51.778  -41.019  76.175 0.0000000000
58523  51.937  -40.627  76.105 0.0000000000
52064  48.998  -46.507  80.623 0.0000000000
53166  49.034  -45.957  80.474 0.0000000000
53165  49.193  -45.866  79.984 0.0000000000
50990  48.978  -47.086  78.892 0.0000000000
50989  49.106  -46.787  79.209 0.0000000000
53174  49.162  -45.871  79.227 0.0000000000
135279  49.203  -45.253  78.810 0.0000000000
35050  34.103  -62.400  81.748 0.0000000000
36073  31.831  -62.086  82.828 0.0000000000
36097  32.853  -61.264  81.110 0.0000000000
37138  37.234  -59.736  84.134 0.0000000000
37140  35.708  -59.905  83.930 0.0000000000
37159  36.840  -59.786  83.319 0.0000000000
37162  33.856  -60.005  83.736 0.0000000000
37175  35.122  -59.974  82.735 0.0000000000
37185  35.799  -59.973  80.753 0.0000000000
37188  30.730  -60.139  81.277 0.0000000000
37195  35.503  -60.352  80.174 0.0000000000
38149  33.499  -57.521  85.221 0.0000000000
38162  34.817  -58.768  84.711 0.0000000000
38165  33.279  -57.762  84.641 0.0000000000
38198  33.437  -58.462  83.643 0.0000000000
38214  34.249  -59.097  82.291 0.0000000000
38224  35.136  -59.438  80.981 0.0000000000
38234  34.661  -59.392  80.504 0.0000000000
39282  34.889  -57.441  85.580 0.0000000000
39283  33.871  -57.102  85.772 0.0000000000
39284  32.977  -57.013  85.695 0.0000000000
39301  36.121  -57.924  84.170 0.0000000000
39311  33.183  -58.220  82.943 0.0000000000
39312  31.894  -57.344  83.500 0.0000000000
39328  32.885  -58.004  82.155 0.0000000000
39346  33.674  -58.436  80.829 0.0000000000
39358  32.896  -58.249  80.298 0.0000000000
40387  34.173  -56.150  87.739 0.0000000000
40396  35.220  -56.684  87.154 0.0000000000
40398  33.007  -56.381  86.961 0.0000000000
40405  35.096  -56.912  85.837 0.0000000000
40451  32.280  -57.522  81.778 0.0000000000
41483  33.502  -55.529  88.650 0.0000000000
41490  36.652  -55.586  88.427 0.0000000000
41492  34.523  -55.916  87.938 0.0000000000
41506  35.995  -56.117  87.012 0.0000000000
41516  38.803  -55.392  86.976 0.0000000000
41520  35.479  -56.469  86.071 0.0000000000
41601  29.856  -56.968  79.611 0.0000000000
42527  34.870  -55.494  88.794 0.0000000000
42541  38.950  -54.676  87.741 0.0000000000
42578  41.131  -54.583  85.213 0.0000000000
43528  39.297  -54.110  88.063 0.0000000000
43530  37.790  -54.751  88.587 0.0000000000
43543  40.161  -54.413  87.107 0.0000000000
43561  40.518  -54.478  86.504 0.0000000000
43574  41.951  -53.956  85.010 0.0000000000
43584  42.519  -53.570  83.847 0.0000000000
43595  42.923  -53.240  83.231 0.0000000000
44468  37.459  -53.197  89.137 0.0000000000
44469  36.764  -53.333  89.306 0.0000000000
44470  35.965  -53.312  89.522 0.0000000000
44484  39.958  -53.220  87.546 0.0000000000
44511  41.354  -53.474  86.191 0.0000000000
44524  42.472  -53.222  84.959 0.0000000000
45429  36.953  -52.823  89.213 0.0000000000
45430  36.314  -52.859  89.329 0.0000000000
45465  41.530  -52.521  86.338 0.0000000000
45490  41.878  -52.880  85.984 0.0000000000
45525  43.626  -52.123  83.716 0.0000000000
45526  43.098  -52.551  84.212 0.0000000000
45538  44.746  -51.726  82.470 0.0000000000
46446  38.878  -51.692  87.972 0.0000000000
46447  37.370  -51.944  88.312 0.0000000000
46455  41.327  -51.861  86.430 0.0000000000
46456  40.484  -51.935  86.780 0.0000000000
46473  42.425  -51.915  85.415 0.0000000000
46476  37.007  -51.655  86.104 0.0000000000
46504  44.708  -51.010  83.660 0.0000000000
47535  39.763  -50.955  86.892 0.0000000000
47576  38.659  -50.874  85.036 0.0000000000
47591  44.853  -50.427  83.994 0.0000000000
47651  46.618  -50.880  81.593 0.0000000000
48664  41.368  -50.763  85.518 0.0000000000
48683  40.947  -50.471  85.047 0.0000000000
48701  40.380  -50.681  84.137 0.0000000000
48715  46.137  -49.141  82.888 0.0000000000
48749  47.196  -49.465  81.248 0.0000000000
48769  47.581  -48.997  80.226 0.0000000000
49762  44.018  -48.713  84.502 0.0000000000
49780  45.424  -48.410  83.552 0.0000000000
49830  48.059  -48.016  81.044 0.0000000000
49842  48.614  -47.517  79.964 0.0000000000
50906  43.276  -48.370  83.735 0.0000000000
50919  46.278  -47.328  82.988 0.0000000000
50974  49.055  -47.060  79.586 0.0000000000
51005  49.217  -46.776  78.400 0.0000000000
52048  47.752  -46.544  81.756 0.0000000000
52077  49.212  -46.454  79.593 0.0000000000
52078  49.248  -46.483  80.172 0.0000000000
53117  44.896  -46.650  83.165 0.0000000000
53131  45.691  -45.458  82.844 0.0000000000
53133  44.761  -46.293  82.481 0.0000000000
53156  48.749  -45.975  80.990 0.0000000000
54297  49.057  -44.965  79.513 0.0000000000
54299  44.287  -44.708  80.312 0.0000000000
55357  48.485  -42.731  81.389 0.0000000000
55372  44.970  -44.392  80.135 0.0000000000
55376  49.251  -43.625  78.721 0.0000000000
56473  46.611  -42.865  82.495 0.0000000000
56488  45.629  -43.692  80.403 0.0000000000
56501  49.341  -42.348  77.781 0.0000000000
56505  50.886  -42.146  76.292 0.0000000000
57499  47.209  -41.909  82.520 0.0000000000
57500  46.873  -42.334  82.602 0.0000000000
57508  48.667  -41.173  81.695 0.0000000000
57553  51.978  -41.236  76.089 0.0000000000
58473  49.328  -40.497  80.928 0.0000000000
59396  47.007  -39.407  81.975 0.0000000000
59410  48.407  -38.693  81.648 0.0000000000
59411  46.884  -39.380  81.522 0.0000000000
59461  52.312  -39.392  76.325 0.0000000000
59472  52.599  -39.327  75.969 0.0000000000
60446  47.313  -38.851  81.795 0.0000000000
60458  47.840  -38.435  81.451 0.0000000000
60488  46.000  -38.690  79.472 0.0000000000
60516  49.189  -38.801  77.276 0.0000000000
61496  48.609  -38.195  81.070 0.0000000000
61499  46.887  -38.280  80.277 0.0000000000
61509  48.226  -38.078  80.387 0.0000000000
61510  47.747  -37.960  80.281 0.0000000000
61512  45.299  -37.604  79.087 0.0000000000
62587  46.837  -37.829  79.738 0.0000000000
62597  46.837  -37.326  79.353 0.0000000000
62599  45.743  -37.132  79.007 0.0000000000
62611  46.189  -36.565  79.094 0.0000000000
63734  47.698  -35.248  78.492 0.0000000000
63735  47.182  -35.742  79.041 0.0000000000
63738  45.715  -36.624  78.871 0.0000000000
63753  46.433  -35.477  78.842 0.0000000000
63754  46.116  -36.063  78.750 0.0000000000
63766  46.321  -36.433  77.935 0.0000000000
63796  55.088  -35.471  74.515 0.0000000000
64699  46.893  -34.968  78.939 0.0000000000
64711  51.864  -34.513  77.338 0.0000000000
64733  47.591  -34.876  77.870 0.0000000000
64734  47.089  -35.361  77.903 0.0000000000
64749  54.417  -34.209  76.303 0.0000000000
64763  55.353  -34.446  74.764 0.0000000000
64765  47.118  -34.922  74.458 0.0000000000
64783  55.334  -34.918  74.177 0.0000000000
64807  55.495  -34.396  73.133 0.0000000000
64808  55.419  -34.869  73.413 0.0000000000
64823  55.738  -34.524  72.288 0.0000000000
65748  50.678  -33.776  77.051 0.0000000000
65750  48.167  -33.812  77.392 0.0000000000
65760  53.752  -32.942  76.731 0.0000000000
65762  48.568  -33.811  76.633 0.0000000000
65772  55.234  -33.726  74.476 0.0000000000
65775  50.734  -33.260  75.705 0.0000000000
65814  55.062  -33.540  73.262 0.0000000000
65826  55.853  -34.014  72.400 0.0000000000
66732  52.615  -32.804  76.404 0.0000000000
66733  51.719  -32.835  76.288 0.0000000000
66754  55.099  -33.229  74.003 0.0000000000
66756  54.946  -31.957  74.748 0.0000000000
66806  55.977  -33.150  71.057 0.0000000000
66816  55.876  -32.974  70.282 0.0000000000
66825  55.751  -32.802  69.891 0.0000000000
66826  55.606  -32.989  69.599 0.0000000000
67788  55.120  -32.838  74.256 0.0000000000
67791  54.137  -32.975  74.216 0.0000000000
67808  55.026  -33.248  72.757 0.0000000000
67810  54.839  -32.910  73.620 0.0000000000
67831  54.833  -33.075  72.770 0.0000000000
67854  55.803  -32.832  71.453 0.0000000000
67891  55.736  -32.469  70.061 0.0000000000
67892  55.404  -32.032  69.692 0.0000000000
68927  55.052  -32.156  71.927 0.0000000000
68929  54.372  -31.906  71.395 0.0000000000
68938  54.782  -31.500  70.752 0.0000000000
69976  54.377  -30.150  69.598 0.0000000000
71077  58.167  -28.005  65.895 0.0000000000
71092  59.452  -28.075  65.389 0.0000000000
72126  57.744  -27.440  65.773 0.0000000000
74270  59.040  -26.337  65.106 0.0000000000
74271  58.294  -26.319  65.199 0.0000000000
74286  54.415  -26.364  65.352 0.0000000000
127110  46.693  -45.353  82.858 0.0000000000
129366  49.200  -39.838  81.161 0.0000000000
130748  53.965  -35.776  76.336 0.0000000000
131631  38.461  -55.510  86.003 0.0000000000
132978  38.101  -52.954  88.755 0.0000000000
133268  46.305  -51.090  82.064 0.0000000000
133298  35.416  -59.152  84.392 0.0000000000
133461  47.156  -36.066  76.836 0.0000000000
133910  32.271  -57.054  85.281 0.0000000000
134234  48.398  -34.013  78.225 0.0000000000
134263  37.815  -51.445  86.018 0.0000000000
134289  55.036  -35.190  75.403 0.0000000000
136585  31.970  -59.381  80.006 0.0000000000
137431  37.687  -59.021  85.027 0.0000000000
137814  49.796  -33.713  77.255 0.0000000000
138240  30.492  -57.070  79.864 0.0000000000
139930  33.208  -59.504  80.021 0.0000000000
141123  40.466  -53.262  87.038 0.0000000000
141198  47.110  -38.936  81.627 0.0000000000
141565  55.499  -33.873  72.896 0.0000000000
141962  35.268  -60.080  83.552 0.0000000000
142425  58.230  -27.169  65.531 0.0000000000
142694  49.141  -40.931  81.173 0.0000000000
143323  47.871  -34.440  78.218 0.0000000000
144113  34.221  -60.394  79.996 0.0000000000
145084  49.577  -35.167  77.459 0.0000000000
146062  47.918  -44.422  82.437 0.0000000000
146712  34.680  -56.573  87.123 0.0000000000
148435  44.318  -47.664  83.686 0.0000000000
148577  48.766  -46.953  80.756 0.0000000000
148721  35.666  -55.631  88.314 0.0000000000
149021  46.768  -39.986  81.359 0.0000000000
150501  47.305  -37.473  79.440 0.0000000000
150602  35.243  -57.395  86.022 0.0000000000
151327  35.446  -58.032  84.564 0.0000000000
151738  35.621  -52.964  89.507 0.0000000000
152256  29.360  -62.635  84.203 0.0000000000
152876  32.588  -57.418  84.559 0.0000000000
153110  52.186  -39.484  76.418 0.0000000000
153622  33.908  -60.103  83.931 0.0000000000
