#!ascii label  , from subject sub1 vox2ras=TkReg
1205
52042  20.719  -44.457  83.228 0.0000000000
141784  32.982  -50.805  85.903 0.0000000000
70070  41.258  -28.647  61.700 0.0000000000
61599  33.152  -38.305  74.200 0.0000000000
133224  38.175  -43.219  78.743 0.0000000000
77320  54.110  -21.950  53.649 0.0000000000
150587  42.001  -29.967  66.624 0.0000000000
66856  35.865  -31.494  67.263 0.0000000000
49793  15.726  -48.043  83.977 0.0000000000
49789  26.551  -47.470  84.637 0.0000000000
48795  28.205  -49.649  79.472 0.0000000000
129405  23.055  -45.217  79.143 0.0000000000
74342  48.012  -24.743  58.194 0.0000000000
143666  23.012  -46.850  88.192 0.0000000000
53084  17.876  -43.717  88.124 0.0000000000
74301  46.424  -25.058  62.806 0.0000000000
49723  13.701  -47.535  89.513 0.0000000000
45427  11.026  -52.622  90.013 0.0000000000
65821  35.518  -32.931  73.817 0.0000000000
59482  36.240  -40.231  76.348 0.0000000000
54350  34.937  -44.515  74.226 0.0000000000
51013  32.220  -47.176  77.563 0.0000000000
153120  41.256  -29.688  70.007 0.0000000000
67944  39.141  -30.114  66.926 0.0000000000
67900  38.407  -30.770  69.333 0.0000000000
67910  44.226  -29.326  69.342 0.0000000000
134049  18.602  -46.917  80.891 0.0000000000
48744  16.711  -48.909  81.651 0.0000000000
52044  17.077  -45.823  83.463 0.0000000000
52040  23.885  -45.279  83.859 0.0000000000
138311  25.333  -45.660  81.708 0.0000000000
52072  21.957  -44.762  80.911 0.0000000000
52101  20.287  -46.358  79.316 0.0000000000
71172  40.964  -27.590  59.830 0.0000000000
70058  44.242  -28.503  63.975 0.0000000000
72187  44.135  -27.363  61.582 0.0000000000
147984  44.492  -26.091  59.622 0.0000000000
148179  17.216  -44.116  91.555 0.0000000000
51969  15.489  -45.196  89.007 0.0000000000
137135  15.163  -45.272  92.133 0.0000000000
134844  10.822  -49.809  94.439 0.0000000000
46426  12.100  -50.253  91.867 0.0000000000
45411  10.213  -51.566  92.306 0.0000000000
44451  7.728  -53.035  92.256 0.0000000000
44424  7.846  -51.877  94.761 0.0000000000
61543  36.993  -37.833  79.855 0.0000000000
58527  38.271  -41.786  77.282 0.0000000000
56555  38.161  -42.352  74.364 0.0000000000
54329  37.693  -44.610  75.719 0.0000000000
49903  25.986  -48.923  77.291 0.0000000000
48829  30.133  -49.393  77.695 0.0000000000
49946  28.449  -48.486  75.498 0.0000000000
53229  30.019  -45.605  75.411 0.0000000000
64821  33.096  -34.283  74.067 0.0000000000
65842  33.341  -33.597  70.789 0.0000000000
62713  31.604  -36.359  71.393 0.0000000000
137169  56.982  -20.483  51.799 0.0000000000
78305  54.654  -21.251  52.085 0.0000000000
66907  41.905  -29.940  63.924 0.0000000000
66895  39.521  -30.504  64.301 0.0000000000
68991  44.774  -29.226  66.787 0.0000000000
48705  28.449  -49.653  84.805 0.0000000000
127675  30.767  -50.460  83.129 0.0000000000
48759  27.045  -49.041  81.848 0.0000000000
50982  26.132  -46.955  79.163 0.0000000000
134588  23.975  -45.174  76.311 0.0000000000
74320  49.242  -24.643  60.356 0.0000000000
129528  50.433  -24.351  57.893 0.0000000000
75382  51.163  -23.416  56.197 0.0000000000
76329  50.951  -22.770  53.532 0.0000000000
136580  21.628  -45.622  85.803 0.0000000000
149237  18.673  -43.799  85.574 0.0000000000
53083  20.412  -45.120  88.495 0.0000000000
143269  24.414  -46.495  86.461 0.0000000000
126985  47.078  -25.357  60.237 0.0000000000
52004  16.497  -44.886  85.898 0.0000000000
49757  14.534  -47.651  86.341 0.0000000000
46469  13.075  -50.403  86.946 0.0000000000
49685  13.160  -48.276  92.184 0.0000000000
46444  12.378  -50.290  89.717 0.0000000000
43443  4.244  -53.369  95.569 0.0000000000
66783  38.232  -31.352  73.459 0.0000000000
62654  33.305  -36.419  76.139 0.0000000000
61546  35.380  -37.611  78.151 0.0000000000
60553  34.428  -38.913  75.335 0.0000000000
58570  36.568  -41.553  73.134 0.0000000000
55454  36.746  -43.429  71.896 0.0000000000
133383  32.866  -43.629  72.002 0.0000000000
48756  32.952  -49.949  81.102 0.0000000000
49861  34.230  -48.156  79.750 0.0000000000
52130  35.852  -45.843  77.791 0.0000000000
53211  33.530  -45.133  76.179 0.0000000000
54371  31.428  -43.999  73.964 0.0000000000
147032  35.962  -32.000  69.852 0.0000000000
65884  33.705  -32.963  67.288 0.0000000000
67885  40.711  -29.824  71.231 0.0000000000
130197  39.882  -30.194  69.952 0.0000000000
67886  39.952  -30.188  70.829 0.0000000000
67884  42.297  -29.558  71.086 0.0000000000
52058  19.085  -45.403  81.917 0.0000000000
50942  17.991  -46.417  81.991 0.0000000000
146091  18.962  -44.463  83.156 0.0000000000
52041  21.775  -44.557  83.724 0.0000000000
52055  22.884  -44.750  82.861 0.0000000000
127666  21.423  -44.425  82.715 0.0000000000
50953  20.296  -44.970  80.916 0.0000000000
71141  41.035  -28.037  60.904 0.0000000000
70068  42.641  -28.893  62.495 0.0000000000
71126  43.999  -28.154  63.139 0.0000000000
71139  42.763  -28.355  61.868 0.0000000000
72200  42.851  -27.286  60.415 0.0000000000
46411  10.439  -50.284  94.655 0.0000000000
45409  10.913  -50.826  93.126 0.0000000000
45405  9.775  -51.028  93.888 0.0000000000
128171  9.365  -51.941  92.122 0.0000000000
145010  8.546  -51.911  93.544 0.0000000000
44433  8.053  -52.058  93.990 0.0000000000
146264  38.935  -41.088  79.255 0.0000000000
56509  39.388  -42.116  77.856 0.0000000000
55399  39.057  -42.882  76.260 0.0000000000
54321  38.231  -44.341  77.159 0.0000000000
47597  33.396  -50.432  84.488 0.0000000000
137201  25.695  -47.241  75.504 0.0000000000
49925  27.516  -49.077  76.166 0.0000000000
49948  26.525  -48.254  75.340 0.0000000000
152848  27.833  -48.104  74.232 0.0000000000
62685  32.428  -37.171  74.018 0.0000000000
63835  32.065  -35.481  72.759 0.0000000000
77308  54.097  -22.434  55.328 0.0000000000
77312  55.216  -21.867  54.907 0.0000000000
77319  55.062  -21.672  54.032 0.0000000000
78299  55.770  -21.188  53.491 0.0000000000
77325  53.988  -21.745  52.465 0.0000000000
66878  41.756  -30.325  65.162 0.0000000000
127125  40.663  -30.068  64.173 0.0000000000
66880  40.437  -30.347  65.005 0.0000000000
67932  37.456  -30.545  67.243 0.0000000000
67956  38.053  -30.431  65.652 0.0000000000
66868  36.656  -31.160  65.799 0.0000000000
67926  43.140  -29.463  67.906 0.0000000000
126907  43.740  -29.733  66.668 0.0000000000
67963  43.717  -29.852  65.209 0.0000000000
49808  15.955  -48.419  83.032 0.0000000000
133240  14.598  -49.147  84.393 0.0000000000
49787  27.449  -48.895  84.295 0.0000000000
48721  27.588  -49.052  83.444 0.0000000000
137308  27.331  -47.946  83.142 0.0000000000
50968  24.529  -45.261  79.951 0.0000000000
50966  26.216  -46.579  80.011 0.0000000000
50983  25.163  -45.563  79.322 0.0000000000
51000  25.534  -45.985  78.366 0.0000000000
52138  23.316  -45.237  77.776 0.0000000000
136579  22.270  -45.542  77.958 0.0000000000
58581  36.673  -40.816  71.223 0.0000000000
73243  48.578  -25.156  59.290 0.0000000000
73261  49.966  -24.599  58.821 0.0000000000
73281  48.688  -24.631  58.033 0.0000000000
75384  49.210  -23.550  55.753 0.0000000000
76321  49.809  -23.317  55.008 0.0000000000
76320  50.771  -23.150  55.304 0.0000000000
51989  22.214  -46.229  87.261 0.0000000000
52003  21.210  -45.120  87.377 0.0000000000
51979  21.586  -46.082  88.416 0.0000000000
50865  23.542  -47.036  87.463 0.0000000000
52000  23.105  -46.207  86.106 0.0000000000
74310  48.222  -24.796  61.101 0.0000000000
74323  46.891  -25.242  60.904 0.0000000000
73265  44.834  -25.797  58.669 0.0000000000
53092  18.239  -43.878  86.850 0.0000000000
53099  17.770  -44.141  86.030 0.0000000000
53093  17.124  -43.950  87.339 0.0000000000
50846  14.243  -46.927  89.241 0.0000000000
50855  14.972  -46.142  87.853 0.0000000000
133852  14.297  -47.463  88.006 0.0000000000
47569  13.690  -49.032  86.824 0.0000000000
48648  13.326  -48.663  88.900 0.0000000000
49669  13.271  -48.179  93.015 0.0000000000
45420  11.361  -51.520  91.275 0.0000000000
46431  12.698  -49.769  91.145 0.0000000000
151087  11.698  -51.028  90.165 0.0000000000
129649  11.687  -51.112  89.051 0.0000000000
64757  34.133  -34.688  76.225 0.0000000000
60521  36.313  -38.261  78.124 0.0000000000
61544  37.105  -37.893  78.843 0.0000000000
61573  36.150  -37.792  77.371 0.0000000000
61575  35.600  -37.740  76.076 0.0000000000
60545  34.952  -38.886  76.451 0.0000000000
59491  35.239  -40.048  74.844 0.0000000000
59490  36.358  -40.691  75.510 0.0000000000
55426  37.171  -43.815  73.781 0.0000000000
55439  37.862  -43.253  73.047 0.0000000000
55440  35.995  -44.087  73.424 0.0000000000
55456  34.561  -43.541  71.533 0.0000000000
54368  34.197  -44.331  73.566 0.0000000000
47661  28.888  -50.250  80.952 0.0000000000
47658  31.438  -50.314  81.788 0.0000000000
47676  30.455  -50.367  80.610 0.0000000000
145236  31.409  -48.280  77.299 0.0000000000
49863  32.738  -48.806  79.079 0.0000000000
50997  33.417  -47.350  78.522 0.0000000000
50995  34.904  -46.966  78.993 0.0000000000
52115  33.795  -46.597  78.221 0.0000000000
53198  34.775  -45.771  76.876 0.0000000000
52151  32.998  -45.397  76.919 0.0000000000
52181  28.753  -46.197  73.990 0.0000000000
53242  31.217  -44.317  74.836 0.0000000000
66799  36.729  -31.774  72.903 0.0000000000
66812  36.962  -31.219  71.972 0.0000000000
65839  35.587  -32.428  72.261 0.0000000000
64863  32.316  -34.647  68.713 0.0000000000
65862  33.418  -33.435  69.121 0.0000000000
79292  57.694  -20.347  51.003 0.0000000000
127555  41.765  -29.608  68.494 0.0000000000
67943  40.482  -30.183  66.344 0.0000000000
67914  40.004  -30.023  68.233 0.0000000000
129769  38.535  -30.602  68.565 0.0000000000
67916  37.666  -30.795  68.367 0.0000000000
67897  44.482  -29.439  70.168 0.0000000000
127672  42.930  -29.487  69.675 0.0000000000
50955  18.036  -47.218  81.426 0.0000000000
50943  17.109  -47.047  82.332 0.0000000000
50930  16.105  -47.449  83.439 0.0000000000
134066  25.727  -45.854  84.328 0.0000000000
50925  26.108  -46.037  83.338 0.0000000000
52039  24.473  -45.334  83.168 0.0000000000
52070  24.030  -45.133  81.761 0.0000000000
52084  22.628  -44.885  80.396 0.0000000000
52100  21.247  -45.658  79.284 0.0000000000
52086  20.700  -45.965  79.981 0.0000000000
50970  19.172  -46.760  80.238 0.0000000000
74371  46.334  -25.301  56.855 0.0000000000
135769  21.992  -45.724  89.509 0.0000000000
72149  45.028  -27.045  65.172 0.0000000000
140153  44.971  -27.004  63.465 0.0000000000
73217  45.306  -26.153  61.866 0.0000000000
73232  45.409  -25.990  60.967 0.0000000000
137968  44.335  -27.134  60.947 0.0000000000
72209  42.701  -26.692  59.396 0.0000000000
54216  18.282  -43.613  89.786 0.0000000000
53085  16.589  -44.032  88.290 0.0000000000
53062  16.539  -44.433  90.174 0.0000000000
51958  14.885  -45.393  90.338 0.0000000000
50829  14.397  -46.129  90.790 0.0000000000
47475  12.667  -48.537  93.509 0.0000000000
46415  11.535  -49.690  93.289 0.0000000000
140415  11.346  -51.466  91.880 0.0000000000
44457  10.499  -52.087  90.987 0.0000000000
44458  9.745  -52.732  90.677 0.0000000000
59467  37.398  -40.154  78.033 0.0000000000
59481  37.157  -40.489  76.444 0.0000000000
58547  37.448  -41.258  75.566 0.0000000000
57576  37.891  -41.976  75.710 0.0000000000
55424  39.031  -43.070  74.805 0.0000000000
54338  36.399  -44.784  74.964 0.0000000000
48815  27.323  -49.377  78.437 0.0000000000
146757  29.011  -50.145  78.939 0.0000000000
48831  28.359  -49.296  77.471 0.0000000000
49923  29.664  -49.005  76.629 0.0000000000
51030  30.623  -47.843  76.246 0.0000000000
52153  31.257  -46.260  76.477 0.0000000000
51046  29.618  -47.434  75.198 0.0000000000
129906  28.496  -47.209  73.584 0.0000000000
64833  33.782  -33.538  73.348 0.0000000000
65832  34.030  -33.229  72.307 0.0000000000
152028  33.212  -33.843  72.510 0.0000000000
63856  31.817  -35.222  71.095 0.0000000000
78302  57.081  -21.273  53.352 0.0000000000
78308  55.752  -20.693  51.577 0.0000000000
69035  41.717  -29.497  63.070 0.0000000000
69045  40.242  -29.745  62.073 0.0000000000
68011  40.614  -29.872  62.782 0.0000000000
66881  39.558  -30.405  64.963 0.0000000000
66896  37.963  -31.266  63.813 0.0000000000
68978  45.194  -29.260  69.260 0.0000000000
70013  45.366  -28.869  67.721 0.0000000000
70026  45.308  -28.478  66.493 0.0000000000
69006  44.668  -28.857  65.458 0.0000000000
69022  43.108  -29.550  64.002 0.0000000000
128606  30.589  -50.491  84.951 0.0000000000
127676  31.849  -50.474  84.149 0.0000000000
47601  29.538  -50.233  84.062 0.0000000000
48737  28.205  -49.706  82.329 0.0000000000
146979  27.760  -49.514  80.896 0.0000000000
49835  26.955  -47.151  81.736 0.0000000000
49846  27.341  -47.967  80.208 0.0000000000
49864  26.571  -48.699  79.379 0.0000000000
49904  25.637  -47.739  77.961 0.0000000000
52136  25.454  -46.503  77.103 0.0000000000
53230  24.987  -45.571  75.168 0.0000000000
74353  51.436  -24.328  58.113 0.0000000000
74368  49.096  -24.210  57.222 0.0000000000
75378  50.496  -23.842  56.928 0.0000000000
75377  51.537  -23.771  56.883 0.0000000000
76313  52.172  -23.167  56.267 0.0000000000
76324  52.380  -22.567  54.903 0.0000000000
77315  52.858  -22.114  54.327 0.0000000000
77321  53.281  -21.913  52.821 0.0000000000
52025  21.171  -44.503  84.179 0.0000000000
52026  19.259  -44.314  84.060 0.0000000000
52011  21.090  -44.595  85.632 0.0000000000
53097  20.417  -44.268  87.007 0.0000000000
130037  19.938  -44.278  87.972 0.0000000000
53061  21.378  -45.444  89.555 0.0000000000
54215  19.708  -43.382  89.607 0.0000000000
137803  18.551  -43.181  90.601 0.0000000000
47561  31.537  -50.730  86.583 0.0000000000
47563  29.603  -50.419  86.513 0.0000000000
48688  28.127  -49.696  85.613 0.0000000000
49770  26.634  -48.118  85.296 0.0000000000
49751  25.901  -47.164  87.083 0.0000000000
50893  25.698  -46.375  85.807 0.0000000000
50912  24.236  -45.742  85.324 0.0000000000
52023  22.693  -45.453  84.770 0.0000000000
75341  49.608  -24.214  61.711 0.0000000000
73230  48.374  -25.406  60.040 0.0000000000
74343  47.222  -25.126  58.449 0.0000000000
73245  45.376  -25.759  60.178 0.0000000000
139855  46.166  -25.432  59.145 0.0000000000
74358  46.421  -25.255  57.908 0.0000000000
52027  18.003  -44.652  84.336 0.0000000000
52028  16.945  -45.557  84.303 0.0000000000
50897  15.695  -46.577  85.185 0.0000000000
51993  15.565  -45.528  87.336 0.0000000000
50881  15.381  -46.351  86.134 0.0000000000
49777  14.799  -47.975  85.299 0.0000000000
134040  14.329  -49.078  85.151 0.0000000000
47570  13.498  -49.934  86.392 0.0000000000
50818  14.100  -46.576  92.278 0.0000000000
49711  13.359  -47.841  90.306 0.0000000000
47502  12.743  -49.413  90.895 0.0000000000
48635  13.231  -48.695  89.661 0.0000000000
46443  12.868  -49.850  89.049 0.0000000000
44416  5.713  -51.894  95.560 0.0000000000
66796  39.787  -30.570  73.100 0.0000000000
64792  35.015  -33.303  74.757 0.0000000000
64793  34.297  -34.014  75.102 0.0000000000
63801  32.894  -35.302  74.624 0.0000000000
62684  32.983  -37.606  74.617 0.0000000000
62652  34.562  -37.476  76.823 0.0000000000
61587  34.262  -37.951  75.484 0.0000000000
61598  33.939  -38.722  74.891 0.0000000000
60560  34.301  -39.568  74.445 0.0000000000
58571  36.099  -40.877  72.463 0.0000000000
57599  37.350  -41.224  71.500 0.0000000000
58569  36.930  -41.688  74.025 0.0000000000
144075  38.030  -41.807  72.599 0.0000000000
55471  36.629  -42.890  71.022 0.0000000000
55472  34.709  -43.239  70.449 0.0000000000
55473  33.686  -43.461  70.632 0.0000000000
53178  37.049  -44.156  79.859 0.0000000000
47617  32.315  -50.324  83.379 0.0000000000
48736  33.876  -49.908  82.081 0.0000000000
48753  34.676  -48.700  81.362 0.0000000000
148877  31.575  -49.833  79.330 0.0000000000
49845  33.896  -48.985  80.090 0.0000000000
131946  34.957  -48.036  80.978 0.0000000000
50978  35.498  -46.835  80.134 0.0000000000
52111  36.383  -45.378  79.009 0.0000000000
53187  37.180  -44.990  78.434 0.0000000000
53196  36.458  -45.336  77.162 0.0000000000
53223  35.642  -45.082  75.458 0.0000000000
54339  34.837  -44.874  74.928 0.0000000000
53212  31.550  -45.239  76.147 0.0000000000
53241  32.744  -44.865  74.936 0.0000000000
54369  33.451  -44.541  73.825 0.0000000000
55444  32.375  -43.764  72.706 0.0000000000
67867  38.587  -30.567  71.066 0.0000000000
133353  37.094  -31.301  69.555 0.0000000000
66842  36.017  -31.692  68.272 0.0000000000
65850  34.067  -32.955  70.407 0.0000000000
65873  34.734  -32.660  69.074 0.0000000000
66857  35.235  -32.120  67.695 0.0000000000
77326  53.215  -22.037  51.767 0.0000000000
67864  40.898  -29.819  72.110 0.0000000000
67865  40.038  -30.008  71.688 0.0000000000
128101  41.593  -29.655  71.637 0.0000000000
137330  19.510  -44.552  82.706 0.0000000000
52057  20.224  -44.484  82.270 0.0000000000
70083  40.439  -28.719  61.079 0.0000000000
70069  42.027  -28.719  62.168 0.0000000000
70060  43.288  -28.671  62.633 0.0000000000
71140  41.963  -28.288  61.379 0.0000000000
128284  9.936  -50.663  94.744 0.0000000000
45404  10.393  -50.610  93.834 0.0000000000
44442  9.378  -51.554  93.033 0.0000000000
44431  9.136  -51.475  94.146 0.0000000000
44432  8.483  -51.678  94.491 0.0000000000
128285  39.236  -42.195  78.852 0.0000000000
56502  39.345  -41.963  78.353 0.0000000000
55391  38.792  -43.025  77.536 0.0000000000
136733  38.263  -43.971  77.609 0.0000000000
47559  33.761  -50.662  86.197 0.0000000000
47580  32.806  -50.621  85.011 0.0000000000
51049  25.727  -47.175  74.404 0.0000000000
136828  25.881  -47.932  75.107 0.0000000000
51069  26.337  -47.899  74.179 0.0000000000
62699  31.983  -36.698  73.212 0.0000000000
77314  53.752  -22.233  54.543 0.0000000000
77313  54.425  -22.125  54.737 0.0000000000
78300  54.851  -21.379  53.061 0.0000000000
66865  41.559  -30.322  65.737 0.0000000000
66879  41.095  -30.438  65.022 0.0000000000
66855  36.611  -30.988  66.769 0.0000000000
66869  35.831  -31.475  66.240 0.0000000000
66884  35.868  -31.559  65.218 0.0000000000
153337  42.404  -29.613  67.410 0.0000000000
67941  42.912  -29.706  66.878 0.0000000000
66864  42.295  -30.241  65.938 0.0000000000
48727  15.616  -49.257  82.934 0.0000000000
133222  15.532  -48.670  83.585 0.0000000000
48713  15.089  -49.188  83.582 0.0000000000
48712  15.141  -48.449  84.356 0.0000000000
49788  26.903  -48.301  84.447 0.0000000000
49805  27.235  -48.416  83.680 0.0000000000
49806  26.719  -47.767  83.789 0.0000000000
128756  23.394  -45.066  79.821 0.0000000000
52098  24.106  -45.249  79.243 0.0000000000
52116  24.818  -45.459  78.752 0.0000000000
52117  23.459  -45.275  78.555 0.0000000000
52118  22.242  -45.523  78.797 0.0000000000
57600  36.833  -41.229  70.403 0.0000000000
73262  48.964  -24.790  58.514 0.0000000000
74356  48.209  -24.585  57.568 0.0000000000
76327  49.590  -23.575  53.832 0.0000000000
51990  21.552  -46.035  87.643 0.0000000000
51978  22.200  -46.444  87.963 0.0000000000
50866  22.771  -46.620  87.641 0.0000000000
50880  22.988  -46.328  86.975 0.0000000000
74300  47.122  -24.517  62.262 0.0000000000
74312  46.606  -25.093  61.791 0.0000000000
127159  18.707  -43.696  87.527 0.0000000000
50856  14.573  -46.905  88.414 0.0000000000
49733  14.068  -47.506  88.839 0.0000000000
127552  13.744  -48.022  88.457 0.0000000000
142908  13.596  -48.041  89.191 0.0000000000
139394  13.242  -48.009  93.901 0.0000000000
45426  11.257  -51.665  90.513 0.0000000000
45440  11.183  -51.917  89.423 0.0000000000
60535  35.584  -38.859  77.635 0.0000000000
140202  35.497  -39.347  76.877 0.0000000000
60536  35.655  -37.950  76.860 0.0000000000
60551  35.494  -39.819  75.889 0.0000000000
54349  36.071  -44.374  74.247 0.0000000000
150995  35.482  -44.306  73.830 0.0000000000
54367  35.055  -44.282  73.320 0.0000000000
47677  29.682  -50.311  80.343 0.0000000000
47678  28.877  -50.140  79.932 0.0000000000
51014  31.586  -47.583  77.126 0.0000000000
49900  31.980  -48.030  77.688 0.0000000000
51012  33.029  -46.903  77.862 0.0000000000
52133  33.415  -46.058  77.570 0.0000000000
52134  32.558  -46.295  77.301 0.0000000000
152345  36.006  -32.721  73.787 0.0000000000
66813  36.236  -31.853  72.141 0.0000000000
127450  41.514  -29.643  69.280 0.0000000000
67913  40.879  -29.742  68.550 0.0000000000
67899  39.140  -30.468  69.719 0.0000000000
67915  39.290  -30.427  68.909 0.0000000000
145408  38.088  -30.847  68.921 0.0000000000
67882  44.588  -29.473  70.906 0.0000000000
67898  42.116  -29.526  70.073 0.0000000000
127452  43.040  -29.520  70.500 0.0000000000
67912  42.358  -29.543  69.081 0.0000000000
50928  17.436  -45.997  82.681 0.0000000000
50929  16.738  -46.763  83.052 0.0000000000
50913  16.326  -46.444  83.778 0.0000000000
50926  25.081  -45.506  83.696 0.0000000000
52056  22.149  -44.575  82.042 0.0000000000
132373  23.087  -44.927  82.216 0.0000000000
52071  22.914  -44.893  81.369 0.0000000000
52085  21.595  -45.161  80.060 0.0000000000
126891  20.969  -45.179  80.476 0.0000000000
50954  19.204  -45.709  80.898 0.0000000000
50969  19.988  -45.877  80.349 0.0000000000
70039  44.744  -28.236  65.364 0.0000000000
71111  44.720  -27.629  65.192 0.0000000000
72171  44.198  -27.591  62.532 0.0000000000
72170  44.538  -27.531  63.335 0.0000000000
72186  44.800  -27.016  62.392 0.0000000000
73206  45.328  -26.343  62.942 0.0000000000
73218  44.757  -26.717  61.212 0.0000000000
71158  41.836  -27.616  60.603 0.0000000000
72201  41.866  -27.091  59.703 0.0000000000
54202  17.540  -43.718  90.823 0.0000000000
54217  17.267  -44.045  90.309 0.0000000000
53051  16.746  -44.396  91.078 0.0000000000
53063  15.662  -44.690  90.768 0.0000000000
51944  14.855  -45.169  91.323 0.0000000000
47470  11.982  -48.767  94.764 0.0000000000
47476  11.991  -48.813  93.817 0.0000000000
45410  10.809  -51.348  92.557 0.0000000000
45416  11.166  -51.248  92.432 0.0000000000
45417  10.865  -51.660  92.008 0.0000000000
132486  10.952  -51.731  91.460 0.0000000000
153197  10.650  -51.763  91.517 0.0000000000
44449  10.150  -51.884  91.554 0.0000000000
44443  8.586  -52.266  92.721 0.0000000000
44450  8.660  -52.631  91.830 0.0000000000
44434  7.410  -52.296  93.829 0.0000000000
44425  6.932  -52.168  94.386 0.0000000000
58517  38.309  -41.524  77.783 0.0000000000
59466  38.267  -40.842  78.483 0.0000000000
134162  37.765  -40.833  77.597 0.0000000000
59475  37.263  -40.275  77.150 0.0000000000
59474  37.714  -41.061  76.939 0.0000000000
58538  37.520  -41.029  76.171 0.0000000000
57569  38.135  -42.133  76.365 0.0000000000
54328  38.652  -44.166  75.865 0.0000000000
130746  39.076  -43.350  75.561 0.0000000000
153328  38.218  -44.283  75.424 0.0000000000
54337  37.878  -44.315  75.053 0.0000000000
152575  37.175  -44.637  75.190 0.0000000000
48833  26.561  -49.222  78.006 0.0000000000
48832  27.424  -49.351  77.627 0.0000000000
48851  26.802  -49.215  76.919 0.0000000000
145648  27.982  -48.771  75.823 0.0000000000
49924  28.479  -49.036  76.058 0.0000000000
147422  29.280  -48.973  76.142 0.0000000000
49922  30.381  -48.561  76.629 0.0000000000
51031  29.973  -48.475  75.977 0.0000000000
51045  30.169  -47.603  75.713 0.0000000000
147466  29.712  -48.069  75.446 0.0000000000
51067  28.511  -47.749  74.292 0.0000000000
64834  32.700  -34.382  73.122 0.0000000000
63836  31.776  -35.586  71.963 0.0000000000
62730  31.534  -36.217  70.488 0.0000000000
78304  55.511  -20.785  52.526 0.0000000000
139329  55.124  -20.923  51.638 0.0000000000
78309  54.699  -21.620  51.119 0.0000000000
67993  41.812  -29.713  63.496 0.0000000000
67994  41.275  -29.740  63.174 0.0000000000
66926  41.300  -29.885  63.628 0.0000000000
66894  40.062  -30.104  64.255 0.0000000000
67976  39.712  -30.395  63.351 0.0000000000
140569  39.402  -30.631  63.620 0.0000000000
65911  38.900  -30.923  63.727 0.0000000000
149494  39.803  -30.287  66.377 0.0000000000
66867  40.081  -30.375  65.669 0.0000000000
67955  39.130  -30.443  65.889 0.0000000000
66883  36.771  -31.270  64.879 0.0000000000
66882  37.815  -30.962  64.727 0.0000000000
66897  36.927  -31.423  63.971 0.0000000000
66912  37.084  -31.666  63.079 0.0000000000
67909  44.909  -29.306  69.707 0.0000000000
68971  45.401  -29.217  70.032 0.0000000000
68992  44.392  -29.524  67.213 0.0000000000
68984  44.942  -29.240  67.710 0.0000000000
70019  45.163  -28.860  67.042 0.0000000000
70018  45.540  -28.489  67.253 0.0000000000
70027  45.024  -28.878  66.435 0.0000000000
68997  45.022  -28.729  66.027 0.0000000000
68998  44.658  -29.174  65.991 0.0000000000
66906  42.154  -30.059  64.469 0.0000000000
67974  43.635  -29.700  64.591 0.0000000000
67992  42.386  -29.656  63.769 0.0000000000
69034  42.276  -29.460  63.314 0.0000000000
129385  29.680  -50.333  84.919 0.0000000000
47600  30.274  -50.380  84.247 0.0000000000
130463  28.974  -50.049  84.532 0.0000000000
48738  27.631  -49.230  82.590 0.0000000000
133788  28.208  -49.509  83.209 0.0000000000
145172  27.665  -49.413  81.874 0.0000000000
48757  28.120  -49.781  81.385 0.0000000000
48758  27.407  -49.307  81.265 0.0000000000
50939  26.141  -46.319  82.268 0.0000000000
50950  26.182  -46.556  81.155 0.0000000000
49847  27.053  -47.221  80.569 0.0000000000
49865  26.683  -47.533  79.685 0.0000000000
49884  26.011  -48.035  78.905 0.0000000000
149760  26.268  -49.045  78.656 0.0000000000
52137  25.252  -45.737  77.729 0.0000000000
53214  25.041  -45.551  76.846 0.0000000000
52155  25.473  -46.142  76.037 0.0000000000
53213  24.859  -45.366  75.974 0.0000000000
151398  20.637  -46.095  78.664 0.0000000000
51001  20.115  -46.785  78.390 0.0000000000
75340  50.494  -24.166  61.569 0.0000000000
73279  49.812  -24.519  58.171 0.0000000000
151954  50.820  -24.453  59.025 0.0000000000
73260  50.637  -24.418  58.454 0.0000000000
74341  51.496  -24.385  58.910 0.0000000000
134343  48.043  -24.638  55.759 0.0000000000
74369  48.333  -24.463  56.894 0.0000000000
75383  50.120  -23.431  56.054 0.0000000000
75379  49.498  -23.701  56.718 0.0000000000
76325  51.335  -22.784  54.593 0.0000000000
77316  51.849  -22.233  53.931 0.0000000000
127603  21.417  -44.716  85.073 0.0000000000
51991  21.041  -45.476  88.137 0.0000000000
53090  20.389  -44.884  87.807 0.0000000000
130967  20.926  -44.584  89.640 0.0000000000
54226  20.447  -43.792  88.999 0.0000000000
47562  30.577  -50.540  86.531 0.0000000000
144995  27.342  -49.301  85.539 0.0000000000
50878  24.576  -46.859  87.146 0.0000000000
50877  25.312  -46.481  86.589 0.0000000000
140328  26.118  -46.854  86.350 0.0000000000
50911  25.231  -45.806  85.245 0.0000000000
50894  24.809  -46.064  85.955 0.0000000000
52010  22.389  -46.032  85.487 0.0000000000
52009  23.339  -45.889  85.310 0.0000000000
150092  22.066  -45.303  85.196 0.0000000000
52024  22.047  -44.825  84.622 0.0000000000
69046  39.327  -30.096  61.486 0.0000000000
74322  47.862  -25.350  60.528 0.0000000000
73244  47.919  -25.469  59.823 0.0000000000
74330  47.009  -25.234  59.356 0.0000000000
152613  44.832  -26.152  60.505 0.0000000000
74345  45.685  -25.536  58.429 0.0000000000
74344  46.497  -25.288  58.681 0.0000000000
74359  45.573  -25.438  57.372 0.0000000000
53109  19.154  -43.807  84.903 0.0000000000
151248  18.285  -44.275  84.983 0.0000000000
52013  17.457  -44.762  85.145 0.0000000000
52014  16.411  -45.639  85.118 0.0000000000
50896  16.170  -46.260  84.533 0.0000000000
52015  15.937  -45.835  85.765 0.0000000000
53076  16.328  -44.372  89.213 0.0000000000
53094  15.904  -44.596  87.707 0.0000000000
51981  15.399  -45.409  88.185 0.0000000000
50868  14.721  -46.802  87.552 0.0000000000
50867  15.189  -46.185  87.018 0.0000000000
50882  14.829  -46.882  86.651 0.0000000000
49756  15.055  -47.149  85.693 0.0000000000
48695  14.616  -48.604  84.990 0.0000000000
48677  14.299  -48.564  85.946 0.0000000000
47550  13.399  -49.665  87.491 0.0000000000
49684  13.558  -47.461  92.620 0.0000000000
49699  13.514  -47.465  91.752 0.0000000000
135289  13.429  -47.419  90.922 0.0000000000
49700  12.985  -48.264  91.238 0.0000000000
47486  12.441  -49.478  92.139 0.0000000000
46438  12.349  -50.369  90.685 0.0000000000
46437  12.738  -49.731  90.486 0.0000000000
142352  12.946  -49.275  90.150 0.0000000000
148737  12.828  -49.631  89.812 0.0000000000
47516  13.010  -49.239  89.375 0.0000000000
44415  6.724  -51.606  95.733 0.0000000000
127536  6.305  -51.593  96.199 0.0000000000
44417  4.881  -52.554  95.628 0.0000000000
65819  36.912  -32.498  74.343 0.0000000000
128579  35.609  -33.322  75.335 0.0000000000
64772  35.005  -33.742  75.514 0.0000000000
63779  33.499  -35.423  76.093 0.0000000000
63790  33.221  -35.252  75.345 0.0000000000
149329  33.092  -35.948  75.706 0.0000000000
139422  32.821  -36.157  75.216 0.0000000000
151672  33.096  -36.647  75.626 0.0000000000
61545  36.243  -37.773  78.529 0.0000000000
62640  34.628  -37.233  77.743 0.0000000000
61591  35.003  -37.872  75.704 0.0000000000
61586  35.413  -37.935  75.433 0.0000000000
61592  34.705  -38.128  75.431 0.0000000000
61593  33.775  -38.096  75.018 0.0000000000
152085  34.714  -39.584  74.936 0.0000000000
58560  35.853  -41.178  73.708 0.0000000000
59500  35.348  -40.749  73.731 0.0000000000
58580  36.989  -40.914  71.975 0.0000000000
57594  37.597  -41.476  72.267 0.0000000000
57577  37.676  -41.877  75.062 0.0000000000
58558  37.172  -41.425  74.868 0.0000000000
57585  37.563  -41.872  74.197 0.0000000000
55453  37.487  -43.152  72.407 0.0000000000
56567  38.009  -42.471  72.620 0.0000000000
56568  37.387  -42.639  71.837 0.0000000000
150628  35.652  -43.034  70.443 0.0000000000
55455  35.678  -43.351  71.297 0.0000000000
55457  33.587  -43.628  71.763 0.0000000000
55474  32.839  -43.482  71.043 0.0000000000
133557  32.252  -43.644  70.715 0.0000000000
47618  31.410  -50.421  83.556 0.0000000000
47640  31.622  -50.331  82.690 0.0000000000
47674  32.171  -50.126  81.210 0.0000000000
47657  32.784  -50.086  81.776 0.0000000000
48755  33.499  -49.717  81.512 0.0000000000
48754  34.322  -49.336  81.787 0.0000000000
48813  29.499  -50.013  78.228 0.0000000000
48794  30.776  -50.125  79.143 0.0000000000
48811  31.216  -49.547  78.536 0.0000000000
49862  33.468  -48.479  79.450 0.0000000000
49844  34.409  -48.431  80.547 0.0000000000
147485  34.770  -47.868  80.175 0.0000000000
50965  35.300  -47.458  80.597 0.0000000000
50979  34.973  -47.303  79.741 0.0000000000
52113  35.266  -46.247  78.515 0.0000000000
52097  35.363  -46.611  79.249 0.0000000000
52112  35.864  -45.942  78.656 0.0000000000
53188  36.566  -45.419  78.046 0.0000000000
53195  37.475  -45.028  77.377 0.0000000000
53210  34.349  -45.277  76.236 0.0000000000
53209  35.184  -45.349  76.223 0.0000000000
53224  34.648  -45.103  75.540 0.0000000000
53225  33.976  -45.133  75.585 0.0000000000
52167  30.713  -45.919  75.934 0.0000000000
53227  31.896  -44.625  75.429 0.0000000000
54353  32.107  -44.377  74.559 0.0000000000
54352  33.399  -44.928  74.523 0.0000000000
128306  32.830  -44.679  74.123 0.0000000000
148211  32.867  -44.285  73.464 0.0000000000
54370  32.231  -44.167  73.658 0.0000000000
66797  38.975  -30.922  72.797 0.0000000000
66810  38.781  -30.669  71.943 0.0000000000
147692  38.295  -30.927  72.532 0.0000000000
66821  36.230  -31.823  70.464 0.0000000000
137375  37.042  -31.358  70.375 0.0000000000
129023  36.508  -31.631  69.804 0.0000000000
151588  36.640  -31.513  69.341 0.0000000000
66830  36.078  -31.764  69.194 0.0000000000
65841  34.052  -33.012  71.332 0.0000000000
153270  33.610  -32.923  67.993 0.0000000000
65874  33.897  -32.924  68.696 0.0000000000
65883  34.426  -32.539  68.076 0.0000000000
65893  34.439  -32.522  67.036 0.0000000000
79291  58.716  -20.163  50.573 0.0000000000
79290  59.580  -19.947  50.254 0.0000000000
127451  41.435  -29.644  70.765 0.0000000000
144493  40.687  -29.876  69.552 0.0000000000
127644  40.596  -29.908  70.394 0.0000000000
67887  39.242  -30.409  70.528 0.0000000000
140359  18.505  -46.297  81.391 0.0000000000
52059  18.460  -45.264  82.572 0.0000000000
139810  18.016  -45.032  83.380 0.0000000000
128065  22.560  -44.881  84.097 0.0000000000
129475  23.070  -44.928  83.583 0.0000000000
128123  22.407  -44.567  83.249 0.0000000000
140473  21.296  -44.633  81.162 0.0000000000
127373  20.901  -44.484  81.733 0.0000000000
140733  19.865  -44.869  81.473 0.0000000000
70059  43.689  -28.875  63.373 0.0000000000
71125  44.420  -27.921  63.982 0.0000000000
71138  43.549  -27.906  62.191 0.0000000000
72188  43.252  -27.642  61.330 0.0000000000
71157  42.524  -27.808  61.155 0.0000000000
53037  17.235  -44.027  92.203 0.0000000000
131443  16.650  -44.456  91.959 0.0000000000
128731  10.306  -51.127  93.052 0.0000000000
57537  39.347  -41.148  79.446 0.0000000000
57547  39.413  -41.902  78.386 0.0000000000
146968  39.131  -42.201  77.577 0.0000000000
56518  38.673  -42.603  76.834 0.0000000000
56510  38.977  -42.424  77.375 0.0000000000
55400  39.140  -43.711  76.382 0.0000000000
54322  38.004  -44.574  76.517 0.0000000000
51048  25.881  -48.229  75.998 0.0000000000
49926  26.145  -48.750  76.607 0.0000000000
49947  27.488  -48.565  75.523 0.0000000000
49966  28.160  -48.155  74.925 0.0000000000
49967  27.214  -48.264  74.674 0.0000000000
51068  27.161  -48.182  73.642 0.0000000000
63817  32.406  -35.618  73.785 0.0000000000
62700  31.703  -36.519  72.300 0.0000000000
76317  53.848  -22.555  55.699 0.0000000000
76316  54.372  -22.610  55.876 0.0000000000
78298  56.734  -21.422  53.677 0.0000000000
131849  41.602  -30.184  64.355 0.0000000000
66908  41.228  -30.047  64.075 0.0000000000
66893  41.161  -30.255  64.426 0.0000000000
128760  40.656  -30.240  64.533 0.0000000000
139913  40.072  -30.190  64.585 0.0000000000
67945  38.215  -30.243  66.588 0.0000000000
67946  37.317  -30.461  66.233 0.0000000000
67957  37.334  -30.834  65.441 0.0000000000
67925  43.963  -29.356  68.464 0.0000000000
67924  44.664  -29.291  68.915 0.0000000000
67940  43.810  -29.543  67.554 0.0000000000
67952  44.200  -29.596  65.721 0.0000000000
67953  43.730  -29.843  65.876 0.0000000000
66891  42.428  -30.062  64.887 0.0000000000
49822  16.376  -48.401  82.369 0.0000000000
47607  14.508  -50.042  83.697 0.0000000000
141455  14.125  -49.718  84.734 0.0000000000
48689  27.771  -49.265  84.912 0.0000000000
149236  28.142  -49.381  84.124 0.0000000000
48739  27.314  -48.791  82.787 0.0000000000
49819  27.452  -47.923  82.308 0.0000000000
50952  24.879  -45.383  80.780 0.0000000000
50951  25.677  -45.910  80.697 0.0000000000
50967  25.498  -45.658  79.991 0.0000000000
147845  25.932  -46.148  79.391 0.0000000000
132642  25.799  -46.150  78.856 0.0000000000
50999  25.860  -47.082  78.503 0.0000000000
127095  24.554  -45.361  78.198 0.0000000000
53199  24.323  -45.233  77.394 0.0000000000
53200  23.334  -45.180  76.956 0.0000000000
53201  22.352  -45.507  76.934 0.0000000000
58572  36.028  -40.583  71.772 0.0000000000
73229  48.888  -25.060  59.811 0.0000000000
73228  49.644  -24.709  59.615 0.0000000000
73242  49.244  -24.925  59.037 0.0000000000
138035  49.408  -24.665  58.437 0.0000000000
73280  49.214  -24.577  58.026 0.0000000000
75380  48.769  -24.083  56.341 0.0000000000
75385  48.482  -24.170  55.187 0.0000000000
76326  50.402  -23.084  54.255 0.0000000000
52001  22.250  -46.139  86.376 0.0000000000
52002  21.613  -45.824  86.760 0.0000000000
50879  23.705  -46.690  86.654 0.0000000000
50895  23.900  -46.250  85.919 0.0000000000
74299  48.008  -24.436  61.929 0.0000000000
74311  47.462  -24.872  61.305 0.0000000000
53098  19.173  -43.672  86.550 0.0000000000
126966  17.053  -44.227  86.514 0.0000000000
51992  16.169  -44.717  86.823 0.0000000000
50845  14.702  -46.004  88.782 0.0000000000
130453  14.469  -47.376  87.171 0.0000000000
49743  14.032  -48.106  87.276 0.0000000000
48660  13.510  -48.772  87.970 0.0000000000
49668  13.587  -47.449  93.460 0.0000000000
45415  11.799  -51.044  91.610 0.0000000000
46432  12.315  -50.373  91.352 0.0000000000
45425  11.884  -51.103  91.019 0.0000000000
138969  34.857  -34.177  76.190 0.0000000000
148957  34.536  -34.651  77.020 0.0000000000
63778  33.926  -35.254  76.746 0.0000000000
62642  33.619  -36.077  76.775 0.0000000000
61560  36.573  -37.853  78.998 0.0000000000
61561  36.377  -37.896  78.235 0.0000000000
61562  36.332  -37.805  77.489 0.0000000000
61563  35.420  -37.710  77.136 0.0000000000
61574  35.927  -37.699  76.762 0.0000000000
61585  35.610  -37.773  76.059 0.0000000000
60552  34.855  -39.238  75.675 0.0000000000
59499  35.743  -40.683  74.766 0.0000000000
58559  36.414  -41.284  74.527 0.0000000000
129224  38.169  -43.265  73.727 0.0000000000
56556  38.295  -42.673  73.495 0.0000000000
133580  36.801  -43.604  72.880 0.0000000000
55441  35.593  -43.803  72.443 0.0000000000
55442  34.397  -44.048  72.581 0.0000000000
55443  33.399  -44.043  72.868 0.0000000000
47659  30.018  -50.466  82.016 0.0000000000
129924  30.731  -50.464  82.331 0.0000000000
132508  30.612  -50.423  81.482 0.0000000000
47675  31.275  -50.280  80.900 0.0000000000
49901  30.805  -48.802  77.253 0.0000000000
49880  32.355  -48.437  78.364 0.0000000000
49879  33.103  -48.094  78.754 0.0000000000
50981  33.895  -47.865  79.035 0.0000000000
50980  34.455  -47.524  79.357 0.0000000000
50996  34.176  -47.105  78.840 0.0000000000
52114  34.601  -46.438  78.392 0.0000000000
52131  35.093  -46.073  77.648 0.0000000000
52132  34.299  -46.032  77.654 0.0000000000
52150  33.922  -45.547  76.951 0.0000000000
53244  29.291  -45.320  74.663 0.0000000000
53228  30.913  -44.925  75.573 0.0000000000
53243  30.213  -44.716  74.840 0.0000000000
126769  30.485  -44.097  74.053 0.0000000000
55446  30.768  -43.706  73.339 0.0000000000
54372  29.854  -43.935  72.954 0.0000000000
66784  37.301  -31.911  73.584 0.0000000000
66798  37.548  -31.227  72.715 0.0000000000
65848  35.696  -32.081  71.293 0.0000000000
131775  32.714  -34.153  70.245 0.0000000000
65851  33.419  -33.504  69.932 0.0000000000
64862  32.926  -33.906  68.732 0.0000000000
78307  56.360  -20.565  51.475 0.0000000000
67928  41.529  -29.690  67.511 0.0000000000
67942  41.228  -30.081  66.438 0.0000000000
67929  40.651  -29.794  67.674 0.0000000000
134567  40.007  -29.931  67.171 0.0000000000
127909  40.050  -30.128  69.110 0.0000000000
67930  39.249  -30.249  67.932 0.0000000000
67931  38.380  -30.365  67.631 0.0000000000
66841  36.762  -31.218  67.812 0.0000000000
67896  45.067  -29.289  70.434 0.0000000000
128912  43.863  -29.547  70.733 0.0000000000
131845  43.698  -29.478  69.883 0.0000000000
67911  43.278  -29.405  68.920 0.0000000000
67927  42.428  -29.541  68.194 0.0000000000
49837  17.324  -48.112  81.269 0.0000000000
50956  17.422  -47.353  81.786 0.0000000000
49821  16.855  -47.935  82.021 0.0000000000
49807  16.572  -47.750  82.743 0.0000000000
50910  26.496  -46.689  84.006 0.0000000000
50940  25.381  -45.601  82.782 0.0000000000
50941  24.572  -45.340  82.475 0.0000000000
52054  23.645  -45.123  82.889 0.0000000000
52083  23.727  -45.079  80.695 0.0000000000
52099  22.314  -45.156  79.550 0.0000000000
74357  47.311  -24.992  57.543 0.0000000000
139469  47.707  -24.697  57.040 0.0000000000
138229  47.112  -25.063  56.736 0.0000000000
143784  22.358  -46.330  88.572 0.0000000000
51967  22.491  -46.068  89.084 0.0000000000
72148  45.504  -26.959  65.635 0.0000000000
141148  45.525  -26.561  65.019 0.0000000000
72157  44.688  -27.359  64.426 0.0000000000
73193  45.307  -26.574  64.176 0.0000000000
73192  45.886  -25.826  63.410 0.0000000000
73205  45.912  -25.656  62.356 0.0000000000
73216  46.032  -25.607  61.396 0.0000000000
73233  44.333  -26.749  60.482 0.0000000000
72199  43.845  -27.260  60.735 0.0000000000
73234  43.681  -26.811  59.942 0.0000000000
53074  18.265  -43.767  88.893 0.0000000000
152889  17.241  -43.853  88.847 0.0000000000
53075  17.314  -43.968  89.576 0.0000000000
135914  15.632  -44.919  89.835 0.0000000000
143069  14.947  -45.541  89.517 0.0000000000
50838  14.476  -46.214  89.802 0.0000000000
50839  13.753  -46.888  90.195 0.0000000000
47481  12.153  -49.108  92.884 0.0000000000
46420  11.796  -50.020  92.490 0.0000000000
46421  11.296  -50.557  92.846 0.0000000000
46427  11.569  -50.901  92.175 0.0000000000
45421  10.809  -51.991  90.727 0.0000000000
137573  9.387  -52.373  91.453 0.0000000000
60519  37.698  -39.991  78.994 0.0000000000
60503  37.020  -39.067  79.640 0.0000000000
60520  36.693  -39.203  78.685 0.0000000000
60534  36.308  -39.462  77.884 0.0000000000
60544  36.378  -39.799  77.024 0.0000000000
59489  37.095  -40.697  75.831 0.0000000000
56544  38.411  -42.300  75.211 0.0000000000
56531  38.586  -42.502  75.881 0.0000000000
55409  39.081  -42.685  75.324 0.0000000000
153440  38.882  -42.601  74.742 0.0000000000
55425  38.195  -43.687  74.425 0.0000000000
54348  37.148  -44.301  74.603 0.0000000000
147077  27.613  -49.369  79.104 0.0000000000
48814  28.182  -49.502  78.693 0.0000000000
140878  28.742  -49.753  78.111 0.0000000000
48830  29.302  -49.397  77.416 0.0000000000
48850  27.892  -49.188  76.836 0.0000000000
48849  28.829  -49.175  76.733 0.0000000000
49902  30.069  -49.076  77.078 0.0000000000
51015  31.074  -48.107  76.736 0.0000000000
52135  31.790  -46.726  76.953 0.0000000000
51029  31.135  -47.228  76.620 0.0000000000
52154  30.598  -46.884  76.168 0.0000000000
52168  30.060  -46.642  75.620 0.0000000000
51047  29.167  -48.072  74.946 0.0000000000
51066  29.058  -47.305  74.484 0.0000000000
52169  29.388  -46.452  74.992 0.0000000000
64819  34.850  -33.226  73.913 0.0000000000
65831  35.041  -33.056  72.919 0.0000000000
131544  33.267  -33.752  71.693 0.0000000000
63855  32.429  -34.622  72.046 0.0000000000
64843  32.495  -34.296  71.069 0.0000000000
64851  32.160  -34.682  69.734 0.0000000000
79281  57.177  -20.732  52.695 0.0000000000
78303  56.477  -20.885  53.144 0.0000000000
79282  56.326  -20.574  52.250 0.0000000000
78312  55.295  -21.315  50.631 0.0000000000
131121  41.481  -29.088  62.393 0.0000000000
70071  40.714  -29.206  61.885 0.0000000000
69044  41.123  -29.513  62.640 0.0000000000
66927  40.563  -29.997  63.678 0.0000000000
67995  40.156  -30.131  63.047 0.0000000000
66866  40.852  -30.336  65.635 0.0000000000
139183  38.697  -30.594  65.097 0.0000000000
127341  38.773  -30.791  64.408 0.0000000000
66911  38.004  -31.357  63.007 0.0000000000
136167  44.945  -29.288  68.531 0.0000000000
68977  45.416  -29.113  68.561 0.0000000000
71099  45.457  -27.949  66.263 0.0000000000
70038  45.123  -28.366  65.886 0.0000000000
70051  44.377  -28.788  64.679 0.0000000000
67973  44.277  -29.476  65.256 0.0000000000
69020  44.269  -29.312  64.806 0.0000000000
70052  43.979  -29.012  63.967 0.0000000000
130428  42.920  -29.201  63.086 0.0000000000
69043  42.094  -29.164  62.807 0.0000000000
135115  32.056  -50.776  85.633 0.0000000000
145928  32.162  -50.605  84.731 0.0000000000
47581  31.435  -50.598  84.887 0.0000000000
47619  30.124  -50.410  83.554 0.0000000000
47602  28.811  -49.909  83.790 0.0000000000
47621  28.772  -50.084  82.853 0.0000000000
47642  29.424  -50.375  82.457 0.0000000000
47643  28.782  -50.179  81.947 0.0000000000
48777  28.095  -49.712  80.432 0.0000000000
49820  26.712  -47.166  82.909 0.0000000000
137017  27.452  -47.888  81.177 0.0000000000
48779  26.896  -49.068  80.864 0.0000000000
48797  26.921  -49.109  79.971 0.0000000000
48796  27.472  -49.324  79.800 0.0000000000
48816  26.853  -49.223  79.024 0.0000000000
49883  25.877  -48.625  78.087 0.0000000000
153413  25.643  -48.310  77.461 0.0000000000
138425  25.574  -46.752  77.895 0.0000000000
51016  25.488  -47.569  77.278 0.0000000000
49927  25.657  -48.304  76.830 0.0000000000
51032  25.561  -47.417  76.465 0.0000000000
52170  25.448  -46.278  74.897 0.0000000000
53245  25.028  -45.780  74.397 0.0000000000
52119  21.278  -45.742  78.290 0.0000000000
60562  32.839  -38.973  73.314 0.0000000000
74352  52.258  -24.168  58.081 0.0000000000
74355  48.872  -24.461  57.614 0.0000000000
74354  49.588  -24.377  57.724 0.0000000000
74367  49.758  -24.058  57.310 0.0000000000
142007  50.240  -24.175  57.514 0.0000000000
75372  51.028  -24.197  57.427 0.0000000000
75371  51.892  -24.058  57.471 0.0000000000
75370  52.698  -23.724  57.632 0.0000000000
75376  52.430  -23.473  56.918 0.0000000000
76312  53.091  -22.919  56.319 0.0000000000
76318  52.962  -22.667  55.703 0.0000000000
76319  51.805  -22.949  55.521 0.0000000000
76323  53.390  -22.476  55.138 0.0000000000
148320  53.339  -21.962  53.760 0.0000000000
52043  20.027  -44.435  83.621 0.0000000000
149630  20.495  -44.426  84.419 0.0000000000
52012  20.312  -44.369  84.962 0.0000000000
53108  20.160  -43.804  85.865 0.0000000000
133635  21.190  -44.787  86.422 0.0000000000
53091  19.622  -43.889  87.401 0.0000000000
54237  19.135  -43.607  88.173 0.0000000000
51968  21.724  -46.007  89.118 0.0000000000
51980  20.973  -45.726  88.927 0.0000000000
144660  21.706  -44.777  89.812 0.0000000000
53072  20.524  -45.085  89.162 0.0000000000
53073  20.099  -44.392  88.500 0.0000000000
54227  19.532  -43.534  88.777 0.0000000000
54201  17.788  -43.458  91.542 0.0000000000
135214  18.880  -42.768  91.509 0.0000000000
146560  33.186  -50.784  86.642 0.0000000000
47560  32.455  -50.814  86.612 0.0000000000
135099  31.042  -50.583  85.721 0.0000000000
134553  30.132  -50.495  85.722 0.0000000000
128505  29.383  -50.415  85.690 0.0000000000
130275  28.758  -50.296  86.081 0.0000000000
49769  27.001  -48.931  85.055 0.0000000000
135298  26.362  -47.870  86.172 0.0000000000
49771  26.389  -47.113  85.557 0.0000000000
150630  26.038  -46.513  84.926 0.0000000000
50927  24.631  -45.506  84.562 0.0000000000
52022  23.614  -45.496  84.680 0.0000000000
145228  23.131  -45.165  84.225 0.0000000000
69055  39.754  -29.430  61.125 0.0000000000
75326  50.268  -24.049  62.317 0.0000000000
74308  49.831  -24.339  60.971 0.0000000000
74298  48.769  -24.267  61.773 0.0000000000
74309  48.911  -24.415  61.009 0.0000000000
73264  47.903  -25.065  58.965 0.0000000000
73231  46.181  -25.554  60.603 0.0000000000
74331  46.218  -25.487  59.840 0.0000000000
74332  45.453  -25.678  59.314 0.0000000000
152437  17.497  -45.306  83.866 0.0000000000
50914  15.727  -47.049  84.226 0.0000000000
49776  15.334  -47.568  84.765 0.0000000000
52005  15.798  -45.641  86.509 0.0000000000
47588  13.897  -49.407  85.714 0.0000000000
47589  13.661  -50.269  85.302 0.0000000000
50817  14.536  -45.990  91.750 0.0000000000
50830  13.880  -46.715  91.279 0.0000000000
48634  13.411  -48.169  89.800 0.0000000000
48585  12.983  -48.438  93.276 0.0000000000
48598  12.878  -48.739  92.469 0.0000000000
48613  12.785  -49.000  91.822 0.0000000000
47495  12.602  -49.653  91.592 0.0000000000
47494  12.676  -49.449  91.489 0.0000000000
139408  12.718  -49.104  91.225 0.0000000000
48624  13.037  -48.715  90.447 0.0000000000
47530  13.225  -49.411  88.522 0.0000000000
46451  13.023  -50.145  88.031 0.0000000000
46452  12.387  -50.567  88.556 0.0000000000
46470  12.477  -50.860  87.420 0.0000000000
128215  7.337  -51.736  95.276 0.0000000000
44426  6.042  -51.927  94.691 0.0000000000
67843  40.340  -30.162  72.560 0.0000000000
65829  36.495  -32.398  73.696 0.0000000000
65820  36.020  -32.814  74.347 0.0000000000
64818  35.447  -33.033  74.339 0.0000000000
64820  34.085  -33.738  74.329 0.0000000000
64774  33.769  -34.619  75.570 0.0000000000
64794  33.449  -34.401  74.885 0.0000000000
62675  32.591  -36.562  74.598 0.0000000000
62641  33.994  -36.682  77.315 0.0000000000
62653  33.786  -37.037  76.533 0.0000000000
62665  34.495  -37.695  76.014 0.0000000000
62666  33.560  -37.313  75.856 0.0000000000
62674  33.176  -37.335  75.230 0.0000000000
60561  33.647  -39.361  73.875 0.0000000000
59501  34.382  -40.215  73.250 0.0000000000
128767  34.822  -40.250  74.038 0.0000000000
59510  35.337  -40.548  72.811 0.0000000000
151389  36.598  -40.699  71.809 0.0000000000
58548  37.013  -40.968  75.325 0.0000000000
56566  38.053  -42.078  73.341 0.0000000000
57593  37.547  -41.910  73.105 0.0000000000
56577  37.123  -41.934  70.944 0.0000000000
56578  36.233  -42.507  70.126 0.0000000000
54309  37.706  -43.611  79.311 0.0000000000
47598  32.628  -50.432  84.209 0.0000000000
47616  33.274  -50.279  83.600 0.0000000000
47639  32.476  -50.197  82.500 0.0000000000
145981  32.950  -50.237  82.887 0.0000000000
47637  34.210  -50.066  83.330 0.0000000000
128650  35.179  -47.958  82.463 0.0000000000
47692  29.577  -50.225  79.601 0.0000000000
47690  31.081  -50.318  79.944 0.0000000000
48776  31.869  -50.073  80.214 0.0000000000
48810  32.017  -49.192  78.712 0.0000000000
137508  32.307  -49.403  79.605 0.0000000000
48774  33.358  -49.422  80.645 0.0000000000
48773  34.089  -49.150  80.944 0.0000000000
49833  35.441  -47.578  81.536 0.0000000000
50964  35.952  -47.099  80.990 0.0000000000
52096  35.731  -46.004  79.615 0.0000000000
52095  36.313  -45.444  80.029 0.0000000000
53179  37.010  -44.958  79.436 0.0000000000
53186  37.462  -44.347  78.889 0.0000000000
54315  37.969  -43.840  78.376 0.0000000000
53194  37.814  -44.516  77.922 0.0000000000
53207  37.154  -45.106  76.411 0.0000000000
53197  35.559  -45.649  76.964 0.0000000000
53208  36.127  -45.303  76.285 0.0000000000
54330  36.743  -45.050  75.624 0.0000000000
127164  35.569  -44.741  74.773 0.0000000000
137068  34.420  -44.758  74.629 0.0000000000
52152  32.098  -45.778  76.666 0.0000000000
148960  32.597  -44.939  76.034 0.0000000000
53226  33.372  -45.052  75.299 0.0000000000
54340  34.067  -45.043  74.911 0.0000000000
54351  34.050  -44.649  74.314 0.0000000000
55445  31.506  -43.661  73.070 0.0000000000
55459  31.499  -43.509  72.073 0.0000000000
55458  32.208  -43.539  71.585 0.0000000000
67844  39.480  -30.381  72.235 0.0000000000
67866  39.343  -30.392  71.349 0.0000000000
67888  38.456  -30.656  70.170 0.0000000000
66811  37.862  -30.777  71.716 0.0000000000
66820  37.792  -30.862  70.681 0.0000000000
67889  37.753  -31.031  69.846 0.0000000000
67901  37.671  -31.063  69.174 0.0000000000
66829  36.861  -31.354  68.816 0.0000000000
65840  34.881  -32.664  71.838 0.0000000000
65849  34.794  -32.453  70.856 0.0000000000
66822  35.530  -32.250  70.288 0.0000000000
65861  34.055  -32.974  69.536 0.0000000000
65860  34.816  -32.631  69.925 0.0000000000
66831  35.434  -32.300  69.497 0.0000000000
66843  35.346  -32.212  68.662 0.0000000000
77329  53.989  -21.829  51.444 0.0000000000
47582  28.870  -50.143  85.250 0.0000000000
47599  31.030  -50.474  84.248 0.0000000000
47620  29.440  -50.326  83.263 0.0000000000
47638  33.640  -50.130  82.755 0.0000000000
47641  30.078  -50.488  82.805 0.0000000000
47656  33.183  -50.096  82.165 0.0000000000
47660  29.416  -50.379  81.732 0.0000000000
47691  30.259  -50.270  79.784 0.0000000000
47705  29.906  -50.174  79.018 0.0000000000
48775  32.625  -49.681  80.435 0.0000000000
48778  27.321  -49.266  80.557 0.0000000000
48793  33.121  -49.185  79.817 0.0000000000
48812  30.378  -49.792  78.405 0.0000000000
49834  35.065  -48.249  81.723 0.0000000000
49881  31.596  -48.895  77.847 0.0000000000
49882  30.868  -49.310  77.877 0.0000000000
49945  29.238  -48.525  75.663 0.0000000000
50998  32.694  -47.703  78.109 0.0000000000
53086  15.853  -44.685  88.491 0.0000000000
54314  38.511  -43.408  77.927 0.0000000000
54320  39.059  -43.904  77.184 0.0000000000
54336  38.587  -43.825  75.157 0.0000000000
55384  39.378  -42.253  77.965 0.0000000000
55385  38.742  -42.646  78.538 0.0000000000
56545  38.699  -42.863  74.175 0.0000000000
56576  37.915  -41.784  71.947 0.0000000000
57556  39.258  -42.037  77.813 0.0000000000
57557  38.516  -42.184  77.141 0.0000000000
58516  39.009  -41.656  78.549 0.0000000000
58537  37.877  -41.662  76.669 0.0000000000
58546  37.730  -41.561  76.060 0.0000000000
64773  34.402  -34.239  75.705 0.0000000000
64844  32.089  -34.704  70.460 0.0000000000
64850  32.866  -34.069  69.427 0.0000000000
65830  36.008  -32.532  73.072 0.0000000000
65910  39.571  -30.511  63.965 0.0000000000
66876  43.052  -30.005  65.322 0.0000000000
66877  42.388  -30.171  65.317 0.0000000000
66892  41.904  -30.229  64.742 0.0000000000
66909  39.952  -30.142  63.876 0.0000000000
67954  43.055  -30.083  66.008 0.0000000000
67964  42.908  -29.878  64.778 0.0000000000
67975  42.640  -29.793  64.262 0.0000000000
68999  44.316  -29.562  66.373 0.0000000000
69021  43.947  -29.419  64.190 0.0000000000
69032  43.428  -29.293  63.668 0.0000000000
69033  42.786  -29.429  63.577 0.0000000000
71118  44.408  -27.992  64.739 0.0000000000
73263  48.486  -24.842  58.567 0.0000000000
74321  48.496  -25.050  60.463 0.0000000000
127597  36.605  -31.621  71.212 0.0000000000
129493  39.013  -43.130  76.901 0.0000000000
130997  26.649  -48.834  76.061 0.0000000000
131035  28.029  -49.354  78.071 0.0000000000
131662  40.785  -29.847  66.983 0.0000000000
132268  38.857  -44.239  76.636 0.0000000000
132652  41.482  -30.314  64.661 0.0000000000
135314  29.835  -50.417  81.192 0.0000000000
144563  53.572  -22.624  55.949 0.0000000000
144609  41.621  -29.333  62.778 0.0000000000
146100  40.829  -29.903  63.282 0.0000000000
147932  30.712  -50.428  83.753 0.0000000000
148519  32.111  -50.183  82.013 0.0000000000
150931  34.597  -47.721  79.706 0.0000000000
151144  25.738  -47.919  78.392 0.0000000000
153068  37.264  -31.194  71.161 0.0000000000
153179  39.590  -30.312  69.417 0.0000000000
153250  28.618  -49.713  84.325 0.0000000000
