#!ascii label  , from subject sub1 vox2ras=TkReg
1141
102580  46.474  5.559  31.427 0.0000000000
104255  52.126  7.846  29.773 0.0000000000
101589  58.105  6.057  38.444 0.0000000000
147871  42.985  7.163  34.936 0.0000000000
104154  47.954  8.335  37.156 0.0000000000
105005  47.602  9.278  26.141 0.0000000000
133562  50.868  14.025  32.514 0.0000000000
131527  48.205  14.808  29.425 0.0000000000
104095  58.796  7.741  42.942 0.0000000000
100750  53.574  4.733  44.692 0.0000000000
100866  50.982  4.265  27.886 0.0000000000
134060  53.835  6.724  33.219 0.0000000000
101665  58.305  5.868  30.541 0.0000000000
104188  57.757  8.115  35.524 0.0000000000
112576  49.591  20.746  27.353 0.0000000000
105709  51.203  10.742  25.980 0.0000000000
102460  51.518  6.551  40.512 0.0000000000
102545  44.498  6.338  33.169 0.0000000000
104175  45.331  8.418  36.571 0.0000000000
103390  47.644  7.836  34.199 0.0000000000
103476  46.388  6.376  29.406 0.0000000000
102581  43.600  6.469  31.115 0.0000000000
108945  47.631  15.653  33.279 0.0000000000
104061  56.867  7.841  45.444 0.0000000000
101515  58.170  5.909  46.932 0.0000000000
101476  57.218  5.127  49.592 0.0000000000
145728  52.472  21.628  26.202 0.0000000000
102630  53.431  5.208  27.264 0.0000000000
100059  55.119  3.897  28.545 0.0000000000
103457  55.832  6.889  29.751 0.0000000000
107635  56.479  14.174  34.597 0.0000000000
106297  58.578  11.308  33.749 0.0000000000
105625  55.372  10.056  34.818 0.0000000000
132562  55.153  9.440  38.228 0.0000000000
105675  49.863  10.744  29.865 0.0000000000
107022  50.311  12.944  27.572 0.0000000000
104270  50.766  8.693  27.835 0.0000000000
103501  50.670  6.993  25.270 0.0000000000
102524  56.470  6.255  35.142 0.0000000000
103341  53.277  7.310  37.101 0.0000000000
102492  54.742  6.692  38.537 0.0000000000
143885  45.301  7.490  39.327 0.0000000000
136345  46.813  6.581  40.451 0.0000000000
143319  49.375  12.126  24.387 0.0000000000
106358  46.163  11.748  27.291 0.0000000000
105663  51.657  10.604  31.525 0.0000000000
126999  55.063  10.184  30.559 0.0000000000
111946  44.776  20.385  31.562 0.0000000000
110783  47.066  18.521  29.716 0.0000000000
106997  48.727  12.901  31.446 0.0000000000
102453  59.533  6.194  40.467 0.0000000000
102435  56.156  6.515  41.446 0.0000000000
102406  56.963  6.124  44.042 0.0000000000
150817  54.688  2.901  46.489 0.0000000000
101673  48.313  5.189  29.813 0.0000000000
102558  50.249  6.671  31.700 0.0000000000
134683  52.683  4.703  30.087 0.0000000000
100824  56.270  4.691  31.656 0.0000000000
101617  58.690  5.113  34.191 0.0000000000
104960  58.140  9.148  30.941 0.0000000000
103404  59.681  8.074  33.285 0.0000000000
103349  59.870  6.766  36.667 0.0000000000
104130  58.451  8.021  39.291 0.0000000000
104866  56.226  9.240  41.197 0.0000000000
113814  50.939  23.299  27.243 0.0000000000
110812  51.680  18.562  26.308 0.0000000000
131343  50.502  16.108  26.865 0.0000000000
107728  51.325  13.674  24.251 0.0000000000
105019  49.573  9.188  24.111 0.0000000000
102633  48.722  5.909  27.126 0.0000000000
103370  50.155  8.020  35.771 0.0000000000
103307  49.965  7.182  39.079 0.0000000000
136531  47.803  5.125  41.598 0.0000000000
101546  52.310  5.760  42.662 0.0000000000
102563  45.384  5.826  32.223 0.0000000000
103412  45.867  7.058  33.537 0.0000000000
102542  46.830  6.742  32.748 0.0000000000
101675  46.193  5.010  30.279 0.0000000000
103449  45.076  6.368  30.404 0.0000000000
143788  45.129  5.013  30.944 0.0000000000
101642  43.991  5.550  31.611 0.0000000000
104043  55.540  7.714  46.210 0.0000000000
103224  56.804  7.390  47.399 0.0000000000
103206  55.500  6.875  48.096 0.0000000000
100779  45.517  4.185  41.355 0.0000000000
103473  52.355  6.567  28.293 0.0000000000
102604  54.294  6.181  28.870 0.0000000000
103459  53.681  6.972  29.481 0.0000000000
107637  55.961  13.950  34.976 0.0000000000
106288  56.540  12.267  34.304 0.0000000000
104976  50.989  8.932  29.754 0.0000000000
105692  50.415  10.117  28.328 0.0000000000
104269  51.243  7.925  28.412 0.0000000000
103474  51.614  6.971  27.882 0.0000000000
102508  57.050  6.404  36.757 0.0000000000
102510  55.608  6.600  37.260 0.0000000000
102490  56.281  6.437  38.626 0.0000000000
144013  41.950  7.561  35.841 0.0000000000
104177  43.446  8.029  36.488 0.0000000000
104155  46.935  8.550  37.099 0.0000000000
104135  45.399  8.304  38.133 0.0000000000
104134  46.392  8.365  38.060 0.0000000000
103292  46.230  6.944  40.094 0.0000000000
138896  47.427  7.533  39.238 0.0000000000
105711  47.848  10.470  25.467 0.0000000000
106370  48.205  11.589  25.532 0.0000000000
152355  46.962  10.724  26.863 0.0000000000
102529  42.110  6.525  33.686 0.0000000000
103395  41.714  6.905  34.501 0.0000000000
106306  51.483  12.055  32.142 0.0000000000
106994  52.867  12.260  31.563 0.0000000000
107658  52.326  14.061  32.019 0.0000000000
108312  48.773  14.761  33.139 0.0000000000
108337  48.164  14.248  32.325 0.0000000000
107661  49.525  13.483  32.547 0.0000000000
106995  49.974  11.944  31.913 0.0000000000
102416  59.438  6.940  42.078 0.0000000000
102418  58.173  6.570  42.478 0.0000000000
102404  58.443  6.612  43.940 0.0000000000
100739  57.133  4.397  48.330 0.0000000000
101512  56.675  5.153  47.392 0.0000000000
99194  56.353  2.690  47.546 0.0000000000
100858  49.362  4.707  28.908 0.0000000000
101671  50.649  5.413  30.210 0.0000000000
100844  52.387  4.318  29.405 0.0000000000
101681  57.016  5.080  29.304 0.0000000000
100840  55.787  3.943  29.616 0.0000000000
100838  57.141  4.551  30.530 0.0000000000
101635  57.443  4.993  32.847 0.0000000000
100829  58.754  5.166  31.686 0.0000000000
106325  55.574  11.496  30.837 0.0000000000
104962  56.678  9.524  30.742 0.0000000000
106313  57.251  11.631  31.127 0.0000000000
104921  57.908  9.805  33.909 0.0000000000
104931  58.812  10.209  33.145 0.0000000000
104202  58.763  8.571  33.948 0.0000000000
135187  59.734  7.444  34.877 0.0000000000
135773  58.469  7.669  35.867 0.0000000000
103340  58.904  7.609  37.877 0.0000000000
104149  57.980  8.055  37.605 0.0000000000
135698  55.081  9.753  39.112 0.0000000000
104876  56.186  9.302  39.537 0.0000000000
112575  50.430  21.401  26.808 0.0000000000
112574  51.403  21.215  26.636 0.0000000000
136316  50.636  19.021  26.913 0.0000000000
109608  47.831  17.242  29.332 0.0000000000
110781  48.056  17.910  28.963 0.0000000000
109607  48.371  16.609  28.766 0.0000000000
151445  51.261  11.679  26.761 0.0000000000
133210  50.724  14.238  26.933 0.0000000000
107038  51.455  13.010  26.327 0.0000000000
108370  51.699  14.595  26.000 0.0000000000
142761  51.277  12.233  25.137 0.0000000000
106376  50.306  11.302  24.190 0.0000000000
105017  50.591  9.785  24.639 0.0000000000
101721  51.065  5.483  25.924 0.0000000000
102655  50.258  6.400  25.222 0.0000000000
100880  50.007  4.789  27.133 0.0000000000
100869  48.160  4.920  28.203 0.0000000000
102541  51.833  6.932  32.875 0.0000000000
103408  50.497  7.542  33.289 0.0000000000
103386  52.282  7.573  34.461 0.0000000000
102494  52.104  7.041  39.023 0.0000000000
103343  51.337  7.413  37.733 0.0000000000
102480  50.465  6.857  39.549 0.0000000000
102462  49.376  6.459  40.510 0.0000000000
102440  49.974  6.181  41.049 0.0000000000
101535  54.673  5.757  43.775 0.0000000000
102421  54.726  6.360  42.426 0.0000000000
101532  53.184  5.090  44.053 0.0000000000
103393  44.228  7.236  34.393 0.0000000000
104195  44.012  7.966  35.730 0.0000000000
136858  45.092  7.531  34.687 0.0000000000
104193  46.646  8.271  35.334 0.0000000000
104192  47.641  8.368  35.637 0.0000000000
103462  47.431  7.641  28.671 0.0000000000
102546  43.053  6.178  33.135 0.0000000000
140866  57.800  8.137  44.186 0.0000000000
103264  58.534  7.165  45.246 0.0000000000
103245  57.861  7.278  46.424 0.0000000000
101501  57.372  5.396  48.850 0.0000000000
101705  52.958  4.606  26.958 0.0000000000
100061  53.751  3.673  28.089 0.0000000000
101703  54.338  4.329  27.417 0.0000000000
102613  55.690  5.420  28.570 0.0000000000
102601  56.803  6.060  29.525 0.0000000000
107657  56.772  13.704  32.888 0.0000000000
106304  58.377  11.590  32.810 0.0000000000
133406  57.261  12.027  34.034 0.0000000000
105636  57.293  10.879  34.094 0.0000000000
104912  56.525  8.985  34.800 0.0000000000
104152  55.993  8.647  37.073 0.0000000000
104901  55.385  9.101  36.390 0.0000000000
104893  54.644  9.764  37.819 0.0000000000
105608  53.710  10.607  38.798 0.0000000000
134387  48.673  20.814  27.857 0.0000000000
107693  48.664  13.082  29.648 0.0000000000
107692  49.066  13.442  28.646 0.0000000000
140491  49.963  11.599  28.412 0.0000000000
105699  50.784  10.495  27.488 0.0000000000
105004  51.058  9.955  26.512 0.0000000000
138717  50.589  8.597  25.107 0.0000000000
126945  50.898  7.612  26.447 0.0000000000
102632  51.720  6.002  26.294 0.0000000000
127182  55.455  6.440  34.156 0.0000000000
103385  53.219  7.367  34.560 0.0000000000
103366  54.406  7.183  35.725 0.0000000000
132682  54.141  6.982  37.925 0.0000000000
102478  52.570  6.700  39.738 0.0000000000
99207  52.965  2.822  45.060 0.0000000000
99983  52.565  3.604  44.886 0.0000000000
103313  43.730  7.353  39.421 0.0000000000
104158  44.002  8.271  37.336 0.0000000000
103332  44.105  7.708  38.741 0.0000000000
103294  44.275  6.940  39.994 0.0000000000
102465  44.786  6.453  40.527 0.0000000000
101574  46.045  5.762  41.079 0.0000000000
101562  46.194  4.824  41.365 0.0000000000
107729  49.018  13.503  24.110 0.0000000000
107711  47.195  13.199  26.319 0.0000000000
104964  52.223  9.095  30.912 0.0000000000
104247  53.568  8.388  30.598 0.0000000000
105661  53.422  10.474  31.067 0.0000000000
131053  53.933  11.896  30.889 0.0000000000
106991  55.197  13.211  30.972 0.0000000000
108333  56.034  14.163  32.044 0.0000000000
108320  56.429  15.205  33.578 0.0000000000
111952  45.914  20.032  30.201 0.0000000000
110770  46.576  18.240  30.351 0.0000000000
141460  47.305  15.930  30.385 0.0000000000
107686  48.349  13.287  30.734 0.0000000000
106317  49.474  11.804  30.988 0.0000000000
105674  50.427  10.351  30.540 0.0000000000
101583  59.661  5.653  39.566 0.0000000000
102475  57.140  6.354  39.909 0.0000000000
146084  57.888  6.432  41.369 0.0000000000
128870  56.403  6.333  42.841 0.0000000000
101530  55.053  5.503  44.482 0.0000000000
101527  57.668  6.101  45.328 0.0000000000
101518  55.276  5.264  45.972 0.0000000000
100744  54.248  4.310  46.006 0.0000000000
101656  47.818  5.471  30.513 0.0000000000
102560  48.162  6.694  31.968 0.0000000000
102577  49.542  6.313  30.962 0.0000000000
101655  51.353  5.665  30.789 0.0000000000
102574  53.165  5.822  31.567 0.0000000000
100842  54.155  4.045  29.573 0.0000000000
101652  54.565  4.897  31.114 0.0000000000
102554  54.910  6.013  32.658 0.0000000000
101631  56.208  5.677  33.102 0.0000000000
133647  57.334  5.538  34.202 0.0000000000
142810  58.525  5.689  35.849 0.0000000000
103445  55.325  7.943  30.286 0.0000000000
103443  57.325  7.700  30.342 0.0000000000
103441  58.385  7.889  30.772 0.0000000000
105651  58.924  10.716  32.970 0.0000000000
104949  58.874  9.207  32.269 0.0000000000
103431  59.333  7.459  31.880 0.0000000000
102537  60.115  6.258  33.381 0.0000000000
101606  60.138  5.838  35.508 0.0000000000
101600  59.953  5.810  37.400 0.0000000000
102487  60.322  6.122  38.654 0.0000000000
103305  59.364  7.292  39.876 0.0000000000
104108  58.651  8.009  41.015 0.0000000000
104132  56.663  8.741  38.516 0.0000000000
104110  56.981  8.872  40.101 0.0000000000
104096  57.794  8.389  42.780 0.0000000000
104091  56.379  8.554  43.753 0.0000000000
113256  51.876  22.423  26.751 0.0000000000
111997  52.208  20.354  26.335 0.0000000000
110231  52.009  18.146  25.730 0.0000000000
108993  49.400  15.286  27.755 0.0000000000
130597  50.330  18.177  27.115 0.0000000000
145175  51.139  16.798  26.359 0.0000000000
109023  51.682  15.450  25.838 0.0000000000
109041  51.357  15.303  24.041 0.0000000000
107068  50.311  12.820  23.853 0.0000000000
105717  49.233  10.384  24.348 0.0000000000
105011  47.846  9.178  25.198 0.0000000000
104297  50.193  7.981  24.475 0.0000000000
104284  48.682  7.773  25.163 0.0000000000
103486  48.172  7.432  26.996 0.0000000000
102618  47.367  5.579  28.330 0.0000000000
137696  47.121  4.800  29.062 0.0000000000
103423  48.856  7.472  32.744 0.0000000000
104204  48.937  8.285  35.146 0.0000000000
104171  49.223  8.295  36.392 0.0000000000
128906  52.045  7.580  36.101 0.0000000000
103345  49.821  8.024  37.017 0.0000000000
103346  49.267  7.829  37.802 0.0000000000
103309  48.180  7.297  39.517 0.0000000000
150712  47.423  5.802  41.174 0.0000000000
127413  55.532  6.557  40.568 0.0000000000
102458  53.716  6.501  40.556 0.0000000000
102438  52.314  6.362  41.339 0.0000000000
100756  51.570  4.714  43.683 0.0000000000
101548  50.524  5.442  42.289 0.0000000000
101460  55.995  4.826  50.387 0.0000000000
99153  57.165  3.175  50.263 0.0000000000
102562  46.235  6.041  32.110 0.0000000000
102543  46.022  6.544  32.815 0.0000000000
102561  47.139  6.305  32.081 0.0000000000
101658  45.856  5.059  30.865 0.0000000000
146340  45.587  5.125  30.613 0.0000000000
101640  45.579  5.337  31.447 0.0000000000
101641  44.780  5.309  31.519 0.0000000000
103225  55.910  7.217  47.362 0.0000000000
103460  52.632  7.107  29.227 0.0000000000
103447  53.100  7.688  30.021 0.0000000000
104249  51.739  8.582  30.238 0.0000000000
104256  51.426  8.205  29.371 0.0000000000
103461  51.768  7.368  28.900 0.0000000000
101596  58.012  6.163  37.285 0.0000000000
102500  56.409  6.460  37.710 0.0000000000
126874  57.005  6.353  38.569 0.0000000000
103374  42.356  7.322  35.275 0.0000000000
103356  42.622  7.696  36.112 0.0000000000
103373  43.197  7.576  35.608 0.0000000000
104133  47.387  8.287  37.917 0.0000000000
103329  46.889  7.888  38.684 0.0000000000
103328  47.752  7.841  38.531 0.0000000000
130487  47.547  9.890  25.688 0.0000000000
139070  47.321  10.608  26.280 0.0000000000
105704  47.340  10.120  26.574 0.0000000000
103394  42.479  6.875  34.548 0.0000000000
106980  51.212  12.675  32.353 0.0000000000
134116  51.940  13.224  32.135 0.0000000000
107659  51.398  13.608  32.360 0.0000000000
107648  50.094  14.176  32.688 0.0000000000
108324  49.207  14.186  32.806 0.0000000000
107660  50.441  13.229  32.580 0.0000000000
106981  50.424  12.436  32.376 0.0000000000
103273  59.200  7.402  42.372 0.0000000000
102409  58.812  6.734  43.129 0.0000000000
141812  58.914  6.959  43.590 0.0000000000
99970  56.728  3.386  48.098 0.0000000000
100857  50.457  4.550  28.814 0.0000000000
144989  51.373  4.261  28.473 0.0000000000
101666  57.607  5.618  29.891 0.0000000000
100850  56.877  4.683  29.729 0.0000000000
147667  58.039  5.283  30.368 0.0000000000
138384  58.118  4.745  31.790 0.0000000000
145491  58.911  5.886  31.221 0.0000000000
106990  56.230  12.012  31.136 0.0000000000
106324  56.474  11.243  30.783 0.0000000000
104203  57.947  8.690  34.449 0.0000000000
104187  58.540  7.995  34.868 0.0000000000
104168  58.452  7.624  36.889 0.0000000000
104169  57.676  7.984  36.973 0.0000000000
104878  54.757  10.004  39.542 0.0000000000
146686  49.051  21.182  27.596 0.0000000000
113245  49.204  22.537  27.530 0.0000000000
111984  50.658  20.584  26.769 0.0000000000
111404  50.014  19.765  27.288 0.0000000000
108986  47.797  16.294  29.545 0.0000000000
108985  48.228  15.703  29.031 0.0000000000
106362  51.375  11.618  26.361 0.0000000000
144896  51.138  13.000  26.714 0.0000000000
139407  51.554  12.290  26.034 0.0000000000
107044  51.582  13.028  25.726 0.0000000000
106368  51.307  11.493  25.516 0.0000000000
106375  50.891  11.377  24.625 0.0000000000
105714  50.989  10.596  24.990 0.0000000000
100878  51.635  4.446  26.990 0.0000000000
100893  50.904  4.846  26.578 0.0000000000
100879  50.688  4.520  27.301 0.0000000000
100867  49.889  4.618  28.072 0.0000000000
102540  52.550  7.041  33.171 0.0000000000
103406  51.988  7.360  33.615 0.0000000000
153541  52.666  7.381  33.859 0.0000000000
127100  51.777  6.756  39.872 0.0000000000
102479  51.209  6.939  39.308 0.0000000000
131609  51.020  6.709  40.087 0.0000000000
102461  50.238  6.524  40.286 0.0000000000
102439  50.876  6.322  40.905 0.0000000000
101531  54.063  5.311  44.240 0.0000000000
101536  53.673  5.686  43.473 0.0000000000
102527  43.962  6.556  33.634 0.0000000000
103413  44.944  6.996  33.805 0.0000000000
127282  46.678  7.584  34.036 0.0000000000
103391  46.442  7.857  34.729 0.0000000000
104206  47.190  8.100  34.791 0.0000000000
152097  47.044  6.798  29.012 0.0000000000
133335  46.918  7.522  29.402 0.0000000000
134151  45.269  7.536  30.558 0.0000000000
102564  44.478  5.767  32.425 0.0000000000
102565  43.583  5.832  32.325 0.0000000000
143597  43.902  6.080  32.933 0.0000000000
104079  57.354  8.029  44.787 0.0000000000
104060  57.655  7.773  45.396 0.0000000000
103266  57.383  7.586  46.003 0.0000000000
140682  56.958  6.498  48.675 0.0000000000
102354  57.480  6.259  48.351 0.0000000000
102327  57.184  5.881  49.025 0.0000000000
100729  57.584  4.338  49.568 0.0000000000
99939  57.750  3.640  50.151 0.0000000000
113255  52.263  22.289  26.373 0.0000000000
113824  52.213  23.011  25.912 0.0000000000
102631  52.940  4.996  26.921 0.0000000000
136178  53.566  4.203  26.990 0.0000000000
102603  55.333  6.133  28.990 0.0000000000
102614  54.798  5.442  28.271 0.0000000000
102612  56.401  5.391  28.879 0.0000000000
102602  56.209  6.075  29.176 0.0000000000
107647  57.054  13.503  33.765 0.0000000000
127744  57.309  12.804  33.487 0.0000000000
139839  57.198  12.638  34.014 0.0000000000
153097  56.139  11.521  34.347 0.0000000000
146779  57.023  11.630  34.101 0.0000000000
105637  56.214  10.790  34.307 0.0000000000
104922  57.265  9.913  34.183 0.0000000000
104923  56.302  9.877  34.428 0.0000000000
104913  55.674  9.252  35.300 0.0000000000
105616  54.219  10.105  36.164 0.0000000000
105611  54.109  10.139  37.227 0.0000000000
132657  54.159  10.335  38.195 0.0000000000
105612  53.501  10.505  37.518 0.0000000000
106340  49.460  11.859  29.080 0.0000000000
148654  49.698  11.248  29.224 0.0000000000
104991  50.594  9.297  28.336 0.0000000000
104999  50.697  9.661  27.687 0.0000000000
104998  50.971  10.110  27.181 0.0000000000
129664  50.864  9.306  27.118 0.0000000000
134783  50.795  8.754  26.185 0.0000000000
153112  50.875  8.429  27.026 0.0000000000
102617  52.289  5.849  27.162 0.0000000000
103484  51.424  6.743  26.773 0.0000000000
101719  52.133  5.302  26.608 0.0000000000
148771  55.413  6.661  34.727 0.0000000000
102525  54.778  6.875  34.639 0.0000000000
127610  55.301  6.860  35.296 0.0000000000
102502  54.981  6.771  37.758 0.0000000000
102511  54.909  6.948  36.895 0.0000000000
102493  53.727  6.885  38.629 0.0000000000
102477  53.557  6.680  39.646 0.0000000000
103314  42.827  7.389  39.484 0.0000000000
103333  43.220  7.752  38.779 0.0000000000
104194  44.896  8.114  35.853 0.0000000000
104176  44.416  8.282  36.533 0.0000000000
103331  44.945  7.801  38.771 0.0000000000
103312  44.609  7.389  39.387 0.0000000000
103293  45.242  7.041  39.948 0.0000000000
135304  45.635  6.418  40.548 0.0000000000
102464  46.284  6.360  40.612 0.0000000000
102443  46.810  6.057  40.887 0.0000000000
107742  49.669  13.420  23.680 0.0000000000
107056  49.067  12.786  24.355 0.0000000000
107039  47.355  12.191  26.361 0.0000000000
135243  46.497  12.728  26.888 0.0000000000
107032  45.961  12.415  27.259 0.0000000000
104955  51.940  9.833  31.246 0.0000000000
104954  52.795  9.746  31.196 0.0000000000
105662  52.545  10.532  31.416 0.0000000000
152644  53.441  12.016  31.193 0.0000000000
106992  54.550  12.525  30.858 0.0000000000
108334  55.285  14.439  31.758 0.0000000000
144463  56.436  14.568  32.875 0.0000000000
132917  45.080  20.952  31.067 0.0000000000
111953  45.353  20.220  30.910 0.0000000000
110771  46.058  18.683  30.720 0.0000000000
110196  46.542  17.273  30.575 0.0000000000
109600  47.218  16.796  29.980 0.0000000000
107677  48.313  13.590  31.692 0.0000000000
107678  47.777  13.994  30.866 0.0000000000
107009  48.848  12.510  30.771 0.0000000000
106315  51.342  11.360  31.912 0.0000000000
106316  50.469  11.388  31.684 0.0000000000
105664  50.794  10.721  31.397 0.0000000000
105673  51.135  10.035  31.026 0.0000000000
101573  59.914  5.825  40.058 0.0000000000
102473  59.043  5.892  40.179 0.0000000000
102454  58.595  6.320  40.907 0.0000000000
145595  57.669  6.266  43.767 0.0000000000
129743  57.470  6.505  42.633 0.0000000000
102411  57.045  6.352  43.233 0.0000000000
139345  56.206  6.192  43.626 0.0000000000
101529  56.049  6.047  44.362 0.0000000000
101520  58.227  6.462  46.167 0.0000000000
102403  58.176  6.349  45.413 0.0000000000
101521  57.987  5.928  45.981 0.0000000000
99972  55.237  3.968  47.069 0.0000000000
100742  55.647  4.869  46.840 0.0000000000
100743  54.830  4.587  46.365 0.0000000000
100746  54.539  4.892  45.650 0.0000000000
99979  54.546  3.617  46.449 0.0000000000
99204  54.232  2.875  45.950 0.0000000000
102593  48.880  5.789  30.340 0.0000000000
101670  51.600  4.936  30.013 0.0000000000
144342  52.112  5.307  30.599 0.0000000000
102575  52.122  5.889  31.436 0.0000000000
101654  52.932  5.293  30.720 0.0000000000
100060  54.458  3.748  28.331 0.0000000000
100854  53.925  3.631  29.007 0.0000000000
100853  54.666  3.695  29.047 0.0000000000
100832  55.973  4.225  30.727 0.0000000000
100833  55.161  4.286  30.463 0.0000000000
101651  55.406  4.763  31.381 0.0000000000
101638  54.839  5.509  31.854 0.0000000000
101637  55.703  5.458  32.317 0.0000000000
102538  55.542  6.069  33.263 0.0000000000
101636  56.632  5.208  32.550 0.0000000000
100816  58.082  4.753  33.012 0.0000000000
101629  57.935  5.133  33.665 0.0000000000
101618  57.977  5.457  34.525 0.0000000000
101609  57.908  5.738  35.378 0.0000000000
101608  58.795  5.381  35.105 0.0000000000
104952  54.574  9.471  30.814 0.0000000000
104246  54.503  8.576  30.714 0.0000000000
130371  55.293  9.020  30.723 0.0000000000
104961  57.571  9.304  30.845 0.0000000000
104244  56.981  8.574  30.672 0.0000000000
104243  57.770  8.513  30.671 0.0000000000
103442  57.860  7.803  30.464 0.0000000000
104242  58.280  8.576  30.902 0.0000000000
106969  58.518  11.535  33.666 0.0000000000
106303  58.530  10.944  32.436 0.0000000000
144772  59.265  11.256  33.477 0.0000000000
104213  59.180  8.837  33.050 0.0000000000
104941  58.933  9.698  32.720 0.0000000000
135608  59.363  8.517  32.781 0.0000000000
104232  59.195  8.412  32.157 0.0000000000
103420  59.661  7.833  32.603 0.0000000000
102553  59.785  6.732  32.417 0.0000000000
103419  59.996  7.292  33.090 0.0000000000
103364  59.764  7.119  35.713 0.0000000000
102516  60.285  6.322  35.101 0.0000000000
102507  60.075  6.356  35.945 0.0000000000
143251  59.853  5.853  36.335 0.0000000000
102497  60.173  6.050  37.068 0.0000000000
101593  60.135  5.905  38.207 0.0000000000
102498  60.074  6.435  37.690 0.0000000000
131086  58.255  8.132  38.408 0.0000000000
103323  59.348  7.354  38.920 0.0000000000
104119  58.568  7.902  40.162 0.0000000000
104891  55.817  8.932  38.160 0.0000000000
104151  56.658  8.510  37.666 0.0000000000
104871  56.182  9.308  40.289 0.0000000000
135772  56.796  8.985  40.876 0.0000000000
104102  57.122  8.788  41.832 0.0000000000
104097  56.899  8.746  42.692 0.0000000000
114347  50.595  24.074  27.627 0.0000000000
114341  50.258  24.736  28.347 0.0000000000
114346  51.022  24.703  27.889 0.0000000000
113243  51.423  22.540  26.878 0.0000000000
132550  51.769  19.891  26.468 0.0000000000
111414  52.202  19.425  26.196 0.0000000000
110811  52.242  18.680  25.928 0.0000000000
107023  49.682  13.279  28.084 0.0000000000
133306  49.372  14.250  28.048 0.0000000000
107700  50.162  13.828  27.445 0.0000000000
109002  50.713  15.248  26.804 0.0000000000
109003  50.043  15.601  27.255 0.0000000000
149130  50.015  16.182  27.223 0.0000000000
109624  50.336  16.715  26.966 0.0000000000
110220  50.792  17.441  26.721 0.0000000000
109635  50.882  16.762  26.590 0.0000000000
107720  51.668  13.883  25.360 0.0000000000
108381  51.808  14.749  25.487 0.0000000000
109035  51.763  15.440  25.035 0.0000000000
108391  51.620  14.538  24.628 0.0000000000
107740  50.661  13.522  23.666 0.0000000000
107067  50.797  13.027  24.101 0.0000000000
105716  49.970  10.571  24.188 0.0000000000
106377  49.951  11.258  24.147 0.0000000000
132343  49.601  10.029  24.201 0.0000000000
130987  48.879  9.619  24.341 0.0000000000
148218  48.385  9.149  24.629 0.0000000000
104283  50.628  7.633  25.559 0.0000000000
153260  50.357  8.370  24.633 0.0000000000
103502  50.294  7.299  24.821 0.0000000000
102647  49.159  6.354  26.331 0.0000000000
102656  49.495  6.821  25.197 0.0000000000
103495  48.719  7.180  26.152 0.0000000000
103496  48.273  7.951  26.162 0.0000000000
103485  48.427  6.565  27.031 0.0000000000
132112  47.792  6.547  27.691 0.0000000000
102634  48.006  5.764  27.637 0.0000000000
100859  48.558  4.773  28.992 0.0000000000
101694  47.414  4.967  28.558 0.0000000000
138011  47.941  4.859  29.273 0.0000000000
101674  47.129  4.808  29.832 0.0000000000
102559  49.227  6.877  31.799 0.0000000000
103422  49.956  7.292  32.517 0.0000000000
132338  50.677  7.809  34.909 0.0000000000
132369  49.972  7.995  34.111 0.0000000000
103388  49.716  8.121  35.084 0.0000000000
104190  49.398  8.261  35.767 0.0000000000
133723  53.000  7.392  36.328 0.0000000000
103368  52.645  7.529  35.385 0.0000000000
103353  52.422  7.351  36.943 0.0000000000
103326  50.678  7.392  38.056 0.0000000000
103344  50.618  7.589  37.322 0.0000000000
141384  50.103  7.571  37.673 0.0000000000
138057  49.412  7.497  38.616 0.0000000000
146776  48.590  7.664  38.644 0.0000000000
103308  49.141  7.283  39.296 0.0000000000
102441  49.075  6.029  41.217 0.0000000000
102463  48.502  6.414  40.653 0.0000000000
102442  48.174  5.913  41.249 0.0000000000
127414  56.720  6.455  40.781 0.0000000000
102456  56.123  6.439  39.831 0.0000000000
139344  53.739  6.140  42.612 0.0000000000
102437  53.907  6.365  41.571 0.0000000000
128704  52.853  6.204  42.015 0.0000000000
127601  52.971  6.399  41.039 0.0000000000
102422  51.941  6.123  41.928 0.0000000000
99985  51.776  3.438  44.328 0.0000000000
100752  52.018  4.238  44.291 0.0000000000
99986  51.121  3.355  43.937 0.0000000000
102544  45.205  6.396  33.011 0.0000000000
146730  46.535  7.112  33.292 0.0000000000
103411  47.258  7.401  33.414 0.0000000000
102606  46.265  5.376  29.449 0.0000000000
103463  45.651  5.845  29.879 0.0000000000
101676  45.102  5.383  30.573 0.0000000000
101659  44.478  5.434  31.051 0.0000000000
101660  43.581  5.895  31.208 0.0000000000
104062  55.837  7.982  45.516 0.0000000000
104042  56.508  7.643  46.153 0.0000000000
103247  56.226  7.465  46.754 0.0000000000
103205  56.511  6.976  48.062 0.0000000000
102328  56.550  5.842  49.478 0.0000000000
102616  53.056  5.874  27.825 0.0000000000
102615  53.899  5.611  27.987 0.0000000000
102605  53.287  6.390  28.616 0.0000000000
103458  54.773  6.968  29.601 0.0000000000
107636  56.237  13.972  34.745 0.0000000000
106957  56.592  12.944  34.360 0.0000000000
106958  56.000  12.902  34.553 0.0000000000
105638  55.293  10.945  34.545 0.0000000000
105683  50.308  10.169  29.487 0.0000000000
104977  50.546  9.434  29.129 0.0000000000
104257  50.834  8.712  28.808 0.0000000000
133596  51.152  7.718  27.411 0.0000000000
102518  56.629  6.373  35.810 0.0000000000
102519  55.905  6.643  35.761 0.0000000000
102509  56.163  6.494  36.643 0.0000000000
102501  55.793  6.542  38.016 0.0000000000
102491  55.608  6.524  38.577 0.0000000000
128619  46.174  8.519  36.586 0.0000000000
104156  45.853  8.531  37.325 0.0000000000
103330  45.893  7.842  38.887 0.0000000000
103311  45.841  7.365  39.547 0.0000000000
103310  46.575  7.483  39.441 0.0000000000
103291  47.265  7.113  40.001 0.0000000000
139231  48.895  11.597  24.710 0.0000000000
107045  48.674  12.321  24.820 0.0000000000
106363  47.351  11.231  26.303 0.0000000000
105705  46.783  11.196  26.848 0.0000000000
102548  41.224  6.670  32.946 0.0000000000
102530  41.210  6.760  33.743 0.0000000000
103375  41.476  7.256  35.241 0.0000000000
103357  41.284  7.502  35.940 0.0000000000
141906  52.276  11.307  31.692 0.0000000000
106979  52.049  12.551  32.028 0.0000000000
107675  52.680  13.218  31.833 0.0000000000
108944  48.361  15.420  33.385 0.0000000000
108326  48.016  14.871  32.950 0.0000000000
108325  48.591  14.373  32.747 0.0000000000
107662  48.762  13.761  32.437 0.0000000000
107676  49.000  13.054  32.085 0.0000000000
106996  49.270  12.430  31.639 0.0000000000
106982  49.730  12.689  32.301 0.0000000000
106307  50.800  11.914  32.182 0.0000000000
102432  59.203  6.607  41.344 0.0000000000
102433  58.408  6.516  41.721 0.0000000000
102417  59.059  6.698  42.321 0.0000000000
102410  57.928  6.481  43.175 0.0000000000
101511  57.530  5.434  47.714 0.0000000000
99971  55.856  3.455  47.479 0.0000000000
99978  55.232  2.979  47.029 0.0000000000
101685  48.874  4.965  29.365 0.0000000000
101672  49.286  5.335  29.745 0.0000000000
101683  50.634  4.917  29.563 0.0000000000
100856  51.419  4.481  29.208 0.0000000000
100862  56.020  4.452  28.623 0.0000000000
131879  55.312  3.771  29.061 0.0000000000
100851  56.416  4.423  29.108 0.0000000000
100839  56.446  4.310  30.097 0.0000000000
100831  56.724  4.327  31.088 0.0000000000
100823  57.065  4.650  31.994 0.0000000000
100830  57.456  4.575  31.446 0.0000000000
100821  58.478  4.782  32.510 0.0000000000
100820  59.221  5.147  32.621 0.0000000000
105672  54.883  10.945  30.655 0.0000000000
104963  55.777  9.809  30.572 0.0000000000
105671  55.706  10.692  30.641 0.0000000000
146781  57.201  10.949  30.830 0.0000000000
104951  58.091  9.846  31.213 0.0000000000
105634  58.578  10.740  33.564 0.0000000000
105645  58.974  11.194  33.290 0.0000000000
104920  58.449  9.504  33.561 0.0000000000
104214  58.905  9.176  33.219 0.0000000000
104201  59.264  8.383  33.581 0.0000000000
103382  59.793  7.785  34.085 0.0000000000
103383  59.262  7.927  34.396 0.0000000000
103365  59.187  7.563  35.304 0.0000000000
103350  59.229  7.338  36.270 0.0000000000
134098  59.472  7.208  37.258 0.0000000000
104885  55.428  9.475  38.748 0.0000000000
147111  55.660  9.516  39.203 0.0000000000
104877  55.498  9.620  39.721 0.0000000000
104872  55.570  9.556  40.564 0.0000000000
113808  49.705  24.058  27.887 0.0000000000
113815  49.913  23.351  27.454 0.0000000000
113244  50.372  22.399  27.039 0.0000000000
145867  51.184  21.863  26.745 0.0000000000
111403  51.036  19.840  26.697 0.0000000000
111415  51.455  19.180  26.533 0.0000000000
111384  47.015  19.307  29.487 0.0000000000
145538  47.566  18.007  29.389 0.0000000000
110202  48.329  17.348  28.804 0.0000000000
107031  50.866  12.577  27.100 0.0000000000
134023  50.769  13.393  27.040 0.0000000000
107705  51.176  13.654  26.601 0.0000000000
108371  51.252  14.469  26.483 0.0000000000
109009  51.322  15.348  26.325 0.0000000000
107710  51.549  13.769  26.119 0.0000000000
136800  51.237  12.987  24.795 0.0000000000
107054  50.692  12.213  24.252 0.0000000000
105715  50.426  10.547  24.402 0.0000000000
105018  50.066  9.688  24.230 0.0000000000
140482  51.260  5.903  25.741 0.0000000000
102654  50.502  6.679  25.209 0.0000000000
101733  50.495  5.844  25.591 0.0000000000
101722  50.184  5.306  26.288 0.0000000000
101723  49.357  5.601  26.683 0.0000000000
101707  48.598  5.256  27.549 0.0000000000
100881  49.075  4.851  27.766 0.0000000000
100868  48.771  4.755  28.483 0.0000000000
103421  50.990  6.939  32.522 0.0000000000
103407  51.283  7.368  33.392 0.0000000000
147067  50.795  7.655  33.989 0.0000000000
103342  52.708  7.304  37.631 0.0000000000
136417  51.992  7.383  37.469 0.0000000000
103324  52.079  7.352  38.135 0.0000000000
103325  51.339  7.246  38.516 0.0000000000
103306  50.637  7.167  38.814 0.0000000000
102481  49.693  6.787  39.761 0.0000000000
102420  55.781  6.420  42.284 0.0000000000
102436  55.100  6.582  41.533 0.0000000000
101537  52.735  5.411  43.371 0.0000000000
102528  43.203  6.725  34.240 0.0000000000
127283  43.687  7.457  34.997 0.0000000000
103372  44.527  7.700  35.167 0.0000000000
149569  45.249  7.855  35.345 0.0000000000
103392  45.800  7.492  34.322 0.0000000000
103371  45.841  7.845  35.068 0.0000000000
127007  45.861  8.300  35.824 0.0000000000
104174  46.854  8.541  36.124 0.0000000000
104173  47.716  8.428  36.417 0.0000000000
104271  47.683  8.564  28.026 0.0000000000
105000  47.503  9.417  27.209 0.0000000000
104258  47.364  8.575  29.045 0.0000000000
103448  46.055  7.186  30.032 0.0000000000
101643  43.340  5.860  31.663 0.0000000000
102566  42.798  6.156  32.182 0.0000000000
109571  47.997  16.158  33.599 0.0000000000
108943  49.192  15.414  33.267 0.0000000000
108311  49.565  14.796  32.946 0.0000000000
104089  58.225  8.086  43.573 0.0000000000
103270  58.655  7.145  44.353 0.0000000000
104078  58.206  7.712  44.877 0.0000000000
103244  58.352  7.049  45.927 0.0000000000
101514  58.191  6.375  46.930 0.0000000000
103223  57.501  7.253  47.208 0.0000000000
102384  57.776  6.612  47.529 0.0000000000
101510  57.765  5.820  47.778 0.0000000000
100738  57.337  4.934  48.645 0.0000000000
99958  57.490  3.297  48.921 0.0000000000
100865  51.983  4.078  27.751 0.0000000000
100877  52.819  4.274  27.103 0.0000000000
100876  54.052  4.034  27.049 0.0000000000
100874  54.737  4.235  27.812 0.0000000000
101693  54.249  4.899  27.531 0.0000000000
101692  54.969  4.762  28.090 0.0000000000
100863  55.355  4.287  28.294 0.0000000000
101682  56.493  4.935  28.791 0.0000000000
145335  56.806  5.468  29.241 0.0000000000
102600  57.300  6.169  29.831 0.0000000000
107670  57.069  12.746  32.448 0.0000000000
106989  57.531  12.004  32.082 0.0000000000
106978  57.911  12.185  33.189 0.0000000000
106970  57.902  12.096  33.828 0.0000000000
133530  58.274  11.483  33.908 0.0000000000
138989  57.204  12.135  34.101 0.0000000000
130745  57.950  11.579  34.129 0.0000000000
105635  58.150  10.946  34.038 0.0000000000
144677  57.326  9.105  34.467 0.0000000000
104189  57.080  8.546  35.240 0.0000000000
104170  57.066  8.342  36.527 0.0000000000
104900  56.226  8.690  35.910 0.0000000000
104892  55.237  9.219  37.457 0.0000000000
104902  54.669  9.585  36.787 0.0000000000
104886  54.788  9.833  38.562 0.0000000000
105607  54.465  10.260  38.923 0.0000000000
105604  53.899  10.510  39.519 0.0000000000
108350  48.592  14.073  28.915 0.0000000000
106351  49.809  12.406  28.220 0.0000000000
106339  50.073  10.820  28.807 0.0000000000
106350  50.501  11.130  27.816 0.0000000000
106357  50.393  12.064  27.659 0.0000000000
106356  50.996  11.690  27.142 0.0000000000
105698  51.183  10.947  26.888 0.0000000000
105009  50.885  9.664  25.436 0.0000000000
103494  51.134  6.670  25.815 0.0000000000
101720  51.610  5.458  26.273 0.0000000000
100891  52.185  4.794  26.646 0.0000000000
102539  54.694  6.537  33.545 0.0000000000
103405  53.261  7.155  33.589 0.0000000000
103384  54.006  7.133  34.960 0.0000000000
103352  53.795  7.327  36.482 0.0000000000
102520  55.074  7.030  36.135 0.0000000000
102512  54.110  7.210  37.219 0.0000000000
102504  52.853  7.152  38.363 0.0000000000
145129  52.944  6.909  39.077 0.0000000000
100748  53.186  4.168  45.089 0.0000000000
103295  43.305  6.887  40.061 0.0000000000
104157  44.900  8.437  37.356 0.0000000000
104136  44.492  8.195  38.108 0.0000000000
102466  43.907  6.391  40.540 0.0000000000
101575  45.184  5.903  41.067 0.0000000000
101563  45.414  5.131  41.354 0.0000000000
107721  48.511  13.137  24.760 0.0000000000
107722  47.831  13.651  25.530 0.0000000000
105700  46.963  10.406  27.483 0.0000000000
105701  46.462  11.120  27.335 0.0000000000
104248  52.584  8.415  30.454 0.0000000000
104234  53.134  9.062  30.889 0.0000000000
104953  53.693  9.702  30.955 0.0000000000
105660  54.272  10.329  30.775 0.0000000000
148711  53.222  11.373  31.253 0.0000000000
106314  54.038  11.142  30.790 0.0000000000
106326  54.723  11.734  30.797 0.0000000000
107007  55.388  12.347  30.983 0.0000000000
107671  56.285  13.276  31.765 0.0000000000
108319  56.711  14.435  33.790 0.0000000000
108309  56.556  14.433  34.513 0.0000000000
111370  46.432  19.149  30.166 0.0000000000
111371  45.717  19.377  30.796 0.0000000000
110203  47.127  17.685  29.843 0.0000000000
108980  47.752  15.390  29.968 0.0000000000
108338  47.559  14.790  32.188 0.0000000000
138226  47.393  14.965  31.070 0.0000000000
108979  47.785  14.586  30.283 0.0000000000
108345  48.153  13.911  29.961 0.0000000000
107008  49.026  12.089  29.906 0.0000000000
106328  49.446  11.362  30.035 0.0000000000
150438  49.967  11.513  31.429 0.0000000000
106327  49.993  11.051  30.920 0.0000000000
104966  50.716  9.652  30.158 0.0000000000
104965  51.431  9.315  30.638 0.0000000000
101588  59.284  5.570  38.758 0.0000000000
102489  57.580  6.205  39.274 0.0000000000
152632  58.110  6.168  39.842 0.0000000000
102455  57.640  6.356  40.801 0.0000000000
102434  57.291  6.455  41.560 0.0000000000
127945  57.653  6.522  42.001 0.0000000000
102419  57.087  6.483  42.421 0.0000000000
127415  56.687  6.462  42.050 0.0000000000
128705  55.402  6.161  43.206 0.0000000000
101534  55.445  5.966  43.907 0.0000000000
101525  54.334  5.034  44.907 0.0000000000
132796  58.525  6.654  44.862 0.0000000000
102405  57.851  6.205  44.570 0.0000000000
101528  56.940  6.016  44.848 0.0000000000
101516  57.606  5.667  46.755 0.0000000000
101522  57.109  5.905  45.778 0.0000000000
101523  55.904  5.699  45.277 0.0000000000
101524  55.000  5.271  45.221 0.0000000000
100747  53.842  4.361  45.401 0.0000000000
99982  53.454  3.412  45.434 0.0000000000
101657  46.756  5.150  30.719 0.0000000000
102579  47.454  5.875  31.333 0.0000000000
102578  48.518  6.222  31.131 0.0000000000
102592  49.819  5.699  30.279 0.0000000000
102576  50.490  6.057  30.889 0.0000000000
126961  51.165  6.279  31.613 0.0000000000
102557  51.721  6.483  32.198 0.0000000000
102556  52.561  6.472  32.370 0.0000000000
102555  53.613  6.288  32.393 0.0000000000
100855  53.090  3.810  28.810 0.0000000000
100843  53.354  4.153  29.497 0.0000000000
101669  53.559  4.564  30.177 0.0000000000
100841  54.926  3.946  29.659 0.0000000000
101668  54.347  4.428  30.305 0.0000000000
101653  53.785  5.146  30.856 0.0000000000
101639  54.051  5.642  31.658 0.0000000000
129009  54.287  6.349  32.805 0.0000000000
101620  56.143  5.972  33.916 0.0000000000
101630  56.930  5.489  33.535 0.0000000000
101619  56.640  5.868  34.446 0.0000000000
101610  57.132  5.861  35.004 0.0000000000
101603  57.914  6.004  36.260 0.0000000000
101602  58.753  5.695  36.687 0.0000000000
103446  54.162  7.743  30.160 0.0000000000
104245  56.068  8.819  30.469 0.0000000000
103444  56.400  7.767  30.297 0.0000000000
103456  56.734  6.836  29.883 0.0000000000
103455  57.360  6.929  30.077 0.0000000000
102591  57.884  7.122  30.301 0.0000000000
106312  57.920  11.406  31.834 0.0000000000
105659  57.887  10.781  31.356 0.0000000000
105658  58.566  10.248  32.050 0.0000000000
105644  58.893  10.368  32.926 0.0000000000
104942  58.854  9.980  32.501 0.0000000000
104950  58.564  9.375  31.624 0.0000000000
104233  58.751  8.578  31.480 0.0000000000
103432  58.961  7.828  31.288 0.0000000000
102589  58.703  6.563  30.866 0.0000000000
101649  59.444  5.831  31.981 0.0000000000
101634  59.721  5.799  32.745 0.0000000000
101627  59.561  5.278  33.395 0.0000000000
103403  60.117  7.196  33.809 0.0000000000
102523  60.307  6.284  34.324 0.0000000000
101616  59.413  5.260  34.582 0.0000000000
101607  59.670  5.551  35.354 0.0000000000
136673  59.225  5.616  36.032 0.0000000000
101595  58.971  5.571  37.730 0.0000000000
101582  60.186  5.829  39.597 0.0000000000
102452  60.127  6.013  40.114 0.0000000000
103339  59.799  6.883  38.228 0.0000000000
103304  60.003  6.507  39.679 0.0000000000
103289  59.752  6.567  40.281 0.0000000000
103290  59.409  7.229  40.795 0.0000000000
103280  59.242  7.389  41.656 0.0000000000
104100  58.369  8.054  41.964 0.0000000000
149835  57.327  8.277  37.390 0.0000000000
104150  57.347  8.407  38.076 0.0000000000
104131  57.518  8.533  38.840 0.0000000000
104884  56.108  9.243  38.906 0.0000000000
104121  56.817  8.913  39.232 0.0000000000
104120  57.677  8.497  39.631 0.0000000000
104109  57.912  8.427  40.368 0.0000000000
104090  57.213  8.471  43.453 0.0000000000
134648  57.039  8.311  44.134 0.0000000000
104080  56.325  8.256  44.649 0.0000000000
128817  52.205  21.658  26.544 0.0000000000
113257  51.831  21.794  26.733 0.0000000000
112589  52.066  21.103  26.586 0.0000000000
112588  52.477  20.987  26.167 0.0000000000
111413  52.538  19.237  25.778 0.0000000000
110823  52.466  18.753  25.571 0.0000000000
109647  51.788  17.580  25.362 0.0000000000
111985  49.026  20.042  27.815 0.0000000000
111405  49.199  19.169  27.745 0.0000000000
108358  48.724  15.020  28.491 0.0000000000
108994  48.824  15.883  28.228 0.0000000000
108363  50.072  14.761  27.320 0.0000000000
110793  49.395  18.188  27.717 0.0000000000
110804  49.909  18.878  27.371 0.0000000000
110813  51.058  18.317  26.621 0.0000000000
144445  51.269  17.866  26.407 0.0000000000
109634  51.291  16.272  26.106 0.0000000000
110240  51.465  17.272  26.018 0.0000000000
109648  51.618  16.491  25.467 0.0000000000
136080  51.450  16.151  24.543 0.0000000000
108405  51.118  14.342  23.669 0.0000000000
107069  50.002  12.744  23.781 0.0000000000
106385  50.163  12.025  23.950 0.0000000000
107055  49.881  12.005  24.037 0.0000000000
106378  49.514  11.213  24.357 0.0000000000
105710  48.515  10.174  24.726 0.0000000000
105010  47.998  9.687  24.931 0.0000000000
152068  50.641  9.256  24.859 0.0000000000
104296  50.385  9.050  24.540 0.0000000000
104298  49.664  8.379  24.193 0.0000000000
103503  50.007  7.004  24.741 0.0000000000
103504  49.379  7.567  24.570 0.0000000000
103512  49.176  8.117  24.280 0.0000000000
104290  48.503  8.526  24.716 0.0000000000
104285  48.019  8.551  25.639 0.0000000000
104279  47.867  8.416  26.822 0.0000000000
127131  47.810  7.549  27.832 0.0000000000
103475  47.388  6.645  28.437 0.0000000000
102619  46.796  5.783  28.917 0.0000000000
101708  47.815  5.204  28.076 0.0000000000
101695  46.748  5.007  28.901 0.0000000000
101686  46.453  4.924  29.532 0.0000000000
103424  47.715  7.102  32.726 0.0000000000
103410  48.171  7.687  33.525 0.0000000000
103409  49.686  7.719  33.275 0.0000000000
143600  49.078  7.991  33.738 0.0000000000
103389  48.519  8.090  34.383 0.0000000000
104205  48.101  8.211  35.007 0.0000000000
152900  48.169  8.365  36.089 0.0000000000
104172  48.527  8.333  36.550 0.0000000000
131843  51.694  7.695  35.172 0.0000000000
103369  51.060  7.758  35.897 0.0000000000
103354  51.394  7.502  36.888 0.0000000000
128539  50.460  7.846  36.543 0.0000000000
103355  49.118  8.214  36.994 0.0000000000
103347  48.300  8.114  37.875 0.0000000000
151263  47.969  7.564  39.007 0.0000000000
102482  48.830  6.821  39.980 0.0000000000
102483  48.062  6.824  40.173 0.0000000000
101561  46.873  5.357  41.283 0.0000000000
127735  56.770  6.351  39.194 0.0000000000
127410  56.244  6.406  39.241 0.0000000000
102476  55.460  6.496  39.184 0.0000000000
102457  54.511  6.585  40.086 0.0000000000
129926  54.520  6.651  39.290 0.0000000000
102459  52.236  6.535  40.554 0.0000000000
139343  51.667  6.367  41.172 0.0000000000
100751  52.778  4.471  44.546 0.0000000000
100755  52.352  4.901  43.902 0.0000000000
101538  51.909  5.266  43.233 0.0000000000
149475  50.718  3.880  43.710 0.0000000000
101547  51.476  5.600  42.489 0.0000000000
101558  51.150  5.984  41.734 0.0000000000
101559  50.470  5.930  41.554 0.0000000000
101560  49.725  5.670  41.747 0.0000000000
102329  55.483  6.158  49.650 0.0000000000
101477  56.745  5.009  50.148 0.0000000000
100679  56.326  4.108  50.412 0.0000000000
99922  57.475  3.799  50.405 0.0000000000
99154  56.574  2.803  49.945 0.0000000000
99210  51.501  2.799  44.200 0.0000000000
99923  57.151  3.681  50.463 0.0000000000
99924  56.524  3.475  50.296 0.0000000000
99980  53.977  3.712  45.896 0.0000000000
100066  54.774  4.001  27.912 0.0000000000
100071  54.259  3.880  27.508 0.0000000000
100072  53.663  3.941  27.221 0.0000000000
100678  56.989  4.265  50.461 0.0000000000
100702  57.414  4.309  50.211 0.0000000000
100730  57.585  4.051  49.130 0.0000000000
100740  56.106  4.236  47.632 0.0000000000
100753  51.314  4.056  43.952 0.0000000000
100822  57.776  4.696  32.302 0.0000000000
100837  57.974  4.875  30.924 0.0000000000
100852  55.759  3.970  28.762 0.0000000000
100860  47.913  4.838  28.747 0.0000000000
100864  52.923  3.827  27.855 0.0000000000
100875  54.426  4.045  27.433 0.0000000000
100892  51.554  4.977  26.393 0.0000000000
101478  55.756  5.558  50.125 0.0000000000
101517  56.322  5.533  46.368 0.0000000000
101545  53.033  5.847  42.842 0.0000000000
101581  60.305  5.894  39.070 0.0000000000
101587  60.039  5.651  38.954 0.0000000000
101594  59.729  5.625  38.073 0.0000000000
101601  59.489  5.626  37.064 0.0000000000
101615  60.084  5.687  34.835 0.0000000000
101626  59.894  5.493  34.100 0.0000000000
101628  58.745  4.819  33.411 0.0000000000
101644  42.983  6.110  31.501 0.0000000000
101650  58.445  5.384  30.920 0.0000000000
101667  57.503  4.960  30.013 0.0000000000
101684  49.764  4.948  29.359 0.0000000000
101687  45.813  5.185  30.045 0.0000000000
101691  55.884  4.863  28.489 0.0000000000
101704  53.710  4.471  27.062 0.0000000000
101706  49.435  5.093  27.091 0.0000000000
101732  50.833  6.123  25.451 0.0000000000
102355  56.039  6.462  48.805 0.0000000000
102400  58.204  6.850  46.473 0.0000000000
102401  57.966  7.046  47.026 0.0000000000
102408  59.290  7.019  42.941 0.0000000000
102412  54.436  6.041  43.156 0.0000000000
102431  59.580  6.505  40.694 0.0000000000
102472  60.362  6.003  39.427 0.0000000000
102474  58.104  6.248  40.338 0.0000000000
102488  58.665  5.761  39.395 0.0000000000
102499  57.272  6.375  37.781 0.0000000000
102503  53.457  7.182  37.783 0.0000000000
102517  57.252  6.158  35.806 0.0000000000
102526  54.003  7.071  34.066 0.0000000000
102573  59.217  6.618  31.594 0.0000000000
102590  58.053  6.471  30.263 0.0000000000
102594  44.244  5.872  30.775 0.0000000000
102645  51.503  5.931  25.954 0.0000000000
102646  49.859  5.961  25.709 0.0000000000
102653  51.005  6.342  25.508 0.0000000000
103204  57.265  6.978  47.959 0.0000000000
103246  57.101  7.552  46.702 0.0000000000
103248  55.296  7.518  46.777 0.0000000000
103265  58.102  7.458  45.677 0.0000000000
103279  59.480  6.900  41.370 0.0000000000
103322  60.095  6.490  39.013 0.0000000000
103327  50.054  7.386  38.315 0.0000000000
103351  54.395  7.210  36.510 0.0000000000
103363  60.135  6.921  35.257 0.0000000000
103367  53.549  7.333  35.633 0.0000000000
103381  60.185  7.046  34.598 0.0000000000
103387  51.442  7.606  34.235 0.0000000000
103440  58.511  7.222  30.700 0.0000000000
103511  49.826  7.688  24.448 0.0000000000
104077  58.388  7.707  44.148 0.0000000000
104088  58.823  7.398  43.628 0.0000000000
104101  57.647  8.585  41.020 0.0000000000
104153  48.653  8.219  37.250 0.0000000000
104191  48.601  8.351  35.799 0.0000000000
104224  59.050  9.085  32.695 0.0000000000
104289  50.440  7.748  24.959 0.0000000000
104930  58.972  9.613  32.917 0.0000000000
105020  48.979  8.789  24.199 0.0000000000
105669  57.347  10.170  30.923 0.0000000000
105670  56.531  10.430  30.694 0.0000000000
106296  58.894  11.387  33.560 0.0000000000
106305  52.018  11.877  31.970 0.0000000000
106364  46.650  11.881  26.928 0.0000000000
106369  48.731  10.874  24.838 0.0000000000
106956  56.613  13.134  34.324 0.0000000000
107017  49.243  12.664  28.876 0.0000000000
107030  51.304  12.289  26.633 0.0000000000
107070  49.594  12.773  24.028 0.0000000000
109010  50.951  16.111  26.497 0.0000000000
110197  46.057  17.985  30.978 0.0000000000
110232  51.607  17.987  26.117 0.0000000000
110250  52.215  18.377  25.253 0.0000000000
110782  47.616  18.674  29.073 0.0000000000
111996  52.603  20.064  25.812 0.0000000000
111998  51.608  20.522  26.563 0.0000000000
127411  55.288  6.505  39.746 0.0000000000
127412  54.533  6.545  40.836 0.0000000000
127730  53.146  6.773  32.926 0.0000000000
129470  52.972  6.515  40.292 0.0000000000
131271  51.215  17.323  26.393 0.0000000000
131492  49.721  10.648  24.245 0.0000000000
131620  59.274  5.025  33.973 0.0000000000
134733  48.000  12.678  25.578 0.0000000000
137425  49.484  21.642  27.284 0.0000000000
137878  52.190  4.079  28.627 0.0000000000
140205  50.087  8.738  24.242 0.0000000000
140425  54.330  5.949  32.291 0.0000000000
140436  47.564  6.392  40.651 0.0000000000
140827  55.199  9.688  30.620 0.0000000000
140880  50.027  5.282  29.754 0.0000000000
141169  55.528  6.719  36.543 0.0000000000
141490  55.974  6.405  34.787 0.0000000000
144504  57.836  7.885  36.369 0.0000000000
145277  58.441  6.787  45.519 0.0000000000
149941  49.244  8.179  34.523 0.0000000000
150276  49.795  8.149  36.298 0.0000000000
150486  48.859  7.980  24.489 0.0000000000
150538  57.083  5.564  29.528 0.0000000000
150752  53.932  9.020  30.930 0.0000000000
152683  56.823  6.457  41.465 0.0000000000
153085  58.964  7.160  31.240 0.0000000000
153301  50.925  11.066  27.292 0.0000000000
