#!ascii label  , from subject sub1 vox2ras=TkReg
811
78806  17.520  -21.763  5.126 0.2500000000
126920  17.364  -21.087  4.800 0.2500000000
78816  17.761  -21.898  4.823 0.7500000000
81748  16.361  -18.944  4.939 0.2500000000
80763  16.359  -19.692  5.003 0.1250000000
81766  16.526  -18.763  4.530 0.3750000000
79796  16.464  -19.914  4.850 0.2500000000
79776  17.011  -20.719  4.952 0.2500000000
78815  17.929  -21.286  4.239 0.7500000000
77832  18.458  -21.963  4.284 0.8750000000
77847  19.294  -22.022  3.720 0.8750000000
127641  16.397  -19.449  4.855 0.3750000000
79795  17.015  -20.040  4.368 0.3750000000
79815  17.796  -20.145  3.769 0.8750000000
147993  17.483  -20.620  4.289 0.7500000000
79813  18.879  -20.838  3.044 1.0000000000
79814  18.149  -20.784  3.613 0.8750000000
78830  19.361  -21.444  3.230 1.0000000000
78831  18.638  -21.387  3.639 0.8750000000
78829  20.238  -22.000  2.980 1.0000000000
82722  16.281  -17.806  4.590 0.2500000000
81782  17.775  -19.036  3.277 0.8750000000
80803  18.117  -19.621  3.222 0.8750000000
80804  17.415  -19.527  3.834 0.7500000000
79833  19.445  -20.505  2.628 1.0000000000
79834  18.989  -20.239  2.779 1.0000000000
80820  18.774  -19.694  2.692 1.0000000000
78864  21.605  -21.178  1.808 1.0000000000
79832  20.158  -20.534  2.234 1.0000000000
78847  20.607  -21.260  2.280 1.0000000000
78848  19.772  -21.069  2.754 1.0000000000
82707  15.632  -17.658  6.154 0.1250000000
81783  17.106  -18.739  3.788 0.8750000000
79847  21.600  -20.360  1.218 1.0000000000
80834  20.563  -19.952  1.477 1.0000000000
80819  19.604  -19.884  2.256 1.0000000000
78865  20.866  -20.697  1.730 1.0000000000
79845  23.541  -20.420  1.054 1.0000000000
136148  22.293  -20.737  1.365 1.0000000000
87033  15.816  -12.852  3.721 0.2500000000
82708  14.870  -17.045  6.214 0.2500000000
82723  15.480  -16.533  4.521 0.3750000000
82739  16.752  -17.312  3.454 1.0000000000
82740  16.097  -17.128  4.079 0.6250000000
131579  17.176  -17.951  3.419 1.0000000000
81810  19.009  -18.332  1.869 1.0000000000
131172  18.369  -18.143  2.285 1.0000000000
80833  22.118  -19.829  0.683 1.0000000000
128882  21.297  -19.693  0.843 1.0000000000
81809  19.744  -18.643  1.209 1.0000000000
80846  22.481  -19.249  0.558 1.0000000000
80832  23.006  -20.033  0.745 1.0000000000
80845  23.089  -19.311  0.884 1.0000000000
80831  23.686  -19.966  0.861 1.0000000000
86204  15.908  -13.166  3.441 0.5000000000
142648  15.623  -13.249  4.040 0.3750000000
85363  15.286  -14.000  4.531 0.3750000000
84508  15.579  -14.937  4.277 0.5000000000
84507  16.247  -14.932  3.484 0.5000000000
83645  16.994  -16.661  2.866 0.8750000000
82752  17.378  -17.450  2.807 1.0000000000
83660  17.961  -16.123  1.515 1.0000000000
81822  20.376  -18.094  0.367 1.0000000000
82762  18.580  -17.603  1.699 1.0000000000
136245  21.984  -18.282  -0.114 1.0000000000
81819  23.318  -18.580  0.775 1.0000000000
81808  23.756  -19.174  1.167 0.8750000000
144447  16.545  -13.404  3.071 0.5000000000
85362  15.803  -13.955  3.757 0.5000000000
85379  17.092  -14.146  2.572 0.6250000000
84534  18.025  -14.997  1.198 0.6250000000
84535  17.634  -15.232  1.718 1.0000000000
83661  17.301  -15.812  2.281 0.7500000000
83672  19.339  -16.740  0.582 1.0000000000
126714  22.607  -16.751  -0.003 1.0000000000
126518  21.848  -17.001  -0.182 1.0000000000
82773  20.604  -17.297  0.063 1.0000000000
82774  19.955  -17.323  0.383 1.0000000000
150254  23.417  -16.675  0.356 1.0000000000
82771  22.313  -17.672  -0.101 1.0000000000
82772  21.367  -17.679  -0.117 1.0000000000
83658  23.981  -16.992  0.792 0.8750000000
82770  23.217  -17.635  0.324 1.0000000000
82760  24.100  -18.110  0.954 0.8750000000
143680  16.493  -13.432  3.070 0.5000000000
85388  17.616  -14.235  1.802 0.8750000000
126610  20.579  -15.025  -0.700 1.0000000000
126656  19.580  -15.770  0.365 1.0000000000
144229  22.439  -16.034  -0.173 1.0000000000
144221  21.061  -15.868  -0.547 1.0000000000
144143  22.726  -15.163  -0.094 1.0000000000
151243  24.620  -15.556  1.167 1.0000000000
144156  23.628  -15.115  0.436 1.0000000000
126693  24.028  -15.963  0.646 1.0000000000
86214  17.281  -13.652  2.428 0.5000000000
126520  17.859  -13.816  1.030 0.8750000000
126519  21.191  -13.441  -1.123 1.0000000000
126619  19.600  -14.947  -0.226 1.0000000000
126601  22.976  -12.673  -0.511 1.0000000000
144215  21.960  -14.088  -0.529 1.0000000000
126604  24.270  -13.179  0.309 1.0000000000
144222  22.664  -12.962  -0.731 1.0000000000
126612  24.426  -14.390  0.724 1.0000000000
144224  23.860  -14.083  0.331 1.0000000000
144149  24.486  -15.009  0.902 0.8750000000
144199  19.229  -11.252  -1.427 1.0000000000
144188  18.705  -11.985  0.298 0.3750000000
144158  18.790  -11.662  -0.862 0.8750000000
150063  20.819  -12.623  -1.417 1.0000000000
144179  22.032  -12.868  -0.871 1.0000000000
89845  18.682  -10.131  -0.950 0.8750000000
126698  19.440  -10.544  -1.476 1.0000000000
126651  19.831  -11.772  -1.573 1.0000000000
144146  20.138  -10.946  -1.751 1.0000000000
126616  21.232  -11.986  -1.505 1.0000000000
144227  23.143  -11.994  -1.157 1.0000000000
144223  23.160  -11.450  -1.244 1.0000000000
144144  23.994  -11.230  -0.679 1.0000000000
89846  18.309  -10.138  -0.161 0.7500000000
126618  20.549  -9.989  -1.856 1.0000000000
144198  21.254  -10.572  -1.752 1.0000000000
144142  23.007  -10.920  -1.486 1.0000000000
126617  21.912  -11.096  -1.586 1.0000000000
151677  20.420  -9.345  -1.965 1.0000000000
89843  21.583  -9.751  -1.812 1.0000000000
144160  22.226  -10.377  -1.516 1.0000000000
93492  21.559  -5.331  1.252 0.1250000000
94270  20.465  -4.621  -0.743 0.2500000000
94267  21.031  -4.872  0.259 0.1250000000
141084  20.100  -4.553  -1.509 0.3750000000
94269  21.442  -3.963  -0.742 0.2500000000
94277  20.058  -4.156  -2.213 0.5000000000
94276  20.796  -3.757  -1.850 0.2500000000
94987  20.040  -3.416  -2.625 0.3750000000
94266  21.980  -4.257  0.399 0.2500000000
94978  21.590  -3.035  -1.441 0.2500000000
94985  21.107  -1.581  -1.390 0.2500000000
94986  20.556  -2.488  -2.319 0.2500000000
128683  20.604  -1.301  -2.071 0.2500000000
94994  20.246  -1.808  -3.053 0.3750000000
95696  20.358  -1.898  -4.476 0.3750000000
95687  20.238  -1.721  -3.566 0.2500000000
78791  17.367  -21.186  6.159 0.1250000000
137277  16.824  -20.415  4.785 0.2500000000
80743  16.052  -19.863  6.519 0.1250000000
78863  22.591  -21.246  1.612 1.0000000000
130800  18.619  -14.724  0.516 0.8750000000
144139  21.912  -14.962  -0.440 1.0000000000
149450  17.702  -22.653  6.792 0.1250000000
77833  18.100  -22.656  4.755 0.6250000000
76865  19.478  -23.537  4.263 0.7500000000
131428  15.976  -19.323  6.399 0.1250000000
77846  19.889  -22.855  3.653 1.0000000000
79753  16.569  -20.293  6.255 0.1250000000
151546  20.997  -22.479  2.747 1.0000000000
78846  22.132  -21.966  2.058 1.0000000000
78862  23.337  -21.095  1.488 1.0000000000
83604  14.817  -16.114  6.823 0.3750000000
86184  15.570  -12.827  5.976 0.2500000000
84492  14.773  -14.944  4.852 0.2500000000
80830  24.255  -19.756  1.170 0.8750000000
138315  24.687  -17.162  1.293 0.8750000000
82759  25.049  -18.046  1.360 0.8750000000
126523  25.100  -15.669  1.658 0.8750000000
126528  19.443  -12.208  0.408 0.1250000000
126526  17.706  -13.195  1.494 0.3750000000
126602  18.377  -13.050  0.180 0.6250000000
144186  24.878  -13.664  0.619 1.0000000000
88945  18.661  -10.992  -0.805 0.5000000000
126625  18.696  -12.038  -0.098 0.3750000000
147120  18.919  -12.523  -0.618 0.8750000000
144225  23.695  -12.487  -0.113 1.0000000000
144228  24.761  -10.877  0.046 1.0000000000
144226  24.262  -10.718  -0.523 1.0000000000
89844  19.747  -9.637  -1.570 1.0000000000
145194  23.670  -10.969  -1.169 1.0000000000
134688  19.209  -9.072  -1.338 0.8750000000
91738  20.749  -8.055  -2.243 1.0000000000
90772  21.987  -8.878  -1.715 1.0000000000
152803  22.944  -10.182  -1.135 1.0000000000
93481  21.658  -5.404  2.189 0.1250000000
143429  20.549  -5.974  2.543 0.1250000000
93505  19.146  -5.736  -1.138 0.6250000000
151434  19.908  -3.470  -3.535 0.5000000000
94316  19.955  -2.977  -4.148 0.5000000000
150813  21.971  -3.337  -0.457 0.2500000000
94995  19.831  -2.767  -3.327 0.5000000000
136249  20.467  -2.126  -4.777 0.5000000000
94977  21.873  -2.303  -0.648 0.1250000000
96423  21.308  -1.292  -2.875 0.2500000000
96433  21.850  -1.655  -4.165 0.2500000000
95665  21.740  -1.135  -0.848 0.1250000000
77812  17.597  -22.650  5.341 0.1250000000
77821  17.649  -22.726  5.257 0.5000000000
79777  16.495  -20.142  4.971 0.1250000000
77831  18.952  -22.716  4.238 0.7500000000
130752  18.431  -20.251  3.166 1.0000000000
77858  21.222  -21.967  2.386 1.0000000000
81784  16.657  -17.950  4.046 0.8750000000
81795  18.430  -18.908  2.615 1.0000000000
139102  22.511  -20.313  0.920 1.0000000000
80835  19.945  -19.350  1.528 1.0000000000
81794  19.284  -19.108  2.086 1.0000000000
79846  22.999  -20.609  1.094 1.0000000000
83631  15.174  -15.764  4.508 0.3750000000
82741  15.680  -16.394  4.170 0.5000000000
83629  16.307  -16.554  3.598 0.8750000000
82751  17.977  -17.558  2.249 1.0000000000
80847  21.682  -19.189  0.461 1.0000000000
80848  20.658  -19.097  0.761 1.0000000000
81821  21.364  -18.529  0.159 1.0000000000
139725  22.081  -18.755  0.117 1.0000000000
83630  15.879  -15.799  3.884 0.6250000000
84524  16.830  -14.947  2.718 0.6250000000
138886  18.158  -17.000  1.739 1.0000000000
83673  18.650  -15.898  0.854 1.0000000000
82761  19.361  -17.685  1.001 1.0000000000
83659  18.623  -16.878  1.154 1.0000000000
81820  22.619  -18.510  0.272 1.0000000000
81807  24.504  -18.970  1.360 0.8750000000
83671  20.217  -16.578  0.142 1.0000000000
84545  23.122  -15.994  0.241 1.0000000000
126819  21.064  -16.668  -0.247 1.0000000000
126634  21.772  -16.222  -0.362 1.0000000000
83657  24.570  -16.311  1.201 0.8750000000
144141  21.182  -14.760  -0.766 1.0000000000
144217  21.407  -15.467  -0.593 1.0000000000
144152  20.416  -15.822  -0.266 1.0000000000
144214  22.040  -15.670  -0.404 1.0000000000
126530  18.205  -13.611  0.519 0.7500000000
126546  18.816  -14.072  -0.004 1.0000000000
144151  20.630  -14.049  -1.058 1.0000000000
144168  19.574  -13.993  -0.610 1.0000000000
144216  21.482  -14.066  -0.792 1.0000000000
145154  20.510  -13.149  -1.304 1.0000000000
144157  21.343  -12.743  -1.236 1.0000000000
126640  19.140  -12.291  -1.117 1.0000000000
126542  19.880  -13.493  -1.121 1.0000000000
144167  19.595  -12.880  -1.164 1.0000000000
144194  20.157  -12.510  -1.490 1.0000000000
144218  22.291  -12.177  -1.075 1.0000000000
144164  20.903  -11.279  -1.667 1.0000000000
144230  22.374  -11.503  -1.399 1.0000000000
139475  21.000  -9.057  -2.211 1.0000000000
93482  20.915  -5.630  2.425 0.1250000000
93493  20.820  -5.640  1.247 0.1250000000
139837  20.240  -5.355  0.113 0.3750000000
93496  19.746  -5.124  -0.851 0.5000000000
94289  20.020  -3.934  -2.844 0.7500000000
95676  20.688  -1.257  -2.503 0.2500000000
96424  20.736  -1.584  -3.694 0.2500000000
76822  18.120  -23.342  7.317 0.1250000000
145468  17.890  -23.185  5.117 0.6250000000
76866  18.541  -23.321  4.760 0.7500000000
77845  20.862  -22.948  3.207 1.0000000000
126556  18.484  -12.252  0.657 0.5000000000
126522  17.760  -12.886  0.885 0.6250000000
126603  19.125  -13.062  -0.577 0.8750000000
144170  18.368  -12.226  0.514 0.7500000000
126605  18.511  -12.406  0.133 0.8750000000
90773  20.046  -8.752  -1.980 1.0000000000
91737  21.621  -8.158  -2.139 1.0000000000
93483  20.421  -6.250  1.006 0.3750000000
93504  19.939  -4.976  -1.858 0.7500000000
96449  21.789  -1.626  -5.680 0.2500000000
95712  21.818  -1.837  -6.299 0.3750000000
73891  21.725  -26.429  4.451 0.7500000000
73888  23.817  -26.182  4.331 0.7500000000
127359  20.944  -26.397  4.688 0.7500000000
73892  20.213  -25.990  4.874 0.7500000000
130291  22.534  -25.698  4.145 0.7500000000
74985  21.626  -25.824  4.325 0.7500000000
74986  20.889  -25.594  4.435 0.7500000000
75970  23.740  -25.006  3.635 0.7500000000
74997  22.412  -25.212  3.910 0.7500000000
149514  22.056  -25.402  4.103 0.7500000000
76864  19.914  -24.352  4.407 0.7500000000
75987  22.113  -24.927  3.793 0.7500000000
75988  21.492  -24.530  3.745 0.8750000000
74996  22.941  -25.024  3.632 0.7500000000
75986  22.610  -24.532  3.464 0.7500000000
76877  21.557  -23.722  3.349 0.8750000000
133699  23.643  -23.728  3.221 0.7500000000
76875  22.978  -23.821  3.070 0.7500000000
76876  22.326  -23.719  3.151 0.8750000000
77857  21.786  -22.831  2.658 0.8750000000
76886  23.326  -23.014  2.924 0.7500000000
76887  22.684  -23.019  2.788 0.8750000000
132604  22.548  -22.442  2.277 0.8750000000
78828  24.786  -21.506  2.667 0.8750000000
134752  23.630  -21.690  1.973 0.8750000000
78844  24.333  -21.195  2.112 0.8750000000
79831  23.917  -20.828  1.472 0.8750000000
80798  26.602  -19.762  3.119 0.3750000000
79828  25.836  -20.164  2.510 0.6250000000
79829  25.147  -20.319  2.142 0.7500000000
79844  24.101  -20.274  1.131 0.7500000000
81775  27.153  -18.853  3.537 0.5000000000
80816  25.995  -19.511  2.547 0.5000000000
81792  25.819  -18.857  2.275 0.7500000000
80829  24.800  -19.504  1.474 0.7500000000
82717  28.126  -17.333  3.887 0.1250000000
135599  26.986  -18.059  3.202 0.3750000000
132690  26.268  -18.038  2.673 0.6250000000
81793  25.251  -18.878  1.633 0.6250000000
83608  28.521  -16.515  4.279 0.1250000000
83623  27.218  -16.616  3.245 0.1250000000
138540  27.520  -16.064  3.523 0.1250000000
83642  25.909  -16.370  2.340 0.6250000000
83643  25.441  -16.221  1.908 0.6250000000
83656  25.066  -16.485  1.557 0.7500000000
84485  28.023  -15.878  3.935 0.1250000000
85352  27.990  -14.533  4.029 0.1250000000
84520  26.896  -15.074  2.911 0.1250000000
136629  26.201  -14.926  2.363 0.5000000000
84522  25.731  -15.601  2.164 0.6250000000
126707  25.492  -14.837  1.902 0.7500000000
84484  28.755  -15.515  4.378 0.1250000000
127142  26.621  -14.186  2.706 0.5000000000
126529  25.924  -14.172  1.993 0.5000000000
144177  25.604  -14.174  1.263 0.7500000000
139759  18.694  -9.442  -0.750 0.6250000000
90759  19.169  -8.563  -0.085 0.5000000000
90775  18.947  -8.422  -1.250 0.7500000000
144148  25.925  -13.542  1.331 0.6250000000
126600  25.454  -13.195  0.850 0.6250000000
144181  26.531  -12.105  2.040 0.5000000000
144147  25.755  -12.448  1.513 0.6250000000
126521  25.139  -12.223  0.877 0.7500000000
91731  18.675  -7.626  -1.095 0.7500000000
144155  24.727  -12.819  0.483 0.8750000000
144220  23.714  -10.385  -0.976 0.8750000000
126718  25.177  -11.402  0.492 0.7500000000
126686  24.420  -10.244  -0.490 0.8750000000
144213  24.207  -9.672  -0.775 0.8750000000
144140  25.992  -11.653  1.679 0.5000000000
126661  27.498  -11.050  2.355 0.2500000000
126637  26.768  -11.248  1.905 0.3750000000
144187  26.074  -10.942  1.237 0.5000000000
92699  18.552  -7.104  -1.447 0.6250000000
92711  18.754  -7.016  -1.869 0.7500000000
90774  19.308  -8.125  -1.765 0.8750000000
91746  19.260  -7.368  -2.074 0.7500000000
91739  19.884  -7.886  -2.151 0.8750000000
89842  22.528  -9.587  -1.383 0.8750000000
90771  23.065  -8.737  -1.542 0.7500000000
90765  24.011  -8.934  -1.131 0.8750000000
126550  25.004  -10.562  0.138 0.6250000000
126673  26.313  -10.142  1.162 0.5000000000
90757  25.346  -9.261  0.016 0.7500000000
144182  27.204  -10.434  2.140 0.2500000000
92689  18.420  -6.973  -0.851 0.6250000000
91745  20.228  -7.129  -2.446 0.8750000000
91744  21.385  -7.414  -2.649 0.7500000000
132273  22.405  -8.195  -1.937 0.8750000000
91729  24.556  -8.157  -0.940 0.7500000000
127034  25.381  -9.930  0.246 0.5000000000
90744  27.017  -8.713  1.282 0.2500000000
90745  26.210  -8.842  1.046 0.5000000000
144195  25.750  -10.393  0.633 0.5000000000
89811  27.638  -9.648  2.143 0.2500000000
92688  18.712  -6.402  -0.517 0.5000000000
92697  19.410  -5.828  -1.960 0.6250000000
92710  20.032  -6.123  -2.651 0.7500000000
92709  20.932  -6.581  -3.115 0.7500000000
92708  22.015  -6.866  -3.150 0.7500000000
92707  22.863  -6.605  -2.815 0.7500000000
93517  21.310  -5.963  -3.638 0.7500000000
92695  23.378  -7.090  -2.142 0.7500000000
91735  23.892  -7.557  -1.508 0.7500000000
91728  25.387  -7.616  -0.502 0.5000000000
90755  26.524  -8.273  0.700 0.2500000000
91720  26.014  -7.955  0.070 0.3750000000
93519  20.036  -5.126  -2.743 0.6250000000
92721  22.247  -5.954  -3.438 0.7500000000
93516  23.241  -5.787  -3.029 0.7500000000
93503  23.818  -6.305  -2.170 0.6250000000
92686  25.577  -6.944  -0.793 0.3750000000
92693  25.326  -6.343  -1.275 0.3750000000
90754  27.415  -8.029  0.751 0.1250000000
138570  27.147  -7.150  -0.263 0.1250000000
91727  26.321  -7.192  -0.398 0.2500000000
93518  20.431  -5.667  -3.571 0.6250000000
93529  20.697  -5.322  -4.234 0.7500000000
93528  21.501  -5.364  -4.249 0.6250000000
93502  24.680  -5.866  -1.795 0.3750000000
93515  24.152  -5.480  -2.501 0.3750000000
93495  26.811  -6.076  -1.089 0.2500000000
142510  24.479  -6.469  -1.503 0.6250000000
91725  28.470  -7.187  -1.140 0.1250000000
91726  27.747  -6.922  -0.685 0.1250000000
91718  27.684  -7.575  0.022 0.1250000000
93530  20.201  -4.428  -3.746 0.6250000000
94301  20.843  -4.317  -4.533 0.6250000000
93527  22.613  -5.182  -4.003 0.3750000000
94288  23.692  -5.063  -3.307 0.3750000000
93513  26.083  -5.213  -2.055 0.2500000000
92692  27.803  -5.676  -1.822 0.1250000000
93501  26.177  -5.895  -1.431 0.3750000000
148565  25.473  -5.683  -1.706 0.3750000000
95022  21.409  -2.249  -5.750 0.3750000000
131814  22.409  -4.246  -4.499 0.3750000000
94298  24.552  -4.158  -3.608 0.3750000000
152846  24.080  -4.618  -3.424 0.3750000000
94299  23.414  -4.296  -4.063 0.3750000000
94286  25.348  -4.638  -2.752 0.3750000000
93514  25.028  -5.195  -2.174 0.3750000000
94287  24.505  -4.823  -2.880 0.3750000000
135972  28.420  -5.597  -3.284 0.1250000000
93512  27.072  -5.185  -2.323 0.1250000000
92691  28.411  -6.309  -2.012 0.1250000000
95020  22.662  -2.332  -6.053 0.2500000000
95001  23.809  -3.201  -4.816 0.2500000000
95002  22.634  -3.398  -5.133 0.3750000000
94314  25.784  -3.682  -4.538 0.1250000000
94296  26.461  -4.366  -3.803 0.1250000000
94297  25.587  -4.193  -3.605 0.2500000000
93536  28.362  -5.435  -4.520 0.1250000000
94285  26.313  -4.737  -2.908 0.1250000000
95033  21.851  -1.886  -6.328 0.3750000000
95021  21.973  -2.654  -5.950 0.3750000000
95019  24.473  -2.563  -5.350 0.2500000000
151114  25.217  -2.970  -5.299 0.1250000000
94313  26.530  -3.995  -4.836 0.1250000000
95018  25.948  -2.883  -5.664 0.1250000000
94311  27.925  -4.734  -5.481 0.1250000000
95032  25.680  -1.806  -6.475 0.1250000000
95016  27.377  -3.984  -6.328 0.1250000000
95030  26.860  -2.837  -7.546 0.1250000000
93543  28.427  -5.506  -6.194 0.1250000000
78843  24.920  -20.865  2.488 0.6250000000
126685  26.241  -13.616  2.207 0.6250000000
89812  26.869  -9.891  1.740 0.3750000000
92698  18.726  -6.513  -1.464 0.6250000000
133538  19.229  -6.607  -2.184 0.8750000000
91743  22.219  -7.581  -2.446 0.8750000000
91736  23.066  -7.824  -1.999 0.7500000000
91730  23.721  -8.257  -1.429 0.7500000000
90763  25.325  -8.464  -0.279 0.5000000000
90764  24.754  -9.064  -0.618 0.7500000000
90756  25.808  -8.673  0.470 0.5000000000
93526  27.818  -5.007  -3.613 0.1250000000
94315  24.932  -3.423  -4.396 0.2500000000
95017  26.761  -3.421  -5.935 0.1250000000
82749  26.038  -17.194  2.509 0.5000000000
82750  25.440  -17.064  1.804 0.6250000000
126552  26.705  -13.298  2.782 0.3750000000
126554  26.317  -12.924  2.113 0.3750000000
144204  27.400  -11.796  2.299 0.2500000000
94295  27.207  -4.522  -4.072 0.1250000000
88908  28.067  -10.415  2.552 0.1250000000
72779  22.218  -27.715  4.932 0.7500000000
72794  21.361  -27.212  4.859 0.7500000000
72782  20.373  -26.969  5.219 0.7500000000
73873  19.719  -26.435  5.377 0.7500000000
73872  23.527  -26.954  4.591 0.7500000000
73890  22.276  -26.351  4.352 0.7500000000
74970  24.638  -25.988  4.563 0.7500000000
152685  19.552  -24.604  4.799 0.6250000000
74987  19.990  -25.141  4.700 0.7500000000
74983  24.233  -25.547  3.986 0.6250000000
75984  24.070  -24.350  3.506 0.7500000000
76874  24.326  -23.649  3.466 0.6250000000
77843  24.978  -22.306  2.932 0.6250000000
78827  25.495  -21.528  2.915 0.5000000000
79810  27.097  -20.427  3.546 0.3750000000
79812  25.628  -20.774  2.638 0.5000000000
80797  27.555  -19.624  3.782 0.1250000000
133207  28.383  -18.046  4.123 0.1250000000
82716  28.714  -17.394  4.439 0.1250000000
84482  29.901  -16.167  5.280 0.1250000000
84483  29.681  -15.378  4.736 0.1250000000
85340  29.261  -14.733  4.618 0.1250000000
86179  28.618  -13.982  4.640 0.1250000000
90766  18.933  -8.774  -0.612 0.3750000000
86189  27.899  -13.626  3.783 0.1250000000
126537  27.421  -13.018  3.199 0.1250000000
126750  26.992  -12.547  2.622 0.2500000000
91721  19.078  -7.487  0.160 0.5000000000
90743  28.006  -8.509  1.228 0.1250000000
91717  28.454  -7.638  -0.456 0.1250000000
93497  19.449  -5.918  -0.182 0.3750000000
91724  29.161  -7.753  -1.030 0.1250000000
91733  29.032  -7.414  -1.708 0.1250000000
92720  28.959  -6.256  -3.936 0.1250000000
131747  29.356  -7.067  -4.606 0.1250000000
94255  22.336  -4.932  1.468 0.1250000000
95723  23.227  -1.653  -5.836 0.2500000000
95711  24.297  -1.569  -5.953 0.1250000000
95721  25.007  -1.050  -6.659 0.1250000000
95031  26.381  -2.322  -6.625 0.1250000000
94327  27.848  -4.593  -6.899 0.1250000000
92736  28.724  -6.487  -6.581 0.1250000000
93555  28.127  -5.270  -7.727 0.1250000000
126608  25.117  -14.288  0.910 0.7500000000
88946  18.233  -10.749  -0.119 0.3750000000
89833  23.414  -9.592  -1.076 0.8750000000
78845  22.925  -21.942  1.768 0.8750000000
76878  20.555  -23.865  3.743 0.8750000000
80818  24.705  -20.024  1.496 0.7500000000
144145  24.738  -11.817  0.386 0.8750000000
144625  20.962  -2.962  -4.685 0.3750000000
96448  22.712  -1.588  -5.392 0.1250000000
141896  22.233  -1.864  -6.301 0.2500000000
72793  22.019  -26.972  4.538 0.7500000000
73889  22.966  -26.300  4.301 0.7500000000
73871  24.294  -26.740  4.802 0.7500000000
74984  22.118  -25.787  4.229 0.7500000000
75971  21.607  -25.222  4.093 0.7500000000
75973  19.045  -24.079  4.987 0.6250000000
75972  20.771  -24.816  4.156 0.7500000000
130604  22.085  -24.340  3.515 0.8750000000
75985  23.297  -24.449  3.361 0.7500000000
77844  24.154  -22.892  3.049 0.7500000000
77854  24.207  -21.968  2.600 0.7500000000
77856  23.092  -22.442  2.280 0.8750000000
79830  24.510  -20.554  1.747 0.7500000000
79811  26.342  -20.625  2.948 0.5000000000
80817  25.362  -19.652  1.949 0.7500000000
81776  26.368  -18.846  3.024 0.5000000000
135931  27.740  -18.061  3.642 0.2500000000
81761  27.972  -18.781  4.042 0.1250000000
82733  27.501  -17.325  3.384 0.2500000000
82734  26.791  -17.277  2.971 0.3750000000
81806  25.643  -18.003  2.039 0.6250000000
138515  29.201  -16.068  4.675 0.1250000000
83609  27.834  -16.631  3.671 0.1250000000
83624  26.570  -16.499  2.805 0.5000000000
84500  26.984  -15.863  3.175 0.1250000000
84499  27.579  -15.298  3.536 0.1250000000
84521  26.413  -15.717  2.597 0.5000000000
85341  28.556  -14.795  4.344 0.1250000000
85353  27.348  -14.405  3.368 0.1250000000
126536  27.195  -13.693  3.187 0.1250000000
150157  25.550  -13.789  0.898 0.6250000000
144185  25.523  -11.620  1.171 0.6250000000
126657  24.851  -9.798  -0.243 0.7500000000
143774  26.497  -9.391  1.334 0.3750000000
89823  25.849  -9.518  0.737 0.5000000000
89822  27.633  -9.058  1.641 0.1250000000
138197  27.093  -9.324  1.678 0.2500000000
92687  24.702  -7.102  -1.065 0.6250000000
91719  26.840  -7.625  0.233 0.3750000000
92685  26.224  -6.520  -0.957 0.3750000000
131571  26.999  -6.564  -0.652 0.1250000000
93500  26.965  -5.595  -1.547 0.2500000000
92683  28.069  -6.443  -1.349 0.1250000000
91734  28.536  -6.884  -1.671 0.1250000000
92684  27.415  -6.152  -1.158 0.1250000000
93511  28.295  -5.744  -2.472 0.1250000000
94300  21.672  -3.529  -5.054 0.3750000000
92706  28.861  -6.373  -2.859 0.1250000000
144676  27.829  -5.247  -2.701 0.1250000000
94284  27.180  -4.789  -3.168 0.1250000000
92705  28.874  -6.989  -2.248 0.1250000000
141950  23.697  -2.208  -5.595 0.2500000000
94294  27.752  -4.766  -4.468 0.1250000000
95710  25.044  -1.998  -6.182 0.1250000000
94312  27.254  -4.315  -5.118 0.1250000000
92729  28.934  -6.313  -5.230 0.1250000000
95720  26.122  -1.519  -6.600 0.1250000000
72780  21.540  -27.945  5.265 0.7500000000
72792  22.664  -27.023  4.548 0.7500000000
72778  23.158  -27.674  4.922 0.7500000000
72781  20.755  -27.766  5.449 0.7500000000
75956  19.178  -24.814  5.263 0.5000000000
76873  25.057  -23.163  3.576 0.6250000000
77841  26.188  -21.817  3.452 0.5000000000
87032  28.871  -12.957  4.105 0.1250000000
92719  29.355  -7.017  -3.522 0.1250000000
71757  22.814  -28.412  5.272 0.6250000000
71756  23.734  -28.239  5.419 0.6250000000
73859  24.630  -27.111  5.408 0.3750000000
133201  26.571  -25.508  6.025 0.2500000000
74969  25.362  -25.639  5.027 0.3750000000
127900  26.107  -21.204  2.965 0.3750000000
91722  18.768  -7.570  -0.476 0.3750000000
92681  19.213  -6.758  0.417 0.2500000000
74982  25.067  -25.345  4.192 0.5000000000
76863  24.818  -24.055  3.841 0.5000000000
76862  25.636  -23.792  3.994 0.3750000000
73858  25.283  -27.045  6.143 0.5000000000
77842  25.683  -22.463  3.397 0.5000000000
71744  23.315  -29.062  5.842 0.6250000000
73860  19.145  -26.740  6.098 0.3750000000
138221  18.828  -27.409  6.527 0.3750000000
71745  22.493  -29.027  5.547 0.6250000000
70717  22.013  -28.495  5.391 0.6250000000
71746  20.186  -28.423  6.006 0.6250000000
71743  25.273  -28.103  6.565 0.3750000000
141561  18.480  -26.217  6.448 0.2500000000
73845  26.681  -26.885  7.126 0.3750000000
74968  26.148  -25.268  5.405 0.2500000000
74956  25.896  -26.121  5.869 0.2500000000
76851  18.154  -23.703  5.319 0.3750000000
75955  25.772  -24.944  4.651 0.2500000000
141240  26.239  -24.254  4.390 0.3750000000
76861  26.370  -23.512  4.126 0.2500000000
77829  26.419  -22.669  3.945 0.2500000000
78814  26.792  -21.790  4.119 0.2500000000
85317  14.977  -14.017  6.939 0.1250000000
126674  17.127  -13.491  2.664 0.2500000000
80777  27.816  -20.279  4.246 0.2500000000
126557  18.023  -12.304  0.750 0.3750000000
126780  17.787  -12.672  1.276 0.2500000000
92673  20.395  -7.188  1.243 0.2500000000
86183  15.718  -12.758  3.967 0.1250000000
84479  14.633  -14.934  5.061 0.2500000000
76852  17.728  -23.394  5.478 0.2500000000
75969  24.632  -24.917  3.774 0.5000000000
72765  19.789  -27.461  5.863 0.5000000000
150403  19.766  -26.910  5.580 0.5000000000
72777  24.036  -27.532  5.019 0.6250000000
73870  24.979  -26.432  5.335 0.5000000000
79789  27.320  -21.046  4.145 0.2500000000
73874  18.885  -25.954  5.922 0.3750000000
74971  19.422  -25.616  5.307 0.3750000000
75944  17.822  -23.972  5.745 0.2500000000
71758  21.189  -28.565  5.572 0.6250000000
74972  18.564  -25.176  5.766 0.3750000000
77830  25.853  -23.142  3.792 0.2500000000
72764  24.586  -27.813  5.729 0.5000000000
73857  26.126  -26.711  6.545 0.2500000000
75968  25.375  -24.574  4.116 0.3750000000
72763  25.992  -27.405  6.838 0.3750000000
71732  24.963  -29.002  6.802 0.3750000000
129406  24.342  -28.616  6.138 0.5000000000
151021  26.783  -24.272  4.728 0.2500000000
77828  27.179  -22.554  4.474 0.2500000000
84478  15.251  -14.838  6.927 0.1250000000
70706  21.190  -29.952  6.043 0.5000000000
69610  23.937  -30.073  7.139 0.3750000000
69631  23.266  -29.914  6.415 0.5000000000
69634  20.667  -30.437  6.445 0.3750000000
70707  19.968  -29.280  6.415 0.5000000000
70719  20.814  -29.247  5.968 0.5000000000
143780  20.491  -29.840  6.262 0.5000000000
134981  18.707  -31.039  7.971 0.1250000000
69614  20.093  -30.974  6.894 0.3750000000
71747  19.239  -28.608  6.639 0.2500000000
67441  19.915  -33.087  8.291 0.1250000000
68576  19.516  -31.533  7.642 0.2500000000
69613  21.042  -31.117  6.697 0.3750000000
70690  24.733  -29.675  7.241 0.2500000000
130695  22.580  -30.999  6.953 0.3750000000
69632  22.446  -30.467  6.386 0.5000000000
67464  19.230  -32.353  8.058 0.1250000000
69612  21.921  -31.124  6.730 0.3750000000
69616  18.290  -30.269  7.991 0.1250000000
71734  18.119  -28.675  7.977 0.1250000000
87047  27.952  -12.188  2.950 0.1250000000
137815  19.322  -27.976  6.383 0.3750000000
70704  24.083  -29.376  6.607 0.3750000000
70718  21.738  -29.317  5.721 0.5000000000
131405  22.542  -29.718  5.863 0.5000000000
71748  18.502  -28.016  6.884 0.2500000000
72766  18.117  -27.545  7.193 0.2500000000
71731  25.705  -28.729  7.201 0.2500000000
69633  21.533  -30.545  6.333 0.5000000000
70705  21.899  -30.099  5.898 0.5000000000
69635  19.785  -30.125  6.731 0.5000000000
69611  23.213  -30.598  6.958 0.3750000000
136591  19.024  -29.927  7.498 0.1250000000
70691  19.144  -29.325  7.050 0.1250000000
68577  18.686  -31.706  8.200 0.1250000000
69615  19.263  -30.626  7.492 0.2500000000
69596  18.231  -30.947  8.399 0.1250000000
71733  18.485  -28.618  7.322 0.1250000000
68575  20.589  -31.634  7.274 0.3750000000
69595  23.830  -30.774  7.634 0.2500000000
70692  18.444  -29.354  7.755 0.1250000000
67462  21.150  -32.207  7.680 0.2500000000
68573  22.289  -31.610  7.370 0.2500000000
75943  17.865  -24.747  5.958 0.2500000000
67463  20.233  -32.265  7.879 0.1250000000
68574  21.497  -31.686  7.129 0.2500000000
148434  21.803  -32.176  7.527 0.1250000000
75930  17.782  -25.010  6.168 0.1250000000
89834  18.355  -10.008  0.260 0.1250000000
140360  18.649  -9.516  0.106 0.1250000000
89828  18.977  -9.500  0.693 0.1250000000
90747  19.477  -8.890  1.089 0.1250000000
91714  19.952  -7.734  0.808 0.1250000000
90731  20.064  -8.674  2.515 0.1250000000
126645  18.799  -10.322  0.553 0.1250000000
90746  19.934  -8.467  2.032 0.1250000000
91713  20.306  -7.831  2.166 0.1250000000
91694  20.341  -7.810  3.446 0.1250000000
152229  18.383  -10.748  0.058 0.1250000000
126543  17.619  -13.397  1.787 0.1250000000
73861  18.404  -26.867  6.800 0.1250000000
74946  17.877  -25.358  6.413 0.1250000000
126527  18.394  -12.456  1.090 0.1250000000
126620  19.062  -10.932  0.362 0.1250000000
126541  19.664  -10.447  0.308 0.1250000000
144191  19.748  -9.860  0.520 0.1250000000
89826  20.099  -9.065  1.767 0.1250000000
90719  21.183  -9.168  3.878 0.1250000000
91693  21.365  -8.633  4.171 0.1250000000
91701  20.206  -6.835  3.873 0.1250000000
144192  18.481  -11.293  0.144 0.1250000000
76842  17.662  -23.417  5.605 0.1250000000
75957  18.355  -24.393  5.557 0.1250000000
90758  19.517  -8.434  0.575 0.1250000000
74957  17.987  -25.422  6.485 0.1250000000
131201  18.210  -26.210  6.723 0.1250000000
127286  18.051  -12.839  1.468 0.1250000000
75931  17.726  -24.307  5.954 0.1250000000
74931  17.900  -24.573  7.665 0.1250000000
144161  18.535  -9.985  0.482 0.1250000000
149080  19.754  -9.298  0.922 0.1250000000
91712  20.128  -7.192  3.319 0.1250000000
91702  20.324  -7.969  3.153 0.1250000000
89825  21.299  -9.513  0.608 0.1250000000
91700  20.785  -6.144  4.176 0.1250000000
72752  26.002  -28.078  7.129 0.1250000000
73856  26.812  -26.136  6.567 0.1250000000
74942  27.680  -25.859  6.886 0.1250000000
74967  26.846  -24.875  5.725 0.1250000000
75954  26.506  -24.646  5.007 0.1250000000
75953  27.233  -24.313  5.155 0.1250000000
75967  27.007  -23.847  4.552 0.1250000000
77820  28.647  -22.958  5.550 0.1250000000
130829  27.481  -23.252  4.708 0.1250000000
78799  28.662  -21.316  5.188 0.1250000000
78813  27.552  -21.742  4.643 0.1250000000
78798  29.184  -21.179  5.625 0.1250000000
79788  28.135  -20.983  4.735 0.1250000000
68572  23.052  -31.144  7.565 0.1250000000
70678  24.617  -30.377  7.721 0.1250000000
70677  25.383  -29.918  7.809 0.1250000000
70688  26.108  -29.298  7.815 0.1250000000
72750  27.446  -27.169  7.630 0.1250000000
71729  27.190  -28.102  7.904 0.1250000000
73844  27.328  -26.478  7.158 0.1250000000
150584  28.654  -25.204  7.060 0.1250000000
75941  28.453  -24.165  6.252 0.1250000000
75952  27.891  -23.976  5.538 0.1250000000
76835  29.654  -23.340  6.562 0.1250000000
134504  28.400  -20.214  4.796 0.1250000000
80757  29.007  -19.806  5.160 0.1250000000
79766  29.411  -20.303  5.705 0.1250000000
72751  26.592  -27.639  7.446 0.1250000000
74955  27.242  -25.287  6.361 0.1250000000
76860  27.973  -22.507  5.045 0.1250000000
70689  25.392  -29.330  7.362 0.1250000000
69594  24.436  -31.060  8.275 0.1250000000
71730  26.416  -28.456  7.622 0.1250000000
74941  28.364  -25.671  7.229 0.1250000000
75942  27.631  -24.593  5.971 0.1250000000
74954  28.167  -25.088  6.645 0.1250000000
76849  27.972  -23.331  5.285 0.1250000000
77819  28.861  -22.048  5.447 0.1250000000
146145  28.405  -23.576  5.734 0.1250000000
78783  29.603  -21.813  6.097 0.1250000000
78812  28.250  -21.713  5.024 0.1250000000
79767  28.797  -20.635  5.192 0.1250000000
79746  29.793  -20.930  6.185 0.1250000000
69592  26.127  -30.122  8.453 0.1250000000
74920  28.658  -26.132  7.818 0.1250000000
150531  29.479  -19.770  5.503 0.1250000000
73843  27.989  -26.398  7.426 0.1250000000
76850  27.561  -23.783  4.976 0.1250000000
77855  23.614  -22.398  2.546 0.8750000000
79790  26.651  -21.156  3.493 0.3750000000
80756  29.934  -19.715  5.765 0.1250000000
80785  16.711  -19.460  4.442 0.3750000000
81796  17.725  -18.288  2.881 1.0000000000
83591  15.423  -16.034  6.675 0.1250000000
83616  14.816  -15.574  4.841 0.3750000000
83644  17.623  -16.795  2.196 1.0000000000
83646  16.579  -15.823  3.093 0.6250000000
84463  14.871  -15.194  7.145 0.2500000000
84498  28.172  -15.222  4.033 0.1250000000
84523  17.341  -14.875  2.183 0.6250000000
85334  14.807  -14.225  7.021 0.1250000000
85348  14.658  -14.025  5.320 0.2500000000
85380  16.450  -14.149  3.127 0.5000000000
86153  15.106  -13.554  6.673 0.1250000000
86168  15.367  -13.136  6.159 0.2500000000
86194  15.772  -12.897  3.833 0.3750000000
86195  15.498  -13.214  4.437 0.3750000000
87020  16.553  -12.521  5.125 0.1250000000
87041  15.982  -12.921  3.381 0.2500000000
89831  18.563  -9.765  0.419 0.1250000000
90748  18.995  -9.269  0.489 0.1250000000
90781  18.829  -7.546  -1.646 0.7500000000
92682  18.612  -6.937  -0.174 0.6250000000
92694  24.047  -6.908  -1.659 0.6250000000
92696  22.675  -7.212  -2.564 0.7500000000
95003  19.771  -1.973  -4.033 0.5000000000
95034  21.694  -1.870  -6.256 0.3750000000
95713  21.261  -1.963  -5.610 0.3750000000
96434  21.082  -1.764  -4.834 0.2500000000
96457  22.471  -1.649  -6.053 0.2500000000
126621  24.998  -14.858  1.389 0.8750000000
126653  19.090  -9.577  0.745 0.1250000000
126682  18.390  -10.515  0.201 0.1250000000
133559  23.231  -25.570  3.985 0.7500000000
133973  19.924  -8.265  1.273 0.1250000000
135654  21.757  -4.638  -4.522 0.3750000000
139160  16.227  -19.390  6.633 0.1250000000
142226  18.506  -9.712  -0.145 0.1250000000
144166  25.582  -11.007  0.643 0.6250000000
144205  26.633  -10.548  1.628 0.3750000000
144219  22.656  -15.467  -0.070 1.0000000000
144939  16.011  -12.391  5.878 0.1250000000
148230  26.935  -23.212  4.310 0.2500000000
149205  29.286  -7.109  -2.806 0.1250000000
152202  22.701  -25.334  3.909 0.7500000000
152591  20.305  -26.504  5.012 0.7500000000
