#!ascii label  , from subject sub1 vox2ras=TkReg
1631
32549  42.287  -65.804  4.929 0.6000000238
31515  42.837  -67.008  5.383 0.5000000000
33667  40.679  -64.308  6.445 0.6999999881
34843  40.259  -63.665  6.791 0.6000000238
34853  40.120  -63.665  5.790 0.6000000238
34844  39.629  -63.212  6.400 0.6000000238
32545  41.715  -65.734  6.491 0.6999999881
33666  40.964  -64.966  5.996 0.6000000238
136334  40.579  -64.186  5.541 0.5000000000
33676  40.296  -63.929  4.975 0.5000000000
34854  39.403  -63.235  5.508 0.6000000238
35880  39.147  -62.708  5.945 0.6000000238
31512  42.311  -66.373  5.928 0.5000000000
32550  41.675  -65.203  5.172 0.6000000238
35881  38.662  -62.150  5.599 0.6000000238
30540  43.626  -68.376  6.085 0.5000000000
29565  43.463  -68.439  6.635 0.5000000000
35839  39.781  -61.821  8.004 0.6000000238
36916  39.240  -61.655  7.604 0.6999999881
33639  41.231  -63.924  7.718 0.6000000238
34830  40.482  -63.515  7.484 0.6999999881
35838  40.204  -62.718  7.882 0.6000000238
35853  39.565  -62.373  7.459 0.6000000238
35854  39.187  -62.068  7.056 0.6000000238
33654  41.618  -64.894  7.453 0.6000000238
132079  41.281  -65.106  6.918 0.6999999881
35869  38.933  -62.113  6.427 0.6000000238
32544  42.855  -66.538  6.478 0.5000000000
32537  42.112  -65.793  7.079 0.5000000000
36932  38.513  -61.507  6.198 0.6000000238
31511  43.417  -67.366  6.247 0.5000000000
36943  38.289  -61.431  5.286 0.6000000238
30535  43.761  -68.188  6.712 0.5000000000
36944  37.939  -60.657  5.052 0.6000000238
151152  38.150  -59.960  4.071 0.6999999881
129988  38.141  -61.308  4.268 0.6000000238
39126  38.514  -59.585  3.455 0.6999999881
37992  38.313  -60.540  3.467 0.6000000238
39140  39.456  -59.520  1.983 0.6000000238
39141  38.813  -59.993  2.608 0.6000000238
41374  42.410  -57.792  -1.248 0.5000000000
43397  42.656  -55.826  -1.565 0.6999999881
41373  42.476  -57.215  -1.633 0.6000000238
43398  42.206  -55.227  -1.819 0.8000000119
42419  42.029  -56.788  -2.129 0.6999999881
37942  39.590  -60.394  8.295 0.6000000238
37943  38.900  -60.410  8.065 0.6999999881
35837  41.112  -62.529  8.159 0.6999999881
36898  40.594  -61.816  8.198 0.6000000238
36900  38.768  -61.023  7.677 0.6999999881
37955  38.390  -60.308  7.469 0.6999999881
33638  42.236  -64.251  7.728 0.6000000238
34816  41.645  -63.243  8.043 0.6000000238
138962  37.929  -60.201  6.637 0.8000000119
140450  43.212  -64.988  7.440 0.5000000000
39096  37.729  -59.465  6.300 0.8000000119
37976  38.131  -60.791  5.950 0.6000000238
32536  43.596  -66.446  6.936 0.5000000000
33653  42.685  -65.472  7.360 0.5000000000
39106  37.707  -59.469  5.529 0.8000000119
37977  37.761  -60.091  5.710 0.6000000238
31510  44.066  -67.793  7.103 0.5000000000
40231  37.889  -59.024  4.987 0.8000000119
39116  38.220  -59.269  4.226 0.8000000119
39117  37.781  -59.886  4.841 0.6999999881
40241  38.587  -58.669  3.547 0.6999999881
41340  39.447  -57.754  2.481 0.6999999881
148203  39.050  -58.409  2.858 0.6999999881
41339  40.190  -57.337  1.932 0.6000000238
40253  39.488  -58.668  2.196 0.6000000238
40254  38.947  -59.128  2.768 0.6000000238
42395  40.845  -56.896  1.440 0.6999999881
41353  40.058  -58.171  1.633 0.6999999881
40266  40.122  -59.070  1.415 0.6000000238
42402  42.251  -56.711  0.104 0.6999999881
41362  41.519  -58.126  0.235 0.6000000238
42417  42.680  -56.513  -1.445 0.8000000119
42412  42.724  -56.889  -0.936 0.8000000119
41361  42.188  -57.573  -0.355 0.6000000238
44358  42.720  -54.906  -1.415 0.8999999762
138551  40.920  -56.017  -1.463 0.6999999881
44359  42.320  -54.467  -1.540 0.8000000119
42413  41.264  -56.735  -1.788 0.6999999881
39064  40.172  -59.576  8.249 0.6000000238
39065  39.151  -59.632  8.259 0.6999999881
40176  39.528  -58.691  8.424 0.6999999881
134966  40.045  -61.107  8.357 0.6000000238
40177  38.898  -58.172  8.380 0.6000000238
36915  42.017  -61.006  8.039 0.4000000060
36897  41.512  -61.710  8.198 0.6000000238
37940  41.044  -60.890  8.217 0.6000000238
39066  38.601  -59.741  7.890 0.6999999881
36896  42.214  -61.719  8.053 0.6000000238
39095  38.069  -59.430  7.310 0.8000000119
131904  43.251  -64.036  7.447 0.4000000060
34815  42.508  -63.116  7.772 0.6000000238
40207  37.808  -58.675  6.729 0.8000000119
136117  44.268  -65.167  7.245 0.5000000000
40219  37.682  -58.805  5.808 0.8000000119
33652  44.133  -65.993  7.120 0.4000000060
41313  38.084  -57.667  4.532 0.8000000119
31503  44.532  -67.422  7.659 0.5000000000
41341  38.797  -57.817  3.253 0.8000000119
42372  39.609  -56.147  2.814 0.8000000119
41327  38.990  -56.961  2.986 0.6999999881
138153  38.333  -57.946  3.855 0.8000000119
142874  40.770  -56.060  1.569 0.8000000119
135872  39.718  -56.959  2.503 0.6999999881
43377  41.507  -55.698  1.300 0.8999999762
42394  41.571  -56.423  0.993 0.8999999762
42384  40.225  -56.554  2.108 0.6999999881
41352  40.753  -57.716  1.106 0.6999999881
42403  41.522  -57.253  0.627 0.6000000238
132312  43.082  -55.347  -1.200 0.8999999762
127505  43.049  -55.400  -0.392 0.8999999762
43386  40.459  -54.886  -0.648 0.8000000119
43387  39.812  -55.240  0.162 0.8000000119
44357  40.947  -54.267  -0.999 0.8000000119
44356  41.769  -54.393  -1.556 0.8000000119
43395  41.181  -55.169  -1.455 0.6999999881
152541  39.403  -57.885  8.570 0.6000000238
37941  40.348  -60.406  8.263 0.6000000238
40175  40.579  -58.666  8.226 0.5000000000
41251  38.936  -57.421  8.341 0.6999999881
39079  42.401  -59.663  7.236 0.4000000060
37954  41.785  -60.218  7.767 0.5000000000
39063  41.028  -59.970  8.139 0.6000000238
40206  38.155  -58.569  7.525 0.6999999881
36914  42.705  -61.365  7.704 0.5000000000
41280  38.061  -57.787  7.150 0.6999999881
36912  43.934  -62.075  7.081 0.5000000000
35852  42.685  -62.192  7.799 0.6000000238
35850  45.295  -63.870  6.732 0.4000000060
150033  44.359  -63.056  7.027 0.4000000060
42351  38.150  -56.105  5.351 0.8000000119
41297  37.905  -57.431  5.399 0.8000000119
141108  45.169  -65.423  7.202 0.4000000060
151415  38.487  -56.552  4.206 0.8000000119
143332  38.145  -56.798  4.752 0.8000000119
40218  37.871  -58.235  5.191 0.8000000119
32535  44.745  -66.916  7.554 0.3000000119
43367  40.017  -55.137  2.730 0.8000000119
43356  39.415  -55.423  3.516 0.8000000119
42373  38.914  -56.248  3.741 0.8000000119
44335  40.638  -54.499  2.588 0.8000000119
44334  41.440  -54.312  2.049 0.8999999762
43378  40.914  -55.205  1.954 0.8999999762
45314  42.195  -53.942  1.425 0.8999999762
44342  41.961  -54.903  1.208 0.8999999762
45313  42.952  -53.571  0.890 0.8999999762
44348  42.758  -55.043  0.419 0.8999999762
44347  43.148  -54.655  -0.044 0.8999999762
44349  40.217  -54.213  0.064 0.8000000119
44343  39.442  -54.633  0.882 0.8000000119
44355  43.211  -54.545  -0.812 0.8999999762
45329  42.726  -53.944  -1.141 0.8999999762
45330  42.094  -53.774  -1.263 0.8000000119
41248  40.967  -57.846  8.063 0.6000000238
137526  40.136  -57.921  8.583 0.6000000238
42301  39.958  -56.461  8.522 0.6000000238
40193  41.504  -58.611  7.686 0.6000000238
39080  41.667  -59.465  7.631 0.4000000060
40174  41.031  -59.260  8.061 0.5000000000
41267  38.515  -57.338  7.764 0.6999999881
37953  42.573  -60.521  7.452 0.4000000060
42318  38.323  -56.755  7.165 0.6999999881
37969  43.719  -60.408  6.509 0.5000000000
36913  43.370  -61.049  7.102 0.4000000060
42331  38.120  -56.337  6.235 0.6999999881
36931  44.327  -61.311  6.438 0.5000000000
44310  38.753  -54.728  5.612 0.8000000119
147274  38.002  -56.758  5.591 0.8000000119
44322  39.793  -54.568  3.481 0.8000000119
43353  38.986  -55.503  4.292 0.8000000119
45298  41.106  -53.751  2.699 0.8000000119
45297  41.881  -53.487  2.198 0.8999999762
45296  42.651  -53.203  1.680 0.8999999762
45312  43.187  -53.186  0.442 0.8999999762
46330  43.181  -53.167  -0.148 1.0000000000
46333  39.860  -52.510  -0.009 0.8000000119
46337  42.831  -53.152  -0.586 1.0000000000
45322  40.699  -53.392  -0.541 0.8000000119
46339  42.123  -52.162  -0.671 1.0000000000
45331  41.527  -52.925  -0.797 0.8000000119
46332  40.574  -52.435  -0.423 0.8000000119
41249  40.468  -57.120  8.378 0.6000000238
145398  40.214  -55.835  8.327 0.6000000238
41266  41.736  -57.766  7.501 0.6000000238
43300  39.556  -55.821  8.339 0.6999999881
132155  43.012  -59.002  6.605 0.4000000060
40192  42.244  -58.877  7.150 0.4000000060
145763  42.105  -58.258  7.169 0.4000000060
39078  43.182  -59.969  6.927 0.4000000060
140016  38.600  -56.102  7.647 0.6999999881
37968  44.195  -60.251  5.921 0.5000000000
39094  43.627  -59.601  6.195 0.4000000060
144987  38.462  -55.196  6.948 0.8000000119
44316  39.060  -54.827  4.749 0.8000000119
44301  38.650  -54.667  6.537 0.8000000119
45284  40.053  -53.691  3.771 0.8000000119
44315  39.516  -54.237  4.299 0.8000000119
46302  41.566  -52.514  3.841 0.8000000119
44321  40.394  -54.056  3.145 0.8000000119
46323  43.223  -52.874  1.108 0.8999999762
129079  43.173  -52.225  2.872 0.8999999762
47398  43.289  -52.494  0.362 1.0000000000
47399  43.076  -51.950  -0.204 1.0000000000
153570  42.728  -51.353  -0.124 1.0000000000
45315  39.475  -53.747  0.894 0.8000000119
47406  42.475  -51.587  -0.488 1.0000000000
141934  40.753  -51.672  -0.415 0.8000000119
46340  41.384  -51.912  -0.581 0.8000000119
42316  42.085  -56.498  7.388 0.6000000238
42317  41.339  -56.954  7.806 0.6000000238
42300  40.689  -56.302  8.182 0.6000000238
147486  39.314  -55.103  7.889 0.6999999881
44273  39.797  -54.418  7.979 0.6999999881
40204  43.006  -58.218  5.977 0.4000000060
41279  42.751  -57.602  6.318 0.5000000000
41265  42.290  -57.688  6.920 0.5000000000
43316  38.703  -55.469  7.543 0.8000000119
44287  39.360  -54.228  7.572 0.8000000119
44288  38.821  -54.754  7.299 0.8000000119
40216  43.790  -58.673  5.118 0.4000000060
39105  43.508  -58.813  5.780 0.4000000060
44309  39.224  -54.074  5.169 0.8000000119
45266  38.994  -54.005  6.090 0.8000000119
45278  39.784  -53.270  4.645 0.8000000119
45277  40.485  -52.936  3.984 0.8000000119
46311  42.562  -52.812  2.516 0.8999999762
146305  42.890  -52.099  4.132 0.8000000119
46309  43.421  -51.949  1.860 1.0000000000
48484  42.984  -51.269  1.549 1.0000000000
142898  42.795  -50.865  2.269 1.0000000000
48491  42.557  -50.742  0.343 1.0000000000
48500  41.948  -49.972  -0.444 1.0000000000
47400  40.675  -51.089  -0.247 0.8999999762
46324  39.372  -52.834  0.747 0.8000000119
46325  39.318  -51.960  0.388 0.8999999762
48508  41.491  -50.391  -0.451 1.0000000000
48501  40.753  -50.291  -0.084 1.0000000000
47401  39.776  -51.118  0.266 1.0000000000
49610  41.386  -48.485  -0.073 1.0000000000
50741  41.367  -47.938  0.188 1.0000000000
49611  40.543  -48.770  0.300 1.0000000000
51839  41.094  -47.294  0.387 1.0000000000
50742  41.045  -47.787  0.048 1.0000000000
43298  41.660  -55.113  8.133 0.6999999881
43299  40.842  -55.470  8.199 0.6999999881
44270  42.026  -54.256  8.344 0.6999999881
43313  43.025  -55.477  7.246 0.6000000238
43314  42.254  -55.700  7.569 0.6000000238
137126  40.162  -55.062  8.167 0.6999999881
42330  42.557  -57.009  6.866 0.6000000238
45230  40.370  -53.135  8.238 0.8000000119
41296  44.035  -57.600  5.301 0.4000000060
45247  39.432  -53.396  7.341 0.8000000119
45256  39.252  -53.281  6.554 0.8000000119
46297  39.814  -52.617  5.305 0.8000000119
46296  40.617  -52.288  4.679 0.8000000119
140446  41.984  -51.873  4.706 0.8000000119
47373  43.283  -51.831  3.606 0.8999999762
138992  43.317  -51.515  4.259 0.8000000119
134982  43.249  -51.589  2.707 0.8999999762
48471  43.299  -51.052  3.562 1.0000000000
142941  43.044  -50.518  3.889 1.0000000000
49586  42.556  -50.350  2.749 1.0000000000
49587  42.080  -49.807  3.273 1.0000000000
149674  42.553  -50.528  1.179 1.0000000000
49603  41.836  -49.488  1.681 1.0000000000
50740  41.699  -48.359  0.574 1.0000000000
143289  41.623  -48.461  0.138 1.0000000000
48492  39.833  -49.814  0.691 1.0000000000
48503  39.241  -50.664  0.809 1.0000000000
51829  41.485  -47.621  0.748 1.0000000000
49619  40.768  -49.392  0.006 1.0000000000
49604  40.138  -48.262  0.865 1.0000000000
51831  40.931  -46.483  0.604 1.0000000000
50736  40.720  -47.256  0.421 1.0000000000
45229  41.570  -53.481  8.591 0.6999999881
43312  43.748  -55.346  7.099 0.5000000000
44286  42.542  -54.924  7.863 0.6999999881
136862  40.874  -53.531  8.456 0.6999999881
42315  42.804  -56.251  7.014 0.6000000238
42328  44.086  -56.432  6.208 0.5000000000
43329  43.581  -56.026  6.790 0.5000000000
46256  39.887  -52.802  7.716 0.8000000119
46277  39.585  -52.582  6.989 0.8000000119
46276  40.150  -51.973  6.498 0.6999999881
47369  41.122  -51.684  5.254 0.8000000119
47361  41.042  -51.531  5.999 0.8000000119
47367  42.985  -51.482  4.839 0.6999999881
48467  43.351  -50.887  4.665 0.8999999762
49568  42.475  -49.795  5.339 0.8000000119
50700  41.550  -49.156  5.757 0.8000000119
51794  40.584  -47.865  6.806 0.8000000119
49574  42.832  -50.264  4.566 0.8999999762
50706  41.321  -49.116  4.657 0.8999999762
50701  40.613  -48.335  5.120 0.8999999762
133897  40.176  -47.527  5.933 0.8000000119
50723  41.323  -49.016  3.352 1.0000000000
50735  41.455  -48.694  1.885 1.0000000000
130612  42.025  -49.050  0.402 1.0000000000
51821  41.281  -46.431  1.700 1.0000000000
51830  41.273  -46.735  0.888 1.0000000000
50737  39.696  -47.861  1.686 1.0000000000
127377  41.006  -46.050  2.573 1.0000000000
132303  41.188  -46.097  0.904 1.0000000000
134219  40.073  -46.810  0.856 1.0000000000
52955  41.268  -45.664  1.272 1.0000000000
52973  40.783  -45.288  0.872 1.0000000000
44268  43.825  -54.129  8.035 0.6999999881
44269  42.932  -54.202  8.222 0.6999999881
45227  43.353  -53.497  8.647 0.6999999881
45228  42.449  -53.489  8.689 0.6999999881
44284  44.313  -54.745  7.281 0.6000000238
127582  41.148  -52.664  8.551 0.6999999881
43328  44.415  -55.598  6.625 0.5000000000
46255  40.546  -52.296  8.025 0.8000000119
47341  41.005  -51.590  7.616 0.6999999881
47348  40.951  -51.492  6.849 0.6999999881
146811  42.039  -50.891  6.301 0.6999999881
47368  42.193  -51.362  5.498 0.6999999881
48462  42.999  -50.420  5.373 0.6999999881
47360  42.954  -50.931  5.494 0.6999999881
50691  41.807  -49.083  6.660 0.8000000119
50673  41.221  -48.430  7.148 0.8000000119
51773  40.753  -47.731  7.615 0.8000000119
148389  40.417  -47.048  7.937 0.8000000119
52925  40.216  -47.025  7.018 0.8000000119
150145  40.422  -47.846  4.329 1.0000000000
52904  39.734  -46.133  6.836 0.8000000119
52932  39.852  -46.636  5.282 1.0000000000
52926  39.660  -45.950  5.906 0.8000000119
50724  41.325  -47.580  2.066 1.0000000000
51806  40.564  -47.201  3.314 1.0000000000
138317  39.264  -46.521  1.551 1.0000000000
51832  39.139  -47.420  2.229 1.0000000000
54073  41.171  -45.151  1.908 1.0000000000
137108  41.185  -44.821  1.240 1.0000000000
138752  41.155  -45.090  0.908 1.0000000000
52965  40.405  -46.049  0.931 1.0000000000
45226  44.229  -53.419  8.489 0.6999999881
46253  43.775  -52.788  9.053 0.6999999881
46239  43.417  -52.080  9.321 0.6000000238
46240  42.657  -52.035  9.048 0.6000000238
47331  42.555  -51.295  8.858 0.6000000238
47332  42.057  -51.161  8.399 0.6999999881
47347  41.717  -50.882  7.183 0.6999999881
47340  41.773  -50.986  7.859 0.6999999881
143816  42.505  -50.313  7.305 0.6999999881
151579  42.512  -50.355  6.692 0.6999999881
50672  42.058  -48.938  7.444 0.8000000119
48463  42.804  -50.324  6.030 0.6999999881
49546  42.546  -49.546  7.025 0.8000000119
52890  40.591  -46.478  8.478 0.8000000119
54010  40.245  -45.647  8.381 0.8000000119
55131  39.588  -44.680  7.249 0.8000000119
54020  39.586  -45.317  6.577 0.8000000119
52939  40.300  -46.461  4.066 1.0000000000
52933  40.056  -45.720  4.750 1.0000000000
55153  39.513  -44.488  6.297 0.6999999881
54045  40.106  -44.979  4.567 1.0000000000
153449  39.738  -44.251  5.161 0.8999999762
150751  40.292  -45.311  4.077 1.0000000000
54055  40.538  -44.853  3.336 1.0000000000
55173  40.664  -44.091  3.208 1.0000000000
51833  38.142  -46.948  2.552 1.0000000000
55185  41.039  -44.338  2.019 1.0000000000
54085  40.294  -45.073  1.286 1.0000000000
52974  39.704  -45.700  1.373 1.0000000000
52966  38.438  -46.049  1.928 1.0000000000
152744  41.000  -44.892  0.901 1.0000000000
45216  42.917  -52.784  9.061 0.6999999881
134164  42.646  -50.706  8.588 0.6000000238
48435  42.587  -50.359  7.995 0.6999999881
49545  42.687  -49.319  7.665 0.6999999881
48444  42.944  -49.652  7.859 0.6999999881
50660  42.430  -48.683  8.165 0.8000000119
51761  41.056  -47.384  8.477 0.6999999881
52889  41.199  -46.560  9.052 0.6999999881
55130  39.964  -44.732  8.236 0.6999999881
55122  39.724  -44.121  7.763 0.6999999881
132814  39.464  -43.900  7.030 0.6999999881
56292  39.549  -43.642  6.108 0.8000000119
56319  40.200  -43.845  4.247 1.0000000000
56318  40.551  -43.289  4.331 1.0000000000
56330  41.188  -43.580  2.481 1.0000000000
54086  39.038  -45.335  1.878 1.0000000000
55197  40.746  -44.470  1.570 1.0000000000
47318  44.626  -51.448  9.511 0.6000000238
47319  43.882  -51.413  9.535 0.6000000238
138361  43.714  -50.755  9.406 0.6000000238
138692  44.297  -50.122  9.325 0.6000000238
48425  43.116  -50.689  9.021 0.6000000238
48433  43.709  -50.055  8.976 0.6000000238
49537  43.636  -49.246  8.579 0.6000000238
49538  43.088  -49.167  8.111 0.6000000238
151477  42.567  -48.311  8.644 0.6999999881
130498  41.621  -47.173  9.075 0.6999999881
54009  40.856  -45.800  9.056 0.6999999881
54001  40.563  -45.001  9.017 0.6999999881
56255  40.556  -43.602  9.163 0.6999999881
56265  39.999  -43.850  8.485 0.6999999881
57316  40.189  -42.922  8.504 0.6999999881
62324  47.575  -37.214  9.210 0.3000000119
58282  39.775  -42.132  6.880 0.6999999881
57327  39.757  -42.678  7.608 0.6999999881
63449  47.877  -36.569  8.825 0.3000000119
57339  39.763  -42.832  5.993 0.8000000119
50710  35.778  -48.308  4.862 0.8999999762
57355  40.404  -42.786  4.959 1.0000000000
51807  36.912  -47.800  4.286 1.0000000000
52967  37.421  -46.244  2.585 1.0000000000
52956  37.313  -46.808  3.260 1.0000000000
145938  41.414  -43.216  2.783 1.0000000000
56331  40.570  -43.561  2.115 1.0000000000
132528  41.082  -43.703  2.004 1.0000000000
132798  39.669  -44.805  1.888 1.0000000000
48423  45.166  -50.911  9.582 0.6000000238
48424  44.404  -50.833  9.573 0.6000000238
49527  44.774  -49.347  9.397 0.6000000238
133214  44.367  -48.804  9.320 0.6000000238
137902  44.318  -48.123  9.576 0.6000000238
51750  43.963  -47.286  9.688 0.6999999881
51751  43.122  -47.244  9.497 0.6999999881
50651  43.497  -47.961  9.320 0.6000000238
55129  45.933  -44.352  7.295 0.3000000119
55119  45.568  -43.909  7.609 0.3000000119
51752  42.287  -47.272  9.348 0.6999999881
140135  41.517  -45.919  9.369 0.6999999881
55113  40.942  -44.310  9.409 0.6999999881
61228  46.970  -38.468  9.471 0.3000000119
62300  46.189  -37.816  9.577 0.4000000060
63426  46.998  -36.593  9.351 0.4000000060
64450  46.596  -35.666  9.312 0.4000000060
49578  34.990  -49.046  4.487 0.6999999881
50711  34.272  -48.327  4.540 0.6999999881
67449  47.226  -32.231  7.828 0.3000000119
64473  47.420  -35.771  8.911 0.3000000119
51809  35.578  -47.387  4.818 0.8999999762
66476  47.597  -32.977  8.130 0.3000000119
65464  47.120  -34.911  9.092 0.3000000119
57338  40.235  -42.111  5.711 0.8000000119
52940  35.983  -46.628  4.257 0.8999999762
66453  47.141  -33.518  8.512 0.3000000119
65484  46.707  -34.158  8.880 0.3000000119
141577  40.801  -42.209  4.733 0.8000000119
57362  41.724  -42.113  3.345 1.0000000000
57373  41.673  -42.555  2.909 1.0000000000
136798  38.466  -44.788  2.442 1.0000000000
54087  37.724  -45.461  2.357 1.0000000000
143820  41.115  -43.401  2.201 1.0000000000
55198  39.601  -44.187  2.248 1.0000000000
57374  40.054  -42.825  2.574 1.0000000000
56332  39.281  -43.461  2.744 1.0000000000
133610  39.743  -42.211  3.096 1.0000000000
51749  44.823  -47.334  9.790 0.6999999881
54006  46.989  -45.508  7.880 0.3000000119
54007  46.138  -45.055  8.229 0.4000000060
52881  43.637  -46.473  9.639 0.6999999881
52882  42.742  -46.468  9.573 0.6999999881
54000  42.311  -45.625  9.568 0.6999999881
56263  45.352  -43.378  8.149 0.4000000060
152603  41.683  -44.325  9.670 0.6999999881
57326  45.728  -42.822  7.704 0.3000000119
56254  41.453  -43.529  9.661 0.6999999881
57305  41.751  -42.593  9.736 0.6999999881
57314  45.500  -42.626  8.278 0.5000000000
57306  40.902  -42.748  9.297 0.6999999881
59171  46.133  -40.019  9.370 0.4000000060
144292  44.406  -39.977  9.950 0.6000000238
61230  45.206  -38.787  9.704 0.5000000000
137665  40.526  -42.134  8.812 0.6999999881
60186  46.501  -39.275  9.404 0.3000000119
132846  40.006  -42.023  8.008 0.6999999881
66478  44.313  -33.264  7.414 0.4000000060
130848  45.434  -37.128  9.574 0.4000000060
58281  40.183  -41.254  7.466 0.6999999881
51811  33.725  -47.463  4.666 0.6999999881
67452  44.631  -32.477  7.237 0.4000000060
146041  46.363  -37.081  9.542 0.4000000060
63427  46.061  -36.361  9.519 0.4000000060
49579  33.907  -49.169  4.034 0.6000000238
67450  46.302  -32.107  7.891 0.3000000119
67429  45.856  -32.765  8.235 0.3000000119
67451  45.369  -32.167  7.731 0.4000000060
64451  45.714  -35.550  9.394 0.4000000060
63428  45.144  -36.210  9.496 0.4000000060
58292  40.302  -41.324  6.360 0.6999999881
59200  40.476  -40.512  6.925 0.6999999881
141570  35.069  -48.108  4.792 0.6999999881
66477  44.949  -32.862  8.026 0.4000000060
65466  45.352  -34.812  9.130 0.4000000060
64452  44.842  -35.498  9.294 0.4000000060
58306  40.840  -41.461  5.217 0.8000000119
66454  46.304  -33.447  8.584 0.3000000119
65485  45.849  -34.128  8.892 0.3000000119
152564  41.164  -40.948  5.200 0.8000000119
54088  36.816  -45.668  2.627 1.0000000000
58305  41.466  -41.163  4.520 0.8999999762
55186  38.570  -44.099  2.909 1.0000000000
57392  40.714  -42.238  2.614 1.0000000000
128405  40.890  -42.932  2.346 1.0000000000
57391  41.257  -42.489  2.530 1.0000000000
57375  38.832  -42.610  3.300 1.0000000000
56333  37.974  -43.434  3.342 1.0000000000
52879  45.309  -46.466  9.638 0.6000000238
147942  44.810  -46.049  9.617 0.6000000238
53999  44.242  -45.702  9.550 0.6999999881
53997  45.843  -45.732  9.182 0.5000000000
53998  45.042  -45.601  9.419 0.6000000238
133599  43.295  -45.666  9.600 0.6999999881
54008  45.289  -44.957  8.745 0.5000000000
55120  44.981  -44.186  8.481 0.4000000060
136353  42.983  -45.023  9.599 0.6999999881
55112  42.313  -44.724  9.689 0.6999999881
55121  44.348  -44.135  9.249 0.6000000238
55111  43.081  -44.310  9.738 0.6999999881
57315  44.988  -42.901  8.877 0.6000000238
138051  42.326  -43.929  9.865 0.6999999881
57301  45.317  -42.034  8.865 0.6000000238
151230  44.718  -41.623  9.490 0.6000000238
131933  42.177  -41.803  9.769 0.6999999881
58260  41.221  -41.758  9.366 0.6999999881
152497  45.178  -40.769  9.565 0.5000000000
60188  43.920  -39.332  9.988 0.6000000238
59174  43.587  -40.147  9.909 0.6000000238
65539  43.731  -33.992  5.802 0.4000000060
62301  45.285  -38.076  9.688 0.4000000060
61231  44.408  -38.529  9.835 0.4000000060
137913  43.013  -39.426  9.858 0.6000000238
148673  40.829  -40.690  8.627 0.6999999881
66497  43.985  -33.025  6.288 0.4000000060
62302  44.524  -37.616  9.656 0.5000000000
59191  40.597  -40.455  7.991 0.6999999881
66479  43.777  -33.820  6.816 0.5000000000
132705  44.466  -36.758  9.478 0.4000000060
63429  44.415  -36.071  9.343 0.4000000060
60214  40.799  -39.817  7.376 0.6999999881
132614  35.271  -46.746  4.588 0.8999999762
51810  34.746  -47.403  4.728 0.6999999881
66455  45.419  -33.470  8.486 0.4000000060
64474  44.465  -34.878  8.744 0.4000000060
59209  41.257  -40.038  5.828 0.6999999881
60223  40.895  -39.937  6.521 0.6999999881
65486  45.000  -34.156  8.698 0.4000000060
52958  35.694  -45.931  3.254 0.8999999762
58311  42.127  -41.561  3.771 0.8999999762
54074  36.094  -45.656  2.734 0.8999999762
149843  36.972  -45.292  2.530 1.0000000000
57390  41.575  -42.192  2.761 1.0000000000
55199  37.184  -44.949  2.560 1.0000000000
152947  40.930  -41.707  2.709 1.0000000000
55187  37.553  -44.338  3.009 1.0000000000
55188  36.454  -44.502  2.792 1.0000000000
58328  40.085  -41.504  3.258 1.0000000000
59240  38.378  -40.390  4.452 0.8999999762
59260  39.093  -40.867  3.918 1.0000000000
58329  39.003  -41.747  3.696 1.0000000000
138978  37.759  -42.571  3.615 1.0000000000
58313  38.241  -41.195  4.216 1.0000000000
58314  37.350  -41.395  4.257 1.0000000000
57363  37.133  -42.103  3.886 0.8999999762
59241  37.593  -40.667  4.593 1.0000000000
55109  44.598  -44.870  9.210 0.6000000238
55110  43.798  -44.808  9.577 0.6999999881
132600  43.741  -43.988  9.619 0.6999999881
56251  44.174  -43.281  9.475 0.6999999881
56252  43.156  -43.405  9.875 0.6999999881
57302  44.492  -42.337  9.461 0.6000000238
57303  43.615  -42.510  9.895 0.6000000238
57304  42.679  -42.552  9.996 0.6999999881
134053  43.079  -41.783  10.021 0.6999999881
146724  42.574  -41.166  9.782 0.6000000238
58259  41.836  -40.995  9.575 0.6000000238
67508  44.958  -32.844  4.400 0.3000000119
59173  44.459  -40.835  9.759 0.6000000238
58258  43.363  -40.972  9.818 0.6000000238
59176  41.630  -40.188  9.394 0.6000000238
145757  43.792  -33.893  5.052 0.4000000060
66529  45.528  -33.226  3.820 0.4000000060
61232  43.440  -38.630  9.830 0.6000000238
60189  42.185  -39.487  9.501 0.6000000238
61233  42.661  -38.749  9.514 0.5000000000
59190  41.082  -40.216  8.721 0.6000000238
62303  42.983  -37.852  9.458 0.4000000060
60202  40.957  -39.758  8.156 0.6000000238
65523  43.691  -34.457  6.434 0.5000000000
134620  43.541  -35.893  8.678 0.4000000060
63430  43.698  -36.387  9.182 0.4000000060
65506  43.651  -34.520  7.164 0.5000000000
64475  43.744  -35.315  8.374 0.4000000060
60222  41.445  -39.487  6.222 0.6000000238
64487  43.498  -35.221  7.542 0.4000000060
128356  43.227  -35.805  8.043 0.4000000060
59238  42.025  -40.762  4.130 0.8999999762
59223  41.537  -40.474  5.066 0.8000000119
54056  35.060  -45.564  3.370 0.8999999762
54075  35.399  -45.180  2.754 0.8999999762
55189  35.485  -44.470  2.735 0.8999999762
54089  36.290  -45.101  2.566 0.8999999762
137106  41.791  -41.256  2.686 1.0000000000
59259  39.989  -40.490  3.658 1.0000000000
56334  36.784  -43.737  3.300 1.0000000000
132876  36.992  -42.886  3.651 0.8999999762
59225  37.057  -40.168  4.986 1.0000000000
59242  36.760  -40.805  4.559 1.0000000000
58315  36.398  -41.620  4.205 0.8999999762
60244  36.602  -39.778  5.580 1.0000000000
59226  36.253  -40.299  4.988 0.8999999762
68621  45.173  -32.110  3.918 0.3000000119
67520  45.452  -32.866  3.680 0.3000000119
66542  45.483  -33.595  3.317 0.3000000119
61234  42.042  -38.872  9.084 0.6000000238
65554  45.072  -34.959  4.050 0.5000000000
65553  45.499  -34.154  3.553 0.4000000060
61250  42.300  -38.226  8.973 0.5000000000
62325  42.969  -36.995  9.111 0.5000000000
62327  42.110  -37.850  8.231 0.5000000000
60213  41.284  -39.106  7.704 0.5000000000
134218  43.833  -34.462  5.006 0.5000000000
63459  42.500  -37.028  8.202 0.5000000000
62338  42.161  -37.554  7.380 0.5000000000
64520  43.623  -35.387  5.983 0.5000000000
146148  42.833  -36.359  7.831 0.5000000000
143006  41.150  -39.395  6.899 0.6000000238
132090  43.552  -35.197  6.599 0.5000000000
63458  43.160  -35.998  7.111 0.5000000000
60241  41.754  -39.708  5.391 0.6999999881
132082  43.450  -36.645  5.825 0.5000000000
147455  43.111  -36.752  6.410 0.5000000000
60240  42.282  -39.275  4.959 0.6000000238
59237  42.541  -40.257  4.006 0.8999999762
59274  42.172  -40.845  2.830 0.8999999762
58310  42.358  -41.048  3.329 0.8999999762
59275  41.602  -40.559  2.977 0.8999999762
59239  39.138  -39.939  4.204 0.8999999762
58327  40.842  -41.026  2.846 1.0000000000
57376  35.988  -43.136  3.617 0.8999999762
142755  35.868  -43.958  3.087 0.8999999762
152800  36.415  -42.370  3.854 0.8999999762
59224  37.802  -39.952  4.856 0.8000000119
60243  37.420  -39.645  5.493 0.6999999881
57364  35.706  -42.219  3.897 0.8999999762
59243  35.936  -40.905  4.514 0.8999999762
58316  35.583  -41.509  4.193 0.8999999762
68635  45.149  -32.392  3.591 0.3000000119
67532  44.793  -32.831  3.205 0.3000000119
67533  43.666  -32.436  3.569 0.4000000060
66555  43.128  -32.998  3.587 0.3000000119
66554  44.599  -33.295  3.040 0.3000000119
144743  45.334  -34.389  3.596 0.4000000060
61251  41.760  -38.589  8.408 0.6000000238
64532  44.979  -35.479  4.208 0.5000000000
133555  45.108  -35.590  4.178 0.4000000060
61259  41.706  -38.257  7.517 0.5000000000
62385  43.518  -36.789  5.294 0.5000000000
63472  42.609  -36.809  7.236 0.5000000000
61269  41.581  -38.756  6.725 0.5000000000
62367  43.201  -37.417  5.722 0.5000000000
139095  42.271  -38.382  6.219 0.5000000000
61287  42.493  -38.619  5.481 0.5000000000
128099  43.268  -37.635  5.068 0.5000000000
61304  43.276  -38.544  4.172 0.6000000238
60256  42.798  -39.616  4.229 0.6000000238
60281  43.152  -38.020  3.754 0.6999999881
59256  42.675  -39.897  3.640 0.6999999881
59257  42.609  -40.507  3.408 0.6999999881
141274  42.434  -39.175  3.476 0.6999999881
60284  41.903  -39.341  3.306 0.8000000119
60283  42.071  -40.002  3.076 0.8000000119
56335  35.281  -43.611  3.195 0.8999999762
60272  40.817  -39.103  4.027 0.8999999762
59258  40.799  -40.052  3.521 0.8999999762
60259  38.538  -39.642  4.680 0.6999999881
57365  34.808  -41.909  3.818 0.8999999762
59244  35.023  -40.912  4.370 0.8999999762
60227  36.191  -39.333  6.232 1.0000000000
67534  42.410  -32.315  3.333 0.3000000119
66556  42.178  -33.264  3.562 0.4000000060
66557  41.897  -32.839  3.565 0.3000000119
65581  43.918  -34.002  4.596 0.4000000060
150060  41.901  -33.768  3.621 0.3000000119
64554  44.076  -34.701  4.777 0.4000000060
65582  43.088  -34.548  3.882 0.4000000060
135547  42.502  -33.861  3.729 0.4000000060
63504  43.701  -35.874  4.870 0.4000000060
133084  43.260  -35.063  3.896 0.4000000060
65583  42.436  -34.899  3.863 0.4000000060
62407  43.593  -35.999  4.703 0.4000000060
63528  43.181  -36.117  4.104 0.4000000060
62408  43.358  -36.955  4.029 0.5000000000
62397  43.594  -36.916  4.413 0.5000000000
129945  41.728  -38.023  3.673 0.6000000238
60273  39.994  -39.494  4.112 0.6999999881
60242  38.153  -39.412  5.302 0.6999999881
143937  35.538  -40.457  4.903 0.8999999762
60228  35.255  -39.141  6.134 0.8999999762
60246  34.658  -39.665  5.621 0.8000000119
59227  34.853  -40.322  5.111 0.8000000119
61274  34.927  -38.306  6.405 0.6999999881
61290  34.068  -38.069  6.195 0.8000000119
146619  41.722  -32.289  4.038 0.3000000119
67521  41.628  -32.918  3.912 0.3000000119
65568  41.751  -34.247  3.789 0.3000000119
136719  41.202  -33.723  4.161 0.4000000060
64547  42.051  -34.992  4.209 0.4000000060
65569  41.320  -34.226  4.436 0.4000000060
64548  41.595  -36.019  4.803 0.5000000000
130208  43.002  -35.900  3.902 0.5000000000
63529  41.999  -36.940  4.570 0.5000000000
64533  40.917  -36.030  4.847 0.5000000000
131557  42.715  -36.672  4.137 0.5000000000
132518  40.835  -37.642  4.478 0.5000000000
62412  41.579  -37.706  4.235 0.5000000000
131594  41.387  -38.077  4.092 0.6000000238
61321  40.093  -38.585  4.335 0.6999999881
139997  39.584  -38.094  4.603 0.6999999881
61308  38.666  -39.096  5.025 0.6999999881
60224  38.536  -38.817  5.714 0.6999999881
60225  37.853  -39.167  6.009 0.6999999881
61271  37.569  -38.771  6.629 0.6999999881
62342  36.470  -37.946  7.077 0.6999999881
67535  41.756  -31.930  3.333 0.3000000119
149912  41.719  -32.622  5.104 0.3000000119
66514  41.670  -33.207  5.536 0.4000000060
67509  41.556  -32.977  4.532 0.3000000119
139353  41.291  -33.828  4.633 0.4000000060
65555  41.271  -34.317  4.502 0.4000000060
65556  41.345  -35.073  4.958 0.4000000060
65542  41.153  -35.293  4.991 0.3000000119
127307  40.541  -36.418  4.908 0.5000000000
63506  40.498  -36.940  4.780 0.6000000238
64521  40.622  -35.935  5.250 0.3000000119
63487  40.029  -36.987  4.845 0.5000000000
137559  39.831  -37.097  5.615 0.4000000060
62398  40.238  -37.964  4.446 0.6999999881
62386  40.028  -37.504  4.617 0.6999999881
62369  39.478  -37.685  5.032 0.6000000238
61307  38.978  -38.412  4.940 0.6999999881
60258  39.231  -38.984  4.553 0.6999999881
61289  39.004  -38.235  5.647 0.6999999881
61270  38.731  -38.268  6.455 0.6000000238
138007  41.504  -34.020  5.596 0.3000000119
65541  41.320  -34.591  5.109 0.3000000119
64503  41.063  -35.230  5.697 0.3000000119
65524  41.365  -34.557  6.148 0.3000000119
65525  40.954  -35.093  6.693 0.3000000119
64476  40.190  -35.042  7.761 0.3000000119
64504  40.625  -35.777  6.372 0.3000000119
63460  40.184  -36.302  6.995 0.4000000060
62350  39.321  -37.711  6.193 0.5000000000
63473  39.672  -36.993  6.639 0.5000000000
63461  39.430  -36.595  7.285 0.5000000000
62339  38.957  -37.541  7.088 0.6000000238
61260  38.172  -38.207  7.074 0.6000000238
68594  42.375  -31.365  6.281 0.4000000060
67479  41.932  -32.884  6.660 0.3000000119
138188  41.625  -33.239  7.381 0.3000000119
66498  41.581  -33.771  6.609 0.3000000119
66480  41.210  -33.812  7.624 0.3000000119
141976  40.696  -34.911  7.357 0.3000000119
65488  40.632  -34.399  7.763 0.3000000119
64477  39.515  -35.091  7.929 0.3000000119
64489  39.855  -35.779  7.538 0.4000000060
63462  38.580  -36.777  7.562 0.6000000238
64490  38.989  -35.869  7.677 0.4000000060
64491  37.960  -35.917  7.737 0.4000000060
63463  37.592  -36.815  7.581 0.5000000000
62341  37.429  -37.674  7.321 0.6000000238
62352  34.651  -37.459  6.485 0.6999999881
67453  42.179  -32.028  6.870 0.4000000060
67454  41.780  -32.560  7.505 0.3000000119
66457  41.246  -33.029  8.082 0.3000000119
66458  40.573  -33.723  8.155 0.3000000119
66459  39.838  -33.699  8.331 0.3000000119
65490  39.290  -34.357  8.184 0.4000000060
65508  38.531  -34.975  7.921 0.4000000060
138287  37.652  -35.076  7.720 0.4000000060
152272  37.320  -36.165  7.635 0.4000000060
63464  36.700  -37.102  7.286 0.5000000000
64492  36.985  -35.526  7.539 0.4000000060
136940  36.757  -36.321  7.433 0.4000000060
63475  35.286  -36.910  6.713 0.6999999881
128194  36.006  -36.526  6.969 0.4000000060
64506  35.224  -35.914  6.526 0.4000000060
64522  34.305  -35.676  6.040 0.5000000000
63488  34.473  -36.558  6.336 0.6000000238
62370  33.869  -37.200  6.083 0.6999999881
129089  33.681  -36.294  5.821 0.6999999881
68565  42.312  -31.090  7.183 0.3000000119
68544  41.332  -31.494  8.028 0.3000000119
67431  40.770  -31.959  8.365 0.3000000119
137621  40.428  -32.862  8.386 0.3000000119
66460  38.968  -33.581  8.225 0.3000000119
144590  38.549  -34.168  8.110 0.4000000060
65509  37.756  -34.260  7.764 0.3000000119
66482  37.445  -33.452  7.357 0.3000000119
65510  37.057  -34.641  7.385 0.3000000119
66483  36.827  -33.457  6.840 0.3000000119
64505  36.104  -35.692  7.055 0.4000000060
137283  36.289  -34.856  7.092 0.3000000119
66499  36.101  -33.538  6.479 0.3000000119
134830  35.520  -35.007  6.662 0.3000000119
65528  35.130  -34.385  6.178 0.3000000119
64507  34.787  -35.053  6.199 0.3000000119
65543  34.484  -34.412  5.822 0.4000000060
136927  34.167  -34.973  5.830 0.5000000000
69586  41.335  -30.631  8.133 0.3000000119
68545  40.843  -31.193  8.233 0.3000000119
141211  39.811  -32.053  8.447 0.3000000119
67432  39.409  -32.857  8.329 0.3000000119
67433  38.519  -32.835  8.065 0.3000000119
139361  37.140  -32.805  6.933 0.3000000119
67457  36.423  -32.838  6.457 0.3000000119
67481  35.632  -32.945  5.973 0.3000000119
66500  35.371  -33.700  6.084 0.3000000119
139715  33.437  -35.290  5.611 0.5000000000
65544  33.785  -34.423  5.502 0.5000000000
69587  40.529  -30.588  8.292 0.3000000119
68546  40.162  -31.272  8.390 0.3000000119
68547  39.276  -31.313  8.389 0.3000000119
68567  38.420  -31.335  8.111 0.3000000119
135864  38.033  -32.092  7.920 0.3000000119
67455  37.768  -32.805  7.532 0.3000000119
67456  36.799  -32.136  6.544 0.3000000119
67480  36.051  -32.197  5.956 0.3000000119
66516  34.211  -33.786  5.452 0.4000000060
66517  33.430  -33.623  5.049 0.4000000060
66518  32.465  -33.671  4.846 0.4000000060
65545  32.938  -34.435  5.221 0.5000000000
65557  32.142  -34.414  4.786 0.4000000060
70670  42.175  -29.392  8.181 0.3000000119
130703  41.570  -29.767  8.381 0.3000000119
69589  38.854  -30.649  8.150 0.3000000119
69606  38.156  -30.651  7.678 0.3000000119
68568  37.715  -31.349  7.528 0.3000000119
68595  37.156  -31.392  6.763 0.3000000119
68596  36.515  -31.468  6.098 0.3000000119
67495  35.182  -32.270  5.224 0.3000000119
66515  34.729  -33.167  5.568 0.3000000119
138163  34.040  -33.214  5.087 0.4000000060
137704  40.950  -29.207  8.614 0.3000000119
130643  40.155  -29.800  8.288 0.3000000119
70671  39.467  -29.196  8.212 0.3000000119
70672  39.168  -29.940  8.179 0.3000000119
151041  38.577  -30.114  7.790 0.3000000119
70685  38.118  -29.998  7.185 0.3000000119
70700  37.419  -29.878  6.434 0.3000000119
69607  37.542  -30.639  7.021 0.3000000119
69627  36.915  -30.710  6.303 0.3000000119
68611  35.834  -31.534  5.412 0.3000000119
138785  40.224  -29.041  8.477 0.3000000119
70684  38.675  -29.373  7.648 0.3000000119
71725  39.148  -28.612  7.766 0.3000000119
71726  38.514  -28.585  7.162 0.3000000119
70699  38.085  -29.260  6.807 0.3000000119
70701  36.707  -30.137  5.719 0.3000000119
69643  36.369  -30.877  5.562 0.3000000119
69644  35.874  -30.966  4.956 0.3000000119
141644  39.573  -28.080  7.791 0.3000000119
72746  39.000  -27.933  7.344 0.3000000119
72759  38.412  -27.856  6.757 0.3000000119
71740  38.007  -28.537  6.427 0.3000000119
129762  37.633  -29.119  6.188 0.3000000119
70714  37.019  -29.354  5.743 0.3000000119
72760  37.977  -27.846  6.039 0.4000000060
149026  38.340  -27.281  6.367 0.4000000060
71752  37.441  -28.534  5.671 0.4000000060
73841  38.864  -27.059  7.008 0.3000000119
72772  38.068  -27.128  5.731 0.4000000060
48499  42.210  -50.711  -0.479 1.0000000000
132218  41.894  -49.156  -0.114 1.0000000000
48507  41.868  -50.622  -0.621 0.8999999762
60226  37.051  -39.340  6.211 0.6999999881
61273  35.828  -38.566  6.640 0.8000000119
62351  35.499  -37.741  6.769 0.8000000119
63474  35.998  -37.249  6.968 0.6999999881
34831  39.801  -63.119  7.227 0.6000000238
128479  38.363  -60.925  6.873 0.6000000238
31504  44.135  -67.289  6.990 0.5000000000
43385  42.338  -55.801  0.530 0.8999999762
34829  44.408  -64.184  7.113 0.4000000060
35851  43.442  -62.867  7.412 0.5000000000
137909  37.991  -57.175  6.281 0.6999999881
43366  40.265  -55.809  2.218 0.8999999762
42302  39.240  -56.560  8.433 0.6999999881
131977  43.243  -61.873  7.494 0.5000000000
35867  44.907  -62.600  6.603 0.5000000000
43330  38.340  -55.447  6.106 0.8000000119
33651  45.339  -66.295  7.481 0.4000000060
43301  38.912  -55.905  8.153 0.6999999881
45282  41.763  -53.057  2.996 0.8000000119
134694  40.040  -51.802  -0.175 0.8000000119
39104  44.011  -59.405  5.281 0.4000000060
41278  43.334  -57.581  5.796 0.5000000000
42329  43.253  -56.845  6.361 0.5000000000
49618  41.542  -49.465  -0.260 1.0000000000
44285  43.382  -54.799  7.583 0.6999999881
49602  42.339  -50.008  1.380 1.0000000000
49609  42.290  -49.771  0.302 1.0000000000
52964  41.028  -45.687  0.823 1.0000000000
48451  42.867  -50.061  5.951 0.8000000119
132833  40.581  -45.597  3.476 1.0000000000
54019  39.772  -45.482  7.521 0.8000000119
51760  41.932  -47.964  8.763 0.6999999881
56311  39.911  -43.430  5.158 0.8000000119
131655  41.296  -42.775  3.742 1.0000000000
153429  41.233  -43.389  2.317 1.0000000000
58312  41.407  -41.910  4.160 1.0000000000
50650  43.833  -48.637  9.070 0.6000000238
50659  43.158  -48.526  8.623 0.6999999881
59188  46.587  -40.659  8.793 0.4000000060
50709  36.507  -48.426  4.557 1.0000000000
52957  36.560  -46.292  3.197 1.0000000000
61229  45.966  -38.631  9.560 0.4000000060
58270  45.944  -41.372  8.706 0.4000000060
60187  45.646  -39.379  9.602 0.5000000000
58256  45.246  -41.250  9.299 0.5000000000
65505  44.061  -33.990  7.651 0.4000000060
58330  38.053  -41.962  3.911 1.0000000000
140018  43.710  -37.240  9.476 0.5000000000
60245  35.618  -39.910  5.581 0.8000000119
64519  43.778  -35.265  5.128 0.5000000000
62349  42.538  -37.548  6.502 0.5000000000
61306  42.727  -38.820  4.680 0.5000000000
59236  42.867  -39.838  3.870 0.6999999881
60270  43.328  -38.422  3.942 0.6000000238
147605  42.982  -36.754  3.894 0.5000000000
145503  42.144  -37.901  3.556 0.5000000000
64556  42.333  -35.896  4.416 0.5000000000
61272  36.725  -38.738  6.721 0.6999999881
61261  37.285  -38.306  7.049 0.6999999881
66481  38.152  -33.516  7.921 0.3000000119
39153  40.190  -59.954  1.158 0.5000000000
40265  40.761  -58.598  0.797 0.5000000000
36987  39.717  -62.203  1.201 0.5000000000
38016  40.197  -60.821  0.761 0.5000000000
36979  38.933  -61.973  2.298 0.5000000000
36978  39.549  -61.319  1.503 0.5000000000
148205  38.403  -62.318  3.052 0.5000000000
34866  38.539  -63.533  3.649 0.4000000060
36963  38.343  -61.547  3.213 0.5000000000
34862  38.697  -63.345  4.316 0.4000000060
35897  38.320  -62.205  3.794 0.5000000000
130674  38.434  -62.148  4.684 0.5000000000
47383  36.244  -51.677  2.444 0.6999999881
47384  35.219  -51.936  2.448 0.6999999881
47382  37.180  -51.700  2.088 0.8000000119
47393  37.982  -51.572  1.519 0.8000000119
46312  37.567  -52.277  1.843 0.8000000119
47392  38.789  -51.387  0.855 0.8999999762
48488  35.395  -51.259  2.712 0.6999999881
48494  37.694  -51.025  1.954 0.8999999762
48486  37.456  -50.607  2.578 0.8999999762
48493  38.437  -50.843  1.351 0.8999999762
148198  39.057  -50.218  1.292 0.8999999762
48473  35.925  -50.492  3.302 0.6000000238
48487  36.477  -50.928  2.729 0.8000000119
48485  38.503  -50.165  2.075 0.8999999762
49605  39.018  -49.003  2.280 0.8999999762
49612  39.493  -49.403  1.310 0.8999999762
48432  47.004  -50.963  8.980 0.5000000000
47330  45.745  -51.854  8.956 0.5000000000
143547  45.300  -51.464  9.377 0.5000000000
46251  45.424  -52.545  8.623 0.6000000238
46252  44.609  -52.703  8.879 0.5000000000
46237  44.974  -52.024  9.177 0.5000000000
45225  45.073  -53.242  8.243 0.6000000238
49591  35.449  -49.879  3.943 0.6000000238
49590  36.437  -49.767  3.948 0.8999999762
48472  36.983  -50.227  3.272 0.8999999762
49606  38.023  -49.762  2.958 0.8999999762
50725  38.744  -48.284  2.783 0.8999999762
50647  46.193  -48.946  9.593 0.5000000000
50648  45.372  -48.801  9.573 0.5000000000
49524  46.803  -49.509  9.334 0.5000000000
138504  45.735  -50.319  9.469 0.5000000000
49526  45.529  -49.556  9.491 0.5000000000
48421  47.293  -50.108  8.957 0.5000000000
48422  46.521  -50.303  9.283 0.5000000000
49576  36.736  -49.089  4.287 0.8999999762
49589  37.418  -49.301  3.713 0.8999999762
50726  38.025  -48.420  3.578 0.8999999762
51747  46.470  -48.087  9.650 0.5000000000
138093  45.135  -48.115  9.726 0.5000000000
50646  47.029  -48.666  9.430 0.5000000000
49536  47.526  -49.271  9.002 0.5000000000
50708  37.244  -48.466  4.142 0.8999999762
51823  37.607  -47.596  3.685 0.8999999762
51822  38.411  -47.785  3.134 0.8999999762
51748  45.761  -47.483  9.685 0.5000000000
149051  46.577  -47.376  9.485 0.5000000000
52878  46.257  -46.628  9.404 0.5000000000
51746  47.185  -47.774  9.362 0.5000000000
52888  46.693  -45.991  8.792 0.4000000060
52943  33.691  -46.338  4.601 0.6000000238
152280  32.997  -46.128  4.594 0.6000000238
52942  34.535  -46.564  4.517 0.8000000119
54058  33.535  -45.539  4.175 0.6999999881
55175  33.271  -44.848  3.537 0.6999999881
55176  32.425  -44.717  3.824 0.6999999881
55193  32.009  -43.935  3.483 0.6999999881
54057  34.412  -45.656  4.009 0.8000000119
52941  35.193  -46.140  4.092 0.8000000119
55192  33.019  -44.004  3.145 0.6999999881
139889  32.389  -43.282  3.066 0.6999999881
150459  33.126  -43.307  2.900 0.6999999881
56336  34.288  -43.991  2.518 0.8000000119
56337  33.751  -43.707  2.650 0.8000000119
55190  34.744  -44.469  2.661 0.8000000119
57380  32.776  -42.729  2.971 0.6999999881
57379  33.579  -42.951  2.922 0.6999999881
129315  34.809  -43.963  2.636 0.8000000119
58331  33.133  -42.287  3.195 0.6999999881
58317  33.827  -42.130  3.516 0.8000000119
59246  32.506  -40.773  4.069 0.6000000238
57377  35.126  -42.874  3.566 0.8000000119
57378  34.339  -42.831  3.294 0.8000000119
59245  33.446  -40.572  4.481 0.6000000238
60260  32.685  -39.824  4.562 0.6000000238
128772  34.076  -41.265  4.096 0.8000000119
59229  33.457  -39.807  4.944 0.6000000238
60247  33.143  -39.135  5.137 0.6000000238
61292  32.852  -38.364  5.409 0.6000000238
59228  34.087  -40.093  5.084 0.6999999881
61291  33.577  -38.630  5.723 0.6000000238
62371  33.325  -37.817  5.797 0.6999999881
62372  32.625  -37.613  5.444 0.6000000238
63489  33.134  -36.967  5.588 0.6000000238
140898  34.366  -38.891  5.986 0.6999999881
139282  39.742  -63.574  5.096 0.4000000060
34861  39.114  -63.480  4.776 0.5000000000
34855  38.797  -62.868  4.989 0.5000000000
38006  38.749  -60.935  2.422 0.5000000000
54076  34.599  -45.008  3.001 0.8000000119
35908  39.168  -62.724  1.756 0.5000000000
134794  38.430  -62.929  3.348 0.5000000000
130595  37.016  -51.222  2.397 0.8000000119
47329  46.549  -51.673  8.728 0.5000000000
55191  33.965  -44.402  2.751 0.8000000119
134755  34.187  -43.558  2.685 0.8000000119
58318  33.098  -41.503  3.720 0.6999999881
42364  45.623  -57.048  4.885 0.4000000060
42327  44.902  -56.155  6.004 0.4000000060
42348  45.281  -56.595  5.418 0.4000000060
44300  44.971  -55.010  6.779 0.5000000000
42347  46.012  -56.373  5.201 0.4000000060
42363  46.340  -56.863  4.644 0.4000000060
44283  45.181  -54.385  7.147 0.5000000000
45246  44.685  -53.929  7.776 0.5000000000
44298  46.395  -54.574  6.397 0.5000000000
44308  46.787  -55.026  5.864 0.4000000060
43327  45.269  -55.440  6.263 0.4000000060
42346  46.773  -56.203  4.983 0.4000000060
43343  46.385  -55.706  5.511 0.4000000060
43344  45.653  -55.904  5.723 0.4000000060
42362  47.133  -56.688  4.351 0.4000000060
45224  45.933  -53.086  8.085 0.5000000000
44299  45.630  -54.795  6.573 0.5000000000
44307  47.582  -54.775  5.663 0.4000000060
43341  48.028  -55.290  5.133 0.4000000060
43349  49.207  -55.250  3.809 0.4000000060
43350  48.345  -55.637  4.371 0.4000000060
43351  47.589  -55.989  4.743 0.4000000060
130913  49.495  -55.548  2.975 0.4000000060
43355  48.497  -55.968  3.708 0.4000000060
45244  46.362  -53.496  7.431 0.5000000000
45255  46.769  -53.894  6.788 0.5000000000
48490  50.469  -50.510  1.608 0.3000000119
44297  47.165  -54.315  6.208 0.4000000060
47389  50.566  -51.351  1.046 0.3000000119
44306  48.334  -54.411  5.364 0.4000000060
46322  50.709  -52.198  0.389 0.3000000119
131957  50.628  -52.112  1.640 0.3000000119
45295  50.550  -53.537  2.397 0.3000000119
46300  50.318  -53.281  3.295 0.3000000119
45281  49.882  -53.785  3.867 0.4000000060
44313  49.437  -54.344  4.339 0.4000000060
44314  48.756  -54.845  4.701 0.4000000060
130286  50.723  -53.813  1.359 0.3000000119
44319  50.181  -54.104  3.140 0.4000000060
46267  46.717  -52.844  7.900 0.4000000060
45243  47.148  -53.208  7.242 0.4000000060
45254  47.494  -53.547  6.510 0.4000000060
48470  50.427  -50.426  2.814 0.3000000119
47381  50.619  -51.462  2.393 0.3000000119
133819  50.627  -51.973  3.371 0.3000000119
45274  50.063  -53.004  4.017 0.4000000060
45275  49.542  -53.450  4.532 0.4000000060
45276  49.060  -53.966  5.018 0.4000000060
46308  50.611  -52.562  2.618 0.3000000119
46249  46.874  -52.177  8.218 0.4000000060
49566  50.143  -49.454  5.037 0.3000000119
48461  49.918  -50.821  5.623 0.3000000119
47345  49.502  -51.630  5.943 0.4000000060
48449  49.404  -50.936  6.413 0.4000000060
47346  49.035  -51.634  6.525 0.4000000060
46275  47.821  -52.788  6.864 0.4000000060
142399  50.333  -49.913  3.650 0.3000000119
150686  50.395  -50.313  4.358 0.3000000119
47359  49.921  -51.724  5.230 0.4000000060
46273  49.120  -52.186  6.133 0.4000000060
45253  48.189  -53.148  6.205 0.4000000060
48466  50.482  -50.753  3.842 0.3000000119
47358  50.341  -51.052  4.734 0.3000000119
46295  49.797  -52.534  4.730 0.4000000060
45262  49.247  -53.127  5.259 0.4000000060
45263  48.601  -53.537  5.597 0.4000000060
47372  50.571  -51.242  3.318 0.3000000119
47366  50.503  -51.549  4.038 0.3000000119
49535  48.240  -49.067  8.496 0.4000000060
135610  48.532  -49.870  7.882 0.4000000060
48443  47.859  -50.710  8.353 0.4000000060
47328  47.308  -51.568  8.285 0.4000000060
49555  49.448  -49.423  6.696 0.3000000119
48442  48.536  -50.842  7.510 0.4000000060
131008  49.631  -50.131  6.215 0.4000000060
48441  49.153  -50.259  7.047 0.4000000060
47338  48.527  -51.590  7.058 0.4000000060
46266  47.420  -52.317  7.598 0.4000000060
58332  32.459  -42.068  3.163 0.6000000238
141909  31.962  -42.614  3.028 0.6000000238
138736  32.264  -41.444  3.576 0.5000000000
134646  31.973  -39.417  4.339 0.5000000000
61309  32.334  -38.813  4.795 0.5000000000
61293  32.242  -38.107  5.226 0.5000000000
63490  32.321  -36.854  5.266 0.5000000000
64523  32.821  -36.099  5.375 0.4000000060
70727  36.030  -29.920  4.369 0.3000000119
70737  35.285  -29.280  3.398 0.3000000119
71753  36.619  -28.876  5.183 0.3000000119
138179  36.259  -29.226  4.631 0.3000000119
71766  35.955  -29.219  3.831 0.3000000119
71776  35.674  -28.684  3.209 0.3000000119
71777  34.596  -28.847  3.006 0.3000000119
71793  33.684  -28.292  2.545 0.3000000119
72773  37.605  -27.722  5.298 0.3000000119
71764  37.029  -28.234  4.887 0.3000000119
71765  36.426  -28.647  4.430 0.3000000119
71775  36.279  -28.376  3.688 0.3000000119
72803  36.131  -27.870  2.927 0.3000000119
71792  35.102  -28.224  2.635 0.3000000119
72815  32.864  -27.701  2.158 0.3000000119
72824  32.329  -27.189  2.008 0.3000000119
72787  37.176  -27.547  4.552 0.3000000119
72788  36.619  -27.533  3.803 0.3000000119
73901  36.561  -26.839  3.143 0.3000000119
72813  36.182  -27.242  2.369 0.3000000119
137398  35.505  -27.601  2.221 0.3000000119
72814  34.309  -27.651  2.230 0.3000000119
72823  33.606  -27.029  1.859 0.3000000119
73883  37.883  -26.149  4.743 0.3000000119
74977  37.577  -25.842  4.007 0.3000000119
73900  37.127  -26.209  3.479 0.3000000119
73908  36.522  -26.545  2.111 0.3000000119
73914  36.115  -26.625  1.242 0.3000000119
72822  34.916  -27.156  1.654 0.3000000119
73915  35.458  -26.684  1.089 0.3000000119
74993  37.422  -25.653  3.190 0.3000000119
73907  36.961  -26.159  2.843 0.3000000119
148632  37.248  -25.725  2.197 0.3000000119
75012  35.970  -26.202  0.482 0.3000000119
74976  37.956  -25.123  3.733 0.3000000119
75980  37.662  -24.924  2.835 0.3000000119
75996  37.586  -24.850  1.887 0.3000000119
135748  37.215  -25.435  1.333 0.3000000119
75995  38.020  -24.197  2.427 0.3000000119
76871  38.504  -23.530  2.912 0.3000000119
42361  47.918  -56.380  4.053 0.4000000060
41295  44.857  -57.295  5.059 0.4000000060
42382  49.453  -56.153  2.335 0.4000000060
42370  48.918  -56.057  3.116 0.4000000060
148422  48.232  -56.631  3.286 0.4000000060
47397  50.615  -51.281  -0.366 0.3000000119
150398  50.774  -52.528  -0.451 0.3000000119
45311  50.696  -52.909  1.479 0.3000000119
44332  50.415  -54.507  2.212 0.3000000119
43365  49.978  -55.364  2.353 0.3000000119
48498  50.515  -50.494  0.340 0.3000000119
48483  50.167  -49.653  1.914 0.3000000119
152224  50.186  -48.981  4.405 0.3000000119
148659  50.138  -49.418  2.801 0.3000000119
50657  48.455  -48.059  8.263 0.4000000060
142560  48.831  -48.886  7.810 0.4000000060
49544  49.122  -49.447  7.357 0.4000000060
50690  49.493  -48.564  6.344 0.3000000119
49567  49.769  -49.217  5.763 0.3000000119
51758  47.826  -47.332  8.683 0.4000000060
56338  31.415  -43.222  3.233 0.6000000238
73867  38.237  -26.391  5.481 0.3000000119
136509  38.213  -25.429  4.492 0.3000000119
75964  38.582  -24.583  4.357 0.3000000119
75979  38.264  -24.338  3.369 0.3000000119
76857  38.829  -23.633  3.882 0.3000000119
138428  50.290  -49.708  0.898 0.3000000119
42350  43.819  -57.055  5.830 0.4000000060
45264  47.870  -53.921  5.901 0.4000000060
73868  37.663  -26.921  5.013 0.3000000119
75003  36.627  -26.021  1.291 0.3000000119
40229  43.927  -58.252  4.925 0.3000000119
41311  45.213  -57.699  4.457 0.3000000119
43396  40.326  -55.663  -0.808 0.6000000238
42404  39.579  -56.162  -0.168 0.6999999881
42405  38.697  -56.584  0.503 0.6999999881
133947  45.912  -57.444  4.391 0.3000000119
34828  45.676  -65.042  6.983 0.3000000119
43368  38.290  -55.149  1.878 0.6999999881
40228  44.220  -58.811  4.519 0.3000000119
43380  38.592  -55.778  1.156 0.6999999881
39114  44.778  -59.257  3.827 0.3000000119
41326  45.704  -58.078  3.830 0.3000000119
43388  39.176  -55.828  0.511 0.6999999881
40240  45.307  -58.853  3.449 0.3000000119
41338  47.191  -58.372  2.204 0.3000000119
41325  46.319  -58.126  3.366 0.3000000119
41351  47.815  -58.131  1.794 0.3000000119
41323  47.880  -57.496  2.649 0.3000000119
41324  46.983  -57.844  3.077 0.3000000119
36942  44.913  -60.958  5.685 0.4000000060
45299  38.147  -53.620  2.235 0.6999999881
39115  44.613  -59.695  4.570 0.3000000119
145914  44.535  -60.153  5.259 0.3000000119
44344  38.756  -54.254  1.660 0.6999999881
137664  38.933  -55.034  1.350 0.6999999881
40252  45.811  -59.288  2.878 0.3000000119
40251  46.397  -58.694  2.624 0.3000000119
41310  46.569  -57.457  3.926 0.3000000119
40262  48.025  -58.481  0.927 0.3000000119
36930  45.458  -62.098  5.999 0.4000000060
130754  37.463  -53.886  2.696 0.6999999881
147534  45.187  -60.613  4.892 0.3000000119
39125  45.435  -59.671  3.325 0.3000000119
37983  45.377  -60.232  3.981 0.3000000119
45316  38.803  -53.255  1.524 0.6999999881
39138  46.165  -59.804  2.083 0.3000000119
42371  47.494  -57.116  3.606 0.3000000119
41350  48.549  -57.549  1.689 0.3000000119
42383  48.661  -56.753  2.494 0.3000000119
45317  38.099  -52.878  1.886 0.6999999881
37991  45.780  -60.391  3.244 0.3000000119
46326  38.565  -52.270  1.253 0.6999999881
37990  46.325  -60.994  2.774 0.3000000119
39139  45.875  -60.223  2.649 0.3000000119
42393  49.156  -56.824  1.858 0.3000000119
37982  46.224  -61.052  3.659 0.3000000119
51757  48.600  -47.286  7.623 0.3000000119
41375  40.785  -57.355  -1.591 0.5000000000
41364  38.376  -57.489  0.204 0.6999999881
41376  39.928  -57.590  -1.085 0.6000000238
41377  39.049  -57.951  -0.445 0.6000000238
42414  40.244  -56.629  -1.100 0.6000000238
43369  37.440  -55.285  2.444 0.6999999881
35866  46.163  -63.551  6.197 0.3000000119
44323  36.660  -53.729  3.023 0.6999999881
36941  45.866  -61.646  5.316 0.4000000060
46313  36.698  -52.339  2.340 0.6999999881
36954  46.080  -61.277  4.496 0.3000000119
36953  47.033  -61.957  4.140 0.3000000119
36952  47.865  -62.401  4.015 0.3000000119
45300  37.279  -53.085  2.427 0.6999999881
41363  39.303  -57.074  -0.317 0.6000000238
131577  47.153  -61.675  3.306 0.3000000119
36940  46.862  -62.437  4.810 0.3000000119
38015  40.894  -60.424  0.153 0.5000000000
39163  41.630  -59.351  -1.043 0.5000000000
39170  41.573  -60.433  -1.008 0.5000000000
39152  40.812  -59.513  0.482 0.4000000060
144364  36.610  -62.709  2.022 0.4000000060
33694  35.668  -63.852  2.752 0.5000000000
40276  42.026  -58.444  -0.772 0.4000000060
40277  41.460  -59.036  -0.152 0.5000000000
40286  42.033  -58.448  -1.590 0.5000000000
143852  33.601  -65.311  3.197 0.4000000060
130215  33.064  -65.799  2.991 0.4000000060
34872  36.385  -63.373  2.276 0.5000000000
41383  41.730  -57.678  -2.002 0.4000000060
33688  32.680  -64.941  3.269 0.4000000060
31529  32.471  -66.387  2.847 0.4000000060
151905  34.296  -64.516  3.267 0.4000000060
34873  35.726  -63.148  2.757 0.5000000000
34867  34.960  -63.404  3.126 0.4000000060
36989  36.900  -61.613  1.497 0.5000000000
139135  37.453  -60.029  0.345 0.4000000060
40289  37.965  -58.967  -0.193 0.4000000060
40288  38.876  -58.788  -0.602 0.4000000060
32565  31.893  -65.557  3.142 0.4000000060
33682  30.096  -63.913  3.931 0.4000000060
146543  34.151  -63.223  3.180 0.4000000060
36969  31.542  -61.447  3.570 0.4000000060
36964  36.162  -61.752  2.933 0.5000000000
35898  35.468  -62.441  3.157 0.4000000060
36968  32.414  -61.485  3.591 0.4000000060
128279  36.503  -61.242  2.297 0.5000000000
39129  32.879  -59.280  2.968 0.4000000060
37997  32.397  -59.981  3.479 0.4000000060
38017  36.740  -60.783  1.513 0.5000000000
130552  36.537  -59.931  1.451 0.5000000000
40242  32.987  -58.578  2.547 0.4000000060
135034  32.193  -58.332  2.665 0.4000000060
145740  37.050  -60.354  0.875 0.5000000000
39166  36.870  -59.514  0.773 0.6000000238
40279  37.341  -58.434  0.316 0.6000000238
40278  38.059  -58.208  -0.086 0.5000000000
129293  30.617  -64.012  3.610 0.4000000060
34870  30.649  -63.368  3.877 0.4000000060
135949  32.875  -64.012  3.240 0.4000000060
146450  31.881  -62.118  3.473 0.4000000060
36965  35.472  -61.450  3.438 0.5000000000
36966  34.636  -62.023  3.457 0.4000000060
130837  32.705  -62.278  3.406 0.4000000060
37993  36.018  -60.876  3.046 0.5000000000
37996  33.237  -59.943  3.560 0.4000000060
36967  32.946  -60.634  3.747 0.4000000060
38007  36.259  -60.396  2.210 0.5000000000
40280  36.767  -58.693  0.734 0.5000000000
41329  32.991  -57.974  2.532 0.4000000060
41365  37.480  -57.778  0.495 0.6000000238
132608  33.675  -62.624  3.244 0.4000000060
135852  31.584  -63.716  3.388 0.4000000060
34869  32.561  -63.055  3.321 0.4000000060
37995  34.072  -60.376  3.731 0.4000000060
39142  35.927  -59.551  1.979 0.5000000000
139857  33.768  -59.586  3.340 0.4000000060
39128  33.795  -58.936  2.880 0.4000000060
39154  36.334  -59.084  1.353 0.5000000000
40256  33.886  -58.340  2.776 0.4000000060
42406  37.846  -57.163  0.902 0.6000000238
41354  37.042  -57.395  1.170 0.6000000238
152058  32.123  -64.334  3.273 0.4000000060
129572  33.596  -61.556  3.646 0.4000000060
38008  35.610  -60.018  2.783 0.5000000000
37994  35.173  -60.560  3.463 0.5000000000
39127  34.686  -59.575  3.181 0.5000000000
39143  35.282  -59.271  2.475 0.5000000000
39144  34.684  -58.747  2.698 0.5000000000
40268  35.562  -58.702  2.022 0.5000000000
40267  36.297  -58.318  1.428 0.6000000238
41344  34.100  -57.727  2.924 0.5000000000
42389  33.454  -57.197  3.068 0.4000000060
42396  38.103  -56.516  1.240 0.6000000238
42397  37.388  -56.720  1.540 0.6000000238
41355  36.399  -57.611  1.617 0.6000000238
41356  35.699  -57.923  2.123 0.5000000000
40255  34.872  -58.151  2.673 0.5000000000
41342  35.917  -57.168  2.371 0.6000000238
41343  35.068  -57.421  2.665 0.5000000000
42385  36.970  -56.143  2.225 0.6000000238
43381  37.807  -55.972  1.777 0.6000000238
140542  34.595  -53.213  3.188 0.5000000000
45285  35.865  -53.585  3.342 0.6000000238
45286  35.117  -53.887  3.568 0.5000000000
44324  36.021  -54.298  3.391 0.6000000238
43357  35.276  -54.843  3.479 0.6000000238
142842  34.624  -55.331  3.381 0.5000000000
43372  34.504  -56.099  3.118 0.5000000000
42398  36.627  -56.903  1.891 0.6000000238
42387  35.215  -56.598  2.718 0.5000000000
42388  34.374  -56.948  2.981 0.5000000000
42374  33.800  -56.457  3.256 0.5000000000
45302  35.391  -53.052  3.149 0.5000000000
143329  34.896  -52.507  2.740 0.5000000000
46314  35.774  -52.358  2.624 0.6000000238
43371  35.314  -55.756  2.967 0.6000000238
44337  37.011  -54.504  2.921 0.6000000238
43370  36.307  -55.345  2.881 0.6000000238
39176  41.200  -59.792  -1.628 0.4000000060
41384  40.791  -58.181  -1.610 0.4000000060
41382  42.181  -57.460  -2.025 0.5000000000
40294  42.036  -58.247  -1.989 0.4000000060
39164  41.397  -60.008  -0.439 0.5000000000
38032  41.356  -60.661  -1.401 0.5000000000
149376  41.367  -59.896  -1.346 0.5000000000
36980  36.602  -62.054  2.190 0.5000000000
131576  33.680  -64.663  3.283 0.4000000060
145597  33.467  -63.377  3.217 0.4000000060
137080  31.951  -60.732  3.574 0.4000000060
148004  32.325  -58.774  2.834 0.4000000060
146345  34.674  -61.165  3.707 0.4000000060
33689  31.337  -64.611  3.287 0.4000000060
42386  36.069  -56.332  2.510 0.6000000238
35900  31.198  -61.992  3.737 0.3000000119
39130  31.863  -59.279  3.281 0.3000000119
36970  31.038  -61.442  3.665 0.3000000119
40243  31.718  -58.643  2.994 0.3000000119
146576  31.620  -60.094  3.514 0.3000000119
40244  31.142  -58.946  3.340 0.3000000119
39131  31.143  -59.798  3.643 0.3000000119
30536  43.639  -67.942  6.163 0.5000000000
33655  40.894  -64.280  7.177 0.6999999881
33675  40.988  -64.432  4.745 0.5000000000
34817  40.863  -63.240  7.996 0.6999999881
34868  34.059  -63.948  3.238 0.4000000060
35836  41.975  -62.407  8.162 0.6000000238
35868  39.366  -62.624  6.763 0.6000000238
35899  34.613  -62.761  3.230 0.4000000060
35904  38.683  -62.880  2.545 0.5000000000
35905  36.206  -62.578  2.597 0.5000000000
36899  39.302  -61.108  8.185 0.6999999881
36917  38.808  -61.565  7.000 0.6999999881
36999  41.309  -61.222  -1.439 0.5000000000
37984  38.024  -60.487  4.348 0.6000000238
37998  31.146  -60.754  3.574 0.3000000119
38005  39.463  -60.404  1.757 0.6000000238
39081  38.613  -58.900  8.098 0.6999999881
39165  37.332  -59.198  0.254 0.6000000238
39169  41.522  -58.954  -1.595 0.5000000000
40194  38.452  -58.036  8.018 0.6999999881
40205  42.508  -58.272  6.589 0.4000000060
40217  43.513  -58.173  5.393 0.4000000060
40227  44.852  -58.430  4.039 0.3000000119
40230  38.166  -58.479  4.377 0.8000000119
40239  45.907  -58.595  3.246 0.3000000119
40285  42.238  -57.875  -1.842 0.6000000238
40295  41.531  -58.701  -1.764 0.4000000060
41250  39.674  -57.224  8.589 0.6000000238
41281  37.728  -57.999  6.112 0.6999999881
41312  44.453  -57.987  4.647 0.3000000119
41328  38.439  -57.128  3.834 0.8000000119
41366  36.815  -57.990  0.857 0.6000000238
42303  38.736  -56.670  7.992 0.6999999881
42349  44.502  -56.855  5.634 0.4000000060
42365  38.502  -56.087  4.551 0.8000000119
42418  42.347  -56.654  -1.853 0.5000000000
43315  41.442  -55.982  7.828 0.6000000238
43326  46.002  -55.224  6.013 0.4000000060
43342  47.217  -55.541  5.360 0.4000000060
43345  38.581  -55.434  5.089 0.8000000119
43352  39.355  -54.933  4.076 0.8000000119
43379  39.239  -55.300  0.864 0.6999999881
43384  42.708  -56.172  -0.398 0.8000000119
43394  43.035  -56.048  -1.114 0.8000000119
43399  41.705  -55.998  -1.859 0.8000000119
44271  41.059  -54.420  8.354 0.6999999881
44272  40.342  -54.035  8.236 0.6999999881
44282  45.963  -54.119  6.951 0.5000000000
44320  49.752  -54.502  3.695 0.4000000060
44333  49.868  -54.896  3.074 0.4000000060
44336  37.929  -54.451  2.436 0.6999999881
44341  42.772  -54.326  0.657 0.8999999762
45217  42.040  -52.729  8.931 0.6999999881
45231  39.825  -53.645  7.905 0.8000000119
45245  45.529  -53.704  7.586 0.5000000000
45248  39.020  -54.039  6.955 0.8000000119
45265  39.349  -53.273  5.637 0.8000000119
45283  40.824  -53.276  3.350 0.8000000119
45301  36.266  -53.004  2.833 0.6000000238
45321  43.221  -53.896  0.024 0.8999999762
45323  39.984  -53.290  0.149 0.8000000119
45328  43.152  -53.729  -0.632 0.8999999762
46238  44.188  -52.090  9.380 0.5000000000
46250  46.220  -52.366  8.417 0.4000000060
46254  41.903  -51.936  8.703 0.6000000238
46265  48.081  -52.129  7.154 0.4000000060
46268  40.224  -52.076  7.331 0.6999999881
46274  48.536  -52.337  6.554 0.4000000060
46284  49.430  -52.358  5.556 0.4000000060
46285  48.860  -52.789  5.884 0.4000000060
46286  40.291  -52.030  5.615 0.8000000119
46287  39.596  -52.546  6.107 0.8000000119
46294  50.399  -52.269  4.082 0.3000000119
46301  42.612  -52.474  3.361 0.8000000119
46310  43.123  -52.522  1.897 0.8999999762
46331  43.069  -52.581  -0.300 1.0000000000
46338  42.718  -52.375  -0.521 1.0000000000
47317  46.043  -51.101  9.346 0.5000000000
47320  43.192  -51.350  9.280 0.6000000238
47333  41.302  -51.736  8.243 0.8000000119
47339  47.983  -51.536  7.672 0.4000000060
47390  43.408  -52.263  1.201 1.0000000000
47391  43.235  -51.707  0.665 1.0000000000
47407  41.969  -51.246  -0.716 1.0000000000
47408  41.411  -51.109  -0.587 0.8999999762
48434  43.235  -50.023  8.344 0.6000000238
48445  42.803  -49.798  7.376 0.6999999881
48450  48.940  -51.044  6.914 0.4000000060
48452  42.824  -49.962  6.640 0.6999999881
48460  50.279  -50.211  5.001 0.3000000119
48502  40.094  -50.316  0.408 1.0000000000
49525  46.165  -49.731  9.440 0.5000000000
49528  44.107  -49.361  9.110 0.6000000238
49556  42.510  -49.680  6.268 0.8000000119
49572  50.313  -49.634  4.380 0.3000000119
49575  41.925  -49.698  4.301 0.8999999762
49577  36.002  -49.155  4.491 0.6999999881
49588  38.280  -48.990  3.163 0.8999999762
49617  42.154  -49.949  -0.244 1.0000000000
50649  44.790  -48.628  9.516 0.5000000000
50658  47.753  -48.381  8.953 0.4000000060
50692  40.876  -48.484  6.268 0.8000000119
50707  40.708  -48.305  3.829 1.0000000000
51759  42.738  -47.922  9.076 0.6999999881
51772  41.468  -48.298  8.017 0.8000000119
51800  40.163  -47.379  4.717 1.0000000000
51808  36.318  -47.531  4.653 1.0000000000
51824  36.790  -47.070  3.979 1.0000000000
52877  47.081  -46.881  9.146 0.5000000000
52880  44.483  -46.543  9.691 0.6999999881
52883  41.904  -46.516  9.428 0.6999999881
52903  40.070  -46.319  7.734 0.8000000119
54036  39.739  -45.122  5.572 0.6999999881
54077  33.974  -45.030  3.487 0.8000000119
55114  40.311  -44.300  8.979 0.6999999881
55174  40.190  -44.428  4.134 1.0000000000
56253  42.259  -43.209  9.947 0.6999999881
56264  44.757  -43.621  8.836 0.6000000238
56274  39.726  -43.417  7.740 0.6999999881
56329  41.314  -42.986  2.542 1.0000000000
57328  39.559  -43.062  6.889 0.6999999881
58257  43.972  -41.681  9.894 0.6000000238
58271  41.187  -40.854  9.110 0.6000000238
58272  40.551  -41.280  8.573 0.6999999881
58325  42.368  -41.048  2.962 0.8999999762
58326  42.028  -41.716  2.955 0.8999999762
58344  41.913  -41.461  2.770 1.0000000000
58345  41.440  -41.827  2.635 1.0000000000
59172  45.210  -40.169  9.744 0.5000000000
59175  42.526  -40.317  9.756 0.6000000238
59189  45.733  -40.711  9.264 0.5000000000
59210  40.822  -40.630  5.883 0.6999999881
59273  42.453  -40.624  3.132 0.6999999881
60201  41.463  -39.406  8.819 0.6000000238
60255  43.174  -39.148  4.147 0.6000000238
60257  42.153  -39.991  4.517 0.8999999762
60271  43.222  -39.235  3.943 0.6999999881
60282  43.046  -38.877  3.672 0.6999999881
61268  41.905  -38.021  6.834 0.5000000000
61286  42.889  -38.127  5.175 0.5000000000
61288  42.006  -39.041  5.849 0.6999999881
61305  43.096  -38.361  4.558 0.6000000238
61319  43.367  -37.777  4.269 0.5000000000
61320  40.899  -38.297  4.281 0.6000000238
61331  43.343  -37.644  3.965 0.5000000000
61332  42.645  -38.165  3.560 0.6999999881
61333  42.017  -38.479  3.399 0.6999999881
61334  41.457  -38.627  3.714 0.6000000238
62299  47.010  -37.523  9.488 0.3000000119
62326  42.506  -37.567  8.878 0.5000000000
62340  38.215  -37.461  7.408 0.6000000238
62368  42.746  -38.049  5.830 0.5000000000
62373  31.912  -37.528  5.178 0.5000000000
62384  43.509  -37.082  4.783 0.5000000000
62409  43.048  -37.373  3.743 0.5000000000
62410  42.624  -37.457  3.878 0.5000000000
62411  42.155  -37.589  4.007 0.5000000000
63450  43.076  -36.379  8.569 0.4000000060
63471  43.463  -36.023  6.224 0.5000000000
63485  43.577  -36.034  5.554 0.5000000000
63486  40.244  -36.490  6.066 0.3000000119
63505  43.635  -36.026  5.141 0.5000000000
63520  44.060  -35.655  4.638 0.4000000060
63521  41.167  -36.946  4.647 0.5000000000
63527  43.512  -35.145  4.209 0.4000000060
64453  44.084  -35.624  9.023 0.4000000060
64488  40.471  -35.546  7.251 0.3000000119
64531  45.041  -34.798  4.022 0.4000000060
64546  44.752  -35.080  4.170 0.4000000060
64555  42.917  -35.530  3.827 0.4000000060
65465  46.247  -34.845  9.213 0.3000000119
65487  43.891  -34.652  7.991 0.4000000060
65489  40.025  -34.419  8.156 0.3000000119
65507  41.175  -34.465  7.095 0.3000000119
65526  36.567  -34.115  6.884 0.3000000119
65527  35.824  -34.257  6.566 0.3000000119
65540  43.728  -34.814  5.813 0.5000000000
65570  41.464  -35.199  4.841 0.5000000000
66456  44.648  -33.618  8.172 0.4000000060
66501  34.788  -33.894  5.805 0.4000000060
66530  44.780  -33.852  4.164 0.4000000060
66543  41.532  -33.607  3.837 0.3000000119
66553  45.204  -33.753  2.929 0.3000000119
67428  46.778  -32.786  8.284 0.3000000119
67430  41.354  -32.254  8.053 0.3000000119
67531  45.222  -33.019  3.241 0.3000000119
69588  39.686  -30.589  8.287 0.3000000119
71715  39.861  -28.559  8.250 0.3000000119
73884  37.171  -26.681  4.143 0.3000000119
73909  35.856  -27.096  1.679 0.3000000119
74964  38.444  -25.662  5.226 0.3000000119
127772  47.920  -49.818  8.569 0.4000000060
127790  42.352  -53.067  -0.803 1.0000000000
128809  40.931  -30.009  8.389 0.3000000119
129567  31.507  -62.765  3.611 0.4000000060
132530  40.944  -43.501  3.427 1.0000000000
132844  37.428  -32.102  7.181 0.3000000119
133145  36.693  -28.068  4.256 0.3000000119
133351  40.249  -52.880  -0.239 0.8000000119
133780  41.443  -45.104  9.460 0.6999999881
135633  38.382  -55.874  6.959 0.8000000119
135915  34.285  -40.621  4.622 0.6999999881
136873  33.864  -39.405  5.471 0.6000000238
136938  38.450  -62.876  4.137 0.4000000060
137842  42.239  -56.107  -1.886 0.6999999881
137912  38.208  -38.689  6.422 0.6999999881
138081  44.978  -50.208  9.495 0.5000000000
139639  43.803  -37.965  9.714 0.5000000000
139875  45.911  -65.897  7.258 0.3000000119
140092  45.802  -48.284  9.720 0.5000000000
140548  43.810  -33.485  4.319 0.4000000060
140653  41.426  -39.629  3.420 0.8999999762
141638  44.794  -39.356  9.853 0.5000000000
142185  40.916  -35.788  4.878 0.4000000060
142221  38.826  -32.087  8.395 0.3000000119
142286  44.986  -34.001  2.830 0.3000000119
142412  49.988  -49.977  5.557 0.3000000119
142794  45.417  -34.084  3.008 0.4000000060
143388  35.313  -44.043  2.785 0.8999999762
144452  43.273  -37.909  4.544 0.6000000238
144623  45.395  -32.629  4.035 0.3000000119
145896  44.398  -34.240  8.289 0.4000000060
145901  45.537  -44.422  8.055 0.5000000000
146556  32.153  -62.565  3.383 0.4000000060
146845  43.231  -37.519  3.851 0.5000000000
146869  41.447  -53.752  -1.075 0.8000000119
147519  45.114  -34.312  3.396 0.4000000060
147842  41.916  -40.118  2.990 0.8999999762
148639  40.237  -36.580  5.171 0.3000000119
149016  42.035  -57.184  7.307 0.6000000238
149544  39.833  -46.652  6.204 0.8000000119
149954  43.115  -36.832  3.892 0.5000000000
150948  50.264  -51.839  4.602 0.3000000119
151226  37.127  -33.975  7.211 0.3000000119
151696  41.027  -32.551  8.318 0.3000000119
151871  43.564  -36.438  5.119 0.4000000060
151888  43.074  -52.185  3.578 0.8999999762
152171  44.817  -32.322  3.320 0.3000000119
152493  43.340  -35.171  3.973 0.4000000060
152904  40.162  -54.555  2.974 0.8000000119
153042  50.445  -52.632  3.504 0.3000000119
153266  34.715  -43.403  3.088 0.8000000119
