#!ascii label  , from subject sub1 vox2ras=TkReg
1505
40109  33.575  -58.228  13.615 0.8999999762
131929  33.125  -59.212  13.731 0.8000000119
39007  34.038  -59.008  13.115 0.8000000119
39006  34.301  -59.811  12.502 0.6999999881
39025  34.669  -59.481  11.551 0.8000000119
136813  32.575  -58.331  13.935 0.8999999762
40132  34.386  -58.130  12.793 1.0000000000
41197  35.138  -57.101  11.793 1.0000000000
135572  35.067  -57.984  11.863 0.8999999762
40144  34.946  -58.704  11.309 0.8000000119
152462  34.804  -59.221  10.832 0.8000000119
37921  34.606  -59.962  10.772 0.8000000119
37931  34.547  -60.001  9.765 0.6999999881
140746  34.320  -60.870  9.547 0.6999999881
41181  32.003  -57.698  13.940 0.8000000119
41180  32.893  -57.372  13.788 0.8999999762
42233  32.572  -56.422  13.788 0.8999999762
42234  31.850  -56.969  13.979 0.8999999762
41184  29.519  -57.243  13.201 0.8999999762
41199  33.954  -57.393  13.345 0.8999999762
41198  34.657  -57.319  12.542 1.0000000000
132650  35.089  -58.045  11.031 0.8999999762
42271  35.333  -56.245  10.057 1.0000000000
41226  34.945  -57.501  10.387 0.8999999762
40155  34.716  -58.531  10.277 0.8999999762
39041  34.677  -59.379  10.253 0.8000000119
138145  34.353  -60.359  8.918 0.6999999881
43220  33.278  -55.847  13.649 0.8999999762
135932  31.565  -56.127  14.031 0.8999999762
42236  30.016  -56.546  13.499 0.8999999762
42232  33.528  -56.649  13.547 0.8999999762
42247  34.316  -56.681  13.103 0.8999999762
42245  35.317  -56.354  11.547 1.0000000000
41235  34.470  -57.735  9.535 0.8000000119
40178  34.380  -58.605  9.090 0.8000000119
40179  34.206  -59.139  8.260 0.8000000119
40195  33.614  -58.778  7.575 0.8000000119
40196  32.919  -58.729  6.819 0.8000000119
135526  31.337  -55.271  13.774 0.8999999762
42248  29.432  -56.453  12.666 0.8999999762
42260  28.927  -56.335  11.658 0.8999999762
43238  29.415  -55.622  12.210 0.8999999762
43253  29.019  -55.307  11.390 0.8000000119
42261  28.222  -56.692  11.014 0.8000000119
43236  34.020  -56.108  13.446 0.8999999762
44241  29.140  -54.577  11.594 0.6999999881
42273  28.030  -55.971  10.676 0.6999999881
139975  27.339  -56.067  10.256 0.6999999881
135683  34.837  -54.966  12.161 0.8999999762
43267  26.770  -55.107  9.770 0.6999999881
153199  25.826  -55.344  9.035 0.6999999881
44240  35.242  -54.475  11.506 1.0000000000
43285  25.777  -54.494  8.980 0.6000000238
43252  35.283  -55.402  11.499 1.0000000000
42259  35.472  -55.867  10.782 1.0000000000
43265  35.442  -55.442  10.031 1.0000000000
42285  34.908  -56.570  9.497 1.0000000000
151280  34.718  -57.136  9.707 0.8999999762
43303  34.732  -55.747  8.518 0.8999999762
42304  34.331  -56.991  8.990 0.8000000119
41252  34.115  -57.781  8.639 0.8000000119
41253  33.764  -57.925  7.820 0.8000000119
41269  33.440  -57.281  7.294 0.8000000119
136107  33.303  -58.107  7.209 0.8000000119
41270  32.603  -57.839  6.718 0.8000000119
41282  32.686  -57.017  6.839 0.8000000119
41283  31.777  -57.204  6.348 0.8000000119
43221  32.347  -55.568  13.874 0.8999999762
132084  30.585  -55.876  13.721 0.8999999762
44216  32.109  -54.842  13.764 0.8999999762
136893  30.208  -54.896  13.473 0.8999999762
135427  29.401  -54.985  11.955 0.8999999762
44231  34.053  -55.329  13.448 0.8999999762
43254  28.506  -55.259  10.748 0.6999999881
44229  34.857  -54.204  12.364 0.8999999762
147593  28.300  -54.643  10.429 0.6000000238
44253  27.640  -54.254  9.910 0.6000000238
45234  23.792  -53.128  7.953 0.5000000000
150734  35.496  -54.335  10.947 1.0000000000
46245  23.384  -52.851  8.474 0.5000000000
44251  35.502  -54.106  10.374 1.0000000000
150766  35.481  -54.744  10.014 1.0000000000
44262  35.249  -54.976  9.401 1.0000000000
43302  34.960  -55.197  8.816 1.0000000000
41268  34.103  -57.161  7.986 0.8000000119
44289  34.223  -54.857  7.401 0.8999999762
43318  33.675  -55.648  7.220 0.8000000119
42332  33.189  -56.404  7.034 0.8000000119
44302  33.448  -54.863  6.755 0.8999999762
45257  33.162  -53.957  6.406 0.8999999762
43332  32.012  -55.765  6.123 0.8000000119
42334  31.575  -56.471  6.123 0.8000000119
132474  31.552  -55.163  5.686 0.8000000119
43333  30.910  -56.042  5.599 0.8000000119
44218  30.236  -54.014  13.447 0.8999999762
130661  33.176  -54.889  13.841 0.8999999762
137327  33.341  -53.984  13.598 0.8999999762
134249  29.492  -53.679  12.425 0.6999999881
44242  28.767  -54.431  10.986 0.8000000119
152419  34.912  -53.546  12.565 0.8999999762
148396  34.005  -53.749  13.496 0.8999999762
45212  27.735  -53.495  10.065 0.6999999881
45219  26.942  -53.335  9.599 0.6000000238
138075  25.550  -53.553  8.765 0.6000000238
128775  27.175  -52.745  10.072 0.6999999881
146767  26.151  -52.365  9.439 0.6000000238
45221  24.527  -52.695  8.386 0.5000000000
133385  35.477  -53.817  11.118 1.0000000000
46244  24.021  -51.993  8.801 0.5000000000
149463  23.500  -52.345  9.057 0.5000000000
45210  35.596  -53.242  10.531 1.0000000000
144998  35.357  -54.234  9.539 1.0000000000
45232  35.267  -53.694  9.033 1.0000000000
44274  35.004  -54.411  8.725 1.0000000000
151519  34.328  -54.240  7.369 0.8999999762
46257  35.438  -52.878  8.975 1.0000000000
45233  34.903  -53.461  8.280 0.8999999762
44275  34.645  -54.284  7.842 0.8999999762
44290  33.957  -54.183  6.961 0.8999999762
45249  34.333  -53.611  7.418 0.8999999762
45267  33.404  -53.067  6.470 0.8999999762
45258  32.201  -54.005  5.719 0.8999999762
152264  31.932  -54.616  5.676 0.8999999762
45250  33.773  -53.527  6.860 0.8999999762
45268  32.734  -53.222  5.954 0.8999999762
152587  31.201  -54.443  5.380 0.8999999762
46289  32.344  -52.588  5.627 0.8999999762
139916  32.383  -54.154  13.656 0.8999999762
44217  31.232  -54.309  13.636 0.8999999762
44232  29.729  -54.184  13.028 0.8999999762
45180  30.778  -53.437  13.579 0.8999999762
45190  29.950  -53.285  13.096 1.0000000000
45200  29.086  -53.747  11.665 0.8000000119
45178  32.669  -53.380  13.605 0.8999999762
45201  28.677  -53.420  10.951 0.6999999881
143861  35.210  -53.680  11.877 0.8999999762
45188  34.771  -53.044  13.013 0.8999999762
46225  28.514  -52.468  10.959 0.6999999881
46232  27.382  -51.913  10.490 0.6999999881
46233  25.271  -51.306  9.411 0.5000000000
45199  35.511  -53.072  11.415 1.0000000000
47315  24.002  -51.701  9.191 0.5000000000
45213  23.965  -52.450  9.692 0.5000000000
46241  35.730  -52.680  9.847 1.0000000000
128076  36.056  -51.903  9.923 1.0000000000
131918  35.714  -52.170  9.296 1.0000000000
150914  35.019  -52.594  8.303 1.0000000000
139114  35.385  -52.024  8.642 1.0000000000
146035  35.718  -51.355  9.190 1.0000000000
47335  34.872  -51.887  7.862 0.8999999762
46269  34.373  -52.132  7.067 0.8999999762
46278  33.705  -52.305  6.515 0.8999999762
144784  30.053  -54.341  3.316 0.6999999881
45307  29.643  -53.895  3.385 0.8000000119
45308  28.772  -53.936  3.805 0.8000000119
45309  27.984  -53.869  3.755 0.8000000119
45177  33.554  -53.275  13.541 0.8999999762
46201  33.002  -52.590  13.563 1.0000000000
46202  32.010  -52.750  13.678 1.0000000000
46204  30.608  -52.625  13.444 1.0000000000
46214  29.999  -52.277  12.826 0.6999999881
138132  29.011  -52.916  11.391 0.6999999881
45187  35.230  -53.004  12.306 0.8999999762
135582  34.233  -53.179  13.396 0.8999999762
47322  24.382  -51.287  9.285 0.6000000238
136013  35.934  -52.375  10.784 1.0000000000
46224  35.647  -52.348  11.891 0.8999999762
46212  35.184  -52.331  12.839 0.8999999762
45203  24.669  -52.254  10.503 0.4000000060
48436  35.594  -50.624  8.658 1.0000000000
47342  35.049  -51.153  7.669 1.0000000000
48446  35.295  -50.594  7.892 1.0000000000
46291  28.394  -53.109  5.256 0.8999999762
45289  32.332  -53.943  2.872 0.6000000238
138514  30.791  -53.819  3.120 0.6000000238
46319  30.161  -53.179  3.308 0.8000000119
46320  28.942  -53.463  3.597 0.8000000119
45279  27.770  -53.908  3.939 0.8999999762
45271  28.352  -53.686  4.619 0.8999999762
46213  34.452  -52.375  13.390 0.8999999762
148065  33.823  -52.717  13.537 0.8999999762
147342  29.496  -51.981  12.126 0.8000000119
46215  29.037  -52.162  11.557 0.6999999881
47308  28.263  -51.512  11.230 0.6999999881
48417  25.199  -49.968  10.251 0.6000000238
47310  24.544  -50.440  10.627 0.4000000060
47307  36.089  -51.626  11.407 1.0000000000
47312  36.235  -51.611  10.580 1.0000000000
48416  36.219  -51.122  10.011 1.0000000000
48426  35.947  -50.517  9.408 1.0000000000
147546  35.865  -50.061  8.847 1.0000000000
139348  35.547  -49.974  8.194 1.0000000000
49548  35.005  -49.858  7.432 1.0000000000
46280  29.511  -52.495  5.373 0.8999999762
47353  29.446  -51.143  5.527 0.8999999762
46281  28.615  -52.090  5.351 0.8999999762
46298  27.447  -52.881  4.656 0.8999999762
46292  27.706  -52.529  5.081 0.8999999762
45304  33.381  -52.946  2.919 0.6000000238
45305  32.563  -53.156  2.801 0.6000000238
45306  31.744  -53.417  2.830 0.6000000238
46303  30.876  -52.271  3.139 0.8000000119
46304  29.175  -52.529  3.541 0.8000000119
142382  27.226  -53.404  4.411 0.8999999762
151713  33.031  -51.981  13.574 0.8999999762
46203  31.325  -52.223  13.621 0.8999999762
47285  30.602  -51.645  13.263 0.6999999881
47283  32.282  -51.911  13.625 0.8999999762
47284  31.460  -51.523  13.577 0.8999999762
47296  29.136  -51.454  11.876 0.6000000238
47293  34.995  -51.537  13.367 1.0000000000
47294  34.162  -51.675  13.614 1.0000000000
47297  28.665  -51.010  11.755 0.6000000238
47309  26.739  -50.824  10.702 0.6000000238
48396  36.078  -50.758  11.919 1.0000000000
47292  35.640  -51.588  12.446 1.0000000000
47306  36.405  -50.963  10.861 1.0000000000
48415  36.360  -50.338  10.205 1.0000000000
49529  36.220  -49.663  9.442 1.0000000000
49539  35.927  -49.407  8.553 1.0000000000
49547  35.422  -49.206  7.826 1.0000000000
133869  34.718  -48.956  7.269 1.0000000000
49557  34.570  -50.077  6.798 1.0000000000
49558  33.963  -49.792  6.275 1.0000000000
132517  33.056  -49.846  5.841 1.0000000000
49559  32.450  -49.171  6.251 1.0000000000
137382  32.016  -49.824  5.833 0.8999999762
48455  32.498  -50.553  5.586 0.8999999762
138778  30.008  -51.731  5.400 0.8999999762
46282  28.007  -52.009  5.355 0.8999999762
148597  27.783  -52.279  4.712 0.8999999762
46315  34.468  -52.159  2.554 0.6000000238
46316  33.720  -52.323  2.682 0.6000000238
46317  32.883  -52.422  2.784 0.6000000238
46318  31.911  -52.539  2.652 0.6000000238
47378  30.211  -51.448  3.418 0.8000000119
142740  28.973  -51.486  3.792 0.8000000119
47282  33.227  -51.302  13.688 0.8999999762
135321  31.132  -50.863  13.407 0.6999999881
47295  29.795  -51.411  12.511 0.6000000238
48399  29.368  -50.837  12.372 0.6000000238
48397  35.080  -50.732  13.530 0.8999999762
48400  28.434  -50.480  12.003 0.6000000238
48410  26.048  -49.912  11.044 0.5000000000
142634  35.596  -50.855  13.024 1.0000000000
139458  35.931  -50.247  12.664 0.8999999762
48408  36.525  -50.146  11.118 1.0000000000
49521  36.478  -49.526  10.418 1.0000000000
50652  36.444  -48.855  9.833 1.0000000000
50661  36.277  -48.773  8.963 1.0000000000
50662  35.790  -48.585  8.224 1.0000000000
136889  35.539  -47.830  7.997 1.0000000000
50674  35.187  -48.343  7.606 1.0000000000
49549  33.926  -48.817  6.718 1.0000000000
143173  33.303  -49.219  6.306 1.0000000000
49560  31.472  -49.212  6.306 1.0000000000
48457  30.217  -50.289  5.824 0.8999999762
47354  28.438  -51.411  5.391 0.8999999762
48464  27.952  -51.054  5.073 0.8999999762
47385  34.041  -51.715  2.622 0.6000000238
47386  33.249  -51.734  2.733 0.6000000238
47387  32.410  -51.745  2.688 0.6000000238
131728  31.964  -50.987  2.943 0.6999999881
47370  28.355  -51.453  4.410 0.8000000119
48468  27.987  -51.311  4.864 0.8999999762
153574  34.716  -51.676  2.539 0.6000000238
48478  29.798  -50.579  3.596 0.6999999881
48479  28.950  -50.449  4.033 0.8000000119
48480  28.316  -50.327  4.484 0.8999999762
48398  30.248  -50.805  12.990 0.6999999881
49506  28.979  -50.326  12.856 0.6000000238
145639  33.675  -50.338  13.775 0.8999999762
48386  31.648  -50.197  13.665 0.6999999881
49505  35.550  -50.076  13.395 0.8999999762
49493  34.700  -50.083  13.790 0.8000000119
48395  36.341  -49.883  12.027 1.0000000000
49504  36.115  -49.610  12.800 0.8000000119
50638  36.618  -48.567  12.096 0.8999999762
49491  36.358  -48.874  12.845 0.8000000119
50642  36.542  -48.822  10.615 1.0000000000
132873  36.444  -48.076  9.419 1.0000000000
147646  36.361  -47.523  9.175 1.0000000000
51762  36.082  -47.831  8.676 1.0000000000
51774  34.909  -47.470  7.639 1.0000000000
50676  33.378  -47.890  7.126 1.0000000000
49550  32.907  -48.497  6.588 1.0000000000
50693  31.899  -48.395  6.570 1.0000000000
49561  30.501  -49.417  6.275 0.8999999762
49562  29.574  -49.731  6.156 0.8999999762
48458  28.903  -50.451  5.751 0.8999999762
128219  28.150  -50.054  5.611 0.8999999762
47376  32.811  -51.041  2.801 0.6000000238
137843  30.985  -50.552  3.257 0.6999999881
49582  27.748  -50.044  4.944 0.8999999762
48474  34.915  -50.588  3.307 0.6000000238
47374  34.430  -51.187  2.822 0.6000000238
49596  30.242  -49.855  3.634 0.6999999881
49597  28.695  -49.501  4.081 0.6999999881
48388  29.906  -50.253  13.060 0.6000000238
137826  33.938  -49.618  13.792 0.8000000119
138694  33.109  -49.596  13.706 0.8000000119
49494  32.173  -49.538  13.759 0.6999999881
49495  31.261  -49.357  13.598 0.6999999881
50617  35.418  -48.830  13.845 0.6999999881
50618  34.573  -49.125  13.930 0.8000000119
132976  36.594  -47.968  12.872 0.6999999881
51741  36.713  -47.693  11.848 0.8000000119
51744  36.649  -47.441  10.817 0.8000000119
132945  36.584  -48.134  10.261 0.8000000119
52874  36.412  -46.535  10.445 0.8000000119
51753  36.536  -47.235  9.742 0.8999999762
51754  36.191  -46.948  8.972 0.8999999762
51763  35.447  -46.990  8.284 1.0000000000
51775  33.944  -47.039  7.468 1.0000000000
50694  30.862  -48.587  6.688 1.0000000000
50695  29.654  -48.870  6.536 0.8999999762
139980  28.662  -49.592  6.084 0.8999999762
49563  27.745  -49.355  5.770 0.8999999762
48475  33.971  -50.551  3.181 0.6000000238
48476  33.129  -50.401  2.911 0.6000000238
48477  31.887  -50.172  3.148 0.6999999881
49569  27.686  -49.901  5.190 0.8999999762
49598  28.014  -49.552  4.483 0.8999999762
50728  30.449  -49.168  3.689 0.6999999881
138699  29.447  -49.263  3.838 0.6999999881
50730  27.854  -49.026  4.271 0.8999999762
50718  27.074  -48.830  4.724 0.8999999762
50619  33.561  -48.980  13.777 0.6999999881
50620  32.685  -48.934  13.719 0.6000000238
50621  31.427  -48.720  13.909 0.6000000238
49497  29.502  -49.752  13.365 0.6000000238
50603  34.933  -48.430  14.322 0.6999999881
50605  33.120  -48.466  14.137 0.6000000238
139263  35.571  -48.134  13.968 0.6999999881
51737  36.755  -47.025  12.514 0.6999999881
53992  36.169  -45.857  10.962 0.8000000119
52884  36.152  -46.316  9.598 0.8000000119
54003  35.488  -45.614  9.730 0.8000000119
52891  35.581  -46.190  8.949 0.8000000119
51764  34.648  -46.750  7.895 1.0000000000
52892  34.761  -46.173  8.483 0.8000000119
51776  32.829  -47.055  7.498 1.0000000000
50677  32.360  -47.700  7.012 1.0000000000
50678  31.297  -47.664  7.189 1.0000000000
52908  31.528  -46.477  8.024 1.0000000000
153590  31.232  -46.968  7.736 1.0000000000
50679  30.238  -47.921  7.065 1.0000000000
51779  29.661  -47.226  7.306 1.0000000000
50680  29.146  -47.964  6.763 1.0000000000
49551  28.386  -48.751  6.349 0.8999999762
142630  32.481  -50.429  2.934 0.6000000238
49570  27.053  -48.988  5.429 0.8999999762
49592  34.442  -49.882  3.741 0.6000000238
49593  33.483  -49.838  3.384 0.6000000238
134444  31.861  -49.623  3.328 0.6999999881
50727  31.397  -49.069  3.561 0.6999999881
50716  29.639  -48.540  3.780 0.6999999881
50717  27.750  -48.413  4.455 0.8999999762
143128  31.564  -48.383  14.245 0.5000000000
50604  34.061  -48.499  14.274 0.6000000238
51716  32.633  -47.873  14.705 0.5000000000
51713  35.139  -47.814  14.433 0.6999999881
141019  35.652  -47.274  14.011 0.6999999881
51731  36.445  -47.122  13.314 0.6999999881
52869  36.682  -46.322  12.277 0.6999999881
53988  36.497  -45.839  11.737 0.6999999881
54002  36.010  -45.817  10.230 0.8000000119
53994  34.713  -45.035  9.977 0.8000000119
54011  34.787  -45.547  9.189 0.8000000119
54004  33.995  -45.038  9.474 0.8000000119
52893  33.319  -45.684  8.427 0.8999999762
52906  33.165  -46.325  7.889 1.0000000000
54012  33.353  -45.077  8.946 0.8000000119
134618  32.841  -45.278  8.601 0.8999999762
52907  32.280  -46.425  7.967 1.0000000000
52895  31.183  -45.993  8.208 1.0000000000
51778  30.596  -47.148  7.553 1.0000000000
51780  28.582  -47.286  7.108 1.0000000000
50681  27.988  -47.980  6.558 0.8999999762
49564  27.319  -48.582  6.044 0.8999999762
50696  26.840  -48.143  5.751 0.8999999762
51781  27.533  -47.324  6.738 0.8999999762
51795  27.031  -47.405  5.805 0.8999999762
49594  32.572  -49.814  3.162 0.6000000238
50715  30.792  -48.391  3.751 0.6999999881
51815  28.794  -47.798  4.146 0.8000000119
142262  27.084  -48.072  5.163 0.8999999762
51816  27.676  -47.522  4.958 0.8000000119
51801  27.158  -47.345  5.681 0.8999999762
51817  27.275  -47.294  5.534 0.8999999762
51715  33.614  -47.881  14.788 0.5000000000
131900  34.921  -47.192  14.754 0.6999999881
51692  33.100  -47.127  15.207 0.5000000000
52846  35.382  -46.428  14.456 0.6999999881
52865  36.054  -46.382  13.679 0.6999999881
52864  36.643  -46.344  13.009 0.6999999881
53985  36.554  -45.724  12.467 0.6999999881
53989  36.060  -45.222  11.349 0.6999999881
55105  34.898  -44.480  10.452 0.8000000119
56247  34.604  -43.966  10.199 0.8000000119
54013  32.247  -45.288  8.473 0.8999999762
138517  31.862  -45.910  8.322 1.0000000000
52896  30.427  -46.046  7.912 1.0000000000
52909  30.054  -46.548  7.662 1.0000000000
55116  33.551  -44.382  9.273 0.8000000119
55123  32.779  -44.708  8.702 0.8000000119
54015  30.833  -45.470  8.078 0.8999999762
54021  29.960  -45.541  7.683 1.0000000000
52910  29.035  -46.580  7.558 1.0000000000
55134  30.467  -44.925  7.703 0.8999999762
52898  28.399  -46.028  7.647 1.0000000000
52911  28.021  -46.655  7.348 1.0000000000
52912  27.287  -46.598  6.606 1.0000000000
52934  27.200  -46.486  5.788 0.8999999762
49581  32.209  -49.127  3.570 0.6999999881
52927  27.063  -46.037  6.081 0.8999999762
49580  33.006  -49.207  3.696 0.6000000238
50713  32.608  -48.665  4.098 0.6000000238
54064  27.162  -45.814  5.633 0.8999999762
50714  31.858  -48.358  4.026 0.6999999881
51814  30.171  -47.649  3.934 0.6999999881
141787  29.746  -46.862  4.497 0.6999999881
52947  28.471  -46.643  4.888 0.6999999881
52948  27.496  -46.631  5.385 0.8000000119
146094  29.561  -46.170  4.939 0.6999999881
129910  26.720  -45.063  5.779 0.8999999762
51714  34.474  -47.879  14.682 0.6000000238
52848  34.114  -47.216  15.143 0.5000000000
55074  36.075  -44.719  13.186 0.6999999881
53975  36.317  -45.536  13.274 0.6999999881
55089  36.302  -45.031  12.513 0.6999999881
55100  36.088  -44.583  11.823 0.6999999881
137953  35.715  -43.851  11.457 0.6999999881
55104  35.517  -44.517  11.137 0.6999999881
55115  34.326  -44.483  9.805 0.8000000119
130836  33.744  -43.726  9.047 0.8000000119
56267  33.107  -43.875  8.587 0.8000000119
56266  34.501  -43.275  8.936 0.8000000119
56275  33.351  -43.394  7.738 0.8000000119
55124  32.022  -44.857  8.352 0.8000000119
129517  30.931  -44.264  7.529 0.8999999762
55135  29.476  -44.918  7.383 0.8999999762
54022  28.796  -45.529  7.645 1.0000000000
56293  33.096  -43.126  7.065 0.8000000119
55132  32.532  -43.752  7.683 0.8000000119
54023  27.719  -45.479  7.114 1.0000000000
55136  28.295  -44.864  7.095 1.0000000000
50712  33.343  -48.553  4.369 0.6000000238
54037  26.905  -45.229  6.210 1.0000000000
51813  31.270  -47.602  4.086 0.6999999881
141788  30.849  -46.851  4.318 0.6999999881
54046  26.982  -45.425  5.722 0.8999999762
55154  26.823  -44.680  5.895 1.0000000000
54062  28.836  -45.670  5.055 0.8000000119
54063  27.631  -45.802  5.279 0.8000000119
55090  36.068  -44.294  12.510 0.6999999881
146391  35.848  -44.069  13.125 0.6999999881
56238  36.066  -43.674  11.969 0.6999999881
57283  35.958  -43.057  11.339 0.6999999881
57295  35.722  -42.821  10.390 0.6999999881
56256  35.055  -43.281  9.742 0.8000000119
57318  34.749  -42.816  7.993 0.8000000119
58275  35.245  -42.178  8.098 0.8000000119
57329  33.951  -42.702  7.215 0.8000000119
145604  30.997  -43.670  6.908 0.8999999762
130603  30.087  -44.428  7.251 0.8999999762
56276  31.683  -43.771  7.247 0.8000000119
56296  30.574  -43.131  6.470 0.8999999762
56278  29.089  -44.091  6.834 0.8999999762
51812  32.695  -47.993  4.654 0.6000000238
57330  29.442  -43.175  6.465 0.8999999762
55137  27.310  -44.787  6.452 1.0000000000
140193  32.733  -46.996  4.773 0.6000000238
56280  27.166  -44.172  6.029 0.8999999762
52946  30.493  -46.143  4.703 0.6999999881
56297  27.167  -43.946  5.662 0.8999999762
55178  28.049  -44.956  5.013 0.8000000119
134537  27.197  -45.115  5.468 0.8999999762
55180  27.078  -44.463  5.723 0.8000000119
56226  35.999  -43.534  12.667 0.6999999881
56225  36.264  -42.943  12.127 0.6999999881
142336  36.408  -42.327  10.847 0.6999999881
57308  35.712  -42.508  9.537 0.6999999881
57294  36.261  -42.190  10.017 0.6999999881
150376  35.811  -42.218  9.020 0.6999999881
57340  32.831  -42.599  6.626 0.8000000119
56295  31.492  -43.185  6.585 0.8000000119
57341  32.045  -42.529  6.377 0.8000000119
58295  31.740  -41.704  6.147 0.8000000119
141789  31.800  -46.875  4.488 0.6000000238
57343  29.974  -42.370  5.988 0.8999999762
57331  28.151  -43.228  6.322 0.8999999762
56279  27.799  -44.098  6.437 0.8999999762
52945  31.439  -46.103  4.609 0.6999999881
57332  27.067  -43.253  6.113 0.8999999762
54061  29.989  -45.425  4.688 0.6999999881
56312  27.011  -43.614  5.649 0.8000000119
145005  28.570  -44.158  4.619 0.6999999881
132284  27.275  -43.782  5.338 0.8000000119
57265  36.350  -42.292  12.420 0.6999999881
58247  36.786  -41.564  11.241 0.6999999881
148263  36.625  -41.744  10.426 0.6999999881
58293  33.368  -42.110  6.678 0.8000000119
58294  32.589  -41.856  6.415 0.8000000119
58287  32.250  -41.027  6.415 0.8000000119
58296  30.690  -41.454  5.806 0.8000000119
57344  28.601  -42.354  6.091 0.8999999762
52944  32.291  -46.164  4.596 0.6000000238
57345  27.421  -42.403  5.916 0.8999999762
54060  31.051  -45.315  4.602 0.6999999881
55177  30.543  -44.440  4.354 0.6999999881
151530  29.062  -43.467  4.473 0.6999999881
56323  27.890  -43.458  4.764 0.8000000119
57356  26.819  -42.746  5.453 0.8000000119
57367  28.916  -42.773  4.468 0.6999999881
56324  26.907  -43.042  5.015 0.8000000119
57368  27.601  -42.507  4.704 0.8000000119
58233  36.549  -41.635  12.200 0.6999999881
140647  36.747  -41.006  11.921 0.6000000238
136199  32.747  -45.477  4.261 0.6000000238
59212  29.896  -40.590  5.558 0.8000000119
59213  28.516  -40.576  5.705 0.8999999762
58298  27.916  -41.450  5.716 0.8999999762
54059  31.940  -45.381  4.477 0.6000000238
58299  27.122  -41.358  5.399 0.8999999762
56322  29.730  -43.875  4.364 0.8000000119
57369  26.816  -42.183  4.980 0.8000000119
57384  27.502  -41.535  4.614 0.8000000119
58319  26.760  -41.210  4.970 0.8000000119
129678  31.549  -44.617  4.161 0.6999999881
56320  31.233  -43.917  3.742 0.5000000000
56321  30.632  -43.512  3.855 0.6000000238
56339  30.631  -42.781  3.510 0.6000000238
57366  29.877  -43.114  4.091 0.6999999881
59215  26.579  -40.241  5.342 0.8000000119
57382  29.802  -42.341  3.911 0.6000000238
58334  29.563  -41.514  3.786 0.6000000238
58337  26.989  -40.861  4.810 0.8000000119
58307  26.871  -41.817  5.137 0.8000000119
58335  28.501  -41.130  4.086 0.6000000238
60232  27.733  -39.710  6.077 0.8000000119
59214  27.284  -40.446  5.700 0.8999999762
57381  31.240  -42.522  3.212 0.6000000238
60262  26.330  -39.703  4.863 0.8000000119
59230  26.295  -40.137  4.948 0.8000000119
140957  26.758  -39.631  5.907 0.8000000119
58336  27.619  -40.820  4.415 0.6000000238
138811  28.599  -39.055  6.116 0.8000000119
141404  27.285  -39.005  6.234 0.8000000119
58333  30.605  -41.942  3.529 0.6000000238
138390  26.329  -39.590  5.285 0.8000000119
59263  29.263  -40.683  3.724 0.6000000238
61325  26.743  -38.887  4.683 0.6999999881
60233  26.609  -38.940  5.758 0.8000000119
61324  28.662  -38.800  4.270 0.6000000238
132671  26.761  -38.067  4.869 0.6999999881
130550  29.991  -40.153  3.693 0.6000000238
60276  29.137  -39.899  3.783 0.6000000238
62353  29.904  -37.731  6.430 0.8000000119
61277  28.192  -38.423  6.099 0.8000000119
59261  31.022  -41.274  3.601 0.6000000238
61276  29.329  -38.369  6.336 0.8000000119
144537  31.590  -41.869  3.312 0.5000000000
62356  27.329  -37.616  5.526 0.8000000119
61278  27.187  -38.376  5.974 0.8000000119
59262  30.235  -41.016  3.618 0.6000000238
143216  27.003  -37.440  5.105 0.6000000238
59247  31.878  -40.152  4.060 0.5000000000
60274  30.970  -40.379  3.745 0.6000000238
135300  29.768  -39.381  3.791 0.6000000238
131129  27.751  -38.187  4.579 0.6000000238
146083  30.812  -38.875  4.116 0.6000000238
61323  29.474  -38.687  3.920 0.6000000238
137835  28.882  -37.967  4.027 0.6000000238
62401  28.136  -37.168  4.399 0.6000000238
62354  29.410  -37.076  6.348 0.8000000119
134012  28.840  -37.756  6.331 0.8000000119
62344  30.422  -37.141  6.641 0.8000000119
63466  29.967  -36.403  6.437 0.6999999881
63476  28.883  -36.300  5.968 0.6999999881
60261  31.304  -39.520  4.041 0.6000000238
63511  27.365  -36.767  4.828 0.6000000238
63493  27.198  -36.649  5.020 0.6000000238
63478  27.358  -36.742  5.274 0.6999999881
136953  31.533  -38.827  4.415 0.5000000000
63523  27.839  -36.318  4.578 0.6000000238
61311  30.983  -38.249  4.509 0.5000000000
62399  29.794  -37.961  3.881 0.6000000238
62400  29.194  -37.177  3.986 0.6000000238
61310  31.660  -38.169  4.885 0.5000000000
64494  30.409  -35.697  6.574 0.6999999881
64495  29.333  -35.626  6.189 0.6000000238
64510  27.298  -34.944  5.382 0.6000000238
63477  27.727  -36.017  5.517 0.6000000238
64525  27.020  -34.838  4.872 0.6000000238
128032  28.257  -35.517  5.776 0.6000000238
62387  31.216  -37.465  4.673 0.5000000000
62389  30.032  -37.140  4.040 0.6000000238
63509  29.555  -36.469  4.139 0.6000000238
63522  28.659  -36.410  4.263 0.6000000238
63510  27.357  -35.796  4.916 0.6000000238
65531  27.959  -34.073  5.421 0.6000000238
135516  30.693  -37.072  4.302 0.6000000238
64536  29.908  -35.771  4.377 0.6000000238
63491  31.672  -36.893  4.953 0.5000000000
63507  31.179  -36.605  4.503 0.5000000000
64524  31.932  -36.068  4.751 0.4000000060
64508  29.714  -34.914  6.341 0.6000000238
64509  28.482  -34.828  5.908 0.6000000238
64550  29.124  -35.141  4.608 0.6000000238
64538  27.299  -34.822  4.749 0.6000000238
65530  28.983  -34.006  6.110 0.6000000238
64549  30.100  -34.999  4.541 0.6000000238
65572  29.318  -34.274  4.615 0.6000000238
64535  30.942  -35.694  4.446 0.5000000000
65558  30.897  -34.712  4.534 0.6000000238
64534  31.709  -35.106  4.594 0.5000000000
134674  32.496  -35.228  5.056 0.4000000060
66534  28.079  -33.356  4.959 0.6000000238
66503  28.539  -33.114  5.565 0.5000000000
66502  29.494  -33.144  6.208 0.5000000000
65529  30.197  -34.204  6.444 0.5000000000
65573  28.099  -34.330  4.735 0.6000000238
66519  28.287  -32.560  5.061 0.5000000000
65571  30.174  -34.255  4.544 0.6000000238
145321  31.454  -34.339  4.595 0.4000000060
66486  30.731  -33.494  6.482 0.4000000060
66545  28.778  -33.340  4.653 0.6000000238
66533  28.684  -32.525  4.747 0.5000000000
66532  30.708  -33.702  4.490 0.4000000060
66544  29.712  -33.441  4.482 0.6000000238
136180  29.309  -32.525  4.444 0.6000000238
67514  28.763  -31.995  4.885 0.4000000060
66531  31.620  -33.642  4.663 0.4000000060
67513  30.962  -32.840  4.479 0.4000000060
68599  29.677  -31.708  5.427 0.4000000060
137597  30.073  -32.643  4.232 0.4000000060
68630  29.364  -31.664  4.660 0.4000000060
66518  32.465  -33.671  4.846 0.4000000060
67524  29.644  -31.970  4.182 0.4000000060
67460  31.990  -32.745  7.012 0.4000000060
136614  30.713  -32.035  5.796 0.4000000060
68615  29.628  -31.365  4.967 0.4000000060
67512  31.856  -32.135  4.437 0.4000000060
67522  30.824  -31.799  4.297 0.4000000060
68628  30.621  -31.497  4.554 0.4000000060
68629  29.915  -31.439  4.684 0.4000000060
67482  31.613  -32.226  6.263 0.4000000060
137918  31.239  -31.754  5.574 0.4000000060
68598  30.342  -31.435  5.221 0.4000000060
68627  31.381  -31.448  4.431 0.3000000119
68614  30.422  -31.299  4.932 0.4000000060
68597  32.028  -31.752  5.982 0.4000000060
68613  31.314  -31.270  5.089 0.4000000060
45291  27.851  -54.207  4.035 0.8000000119
131073  28.663  -54.103  4.255 0.8999999762
45270  29.227  -53.807  5.118 0.8999999762
140058  29.077  -54.356  4.699 0.8999999762
44304  29.885  -54.536  5.101 0.8999999762
47343  34.663  -51.347  7.101 0.8999999762
48453  34.347  -50.673  6.561 1.0000000000
48447  34.864  -50.629  7.226 1.0000000000
46288  33.077  -52.481  5.985 0.8999999762
47350  33.319  -51.700  6.001 0.8999999762
45259  31.072  -53.142  5.302 0.8999999762
47362  32.608  -51.883  5.614 0.8999999762
47363  31.787  -52.028  5.380 0.8999999762
48454  33.500  -50.750  5.956 1.0000000000
141501  29.872  -53.164  5.304 0.8999999762
48456  31.381  -50.575  5.593 0.8999999762
67484  29.107  -32.260  5.557 0.4000000060
67483  30.043  -32.450  6.111 0.4000000060
66485  31.825  -33.609  7.037 0.4000000060
41215  35.244  -57.404  11.198 1.0000000000
39067  34.463  -59.536  8.958 0.8000000119
41183  30.281  -57.355  13.798 0.8999999762
43234  34.962  -55.770  12.232 1.0000000000
45189  33.963  -54.418  13.486 0.8999999762
133800  34.721  -55.048  8.137 0.8999999762
42319  34.360  -56.391  8.277 0.8000000119
42333  32.374  -56.413  6.557 0.8000000119
45218  35.505  -53.471  9.698 1.0000000000
44303  32.518  -54.867  6.094 0.8999999762
45260  30.487  -53.812  5.224 0.8999999762
128753  30.401  -55.275  5.306 0.8000000119
46258  34.554  -52.753  7.698 0.8999999762
46290  31.608  -52.655  5.425 0.8999999762
45179  31.713  -53.496  13.641 0.8999999762
141217  31.248  -52.904  13.660 1.0000000000
47313  25.852  -50.936  10.009 0.6000000238
46234  24.147  -51.330  10.018 0.4000000060
47321  24.735  -50.585  9.741 0.4000000060
47334  35.342  -51.272  8.314 1.0000000000
47349  34.040  -51.501  6.494 0.8999999762
136206  29.052  -55.111  3.907 0.6999999881
134928  27.948  -52.612  4.310 0.8000000119
142343  33.637  -52.114  13.584 0.8999999762
45290  31.575  -54.105  2.991 0.6000000238
45272  27.391  -53.257  4.406 0.8999999762
48418  24.854  -49.891  10.446 0.4000000060
46279  30.746  -52.374  5.367 0.8999999762
47355  27.936  -51.775  5.230 0.8999999762
47364  27.696  -52.125  4.975 0.8999999762
47377  31.718  -51.780  2.754 0.6999999881
135682  31.222  -51.379  3.072 0.6999999881
48385  32.632  -50.339  13.760 0.8000000119
48384  34.344  -50.969  13.697 0.8999999762
50675  34.372  -48.080  7.267 1.0000000000
47351  32.075  -51.276  5.423 0.8999999762
150591  31.129  -49.826  5.898 0.8999999762
129309  30.474  -51.013  5.530 0.8999999762
47352  31.116  -51.488  5.473 0.8999999762
48459  28.141  -50.808  5.342 0.8999999762
49516  36.565  -49.227  11.389 1.0000000000
49492  35.803  -49.240  13.377 0.6999999881
129631  36.653  -48.325  11.182 0.8999999762
49595  31.178  -49.735  3.387 0.6999999881
49583  26.999  -49.306  4.998 0.8999999762
50729  28.637  -48.777  3.945 0.8000000119
49496  30.350  -49.540  13.426 0.6000000238
152932  31.923  -48.956  13.751 0.6000000238
144690  36.127  -47.821  13.551 0.6999999881
52871  36.638  -46.685  11.497 0.6999999881
52905  33.973  -46.261  8.121 1.0000000000
50702  26.899  -48.561  5.230 0.8999999762
50606  32.141  -48.489  14.151 0.6000000238
50622  30.683  -48.871  13.794 0.5000000000
127708  34.016  -45.582  8.770 0.8999999762
51717  31.663  -47.891  14.631 0.5000000000
55099  36.358  -45.288  11.937 0.6999999881
53993  35.490  -45.192  10.586 0.8000000119
142792  27.023  -46.851  6.042 0.8999999762
52847  34.566  -46.325  15.160 0.6000000238
52826  33.702  -46.555  15.336 0.5000000000
142562  35.738  -45.667  14.043 0.6999999881
55125  31.257  -44.866  8.127 0.8999999762
55166  26.841  -44.624  5.835 0.8999999762
53955  35.512  -44.989  14.337 0.6999999881
56246  35.285  -43.702  10.720 0.6999999881
57317  35.321  -42.594  8.800 0.8000000119
55133  31.829  -44.376  7.884 0.8999999762
56277  30.217  -43.817  6.903 0.8999999762
130221  29.276  -44.743  4.616 0.8000000119
55179  27.592  -44.350  5.092 0.8000000119
57282  36.506  -42.332  11.694 0.6999999881
58285  33.990  -41.483  7.067 0.8000000119
57346  26.923  -42.537  5.724 0.8999999762
58297  29.287  -41.474  5.660 0.8999999762
57383  28.714  -41.961  4.292 0.6999999881
60278  27.155  -39.653  4.459 0.6999999881
59264  28.141  -40.289  4.147 0.6000000238
153527  27.774  -39.025  4.521 0.6000000238
60248  26.355  -38.737  5.031 0.8000000119
62402  27.296  -37.478  4.746 0.6000000238
62355  28.237  -37.061  5.804 0.6999999881
61322  30.131  -38.786  3.858 0.6000000238
64551  28.155  -35.534  4.651 0.6000000238
62388  30.514  -37.722  4.261 0.6000000238
65546  27.075  -34.142  5.052 0.6000000238
67461  31.185  -32.787  6.457 0.4000000060
68571  32.706  -31.613  6.938 0.4000000060
69646  31.301  -31.114  4.558 0.4000000060
31449  31.782  -66.774  13.782 0.4000000060
31438  30.789  -66.499  13.951 0.4000000060
141094  29.822  -66.287  14.143 0.4000000060
32498  32.683  -65.745  13.183 0.4000000060
32476  30.516  -65.489  14.160 0.4000000060
32477  29.580  -65.471  14.276 0.4000000060
33602  33.439  -64.550  12.592 0.3000000119
32487  32.186  -65.213  13.844 0.4000000060
34787  34.051  -64.076  11.885 0.4000000060
33608  34.284  -63.938  10.995 0.4000000060
34795  34.356  -63.304  10.439 0.4000000060
129851  34.176  -62.893  9.506 0.4000000060
33572  30.773  -64.609  14.185 0.5000000000
33573  29.784  -64.662  14.403 0.4000000060
33591  32.380  -64.340  13.713 0.4000000060
33592  31.603  -64.466  13.962 0.4000000060
34779  34.107  -63.069  12.309 0.5000000000
34786  34.433  -63.309  11.412 0.4000000060
35816  34.396  -62.444  10.215 0.4000000060
139316  34.327  -62.169  9.567 0.5000000000
35840  34.163  -62.248  8.909 0.5000000000
36902  34.060  -61.551  8.479 0.6000000238
127534  33.808  -62.229  8.157 0.5000000000
133230  33.329  -62.262  7.392 0.6000000238
36919  32.939  -61.578  6.842 0.4000000060
152827  30.328  -64.108  14.347 0.5000000000
140708  29.760  -63.875  14.183 0.5000000000
33593  28.971  -64.220  13.780 0.5000000000
139451  27.738  -64.876  12.824 0.5000000000
34768  32.375  -63.299  13.792 0.6000000238
34769  31.789  -63.677  13.892 0.6000000238
34767  33.074  -63.351  13.533 0.5000000000
35775  33.285  -62.577  13.490 0.6000000238
35792  34.240  -62.179  12.290 0.5000000000
135980  34.452  -62.651  11.720 0.5000000000
151591  34.452  -61.982  10.726 0.4000000060
36886  34.385  -61.586  10.067 0.6000000238
37944  34.183  -61.022  8.892 0.6000000238
37945  34.097  -60.775  8.237 0.6000000238
37956  33.757  -60.346  7.562 0.6000000238
39083  33.234  -59.684  6.985 0.6000000238
39097  32.369  -59.408  6.444 0.6000000238
36918  33.635  -61.365  7.616 0.6000000238
37957  33.149  -60.716  6.887 0.6000000238
37970  32.415  -60.229  6.490 0.6000000238
141912  31.757  -59.923  6.220 0.6000000238
35758  30.308  -62.774  14.476 0.5000000000
34754  29.729  -63.181  14.105 0.5000000000
34771  28.609  -63.461  13.175 0.5000000000
34781  27.984  -63.529  12.520 0.5000000000
35776  32.593  -62.707  13.807 0.6000000238
34752  31.049  -63.201  14.408 0.6000000238
35793  33.812  -62.375  12.925 0.6000000238
37872  33.345  -61.118  13.673 0.6000000238
36838  34.321  -61.487  12.170 0.5000000000
36839  33.959  -61.482  12.936 0.6000000238
36874  34.481  -61.322  10.880 0.6000000238
135244  34.460  -60.727  10.348 0.6000000238
39082  33.862  -59.575  7.686 0.6000000238
40208  32.115  -58.633  6.281 0.6000000238
40209  31.177  -58.606  5.759 0.6999999881
35778  29.157  -62.745  13.471 0.6000000238
35795  28.445  -62.734  12.570 0.5000000000
35796  27.920  -63.028  11.999 0.5000000000
134799  32.001  -62.063  14.023 0.6000000238
150431  31.334  -61.834  14.123 0.6000000238
36808  30.016  -62.022  14.547 0.6000000238
152815  28.101  -62.520  11.862 0.5000000000
34796  27.216  -62.767  10.731 0.5000000000
142337  32.746  -60.596  13.864 0.6000000238
36858  34.455  -61.073  11.605 0.6000000238
136785  31.732  -57.997  6.172 0.6999999881
36825  29.934  -61.291  14.172 0.6000000238
130948  29.458  -61.937  14.061 0.6000000238
35794  28.951  -61.969  12.977 0.6000000238
136226  30.732  -61.567  14.265 0.6000000238
36840  29.396  -61.234  13.308 0.6000000238
36841  28.814  -61.244  12.469 0.6000000238
36859  28.386  -61.268  11.654 0.6000000238
35806  27.460  -62.099  10.880 0.6000000238
37874  30.765  -60.661  14.098 0.6000000238
35817  26.303  -62.561  9.805 0.5000000000
38984  33.242  -60.163  13.654 0.6000000238
141704  25.927  -61.709  9.635 0.6000000238
41284  30.780  -57.836  5.804 0.6999999881
37907  28.677  -60.533  11.985 0.6000000238
38987  30.430  -59.735  14.005 0.6000000238
37875  29.764  -60.384  13.652 0.6000000238
37892  29.112  -60.516  12.813 0.6000000238
37908  28.240  -60.537  11.260 0.6000000238
36875  27.218  -61.552  10.542 0.6000000238
38985  32.439  -59.913  13.887 0.6000000238
137936  27.337  -59.917  10.394 0.6000000238
40131  34.671  -58.877  12.211 0.6000000238
151095  30.134  -56.509  5.469 0.6999999881
42336  29.444  -56.917  5.281 0.6999999881
130005  32.033  -59.112  14.032 0.6000000238
39008  29.263  -59.021  12.766 0.6999999881
39026  28.517  -59.796  11.530 0.6999999881
43346  29.357  -55.267  4.815 0.6999999881
38988  29.723  -59.440  13.591 0.6999999881
40110  31.529  -58.320  14.057 0.6999999881
135524  30.189  -59.015  13.997 0.6999999881
137322  29.377  -58.061  12.897 0.6999999881
40133  28.678  -59.031  11.873 0.6999999881
39027  27.958  -59.779  10.917 0.6000000238
39042  28.306  -59.010  11.034 0.6999999881
40156  28.157  -58.194  10.587 0.6000000238
39043  27.673  -58.949  10.289 0.5000000000
44317  28.826  -54.445  4.005 0.8000000119
40111  30.462  -58.243  14.010 0.6999999881
40112  29.715  -58.620  13.568 0.6999999881
40145  28.927  -58.235  12.094 0.6999999881
40146  28.530  -58.286  11.334 0.6999999881
40167  25.864  -58.808  9.199 0.5000000000
41217  28.355  -57.558  11.025 0.6999999881
41227  27.886  -57.391  10.528 0.6000000238
132664  26.694  -57.802  9.778 0.6000000238
139788  31.500  -40.986  6.127 0.6999999881
58274  35.841  -41.696  8.577 0.6999999881
58284  34.758  -42.070  7.555 0.6999999881
58273  36.372  -41.367  9.153 0.6000000238
58286  33.052  -41.231  6.758 0.6999999881
59211  30.919  -40.489  5.943 0.6999999881
135978  30.276  -39.924  5.747 0.6999999881
153401  36.647  -40.933  9.536 0.6000000238
59192  35.552  -40.780  8.056 0.6000000238
59201  34.788  -41.055  7.585 0.6999999881
59202  33.430  -40.620  7.088 0.6999999881
59161  36.864  -40.944  10.370 0.6000000238
59204  31.759  -40.266  6.411 0.6999999881
60229  31.070  -39.646  6.254 0.6999999881
59178  36.305  -40.628  8.837 0.6000000238
60204  34.930  -39.071  8.144 0.6000000238
60205  34.090  -39.466  7.620 0.6999999881
59203  32.690  -40.222  6.821 0.6999999881
60217  32.010  -39.334  6.738 0.6999999881
60218  31.146  -38.829  6.538 0.6999999881
61275  30.439  -38.326  6.477 0.6999999881
59177  36.787  -40.241  9.725 0.6000000238
60191  36.350  -39.653  9.162 0.6000000238
60192  35.776  -39.030  8.835 0.5000000000
60206  33.298  -39.014  7.503 0.5000000000
61262  32.496  -38.640  7.320 0.6999999881
62331  32.191  -37.388  7.457 0.6999999881
142479  30.700  -37.743  6.693 0.6999999881
67496  34.244  -32.594  4.897 0.3000000119
67497  33.493  -32.804  4.778 0.3000000119
142448  31.813  -32.895  4.637 0.3000000119
30463  30.997  -67.451  13.952 0.4000000060
31439  30.061  -67.186  14.038 0.3000000119
30465  29.512  -67.778  13.973 0.4000000060
31464  32.560  -66.565  13.290 0.3000000119
30466  29.149  -67.039  14.130 0.4000000060
140275  33.779  -65.075  11.824 0.4000000060
31450  28.936  -65.984  13.939 0.4000000060
33609  34.109  -64.693  11.044 0.4000000060
33617  34.105  -64.212  10.171 0.4000000060
34805  33.926  -63.402  9.135 0.4000000060
35841  33.890  -62.896  8.701 0.5000000000
32499  27.752  -65.663  12.853 0.4000000060
130974  32.328  -61.012  6.413 0.5000000000
32500  27.241  -65.224  12.182 0.5000000000
39099  30.763  -59.327  5.388 0.6000000238
33610  27.145  -64.408  11.580 0.5000000000
34788  27.097  -63.576  10.981 0.5000000000
140652  26.439  -63.795  10.387 0.5000000000
41285  29.643  -57.641  5.278 0.6000000238
34797  26.748  -63.038  10.283 0.5000000000
35826  25.610  -62.542  9.099 0.4000000060
37932  26.197  -60.763  9.806 0.5000000000
43347  28.997  -56.137  4.532 0.6999999881
39055  25.670  -59.743  9.200 0.5000000000
43354  29.125  -55.891  4.343 0.6999999881
39056  24.877  -58.883  7.902 0.5000000000
41236  25.707  -57.597  9.012 0.6000000238
53976  35.939  -45.038  13.747 0.6000000238
148864  35.678  -44.330  13.838 0.6000000238
59148  36.895  -40.603  11.295 0.6000000238
60190  36.859  -39.346  9.993 0.5000000000
61236  36.116  -38.350  9.271 0.5000000000
62306  35.135  -37.570  8.550 0.5000000000
61252  34.095  -38.542  7.771 0.5000000000
62330  32.998  -37.506  7.593 0.5000000000
63452  32.743  -36.731  7.523 0.5000000000
63453  31.848  -36.578  7.294 0.5000000000
67510  34.309  -31.818  4.587 0.3000000119
131922  32.364  -31.635  4.337 0.3000000119
135256  33.733  -59.733  13.271 0.6000000238
37890  33.844  -60.511  13.135 0.6000000238
37889  34.283  -60.774  12.370 0.6000000238
41200  29.085  -57.303  12.181 0.8000000119
42335  30.640  -56.964  5.727 0.6999999881
43334  29.520  -56.135  5.163 0.6999999881
58283  35.279  -41.568  7.920 0.6999999881
60231  29.229  -39.826  5.776 0.6999999881
63465  30.951  -36.480  6.825 0.6000000238
67498  32.688  -32.917  4.720 0.3000000119
44311  29.060  -55.044  4.374 0.8000000119
42379  28.730  -56.773  4.081 0.6999999881
139480  34.058  -40.397  7.434 0.6999999881
31448  32.130  -66.030  13.579 0.4000000060
33603  32.864  -64.902  13.250 0.4000000060
32497  33.278  -65.434  12.542 0.3000000119
33590  33.025  -64.109  13.327 0.5000000000
32489  29.017  -65.049  14.240 0.5000000000
34818  33.799  -63.525  8.540 0.3000000119
128773  32.726  -62.286  6.646 0.4000000060
141366  27.333  -66.085  12.358 0.5000000000
40158  26.909  -58.536  9.764 0.6000000238
60230  30.033  -39.112  6.157 0.6999999881
60203  35.665  -39.837  8.403 0.6000000238
59193  34.958  -40.017  7.636 0.6999999881
60215  33.388  -39.824  7.289 0.6999999881
61237  35.306  -38.294  8.598 0.5000000000
60216  32.806  -39.376  7.128 0.6999999881
61263  31.903  -38.034  7.312 0.6999999881
61264  31.233  -38.145  6.869 0.6999999881
152665  36.360  -38.983  9.458 0.5000000000
151750  34.718  -38.455  8.186 0.5000000000
61253  33.153  -38.267  7.642 0.5000000000
61254  32.522  -37.991  7.519 0.5000000000
62343  31.325  -37.371  7.078 0.6999999881
60173  36.998  -38.898  10.900 0.5000000000
62328  34.573  -37.943  8.210 0.5000000000
63451  34.468  -37.063  8.263 0.5000000000
128394  33.240  -36.208  7.775 0.5000000000
42366  28.568  -56.810  4.297 0.6000000238
43360  31.383  -55.626  3.221 0.5000000000
42378  29.708  -56.727  3.683 0.6000000238
43362  29.521  -55.830  3.882 0.6000000238
43359  32.513  -55.546  3.117 0.5000000000
43361  30.451  -55.388  3.459 0.6000000238
43286  24.765  -54.909  8.381 0.5000000000
43373  29.835  -54.928  3.576 0.6000000238
44327  32.910  -54.592  2.985 0.5000000000
44328  31.972  -54.739  2.962 0.5000000000
44326  33.729  -54.247  3.257 0.5000000000
44276  23.663  -54.400  7.803 0.4000000060
44266  23.195  -54.663  7.895 0.4000000060
143641  23.318  -54.341  8.119 0.4000000060
143049  34.339  -53.855  3.394 0.5000000000
45288  33.133  -53.707  2.961 0.5000000000
44265  23.169  -53.884  8.812 0.4000000060
45303  34.143  -52.741  2.783 0.5000000000
45287  33.865  -53.431  3.097 0.5000000000
44254  24.318  -53.789  9.993 0.4000000060
49507  27.963  -49.895  12.498 0.4000000060
48411  25.049  -49.331  10.606 0.4000000060
48412  24.898  -49.166  10.942 0.3000000119
51693  32.191  -47.201  15.109 0.4000000060
51694  31.334  -47.150  15.226 0.4000000060
139604  29.920  -49.057  13.693 0.4000000060
49498  28.571  -49.700  13.286 0.4000000060
50623  29.164  -49.151  13.705 0.4000000060
49508  26.699  -49.324  12.204 0.4000000060
50608  28.980  -48.538  14.282 0.4000000060
50624  28.219  -49.013  13.745 0.4000000060
146179  25.999  -49.312  11.510 0.4000000060
50607  31.028  -48.349  14.273 0.4000000060
147181  30.049  -47.697  14.940 0.4000000060
151896  30.056  -48.416  14.369 0.4000000060
52828  31.976  -46.500  15.732 0.4000000060
51695  30.365  -47.065  15.417 0.4000000060
149960  29.629  -47.342  15.288 0.4000000060
51719  29.360  -47.906  14.881 0.4000000060
50609  27.910  -48.355  14.246 0.4000000060
49499  27.480  -49.290  13.059 0.4000000060
135563  27.712  -47.757  14.555 0.4000000060
50626  26.081  -48.330  13.358 0.4000000060
49509  25.477  -48.940  11.844 0.4000000060
149091  31.502  -45.851  16.075 0.4000000060
52829  31.029  -46.444  15.850 0.4000000060
136118  30.246  -46.266  15.789 0.4000000060
132723  35.186  -45.618  14.781 0.5000000000
53937  34.524  -45.238  15.310 0.4000000060
53938  33.766  -45.792  15.433 0.4000000060
53940  32.236  -45.612  15.870 0.4000000060
52830  29.447  -46.611  15.645 0.4000000060
51696  28.921  -47.295  15.267 0.4000000060
51697  28.060  -47.056  14.894 0.4000000060
55057  35.231  -44.362  14.599 0.5000000000
53956  35.097  -44.948  14.890 0.5000000000
55039  34.157  -44.299  15.565 0.5000000000
137558  33.785  -45.044  15.579 0.4000000060
130216  32.471  -44.690  15.823 0.4000000060
55041  31.482  -44.877  15.848 0.4000000060
53941  30.734  -45.603  15.948 0.4000000060
52831  28.615  -46.615  15.409 0.4000000060
55058  34.786  -44.512  15.129 0.5000000000
55040  33.309  -44.512  15.755 0.4000000060
136736  31.069  -43.883  15.830 0.4000000060
55042  30.440  -44.608  15.819 0.4000000060
56175  34.098  -43.268  15.696 0.4000000060
56176  33.298  -43.082  15.945 0.4000000060
131771  32.815  -43.845  15.884 0.4000000060
133682  31.954  -43.929  15.883 0.4000000060
56179  30.155  -43.589  16.011 0.4000000060
57205  33.876  -42.305  15.752 0.4000000060
57206  33.201  -41.872  15.534 0.4000000060
152555  32.278  -42.527  15.735 0.4000000060
57207  31.597  -42.593  15.788 0.4000000060
57230  31.167  -41.932  15.251 0.4000000060
56210  35.714  -43.422  13.589 0.5000000000
57226  35.205  -42.137  14.661 0.5000000000
57228  34.572  -41.855  15.128 0.4000000060
57229  32.258  -41.932  15.305 0.4000000060
57231  30.266  -42.035  15.163 0.3000000119
57266  36.091  -42.748  12.967 0.5000000000
56177  32.352  -43.068  15.995 0.4000000060
56178  31.562  -43.243  16.051 0.4000000060
142546  30.834  -42.995  16.223 0.4000000060
133362  32.900  -42.416  15.867 0.4000000060
58206  35.522  -41.610  14.044 0.5000000000
58187  33.818  -41.563  15.159 0.4000000060
58188  32.986  -41.417  14.913 0.4000000060
146478  36.120  -41.772  13.147 0.5000000000
58186  35.021  -41.533  14.603 0.5000000000
59105  34.438  -41.221  14.628 0.4000000060
59106  33.577  -40.893  14.446 0.4000000060
140964  32.310  -41.303  14.651 0.4000000060
58189  31.602  -41.444  14.557 0.3000000119
58190  30.725  -41.594  14.416 0.3000000119
58191  29.897  -41.764  14.253 0.3000000119
58220  35.792  -40.877  13.627 0.5000000000
59137  36.355  -40.758  12.738 0.4000000060
145094  36.615  -40.351  12.030 0.5000000000
59123  34.413  -40.480  14.128 0.3000000119
59107  32.748  -40.925  14.417 0.4000000060
59108  32.015  -40.731  14.057 0.3000000119
58208  31.157  -40.965  13.864 0.3000000119
58209  30.361  -41.327  13.528 0.3000000119
58210  29.548  -41.493  13.403 0.3000000119
59122  35.253  -40.188  13.756 0.3000000119
60152  36.304  -39.689  12.566 0.4000000060
141672  37.024  -39.933  10.660 0.4000000060
59124  33.624  -40.207  13.864 0.3000000119
132999  32.246  -40.183  13.385 0.3000000119
59126  31.566  -40.425  13.274 0.3000000119
58211  28.749  -41.501  13.360 0.3000000119
58212  27.931  -41.542  13.203 0.3000000119
59128  29.884  -40.969  12.661 0.3000000119
58222  28.527  -41.284  12.542 0.3000000119
59138  35.950  -40.085  13.336 0.3000000119
60162  36.504  -38.942  11.903 0.3000000119
61235  36.624  -38.536  10.011 0.4000000060
62304  36.377  -37.648  9.803 0.4000000060
62305  35.789  -37.608  9.051 0.4000000060
62329  33.798  -37.709  7.852 0.4000000060
60153  34.532  -39.114  12.747 0.3000000119
60142  34.263  -39.702  13.377 0.3000000119
130915  35.472  -39.410  13.134 0.3000000119
61201  35.907  -38.385  12.148 0.3000000119
61212  36.573  -38.017  10.601 0.3000000119
150815  36.475  -37.353  10.471 0.3000000119
139289  35.413  -36.906  8.758 0.4000000060
63433  34.901  -36.199  8.549 0.4000000060
63434  33.979  -36.203  8.148 0.4000000060
135284  33.544  -36.903  7.817 0.4000000060
149817  35.932  -38.956  12.552 0.3000000119
62284  36.456  -36.800  10.070 0.3000000119
63431  36.328  -36.105  9.729 0.3000000119
63432  35.738  -36.146  9.075 0.4000000060
64456  35.209  -35.449  8.908 0.4000000060
65492  33.406  -34.462  7.925 0.4000000060
65511  32.706  -34.875  7.579 0.4000000060
64493  32.064  -35.061  7.192 0.4000000060
146272  31.446  -35.608  6.961 0.5000000000
63416  36.412  -36.100  10.462 0.3000000119
64454  36.400  -35.398  10.133 0.3000000119
64455  35.987  -35.427  9.468 0.3000000119
65468  35.486  -34.746  9.280 0.4000000060
65469  34.717  -34.730  8.724 0.4000000060
65470  33.981  -34.818  8.347 0.4000000060
65491  34.165  -33.979  8.384 0.3000000119
65512  32.145  -34.431  7.241 0.3000000119
65513  31.340  -34.515  6.841 0.3000000119
132503  30.665  -35.011  6.659 0.4000000060
64432  36.304  -35.407  10.891 0.3000000119
65453  36.204  -34.623  10.559 0.3000000119
66443  35.168  -33.858  8.950 0.3000000119
66462  34.622  -33.257  8.554 0.3000000119
66464  33.383  -33.583  7.852 0.3000000119
66484  32.703  -34.027  7.505 0.3000000119
67436  32.609  -33.162  7.509 0.3000000119
67435  33.263  -32.735  7.841 0.3000000119
65454  35.928  -34.177  11.199 0.3000000119
148774  35.809  -34.161  9.775 0.3000000119
66442  35.627  -33.300  9.618 0.3000000119
66461  35.170  -32.916  8.876 0.3000000119
67420  34.973  -32.091  8.861 0.3000000119
66463  33.934  -33.059  8.247 0.3000000119
137149  33.768  -32.296  8.220 0.3000000119
67459  33.220  -31.963  7.746 0.3000000119
133715  32.652  -32.375  7.382 0.3000000119
69609  33.214  -30.907  6.623 0.3000000119
56195  34.820  -43.698  15.043 0.5000000000
138771  35.374  -43.767  14.316 0.5000000000
41286  28.795  -57.369  4.939 0.6000000238
41315  28.504  -57.217  4.152 0.5000000000
42377  30.965  -56.625  3.322 0.5000000000
137917  30.334  -57.498  3.414 0.5000000000
43358  33.692  -55.425  3.314 0.5000000000
131019  33.000  -56.422  3.215 0.5000000000
147108  27.743  -56.675  10.545 0.6000000238
42275  26.292  -57.139  9.501 0.6000000238
43268  26.311  -56.225  9.464 0.6000000238
141268  25.088  -55.859  8.242 0.5000000000
42287  24.307  -56.381  7.406 0.5000000000
150402  23.478  -55.660  7.174 0.5000000000
42289  22.882  -55.806  7.694 0.5000000000
42288  23.154  -55.860  8.601 0.4000000060
141161  23.350  -55.105  8.670 0.4000000060
44255  23.633  -54.298  9.328 0.4000000060
43269  24.623  -55.020  10.331 0.4000000060
46227  25.005  -51.571  11.091 0.3000000119
144991  24.999  -50.895  11.334 0.3000000119
47299  24.654  -49.659  11.182 0.4000000060
49518  24.948  -48.957  11.380 0.4000000060
50610  26.835  -48.053  14.225 0.4000000060
53942  29.702  -45.465  15.748 0.4000000060
52849  26.568  -46.701  14.740 0.4000000060
53943  28.753  -45.917  15.709 0.4000000060
55043  29.497  -44.316  15.819 0.4000000060
143936  28.175  -45.434  15.622 0.4000000060
149645  30.739  -42.476  15.720 0.4000000060
138446  29.920  -42.738  15.793 0.4000000060
57232  29.416  -42.197  15.011 0.3000000119
58192  29.051  -41.784  14.186 0.3000000119
58193  28.216  -41.819  14.073 0.3000000119
44325  34.464  -54.578  3.468 0.5000000000
45202  25.738  -52.941  11.223 0.4000000060
50611  25.781  -47.977  14.098 0.4000000060
51722  26.288  -47.380  14.418 0.4000000060
130076  28.805  -44.969  15.660 0.4000000060
44244  25.142  -53.363  10.632 0.4000000060
44329  30.895  -54.685  3.184 0.5000000000
152993  32.540  -46.759  15.372 0.4000000060
52827  32.907  -46.236  15.487 0.4000000060
64479  32.509  -35.789  7.469 0.4000000060
64478  33.431  -35.405  7.995 0.4000000060
137988  30.448  -56.026  3.529 0.6000000238
50625  27.098  -48.715  13.695 0.4000000060
50631  25.571  -48.643  12.612 0.4000000060
53939  33.072  -45.321  15.640 0.4000000060
52832  27.910  -46.169  15.352 0.4000000060
51721  27.161  -47.275  14.611 0.4000000060
132153  33.549  -43.798  15.821 0.4000000060
57249  35.678  -42.451  13.825 0.5000000000
56194  35.290  -43.018  14.487 0.5000000000
57227  34.674  -42.686  15.219 0.5000000000
58207  35.090  -40.959  14.189 0.4000000060
60161  36.752  -39.718  11.580 0.4000000060
61200  36.440  -38.234  11.417 0.3000000119
139011  36.091  -36.858  9.415 0.4000000060
61191  35.192  -38.715  12.524 0.3000000119
64457  34.351  -35.467  8.462 0.4000000060
65467  36.104  -34.844  9.797 0.3000000119
66434  35.823  -33.743  10.541 0.3000000119
68570  33.502  -31.304  7.496 0.3000000119
51698  27.366  -46.639  14.906 0.4000000060
36887  25.001  -61.764  8.581 0.4000000060
37933  25.089  -60.642  8.794 0.4000000060
139603  24.408  -60.950  7.860 0.4000000060
37946  24.406  -59.954  7.561 0.3000000119
134821  24.855  -59.651  8.035 0.4000000060
148575  24.024  -58.551  7.187 0.3000000119
37972  31.066  -60.459  5.467 0.5000000000
40180  24.277  -57.997  7.347 0.5000000000
40181  23.492  -58.011  7.146 0.3000000119
142782  30.282  -59.278  4.772 0.5000000000
39107  30.745  -59.979  5.127 0.5000000000
42286  25.408  -56.778  8.581 0.5000000000
41237  24.725  -57.323  7.746 0.4000000060
40210  29.979  -58.542  5.143 0.5000000000
39118  30.261  -59.259  4.332 0.3000000119
41298  28.933  -57.958  4.715 0.5000000000
40232  29.581  -58.535  4.445 0.4000000060
41314  28.819  -57.923  4.150 0.4000000060
136992  30.558  -59.258  3.831 0.3000000119
40245  29.761  -58.645  4.055 0.3000000119
40244  31.142  -58.946  3.340 0.3000000119
127500  29.780  -58.115  3.667 0.3000000119
41330  32.059  -57.924  2.681 0.3000000119
41331  31.090  -58.255  2.899 0.3000000119
41332  28.984  -57.420  3.859 0.4000000060
42276  23.902  -56.486  9.931 0.3000000119
42375  32.495  -57.264  2.857 0.4000000060
139317  31.514  -57.424  2.911 0.4000000060
129314  25.473  -54.482  10.968 0.3000000119
48403  24.803  -49.216  11.669 0.3000000119
49510  25.040  -48.955  12.288 0.3000000119
48390  24.957  -49.199  12.667 0.3000000119
50627  25.397  -48.615  13.396 0.3000000119
49501  25.076  -48.906  13.180 0.3000000119
151364  25.993  -47.004  14.594 0.3000000119
53944  27.445  -45.371  15.471 0.3000000119
52833  27.023  -46.063  15.161 0.3000000119
51724  24.803  -47.021  14.860 0.3000000119
56180  29.262  -43.389  15.866 0.3000000119
55044  28.649  -44.042  15.690 0.3000000119
53945  26.552  -45.308  15.177 0.3000000119
143229  28.534  -43.273  15.637 0.3000000119
56181  27.778  -43.684  15.547 0.3000000119
55045  27.118  -44.486  15.533 0.3000000119
57210  27.232  -43.003  15.202 0.3000000119
56182  26.907  -43.715  15.401 0.3000000119
55046  26.334  -44.296  15.127 0.3000000119
57208  28.945  -42.756  15.505 0.3000000119
57209  28.097  -42.825  15.359 0.3000000119
37971  31.580  -60.570  6.031 0.5000000000
42376  31.990  -56.461  3.019 0.4000000060
42262  24.671  -56.089  10.726 0.3000000119
131305  27.992  -44.666  15.628 0.3000000119
51723  25.413  -47.393  14.525 0.3000000119
41254  23.658  -56.947  7.293 0.3000000119
41255  23.381  -56.184  7.259 0.3000000119
41228  23.349  -56.882  9.099 0.3000000119
31466  27.319  -66.837  12.093 0.4000000060
31473  26.863  -67.014  11.610 0.4000000060
31474  26.390  -66.720  11.150 0.4000000060
31481  25.262  -66.460  10.387 0.4000000060
32515  24.760  -65.703  9.698 0.3000000119
32507  26.320  -65.692  11.003 0.4000000060
32514  25.641  -65.697  10.463 0.4000000060
33620  25.365  -64.824  10.009 0.4000000060
35855  33.640  -62.947  7.935 0.3000000119
33611  26.579  -64.577  10.947 0.4000000060
33630  25.100  -64.276  9.085 0.3000000119
33641  24.940  -63.836  8.101 0.3000000119
33629  25.757  -64.009  9.836 0.4000000060
35842  24.547  -62.809  7.391 0.3000000119
33642  24.473  -64.324  7.299 0.3000000119
36904  24.127  -61.885  7.193 0.3000000119
34806  26.026  -63.246  9.613 0.4000000060
35827  24.982  -62.621  8.142 0.3000000119
36903  24.444  -61.921  7.618 0.3000000119
137929  25.976  -67.409  10.802 0.4000000060
31480  25.969  -66.493  10.692 0.4000000060
36920  23.825  -60.855  7.260 0.3000000119
129369  28.260  -66.064  13.350 0.3000000119
35873  23.561  -62.538  6.931 0.3000000119
30506  26.501  -67.705  11.365 0.4000000060
30513  25.156  -67.400  10.468 0.4000000060
31465  27.831  -66.661  12.830 0.3000000119
32488  31.477  -65.859  13.837 0.4000000060
32490  28.337  -65.130  13.496 0.5000000000
32506  26.824  -66.104  11.698 0.4000000060
33604  28.050  -64.193  13.132 0.5000000000
33605  27.570  -64.287  12.341 0.5000000000
33619  26.061  -64.432  10.414 0.4000000060
33628  33.860  -64.065  9.223 0.4000000060
33631  24.586  -64.641  8.126 0.3000000119
34753  30.388  -63.518  14.408 0.5000000000
34770  29.267  -63.500  13.662 0.5000000000
34780  33.556  -63.714  12.779 0.5000000000
34782  27.574  -63.604  11.748 0.5000000000
34804  34.082  -63.586  9.681 0.4000000060
34807  25.311  -63.192  8.645 0.3000000119
34819  25.013  -63.228  7.945 0.3000000119
34820  24.664  -63.577  7.445 0.3000000119
34834  24.442  -63.520  7.137 0.3000000119
35757  31.004  -62.340  14.324 0.6000000238
35759  29.677  -62.484  14.230 0.6000000238
35777  31.795  -62.879  14.015 0.6000000238
35804  34.456  -61.913  11.498 0.5000000000
35805  28.008  -62.000  11.430 0.6000000238
35857  24.267  -62.670  7.089 0.3000000119
35858  23.877  -61.870  7.037 0.3000000119
36822  33.489  -61.885  13.426 0.6000000238
36823  32.932  -61.923  13.779 0.6000000238
36824  31.561  -61.313  14.008 0.6000000238
36860  27.840  -61.271  10.906 0.6000000238
36876  26.691  -61.408  10.196 0.6000000238
36901  34.280  -61.584  9.227 0.6000000238
37873  32.484  -61.267  13.900 0.6000000238
37891  29.308  -59.841  13.105 0.6000000238
37906  34.497  -60.289  11.645 0.6000000238
37922  27.741  -60.480  10.779 0.6000000238
38986  31.421  -59.843  14.059 0.6000000238
39009  28.927  -59.807  12.326 0.6999999881
39044  26.789  -59.335  9.785 0.5000000000
39054  34.594  -59.204  9.656 0.6999999881
39068  34.263  -59.953  8.206 0.6000000238
39069  24.276  -59.140  7.307 0.3000000119
39098  31.591  -59.311  5.948 0.6000000238
40157  27.501  -57.996  10.173 0.6000000238
40168  25.258  -58.159  8.418 0.6000000238
41182  31.138  -57.527  14.116 0.8999999762
41214  35.360  -56.761  10.765 1.0000000000
41216  28.621  -57.108  11.478 0.6999999881
41238  22.988  -56.415  8.160 0.5000000000
41239  23.110  -56.469  7.600 0.3000000119
41271  23.444  -55.730  7.224 0.5000000000
41299  28.550  -57.321  4.413 0.5000000000
42235  30.883  -56.715  14.046 0.8999999762
42246  34.867  -56.537  12.379 1.0000000000
42272  35.100  -56.848  10.091 1.0000000000
42274  27.184  -57.096  10.127 0.6000000238
42305  23.457  -55.989  7.184 0.5000000000
42306  22.893  -56.084  7.397 0.5000000000
42320  33.893  -56.436  7.594 0.8000000119
42352  28.708  -56.812  4.754 0.6000000238
43222  29.789  -55.724  13.131 0.8999999762
43235  34.498  -55.966  12.950 0.8999999762
43237  29.599  -54.957  12.743 0.8999999762
43266  27.866  -55.226  10.290 0.6999999881
43270  23.805  -55.463  9.585 0.4000000060
43284  35.134  -55.811  9.283 1.0000000000
43287  22.944  -55.095  7.876 0.4000000060
43304  23.995  -55.260  7.293 0.5000000000
43305  23.339  -55.149  7.387 0.4000000060
43306  23.105  -55.403  7.444 0.5000000000
43317  34.319  -55.695  7.834 0.8000000119
43331  32.895  -55.657  6.635 0.8000000119
44230  34.448  -54.678  12.965 0.8999999762
44233  29.386  -54.349  12.225 0.6999999881
44252  28.289  -53.907  10.429 0.6000000238
44263  26.561  -53.925  9.274 0.6000000238
44264  24.622  -53.878  8.426 0.4000000060
44277  23.472  -53.767  8.050 0.4000000060
44338  29.112  -54.390  3.778 0.8000000119
45191  29.487  -52.841  12.096 0.8000000119
45211  28.063  -53.009  10.470 0.6999999881
45214  23.316  -53.093  9.157 0.5000000000
45220  25.872  -52.905  8.892 0.6000000238
45222  23.279  -52.868  8.678 0.5000000000
45235  23.434  -53.215  8.258 0.5000000000
45236  23.359  -53.561  8.343 0.4000000060
45269  31.950  -53.208  5.547 0.8999999762
45292  27.385  -53.820  4.136 0.8000000119
46235  23.902  -51.812  9.263 0.5000000000
46242  26.382  -51.913  9.973 0.6999999881
46243  24.993  -51.915  8.817 0.5000000000
46259  23.569  -52.661  8.407 0.5000000000
46270  33.954  -52.882  7.091 0.8999999762
46305  27.916  -53.376  4.028 0.8000000119
47314  24.375  -51.063  9.707 0.4000000060
47375  33.602  -51.100  2.829 0.6000000238
48387  30.757  -50.139  13.356 0.6999999881
48401  27.130  -50.050  11.825 0.4000000060
48409  27.636  -50.694  11.421 0.6000000238
49500  26.295  -48.703  12.697 0.4000000060
49517  25.090  -49.024  11.000 0.4000000060
49599  27.401  -49.276  4.716 0.8999999762
50616  36.038  -48.493  13.439 0.6999999881
50682  27.087  -47.933  6.275 0.8999999762
51718  30.758  -47.755  14.782 0.4000000060
51720  28.503  -47.866  14.744 0.4000000060
51777  31.904  -47.012  7.551 1.0000000000
51782  26.958  -47.423  6.159 0.8999999762
52834  26.353  -46.076  14.967 0.3000000119
52894  32.602  -45.784  8.291 0.8999999762
52897  29.394  -46.030  7.872 1.0000000000
52949  27.259  -46.682  5.699 0.8999999762
54014  31.553  -45.396  8.325 1.0000000000
56257  34.214  -43.864  9.588 0.8000000119
56294  32.320  -43.241  6.809 0.8000000119
57307  36.164  -41.962  9.300 0.6000000238
57319  33.941  -43.352  8.222 0.8000000119
57342  31.118  -42.429  6.143 0.8000000119
58261  36.529  -41.536  9.775 0.6999999881
59125  32.878  -40.445  13.896 0.4000000060
59248  26.257  -40.455  4.917 0.8000000119
59265  26.944  -40.262  4.602 0.8000000119
60275  30.508  -39.513  3.827 0.6000000238
60277  28.381  -39.523  4.213 0.6000000238
61294  26.738  -38.194  5.377 0.8000000119
62390  26.948  -37.381  4.952 0.6000000238
63492  27.318  -35.806  5.068 0.6000000238
63508  30.415  -36.472  4.298 0.6000000238
64537  29.077  -35.860  4.305 0.6000000238
65559  27.300  -34.112  4.858 0.6000000238
66504  27.744  -33.352  5.035 0.5000000000
67458  33.742  -31.696  8.064 0.3000000119
67499  28.423  -32.285  5.026 0.4000000060
67523  30.370  -32.158  4.111 0.4000000060
68616  29.005  -31.687  5.000 0.4000000060
68638  30.051  -31.690  4.291 0.4000000060
129120  22.736  -62.698  7.410 0.3000000119
130110  30.971  -59.038  14.152 0.6999999881
130820  31.912  -60.593  13.925 0.6000000238
131604  32.831  -51.227  5.612 0.8999999762
131644  28.487  -61.971  12.117 0.5000000000
131736  31.212  -59.964  5.719 0.5000000000
132081  24.048  -60.295  7.312 0.3000000119
132570  31.356  -65.139  13.997 0.4000000060
133863  28.504  -55.903  11.094 0.6999999881
133876  30.975  -63.917  14.230 0.5000000000
134209  26.878  -43.133  5.888 0.8000000119
134499  34.525  -62.631  11.013 0.4000000060
134820  26.574  -40.792  4.917 0.8000000119
136328  32.814  -32.312  4.520 0.3000000119
136451  31.781  -38.574  6.993 0.6999999881
137422  26.760  -44.907  5.827 0.8999999762
137682  26.757  -65.192  11.476 0.4000000060
137771  27.648  -62.816  11.344 0.5000000000
138511  29.778  -57.898  13.575 0.6999999881
138955  32.229  -32.169  6.743 0.4000000060
139400  29.416  -49.865  3.833 0.6999999881
139494  34.479  -32.563  8.527 0.3000000119
139927  32.042  -51.023  13.702 0.8000000119
140009  28.052  -37.910  5.892 0.8000000119
140019  30.874  -46.539  7.923 1.0000000000
140124  27.714  -46.099  7.203 1.0000000000
140174  31.185  -53.052  3.019 0.8000000119
141028  27.157  -60.815  10.374 0.6000000238
141828  27.299  -45.843  6.647 1.0000000000
142315  26.952  -47.933  5.532 0.8999999762
142371  34.533  -60.669  11.049 0.6000000238
142508  32.552  -63.761  13.664 0.4000000060
142691  23.597  -52.320  8.829 0.5000000000
142692  34.479  -53.828  13.132 0.8999999762
143356  33.578  -63.030  13.021 0.5000000000
143573  34.468  -49.491  6.850 1.0000000000
144428  35.244  -49.508  13.776 0.6999999881
144616  26.655  -37.982  5.030 0.8000000119
145033  31.449  -53.709  5.384 0.8999999762
145351  35.497  -54.916  10.743 1.0000000000
145544  26.819  -62.163  10.323 0.5000000000
145985  26.036  -58.201  9.411 0.5000000000
146036  26.694  -60.130  9.925 0.5000000000
147083  36.473  -49.248  12.253 0.8999999762
148776  29.099  -32.004  4.539 0.4000000060
149108  31.706  -40.999  3.736 0.5000000000
149129  34.550  -55.333  12.745 0.8999999762
149333  30.475  -58.633  3.568 0.3000000119
150834  35.331  -56.923  11.310 1.0000000000
150973  25.715  -66.904  10.614 0.4000000060
151198  28.691  -57.693  11.600 0.6999999881
151651  25.402  -63.665  9.098 0.4000000060
152234  29.557  -48.800  14.000 0.4000000060
152309  32.073  -47.576  4.456 0.6999999881
152768  29.166  -39.270  3.966 0.6000000238
152794  34.045  -58.408  8.270 0.8000000119
152877  23.378  -56.687  7.449 0.3000000119
152886  25.958  -65.006  10.668 0.4000000060
153016  34.709  -56.312  8.896 0.8999999762
153133  32.466  -44.340  8.284 0.8000000119
153158  30.432  -38.314  4.120 0.6000000238
153320  31.144  -32.257  4.386 0.4000000060
153577  24.070  -61.173  7.336 0.3000000119
153584  33.354  -42.637  6.838 0.8000000119
