#!ascii label  , from subject sub1 vox2ras=TkReg
1017
129466  43.851  -81.071  1.217 0.3000000119
23208  37.700  -74.706  1.558 0.6000000238
27642  37.144  -70.403  2.010 0.6999999881
132731  36.532  -70.712  3.057 0.6999999881
148328  43.153  -81.152  1.283 0.4000000060
17662  38.688  -79.330  -0.280 0.4000000060
15627  44.109  -80.847  0.448 0.5000000000
146607  44.370  -80.682  0.630 0.5000000000
22127  38.048  -75.435  2.328 0.6999999881
129679  36.934  -73.713  1.406 0.6999999881
23218  37.342  -74.161  1.230 0.5000000000
26585  37.367  -71.575  1.596 0.6000000238
146916  37.657  -70.073  1.318 0.6999999881
30566  37.238  -67.810  1.731 0.6999999881
127873  42.138  -81.180  0.125 0.5000000000
18708  39.804  -79.161  -0.479 0.4000000060
129325  42.968  -81.245  0.314 0.6000000238
18695  38.311  -78.790  0.875 0.4000000060
19891  38.426  -77.650  1.931 0.5000000000
16684  43.215  -80.399  -0.533 0.6000000238
19883  37.891  -76.938  2.279 0.6000000238
21006  38.395  -76.198  2.576 0.6000000238
15660  43.975  -80.257  -0.158 0.6000000238
24330  37.594  -73.254  1.391 0.6000000238
26584  37.867  -71.436  1.216 0.6000000238
28669  38.056  -69.463  0.498 0.6999999881
27652  37.600  -70.827  1.326 0.6999999881
28663  37.744  -69.457  0.894 0.6999999881
29607  37.432  -68.611  1.060 0.6999999881
131859  37.664  -68.268  0.326 0.6999999881
30571  37.447  -67.731  0.790 0.6999999881
31539  37.552  -66.856  0.672 0.6999999881
31544  38.690  -66.392  -0.868 0.6999999881
15643  40.859  -81.174  -0.261 0.5000000000
139038  40.214  -80.501  -1.320 0.5000000000
17673  39.808  -80.456  -1.398 0.5000000000
18694  39.328  -78.590  0.318 0.4000000060
16676  42.223  -80.104  -0.725 0.5000000000
19890  39.423  -77.533  1.695 0.5000000000
21005  39.209  -76.291  2.607 0.6000000238
16667  43.835  -79.588  -0.356 0.6000000238
17670  42.735  -79.446  -0.812 0.5000000000
18705  42.917  -78.257  -0.607 0.5000000000
24316  38.931  -73.640  1.888 0.6999999881
24329  38.294  -73.292  1.368 0.6000000238
23217  38.083  -73.939  1.486 0.6999999881
128682  38.097  -70.873  0.972 0.6000000238
144885  38.118  -71.976  1.219 0.6000000238
27660  38.351  -69.888  0.755 0.6000000238
27651  38.065  -70.140  0.972 0.6000000238
29612  38.241  -68.918  0.121 0.6000000238
29616  37.983  -68.331  -0.027 0.6999999881
32574  37.547  -65.988  0.493 0.6999999881
30575  38.999  -67.482  -0.209 0.6000000238
31541  37.947  -66.628  -0.143 0.6999999881
143346  37.982  -65.066  -0.414 0.6999999881
138607  38.609  -67.062  -0.270 0.6999999881
18693  40.359  -78.354  -0.011 0.4000000060
150736  41.256  -80.232  -0.877 0.5000000000
18707  40.634  -79.034  -0.569 0.4000000060
19889  40.258  -77.360  1.338 0.5000000000
21004  40.055  -75.858  2.262 0.6000000238
18712  41.320  -79.237  -0.768 0.4000000060
22126  38.964  -75.368  2.682 0.6000000238
18711  42.335  -78.938  -0.848 0.4000000060
19911  41.209  -78.415  -0.455 0.4000000060
18706  42.038  -78.366  -0.632 0.4000000060
21033  42.295  -76.932  -0.458 0.4000000060
140942  39.354  -74.330  2.411 0.6999999881
135204  38.787  -72.892  1.155 0.6000000238
152193  38.566  -72.224  1.118 0.6000000238
28668  38.492  -69.456  0.480 0.6000000238
27650  38.735  -70.597  0.840 0.6000000238
131898  37.612  -65.152  0.364 0.6999999881
33705  38.475  -64.450  -0.800 0.6999999881
32578  39.480  -66.073  -1.338 0.6000000238
32579  38.587  -65.574  -1.098 0.6000000238
149003  41.039  -77.794  -0.044 0.4000000060
19898  40.598  -77.611  0.518 0.4000000060
152078  39.791  -74.917  2.412 0.6999999881
21025  41.291  -77.011  0.269 0.4000000060
23206  40.234  -74.153  2.500 0.8000000119
133845  43.222  -76.846  -0.706 0.5000000000
24328  39.577  -72.937  1.401 0.6999999881
25500  39.312  -72.170  0.995 0.6000000238
27659  38.742  -69.961  0.746 0.5000000000
26582  39.490  -71.359  0.867 0.6000000238
33697  37.343  -64.506  1.082 0.6999999881
30574  39.398  -67.132  -0.180 0.6000000238
34879  37.803  -63.427  -0.157 0.8000000119
31542  39.927  -66.615  -0.702 0.6000000238
31543  39.564  -66.700  -0.712 0.6000000238
22138  41.666  -75.235  1.127 0.5000000000
22139  40.984  -75.657  1.650 0.6000000238
21011  41.441  -76.088  0.756 0.5000000000
23223  43.210  -74.548  -0.109 0.6999999881
22150  42.246  -75.663  0.203 0.4000000060
25499  40.094  -72.331  1.163 0.6999999881
135272  40.215  -71.731  0.948 0.6999999881
27649  39.409  -70.221  0.860 0.6000000238
133001  39.873  -70.811  0.846 0.6000000238
28662  39.089  -69.607  0.799 0.6000000238
35915  37.775  -62.441  0.016 0.6000000238
29614  39.163  -68.046  0.066 0.6000000238
148225  39.598  -63.503  -1.417 0.6999999881
35919  39.153  -62.701  -1.110 0.6999999881
33703  40.439  -65.142  -1.040 0.6999999881
32580  40.014  -65.526  -1.330 0.6999999881
34882  39.474  -64.232  -1.432 0.6999999881
22124  41.241  -74.862  1.841 0.6000000238
22125  40.539  -74.933  2.182 0.6000000238
148308  43.931  -72.874  -0.017 0.6999999881
22137  42.376  -74.792  0.535 0.6000000238
24314  40.695  -73.543  2.158 0.6999999881
24334  45.094  -73.449  -0.438 0.6999999881
22149  44.150  -74.990  -1.003 0.6999999881
24327  40.555  -72.858  1.660 0.6999999881
25498  40.888  -72.066  1.163 0.6999999881
27648  40.441  -70.416  0.935 0.5000000000
26581  40.341  -71.234  0.827 0.6000000238
36988  37.323  -61.994  0.741 0.5000000000
29596  39.669  -68.232  1.572 0.6000000238
29606  39.544  -69.029  1.340 0.6000000238
37003  38.370  -61.318  -0.667 0.6000000238
36996  37.722  -61.484  0.039 0.5000000000
31540  39.573  -66.936  0.091 0.6000000238
136877  39.318  -68.506  0.712 0.6000000238
37001  39.921  -62.059  -1.478 0.6000000238
39171  39.708  -59.447  -1.331 0.5000000000
32575  40.165  -66.015  -0.593 0.6999999881
33700  40.567  -64.880  -0.711 0.6999999881
34880  40.789  -63.854  -1.076 0.6999999881
34881  40.188  -63.926  -1.575 0.6999999881
37004  40.875  -61.532  -1.597 0.5000000000
34877  40.801  -64.130  -0.765 0.6999999881
37000  41.183  -61.843  -1.204 0.6000000238
24313  41.371  -73.520  1.875 0.6000000238
24325  43.100  -72.916  0.790 0.6999999881
133150  42.436  -72.983  1.413 0.6000000238
25506  44.602  -72.228  -0.113 0.6999999881
142693  41.620  -72.730  1.551 0.6999999881
27658  40.905  -70.900  0.703 0.6999999881
26580  41.175  -71.351  0.767 0.6999999881
153619  37.459  -60.737  0.373 0.4000000060
29605  40.432  -69.095  1.847 0.5000000000
39172  38.793  -59.672  -0.652 0.4000000060
33695  40.041  -65.320  0.243 0.6000000238
32572  39.589  -66.400  1.020 0.6000000238
131756  40.100  -61.260  -1.545 0.5000000000
38034  39.660  -60.460  -1.312 0.5000000000
35921  40.592  -62.510  -1.356 0.5000000000
38041  41.105  -60.763  -1.694 0.4000000060
34878  40.484  -63.578  -0.015 0.6000000238
35913  40.765  -63.283  -0.734 0.6999999881
138286  41.060  -62.334  -0.762 0.6000000238
36994  41.467  -61.606  -0.772 0.5000000000
25496  43.425  -72.114  0.731 0.6000000238
25497  42.493  -72.313  1.157 0.6999999881
135785  44.951  -70.833  0.186 0.6999999881
147716  44.547  -71.342  0.133 0.6999999881
26579  42.313  -71.389  0.509 0.6000000238
26589  41.819  -70.897  0.274 0.6000000238
29595  40.096  -68.357  2.214 0.6000000238
31538  39.548  -67.371  1.558 0.6000000238
39177  40.610  -60.129  -1.702 0.4000000060
40287  39.776  -58.508  -1.232 0.4000000060
34874  40.387  -64.423  -0.010 0.6000000238
40296  40.717  -59.178  -1.694 0.4000000060
35914  40.584  -62.598  0.097 0.6000000238
38025  41.084  -61.278  -0.138 0.5000000000
26578  43.527  -71.324  0.368 0.6999999881
26588  42.717  -70.736  0.124 0.6000000238
28665  44.611  -69.334  0.415 0.6999999881
27656  43.190  -70.169  0.012 0.6000000238
136810  42.437  -70.426  0.153 0.6000000238
28664  45.566  -69.343  0.536 0.6999999881
28667  42.309  -70.000  0.385 0.5000000000
30565  39.869  -67.649  2.531 0.6000000238
29594  40.979  -68.266  2.468 0.6000000238
150248  39.434  -66.729  2.037 0.5000000000
33696  39.618  -64.558  1.076 0.6000000238
35907  39.779  -63.069  0.926 0.6000000238
29609  44.227  -68.704  0.423 0.6999999881
29610  43.253  -69.215  0.477 0.6999999881
28659  42.285  -69.364  1.047 0.6000000238
30551  40.021  -67.027  3.322 0.6000000238
30564  40.464  -67.528  2.844 0.6000000238
33691  38.820  -64.498  2.196 0.6000000238
137817  39.068  -63.607  1.722 0.6000000238
36995  40.401  -61.682  0.506 0.5000000000
21031  44.522  -76.670  -0.393 0.5000000000
143894  45.355  -75.779  -1.087 0.5000000000
22135  45.102  -76.249  -0.207 0.5000000000
23222  45.842  -75.532  -0.831 0.5000000000
24336  45.432  -74.639  -1.117 0.6999999881
24324  47.301  -73.869  0.060 0.6999999881
23224  46.548  -74.777  -0.962 0.5000000000
23221  46.579  -75.029  -0.546 0.5000000000
24333  46.439  -73.929  -0.873 0.6999999881
24332  47.052  -73.943  -0.561 0.6999999881
26586  45.864  -71.884  -0.327 0.6999999881
15615  44.055  -81.127  2.012 0.3000000119
144279  37.223  -69.440  1.841 0.6999999881
25502  37.546  -72.256  1.496 0.6000000238
141899  37.355  -65.307  1.309 0.6999999881
21023  42.978  -76.214  -0.656 0.6000000238
29611  38.888  -68.875  0.367 0.6000000238
33706  40.131  -64.742  -1.459 0.6999999881
35920  38.319  -62.100  -0.582 0.6000000238
35918  40.114  -63.083  -1.506 0.6999999881
142739  38.928  -61.878  -1.099 0.6000000238
34884  40.518  -63.498  -1.295 0.6999999881
38035  38.609  -60.538  -0.685 0.5000000000
39173  37.967  -59.826  -0.172 0.5000000000
38033  41.548  -61.196  -1.118 0.5000000000
28660  41.176  -69.851  1.180 0.5000000000
28666  43.686  -69.573  0.200 0.6999999881
29604  41.615  -68.876  1.804 0.5000000000
32573  39.337  -65.408  1.631 0.6000000238
148988  42.963  -69.932  0.056 0.6000000238
32568  39.250  -65.993  2.482 0.6000000238
29603  43.045  -68.312  1.384 0.5000000000
24310  46.258  -73.647  1.379 0.6000000238
25473  41.895  -72.261  4.214 0.6000000238
26551  41.028  -71.063  5.214 0.4000000060
25479  43.885  -72.831  3.186 0.5000000000
25487  47.051  -72.891  0.726 0.6000000238
135719  36.534  -77.200  1.559 0.5000000000
26552  40.612  -71.754  5.614 0.4000000060
21007  37.625  -76.238  2.151 0.5000000000
22140  36.695  -75.721  0.973 0.5000000000
25480  42.849  -72.414  3.760 0.5000000000
27617  40.546  -70.219  6.411 0.4000000060
21013  36.910  -76.278  1.366 0.5000000000
23219  36.574  -74.558  1.361 0.5000000000
26563  42.618  -71.516  3.952 0.6000000238
139005  37.105  -74.992  1.052 0.5000000000
25478  44.806  -72.155  2.780 0.5000000000
25495  47.261  -73.046  -0.190 0.6000000238
28627  40.355  -69.505  7.255 0.4000000060
29560  40.037  -69.155  7.802 0.4000000060
27628  42.412  -70.806  4.358 0.4000000060
24319  34.807  -74.415  2.548 0.5000000000
26562  43.767  -71.694  3.551 0.5000000000
23209  35.650  -74.481  1.916 0.5000000000
25483  35.175  -73.044  3.201 0.5000000000
25488  46.086  -72.536  1.856 0.6000000238
135031  46.528  -71.872  1.325 0.6000000238
137848  46.688  -72.153  -0.127 0.6000000238
25503  36.857  -72.169  1.991 0.5000000000
25482  35.660  -72.247  3.209 0.5000000000
26571  45.612  -71.570  2.344 0.5000000000
26561  44.713  -71.364  3.090 0.5000000000
26570  46.266  -70.932  1.987 0.6000000238
26569  46.463  -70.334  1.329 0.6000000238
26576  46.547  -71.129  0.452 0.6000000238
27647  46.448  -70.286  0.852 0.6000000238
137069  46.053  -71.052  -0.027 0.6000000238
27622  41.558  -70.287  5.387 0.4000000060
28632  40.940  -69.496  6.619 0.4000000060
26564  36.119  -71.509  3.204 0.5000000000
26565  35.236  -71.589  3.674 0.5000000000
26566  34.332  -71.518  3.507 0.4000000060
140815  36.375  -72.052  2.675 0.6000000238
132740  34.734  -72.286  3.439 0.4000000060
27635  44.375  -70.758  3.660 0.6000000238
27633  45.709  -69.711  3.211 0.6000000238
28645  46.297  -69.353  2.653 0.6000000238
28652  46.512  -69.036  1.911 0.6000000238
29553  40.687  -68.477  7.903 0.4000000060
27630  36.124  -70.055  3.718 0.5000000000
27637  34.413  -70.219  3.677 0.4000000060
28648  33.983  -69.520  3.120 0.4000000060
28641  43.028  -70.136  4.578 0.6000000238
147629  42.239  -70.335  4.837 0.4000000060
27627  44.181  -69.966  4.314 0.6000000238
26556  43.335  -70.760  4.021 0.6000000238
27634  44.984  -70.081  3.691 0.5000000000
28646  45.966  -69.016  3.320 0.6000000238
28639  45.174  -69.276  3.990 0.5000000000
28658  45.913  -68.743  0.634 0.6000000238
153082  40.423  -68.129  8.434 0.4000000060
27616  41.052  -70.003  6.012 0.4000000060
29584  36.410  -68.563  3.378 0.6000000238
29580  35.599  -68.662  3.712 0.5000000000
29586  34.447  -68.742  3.318 0.5000000000
29587  33.390  -68.731  2.832 0.5000000000
27621  42.712  -69.667  5.266 0.4000000060
28631  42.043  -69.489  6.089 0.4000000060
153506  43.582  -69.593  4.900 0.5000000000
29577  44.865  -68.643  4.298 0.5000000000
30543  44.592  -67.741  3.840 0.5000000000
29582  46.218  -68.529  2.637 0.6000000238
30568  45.378  -67.482  1.249 0.6000000238
29608  45.150  -68.383  0.410 0.6000000238
30531  42.839  -68.060  7.826 0.4000000060
28626  40.885  -68.872  7.242 0.4000000060
30522  41.552  -67.991  8.241 0.4000000060
152121  41.560  -67.542  8.567 0.4000000060
32570  37.228  -66.148  1.463 0.6000000238
29559  42.884  -68.490  7.143 0.4000000060
29567  41.902  -68.882  6.826 0.4000000060
30553  35.675  -67.426  3.492 0.6000000238
30554  34.773  -67.215  3.200 0.5000000000
139655  33.967  -67.832  2.949 0.4000000060
29566  42.864  -68.864  6.460 0.4000000060
28640  44.357  -69.150  4.855 0.5000000000
30548  44.898  -67.025  2.742 0.5000000000
149028  45.129  -67.666  0.637 0.6000000238
29601  44.600  -67.762  0.567 0.6000000238
30521  43.755  -67.651  7.986 0.4000000060
147276  36.960  -65.519  2.059 0.6000000238
31537  36.701  -66.270  2.477 0.6000000238
32563  35.933  -65.972  3.167 0.5000000000
31528  33.510  -66.432  2.816 0.5000000000
29565  43.463  -68.439  6.635 0.4000000060
29572  43.503  -68.770  6.019 0.4000000060
152328  43.987  -68.898  5.456 0.5000000000
30544  43.727  -67.515  4.445 0.5000000000
30560  44.764  -66.876  1.762 0.5000000000
134575  43.511  -67.032  8.654 0.4000000060
33692  36.991  -64.761  1.961 0.6000000238
148716  35.167  -64.815  3.126 0.5000000000
29578  44.281  -68.526  4.828 0.5000000000
31521  43.493  -65.689  2.912 0.4000000060
30561  43.957  -66.505  1.764 0.4000000060
30562  43.388  -66.861  1.773 0.6000000238
29593  42.200  -67.810  2.262 0.4000000060
31485  44.445  -66.792  8.474 0.4000000060
30530  43.798  -68.059  7.303 0.4000000060
34875  37.226  -63.681  0.757 0.5000000000
32571  36.349  -65.217  2.661 0.5000000000
147437  35.682  -64.618  2.889 0.5000000000
127982  34.529  -65.074  3.216 0.4000000060
33693  36.387  -64.281  2.405 0.4000000060
31515  42.837  -67.008  5.383 0.5000000000
30545  43.109  -66.925  4.618 0.5000000000
31517  43.386  -66.179  3.699 0.6000000238
31532  43.313  -65.767  2.546 0.4000000060
133814  43.221  -65.946  2.302 0.4000000060
129895  42.637  -66.648  2.411 0.4000000060
32558  42.688  -65.027  3.215 0.5000000000
35909  37.282  -62.842  0.680 0.5000000000
34876  36.869  -63.153  1.459 0.6000000238
35910  36.918  -62.396  1.422 0.4000000060
140824  41.197  -65.207  3.594 0.5000000000
30563  41.560  -67.185  2.808 0.5000000000
32554  42.400  -64.877  3.901 0.5000000000
32553  43.023  -65.214  3.306 0.5000000000
32559  41.957  -64.654  3.655 0.5000000000
31534  42.240  -65.112  3.126 0.5000000000
31503  44.532  -67.422  7.659 0.4000000060
31524  39.845  -66.479  3.479 0.4000000060
130969  40.119  -65.727  3.828 0.5000000000
33680  41.357  -64.438  4.056 0.5000000000
32555  41.735  -64.522  4.108 0.5000000000
38026  37.203  -61.169  0.824 0.4000000060
34871  38.553  -63.666  2.787 0.4000000060
33685  38.662  -64.395  3.225 0.4000000060
32569  38.885  -65.124  2.610 0.5000000000
32562  38.961  -65.291  3.355 0.5000000000
32561  39.729  -65.166  3.990 0.5000000000
32560  40.940  -64.652  3.899 0.5000000000
33677  39.597  -63.926  4.607 0.5000000000
33681  38.822  -63.905  4.126 0.4000000060
26572  36.883  -71.340  2.190 0.5000000000
28653  36.737  -69.104  2.854 0.6000000238
24331  36.891  -72.973  1.751 0.6000000238
29597  36.964  -68.366  2.434 0.6000000238
142163  37.192  -76.922  2.007 0.5000000000
29602  43.960  -68.189  0.686 0.6000000238
24318  35.474  -73.766  2.621 0.5000000000
24317  36.298  -73.733  1.895 0.5000000000
25490  36.133  -72.866  2.516 0.5000000000
133837  34.801  -70.882  3.854 0.4000000060
136324  34.072  -70.866  3.554 0.4000000060
28642  35.624  -69.317  3.848 0.6000000238
28643  34.802  -69.465  3.736 0.4000000060
30567  36.889  -67.330  2.542 0.6000000238
30552  36.420  -67.764  3.256 0.6000000238
29585  35.121  -68.121  3.520 0.5000000000
28649  32.801  -69.678  2.575 0.5000000000
144659  33.965  -66.994  2.808 0.5000000000
31527  34.445  -66.465  3.043 0.5000000000
33686  35.473  -65.242  3.086 0.5000000000
30549  44.067  -66.638  3.252 0.5000000000
129571  34.015  -65.829  3.033 0.5000000000
30541  43.468  -67.766  5.377 0.5000000000
33698  36.902  -63.930  1.694 0.6000000238
138630  42.406  -65.840  2.699 0.3000000119
34866  38.539  -63.533  3.649 0.4000000060
13423  37.122  -83.321  11.447 0.3000000119
14475  37.016  -83.021  10.033 0.3000000119
14451  37.295  -82.235  11.029 0.3000000119
15501  38.288  -81.845  9.417 0.3000000119
15502  37.696  -81.652  9.953 0.3000000119
16544  37.833  -80.943  10.237 0.3000000119
15517  39.637  -81.797  8.762 0.3000000119
15500  38.912  -81.235  9.349 0.3000000119
19771  39.801  -78.096  11.227 0.3000000119
17566  39.037  -78.947  10.388 0.3000000119
17575  40.031  -79.072  9.238 0.3000000119
16558  39.754  -80.958  8.934 0.3000000119
149731  39.467  -78.213  10.271 0.3000000119
20937  40.977  -76.785  10.100 0.3000000119
19796  39.781  -77.719  9.917 0.3000000119
18628  40.134  -78.085  9.380 0.4000000060
18641  40.926  -78.867  8.996 0.4000000060
17588  41.697  -79.693  8.594 0.4000000060
130296  42.505  -80.574  8.460 0.3000000119
20934  43.084  -76.021  9.107 0.3000000119
20952  41.890  -76.746  9.074 0.4000000060
19811  41.998  -77.541  8.665 0.4000000060
18640  41.838  -78.670  8.621 0.4000000060
22056  43.613  -75.579  9.677 0.3000000119
17587  42.664  -79.584  8.401 0.4000000060
23124  46.157  -74.098  9.498 0.4000000060
152154  44.328  -75.377  9.482 0.4000000060
16555  43.545  -80.540  8.309 0.4000000060
128267  44.346  -80.202  8.096 0.3000000119
138671  44.699  -75.468  8.900 0.4000000060
142213  43.200  -76.809  8.599 0.3000000119
19810  42.952  -77.495  8.369 0.4000000060
23141  45.744  -74.501  9.156 0.4000000060
19828  45.010  -78.020  7.716 0.5000000000
18638  43.575  -78.069  8.057 0.4000000060
15639  45.356  -80.134  -0.602 0.5000000000
24260  46.912  -73.792  9.141 0.4000000060
17586  43.560  -79.498  8.173 0.4000000060
16641  44.695  -80.683  2.170 0.3000000119
17639  45.816  -79.572  1.512 0.4000000060
16581  46.493  -80.559  6.567 0.3000000119
18687  36.512  -79.102  0.771 0.4000000060
130690  36.498  -78.149  1.404 0.4000000060
152381  43.852  -76.329  -0.775 0.4000000060
21032  44.025  -76.765  -0.604 0.4000000060
19908  43.465  -77.531  -0.508 0.4000000060
22069  45.461  -75.120  8.716 0.4000000060
20949  44.559  -76.324  8.477 0.3000000119
19808  44.399  -77.196  8.149 0.5000000000
19907  44.277  -77.602  -0.085 0.4000000060
17660  44.750  -79.306  -0.148 0.4000000060
147607  47.314  -74.084  8.615 0.4000000060
16651  45.236  -80.049  1.173 0.4000000060
18653  45.029  -79.039  7.679 0.4000000060
17650  45.506  -79.269  0.127 0.5000000000
17599  45.053  -79.941  7.857 0.5000000000
17638  46.230  -79.422  2.260 0.4000000060
16624  45.499  -80.367  3.496 0.4000000060
16570  46.237  -80.440  7.129 0.3000000119
16623  46.120  -80.095  3.879 0.4000000060
21014  36.091  -76.502  0.898 0.4000000060
22152  44.068  -75.826  -0.921 0.4000000060
22068  47.317  -75.095  8.102 0.4000000060
20948  45.381  -76.022  8.285 0.4000000060
138279  44.491  -77.465  0.026 0.4000000060
18692  45.497  -78.946  -0.435 0.5000000000
20962  47.096  -76.291  7.661 0.4000000060
19807  45.287  -77.011  7.944 0.4000000060
18683  45.467  -78.947  0.139 0.5000000000
22080  48.623  -75.219  7.468 0.4000000060
22081  47.953  -76.004  7.347 0.4000000060
143574  46.967  -77.139  7.501 0.4000000060
19826  47.259  -77.734  7.268 0.5000000000
18651  46.856  -78.560  7.210 0.5000000000
146025  44.818  -77.884  0.231 0.4000000060
18677  45.634  -78.588  1.252 0.5000000000
22079  49.247  -75.176  6.806 0.4000000060
17596  47.269  -79.182  6.584 0.5000000000
17645  46.010  -79.142  1.233 0.4000000060
17608  46.997  -79.887  6.177 0.4000000060
17624  47.106  -79.215  4.841 0.4000000060
17625  46.609  -79.645  4.391 0.4000000060
17632  46.522  -79.460  3.219 0.4000000060
21022  44.710  -76.924  -0.228 0.4000000060
22136  44.629  -76.058  0.926 0.3000000119
20961  48.274  -76.590  6.920 0.4000000060
19825  47.910  -77.431  6.866 0.4000000060
19887  44.727  -77.820  0.822 0.4000000060
27643  32.871  -70.566  2.445 0.4000000060
23166  49.780  -73.765  5.908 0.4000000060
20972  49.211  -75.437  6.316 0.4000000060
19839  48.015  -77.848  6.297 0.5000000000
19852  48.008  -78.292  5.814 0.5000000000
19880  44.299  -77.649  2.530 0.5000000000
19879  45.895  -78.299  2.214 0.4000000060
138777  49.372  -74.225  5.394 0.4000000060
18669  47.606  -79.032  5.678 0.4000000060
18676  46.390  -78.775  2.196 0.4000000060
17631  46.970  -78.981  3.919 0.4000000060
19877  46.919  -78.114  2.919 0.4000000060
130146  45.335  -75.350  1.031 0.4000000060
21010  44.340  -76.826  0.983 0.3000000119
20982  48.904  -75.791  5.638 0.4000000060
19838  48.437  -76.878  6.190 0.4000000060
21002  43.484  -76.902  2.287 0.3000000119
22099  49.122  -75.034  4.976 0.4000000060
22110  48.399  -75.301  4.521 0.4000000060
19851  48.266  -77.493  5.547 0.4000000060
18668  48.043  -78.105  5.079 0.5000000000
23182  48.894  -73.822  5.254 0.4000000060
23190  48.352  -74.643  4.636 0.4000000060
19866  47.731  -76.909  4.022 0.4000000060
19867  47.343  -77.512  3.505 0.4000000060
19869  46.344  -77.753  2.870 0.4000000060
23214  46.480  -74.716  0.369 0.4000000060
20989  47.779  -76.236  4.235 0.4000000060
11621  41.856  -85.800  6.660 0.3000000119
19769  41.099  -77.296  11.353 0.3000000119
20922  42.312  -75.905  10.334 0.3000000119
22055  44.334  -75.239  10.023 0.4000000060
24258  49.078  -73.410  8.475 0.4000000060
23139  48.500  -74.291  8.164 0.4000000060
24257  50.314  -73.289  7.576 0.4000000060
134940  50.183  -73.154  6.150 0.4000000060
22122  43.619  -76.228  2.062 0.3000000119
24296  48.787  -73.411  5.489 0.4000000060
23202  43.900  -75.293  2.009 0.4000000060
21003  42.919  -76.405  2.863 0.4000000060
19881  43.533  -77.287  2.575 0.4000000060
24297  47.045  -73.766  5.544 0.4000000060
22111  47.918  -75.424  4.304 0.4000000060
20990  47.228  -76.401  4.098 0.4000000060
20991  46.316  -76.768  3.870 0.4000000060
19860  44.449  -77.363  3.560 0.3000000119
130198  45.240  -77.822  2.741 0.4000000060
23184  47.016  -74.695  5.144 0.4000000060
17651  46.385  -79.590  -0.796 0.4000000060
23201  45.084  -74.555  1.712 0.4000000060
13445  37.465  -83.467  9.406 0.3000000119
15485  37.506  -81.447  10.735 0.3000000119
14501  38.629  -82.585  8.972 0.3000000119
10749  40.830  -86.955  6.784 0.3000000119
11607  42.063  -85.942  7.708 0.3000000119
16542  39.095  -80.292  9.479 0.3000000119
20906  40.968  -76.902  10.786 0.3000000119
18629  39.538  -78.481  9.761 0.4000000060
17589  40.753  -79.835  8.778 0.4000000060
19794  41.287  -77.065  9.353 0.3000000119
20935  42.289  -76.202  9.406 0.3000000119
19812  41.047  -77.871  9.053 0.4000000060
18639  42.859  -78.505  8.242 0.4000000060
22041  43.518  -75.560  10.417 0.3000000119
24244  47.520  -73.472  9.624 0.4000000060
19827  46.244  -77.728  7.540 0.4000000060
17597  46.490  -79.446  7.103 0.5000000000
16594  46.545  -80.502  5.895 0.3000000119
18652  45.939  -78.773  7.505 0.5000000000
23137  50.155  -73.744  6.959 0.4000000060
18671  47.507  -78.550  4.551 0.4000000060
20998  45.801  -77.298  3.379 0.4000000060
24306  42.098  -73.843  3.985 0.4000000060
24305  42.859  -73.283  3.570 0.4000000060
24299  40.605  -73.386  5.680 0.4000000060
25470  40.711  -72.649  5.327 0.3000000119
25481  42.251  -72.993  4.016 0.5000000000
149551  43.504  -73.608  3.076 0.4000000060
24311  44.493  -73.626  2.402 0.4000000060
27556  43.843  -69.889  11.005 0.3000000119
27575  44.263  -70.617  10.598 0.3000000119
27579  39.921  -70.220  10.586 0.3000000119
25431  40.216  -71.782  8.996 0.3000000119
27603  39.701  -70.565  8.236 0.3000000119
27612  40.215  -70.113  7.000 0.3000000119
27557  42.937  -70.047  11.233 0.3000000119
27558  42.025  -70.061  11.266 0.3000000119
152302  40.394  -69.942  11.052 0.3000000119
28578  44.462  -69.108  11.450 0.3000000119
28567  42.891  -68.684  11.843 0.3000000119
27592  39.444  -70.417  9.062 0.3000000119
28617  39.499  -69.619  8.586 0.3000000119
28581  41.574  -69.399  11.554 0.3000000119
28583  39.826  -68.981  11.260 0.3000000119
140764  39.507  -69.682  10.339 0.3000000119
30485  40.926  -67.345  12.386 0.3000000119
28569  41.264  -68.816  11.746 0.3000000119
31471  39.617  -67.043  11.040 0.3000000119
30487  40.212  -67.198  12.095 0.3000000119
32504  39.575  -66.273  11.355 0.3000000119
29510  42.369  -68.053  12.150 0.3000000119
144354  39.375  -68.830  10.026 0.3000000119
30517  39.878  -67.475  9.384 0.3000000119
31498  41.445  -67.002  8.847 0.3000000119
31461  40.451  -66.585  12.653 0.3000000119
30511  39.566  -67.466  10.512 0.3000000119
31488  40.391  -66.766  9.434 0.3000000119
32496  39.580  -65.478  12.163 0.3000000119
32512  39.691  -65.941  10.587 0.3000000119
32511  40.093  -65.052  10.372 0.3000000119
31497  42.336  -66.755  8.878 0.3000000119
31487  41.393  -66.111  9.282 0.3000000119
31486  42.690  -66.186  9.223 0.3000000119
151988  43.596  -66.328  9.028 0.3000000119
31496  44.450  -67.402  8.031 0.3000000119
32519  45.293  -66.377  8.329 0.3000000119
32534  45.441  -66.485  7.871 0.3000000119
25463  40.287  -72.570  6.169 0.3000000119
135637  40.960  -73.401  5.007 0.4000000060
30524  39.783  -68.069  8.980 0.3000000119
23193  40.979  -74.118  5.319 0.5000000000
28597  39.448  -69.019  10.711 0.3000000119
26505  40.117  -70.900  10.205 0.3000000119
25444  39.921  -71.938  8.228 0.3000000119
26548  39.881  -71.536  7.127 0.3000000119
28582  40.589  -69.244  11.446 0.3000000119
28568  41.993  -68.756  11.838 0.3000000119
29545  39.495  -68.804  9.245 0.3000000119
30502  39.972  -67.808  11.571 0.3000000119
33616  39.693  -64.435  11.024 0.3000000119
33615  40.271  -64.138  10.547 0.3000000119
31489  39.869  -66.477  10.103 0.3000000119
33601  39.705  -64.673  12.468 0.3000000119
32522  40.874  -65.298  9.695 0.3000000119
19870  43.454  -77.269  3.217 0.3000000119
141562  44.349  -76.868  4.412 0.4000000060
23186  44.882  -75.038  5.874 0.4000000060
22104  43.410  -75.841  5.451 0.4000000060
21000  42.718  -76.397  3.493 0.3000000119
23169  43.323  -74.831  6.530 0.4000000060
24277  43.805  -74.197  7.032 0.3000000119
20994  42.674  -76.412  4.183 0.4000000060
139000  42.664  -75.748  5.333 0.4000000060
23154  42.785  -74.363  7.068 0.3000000119
22115  42.311  -75.876  4.091 0.3000000119
22105  42.229  -75.813  4.847 0.4000000060
136205  41.555  -74.725  6.163 0.4000000060
23196  42.381  -74.654  3.674 0.3000000119
22116  41.890  -75.206  4.688 0.4000000060
23171  41.039  -74.384  5.851 0.4000000060
143333  42.578  -75.270  3.402 0.3000000119
23203  43.039  -74.845  3.014 0.3000000119
24312  43.703  -74.300  2.611 0.3000000119
22123  43.008  -75.660  2.822 0.3000000119
22106  41.478  -74.851  5.382 0.4000000060
20985  42.993  -76.243  4.840 0.4000000060
23115  45.169  -74.656  10.234 0.3000000119
22113  46.108  -76.099  4.487 0.3000000119
22037  48.059  -75.568  10.564 0.3000000119
129503  46.867  -75.847  10.810 0.3000000119
23114  46.005  -74.444  10.556 0.3000000119
24245  46.593  -73.838  9.795 0.3000000119
22114  44.887  -76.358  4.877 0.3000000119
22101  46.344  -75.340  5.017 0.3000000119
132394  50.059  -74.783  10.643 0.3000000119
23112  48.093  -73.827  10.576 0.3000000119
150970  49.045  -73.796  10.776 0.3000000119
25417  48.447  -72.926  9.976 0.3000000119
25425  49.674  -72.783  8.746 0.3000000119
22102  45.400  -75.569  5.245 0.3000000119
23102  51.376  -74.686  11.565 0.3000000119
149397  50.106  -73.556  10.922 0.3000000119
23103  51.111  -73.895  11.364 0.3000000119
24228  48.836  -73.125  10.531 0.3000000119
24227  49.819  -72.825  10.664 0.3000000119
148234  49.151  -72.629  9.584 0.3000000119
24214  52.055  -72.833  12.160 0.3000000119
25404  51.988  -72.495  11.497 0.3000000119
25416  49.384  -72.614  10.193 0.3000000119
25415  50.669  -72.518  10.396 0.3000000119
25437  50.748  -72.592  8.122 0.3000000119
24285  50.486  -73.002  6.533 0.3000000119
25460  48.978  -72.491  5.974 0.3000000119
24188  52.019  -73.061  13.101 0.3000000119
148516  51.170  -72.209  8.594 0.3000000119
25423  51.388  -72.132  9.461 0.3000000119
25451  50.596  -72.653  7.152 0.3000000119
23185  45.854  -74.803  5.533 0.3000000119
25402  52.464  -72.169  12.165 0.3000000119
25377  52.371  -71.992  12.769 0.3000000119
25413  52.196  -72.006  10.944 0.3000000119
25422  51.801  -71.728  9.675 0.3000000119
25450  51.022  -72.219  7.732 0.3000000119
26545  49.331  -72.152  6.318 0.3000000119
24287  47.877  -73.256  5.554 0.3000000119
24298  46.273  -74.187  5.709 0.3000000119
23167  45.393  -74.230  6.182 0.3000000119
20992  45.271  -76.924  4.174 0.3000000119
26510  52.346  -70.997  10.355 0.3000000119
26523  51.464  -71.651  8.773 0.3000000119
26536  50.184  -71.854  7.030 0.3000000119
25461  47.911  -72.624  6.086 0.3000000119
24229  47.777  -73.517  10.223 0.3000000119
136023  46.856  -74.830  10.750 0.3000000119
10748  41.443  -86.444  7.141 0.3000000119
11588  42.219  -85.456  8.275 0.3000000119
13424  36.880  -83.243  11.111 0.3000000119
14433  37.162  -82.857  11.185 0.3000000119
14474  37.317  -82.257  10.302 0.3000000119
14593  43.431  -81.021  -0.108 0.6000000238
14597  43.243  -80.852  -0.297 0.6000000238
15518  38.957  -81.976  8.964 0.3000000119
15527  46.160  -81.256  7.058 0.3000000119
15617  42.648  -81.125  1.457 0.4000000060
15626  44.697  -80.192  0.025 0.5000000000
15628  43.411  -81.171  0.725 0.5000000000
15640  44.608  -80.404  0.192 0.5000000000
15641  43.662  -81.052  0.151 0.6000000238
15642  42.838  -81.085  -0.121 0.5000000000
15650  45.015  -80.111  -0.351 0.5000000000
15651  44.631  -80.103  -0.087 0.6000000238
15652  43.900  -80.711  -0.068 0.6000000238
15653  42.425  -80.702  -0.460 0.5000000000
15661  43.577  -80.631  -0.283 0.6000000238
16528  37.731  -80.761  10.849 0.3000000119
16541  39.895  -80.041  9.093 0.3000000119
16543  38.393  -80.588  9.860 0.3000000119
16639  46.032  -79.902  3.005 0.4000000060
16640  45.531  -80.105  2.394 0.4000000060
16652  44.451  -80.689  1.276 0.5000000000
16661  45.845  -80.178  -0.795 0.5000000000
16662  44.853  -80.083  0.288 0.5000000000
16665  45.583  -80.151  -1.056 0.5000000000
16666  45.029  -79.910  -0.085 0.6000000238
16674  44.947  -80.037  -0.078 0.6000000238
16675  43.973  -79.982  -0.221 0.6000000238
16677  41.383  -80.615  -0.690 0.5000000000
16678  40.519  -80.802  -1.205 0.5000000000
16679  39.686  -81.106  -1.535 0.5000000000
17576  39.310  -79.388  9.647 0.4000000060
17577  38.633  -79.787  10.089 0.3000000119
17585  44.297  -79.334  7.921 0.4000000060
17598  45.754  -79.694  7.483 0.5000000000
17609  46.708  -79.916  6.695 0.3000000119
17615  46.870  -79.777  5.435 0.4000000060
17646  45.585  -79.422  0.481 0.5000000000
17658  46.101  -79.678  -1.107 0.5000000000
17659  45.672  -79.658  -1.092 0.4000000060
17661  43.367  -78.936  -0.556 0.5000000000
17671  41.723  -79.631  -0.827 0.4000000060
17672  40.330  -79.843  -1.011 0.4000000060
18637  44.267  -78.516  7.880 0.5000000000
18650  47.516  -78.244  6.761 0.5000000000
18661  47.814  -78.617  6.250 0.5000000000
18673  46.791  -78.768  3.020 0.4000000060
18678  44.833  -78.065  1.471 0.4000000060
18684  45.177  -78.382  0.352 0.5000000000
18685  38.920  -78.164  1.249 0.4000000060
18691  46.167  -79.152  -0.884 0.4000000060
18702  45.852  -79.172  -1.043 0.5000000000
18703  44.979  -78.665  -0.006 0.4000000060
18704  43.893  -78.393  -0.254 0.4000000060
19770  40.349  -77.482  10.994 0.3000000119
19784  40.325  -77.302  10.348 0.3000000119
19785  39.777  -77.798  10.554 0.3000000119
19795  40.492  -77.375  9.673 0.3000000119
19809  43.673  -77.333  8.275 0.4000000060
19858  48.160  -77.145  4.642 0.5000000000
19859  47.771  -77.698  4.136 0.4000000060
19868  46.999  -77.604  3.103 0.4000000060
19871  42.988  -76.981  2.975 0.4000000060
19878  46.539  -78.231  2.579 0.4000000060
19882  38.867  -76.941  2.330 0.6000000238
19888  44.207  -77.397  1.642 0.3000000119
19892  37.325  -77.759  1.944 0.6000000238
19897  44.940  -78.196  0.096 0.4000000060
19899  39.842  -77.944  0.853 0.4000000060
19909  42.614  -77.577  -0.543 0.5000000000
19910  41.748  -77.670  -0.351 0.4000000060
20905  41.695  -76.687  11.209 0.3000000119
20923  41.707  -76.362  10.461 0.3000000119
20936  41.659  -76.457  9.717 0.3000000119
20947  46.259  -75.662  8.124 0.4000000060
20950  43.791  -76.554  8.601 0.3000000119
20951  42.534  -76.762  8.803 0.4000000060
20960  48.710  -75.806  6.898 0.4000000060
20963  46.193  -76.651  7.745 0.4000000060
20973  48.690  -76.119  6.450 0.4000000060
20983  48.490  -76.536  5.162 0.4000000060
20984  43.875  -76.421  4.950 0.4000000060
20988  48.168  -76.223  4.448 0.4000000060
20993  43.485  -76.827  4.129 0.4000000060
20996  47.383  -77.028  3.714 0.4000000060
20997  46.818  -77.157  3.446 0.4000000060
20999  43.001  -76.826  3.609 0.3000000119
21009  44.515  -77.413  0.500 0.4000000060
21012  39.836  -76.876  2.111 0.5000000000
21024  42.034  -76.373  -0.015 0.4000000060
22040  44.445  -75.410  10.618 0.3000000119
22042  42.796  -75.761  10.518 0.3000000119
22054  44.975  -74.828  9.538 0.4000000060
22057  42.735  -75.707  9.865 0.3000000119
22058  42.098  -75.996  9.926 0.3000000119
22070  43.965  -75.800  9.047 0.4000000060
22078  49.673  -74.607  6.302 0.4000000060
22089  49.468  -74.809  5.694 0.4000000060
22090  43.867  -75.261  6.000 0.4000000060
22091  42.886  -75.389  5.931 0.4000000060
22092  42.044  -75.366  5.645 0.4000000060
22100  48.628  -75.708  4.833 0.4000000060
22103  44.384  -75.775  5.465 0.4000000060
22109  48.928  -74.348  4.983 0.4000000060
22112  47.263  -75.513  4.497 0.4000000060
22119  42.515  -75.877  3.436 0.3000000119
22120  42.186  -75.316  3.961 0.3000000119
22128  37.337  -75.512  1.433 0.5000000000
22148  45.138  -76.279  -0.825 0.5000000000
22151  44.670  -76.201  -1.012 0.5000000000
23091  51.669  -73.655  12.786 0.3000000119
23101  51.660  -73.637  12.211 0.3000000119
23113  47.051  -74.100  10.394 0.3000000119
23125  45.534  -74.319  9.805 0.4000000060
23138  49.639  -73.913  7.659 0.4000000060
23140  46.539  -74.299  8.806 0.4000000060
23152  50.035  -73.764  6.401 0.4000000060
23153  49.583  -74.484  7.108 0.4000000060
23155  41.834  -74.346  6.918 0.3000000119
23168  44.347  -74.570  6.440 0.4000000060
23170  42.324  -74.928  6.426 0.4000000060
23172  40.721  -73.894  5.915 0.4000000060
23181  49.356  -73.552  5.599 0.4000000060
23183  48.096  -74.115  5.039 0.4000000060
23191  47.908  -74.865  4.408 0.4000000060
23192  41.451  -74.563  4.875 0.5000000000
23197  41.844  -74.622  4.314 0.4000000060
23204  41.777  -74.254  1.535 0.6000000238
23205  41.004  -74.186  2.199 0.6000000238
23207  38.483  -74.554  2.212 0.6999999881
23215  45.802  -75.517  0.005 0.5000000000
23216  42.599  -73.744  0.850 0.6999999881
23225  45.736  -75.309  -1.123 0.5000000000
23226  44.996  -75.531  -1.214 0.4000000060
24203  52.325  -72.540  12.397 0.3000000119
24204  52.076  -73.021  12.592 0.3000000119
24215  50.767  -73.018  11.112 0.3000000119
24230  46.436  -73.982  10.225 0.3000000119
24231  45.884  -74.059  10.104 0.3000000119
24243  48.514  -73.001  9.266 0.4000000060
24256  50.588  -72.823  7.183 0.3000000119
24259  47.852  -73.571  8.881 0.4000000060
24274  50.429  -73.199  6.536 0.3000000119
24286  50.306  -73.022  6.125 0.4000000060
24288  46.967  -73.058  5.998 0.3000000119
24290  44.741  -73.898  6.805 0.3000000119
24294  49.954  -73.034  5.990 0.4000000060
24295  49.510  -73.230  5.771 0.4000000060
24303  41.369  -74.019  4.647 0.4000000060
24315  39.916  -73.566  2.221 0.8000000119
24326  42.025  -73.419  1.588 0.6000000238
24335  43.876  -73.820  -0.320 0.6999999881
25378  52.141  -72.466  13.108 0.3000000119
25392  52.380  -72.289  12.600 0.3000000119
25393  52.275  -72.680  12.770 0.3000000119
25403  52.345  -72.367  11.891 0.3000000119
25405  51.434  -72.662  11.107 0.3000000119
25412  52.434  -71.995  11.624 0.3000000119
25414  51.786  -72.240  10.472 0.3000000119
25424  50.327  -72.415  9.339 0.3000000119
25435  51.342  -72.001  8.131 0.3000000119
25436  51.038  -72.328  7.856 0.3000000119
25456  39.907  -72.156  7.529 0.3000000119
25458  50.368  -72.827  6.414 0.3000000119
25459  49.881  -72.724  6.072 0.3000000119
25467  50.001  -72.980  5.998 0.3000000119
25468  49.386  -72.981  5.803 0.3000000119
25469  48.611  -72.929  5.723 0.4000000060
25474  41.616  -73.204  4.454 0.4000000060
25475  41.245  -72.670  4.752 0.4000000060
25489  45.050  -72.947  2.334 0.4000000060
25501  38.141  -72.641  1.289 0.6000000238
25504  46.803  -73.048  -0.551 0.6000000238
25505  45.905  -73.012  -0.380 0.6999999881
26479  52.432  -71.829  12.353 0.3000000119
26491  52.459  -71.626  11.778 0.3000000119
26498  52.428  -71.522  11.021 0.3000000119
26499  52.224  -71.439  10.255 0.3000000119
26519  39.857  -71.070  9.427 0.3000000119
26524  51.207  -71.698  8.082 0.3000000119
26529  39.811  -71.171  8.613 0.3000000119
26535  50.708  -72.084  7.398 0.3000000119
26537  49.553  -71.792  6.818 0.3000000119
26540  39.817  -71.396  7.866 0.3000000119
26543  50.360  -72.384  6.848 0.3000000119
26544  49.985  -72.246  6.454 0.3000000119
26557  41.903  -71.433  4.345 0.4000000060
26558  41.229  -71.808  4.828 0.4000000060
26577  46.919  -72.124  0.428 0.6000000238
26583  38.556  -71.503  0.979 0.6000000238
26587  43.776  -70.662  0.197 0.6999999881
27555  44.801  -69.809  10.836 0.3000000119
27559  41.102  -70.026  11.253 0.3000000119
27560  39.854  -69.550  10.963 0.3000000119
27569  52.175  -70.631  10.672 0.3000000119
27576  43.367  -70.746  10.879 0.3000000119
27580  39.529  -70.372  9.907 0.3000000119
27598  51.457  -71.289  8.790 0.3000000119
27613  39.887  -70.763  7.455 0.3000000119
27618  40.125  -70.831  6.677 0.3000000119
27623  40.609  -70.779  5.880 0.4000000060
27629  41.656  -70.903  4.749 0.4000000060
27631  35.250  -70.144  3.974 0.6000000238
27636  35.711  -70.844  3.750 0.5000000000
27638  33.627  -70.349  3.037 0.4000000060
27640  46.094  -70.103  2.388 0.6000000238
27641  45.354  -70.634  2.914 0.5000000000
27653  46.053  -70.275  0.521 0.6000000238
27654  45.196  -70.169  0.459 0.6999999881
27655  44.148  -70.064  0.174 0.6999999881
27657  41.570  -70.548  0.553 0.5000000000
28579  43.395  -69.287  11.493 0.3000000119
28580  42.477  -69.387  11.561 0.3000000119
28609  39.344  -69.586  9.619 0.3000000119
28635  43.675  -69.154  5.534 0.5000000000
28647  36.310  -69.276  3.532 0.6000000238
28651  46.468  -69.627  1.317 0.6000000238
28657  46.201  -69.480  0.812 0.6000000238
28661  39.913  -69.778  1.206 0.6000000238
29511  41.378  -68.148  12.103 0.3000000119
29512  40.796  -68.536  11.766 0.3000000119
29527  40.192  -68.503  11.535 0.3000000119
29528  39.644  -68.408  11.190 0.3000000119
29536  39.457  -68.247  10.575 0.3000000119
29554  39.804  -68.683  8.448 0.4000000060
29573  43.043  -69.196  5.947 0.4000000060
29579  36.004  -68.780  3.744 0.6000000238
29581  35.132  -68.857  3.705 0.5000000000
29583  45.487  -68.193  3.419 0.6000000238
29591  46.357  -68.813  1.102 0.6000000238
29592  46.162  -68.167  1.644 0.6000000238
29600  45.777  -68.109  0.808 0.6000000238
29613  37.795  -68.881  0.331 0.6999999881
29615  38.584  -68.258  -0.053 0.6000000238
30486  40.585  -67.928  11.913 0.3000000119
30503  39.579  -67.683  11.105 0.3000000119
30523  40.647  -67.533  8.789 0.3000000119
30546  35.912  -68.199  3.673 0.6000000238
30550  41.042  -66.448  3.378 0.5000000000
30555  33.117  -67.132  2.731 0.5000000000
30559  45.634  -67.539  2.231 0.6000000238
30569  44.649  -67.230  1.076 0.6000000238
30570  44.070  -67.259  1.013 0.6000000238
30572  39.431  -67.789  0.525 0.6000000238
30573  37.840  -67.575  0.066 0.6999999881
30576  38.347  -67.786  -0.118 0.6999999881
31447  40.030  -65.855  12.890 0.3000000119
31462  39.800  -66.442  12.247 0.3000000119
31479  39.657  -66.715  10.605 0.3000000119
31495  44.907  -67.042  7.946 0.3000000119
31518  42.800  -65.807  4.178 0.6000000238
31520  44.032  -66.327  2.380 0.4000000060
31522  43.079  -65.191  2.866 0.5000000000
31523  40.303  -66.300  3.614 0.5000000000
31525  36.245  -66.869  3.166 0.6000000238
31526  35.391  -66.611  3.284 0.5000000000
31533  42.944  -65.227  2.716 0.4000000060
31535  39.576  -66.825  2.817 0.6000000238
31536  37.277  -67.002  1.701 0.6000000238
32486  39.937  -65.128  12.808 0.3000000119
32523  40.292  -65.905  9.852 0.3000000119
32556  40.390  -64.410  4.423 0.5000000000
32564  35.006  -65.840  3.199 0.5000000000
32576  37.996  -65.829  -0.386 0.6999999881
32577  40.170  -66.171  -1.069 0.6000000238
33614  40.876  -63.803  10.206 0.3000000119
33627  40.911  -64.521  9.909 0.3000000119
33684  39.195  -64.564  4.064 0.4000000060
33687  34.916  -64.326  3.157 0.4000000060
33699  40.755  -64.433  -1.027 0.6999999881
33701  37.590  -64.356  0.063 0.6999999881
33702  40.614  -64.291  -1.239 0.6999999881
33704  39.365  -65.159  -1.401 0.6000000238
34883  38.802  -63.509  -0.891 0.6999999881
35917  40.680  -62.906  -1.060 0.6999999881
37002  39.220  -61.262  -1.188 0.5000000000
38024  41.512  -60.929  -0.636 0.5000000000
38036  37.874  -60.655  -0.171 0.5000000000
38042  40.594  -60.865  -1.692 0.5000000000
127060  39.842  -69.970  7.715 0.3000000119
127763  39.440  -66.007  3.445 0.5000000000
127891  39.691  -67.126  9.962 0.3000000119
128657  40.850  -80.077  -1.037 0.5000000000
128923  35.837  -78.320  0.879 0.4000000060
129439  36.729  -69.857  2.896 0.6000000238
129662  46.209  -74.869  8.543 0.4000000060
130192  43.199  -75.363  -0.377 0.4000000060
133537  45.909  -78.937  1.116 0.4000000060
134109  39.519  -65.275  11.163 0.3000000119
134705  41.857  -68.458  7.594 0.4000000060
134894  36.703  -83.771  11.273 0.3000000119
135343  47.279  -78.219  3.587 0.4000000060
136247  51.392  -71.980  8.662 0.3000000119
137249  39.743  -67.075  11.591 0.3000000119
137395  41.701  -80.927  -0.350 0.5000000000
138236  39.546  -67.999  9.807 0.3000000119
138543  42.504  -67.482  8.444 0.4000000060
139995  46.124  -78.667  1.931 0.4000000060
140060  42.864  -74.065  3.323 0.3000000119
141029  47.648  -76.943  7.290 0.4000000060
141058  48.680  -74.590  10.700 0.3000000119
141369  43.696  -78.788  8.048 0.4000000060
141401  47.018  -73.758  10.075 0.3000000119
142120  51.880  -71.782  13.099 0.3000000119
142801  46.425  -69.805  1.923 0.6000000238
143477  45.165  -78.129  2.079 0.4000000060
144079  38.155  -81.218  9.736 0.3000000119
145041  43.169  -79.896  -0.689 0.6000000238
145173  41.082  -61.896  -0.298 0.6999999881
145308  46.088  -76.080  11.016 0.3000000119
146522  46.581  -71.097  1.131 0.6000000238
146839  38.299  -62.819  -0.559 0.6000000238
146932  41.698  -71.870  1.032 0.6999999881
147303  44.300  -67.596  7.627 0.4000000060
147911  40.681  -76.641  1.392 0.5000000000
148553  40.642  -70.532  10.774 0.3000000119
149351  45.494  -79.494  0.046 0.4000000060
149490  51.544  -73.293  11.729 0.3000000119
149496  44.165  -77.835  7.996 0.5000000000
149502  43.763  -68.425  5.459 0.5000000000
149730  47.078  -74.527  -0.489 0.6999999881
150648  46.572  -70.726  0.925 0.6000000238
150786  39.403  -69.284  10.189 0.3000000119
151067  47.671  -74.511  10.645 0.3000000119
152001  41.074  -73.119  1.861 0.6999999881
152014  41.841  -75.363  5.147 0.4000000060
152277  46.365  -70.426  1.744 0.6000000238
152577  46.562  -79.135  2.600 0.4000000060
152857  39.873  -63.844  0.725 0.6000000238
153182  40.718  -77.173  0.897 0.4000000060
