#!ascii label  , from subject sub1 vox2ras=TkReg
2053
7451  18.757  -90.713  4.768 0.6999999881
6716  17.410  -91.341  5.657 0.8000000119
6703  16.716  -91.765  6.225 0.6999999881
139225  17.605  -91.536  3.846 0.6000000238
6733  17.473  -91.440  4.688 0.6000000238
6061  16.043  -92.054  5.530 0.6000000238
6757  18.099  -91.863  2.110 0.6000000238
6715  18.057  -90.910  6.098 0.8000000119
6702  17.504  -91.395  6.606 0.6999999881
6688  17.639  -91.532  7.635 0.6999999881
137176  16.270  -92.515  7.773 0.6999999881
7466  18.876  -90.944  3.813 0.6000000238
139431  18.077  -90.996  5.203 0.6999999881
6036  16.448  -92.148  7.113 0.6999999881
6763  17.798  -92.443  1.488 0.6000000238
6770  18.376  -92.498  0.929 0.6000000238
6105  17.109  -92.699  1.698 0.6000000238
4799  17.445  -94.548  1.238 0.6000000238
4816  17.263  -93.895  1.073 0.6000000238
7408  18.857  -90.605  7.345 0.8000000119
138389  18.936  -90.588  8.108 0.8000000119
6672  17.952  -91.322  8.630 0.6999999881
6656  18.026  -91.077  9.571 0.6999999881
6004  17.186  -92.086  9.936 0.6999999881
7424  18.764  -90.577  6.492 0.8000000119
6687  18.370  -90.986  7.921 0.6999999881
6020  17.088  -92.289  9.034 0.6999999881
143005  19.342  -90.215  6.028 0.6999999881
6701  18.176  -90.975  7.003 0.8000000119
139124  17.462  -91.858  8.485 0.6999999881
7437  19.349  -90.324  5.221 0.6999999881
6746  19.003  -91.243  2.612 0.6999999881
6761  19.421  -91.532  0.803 0.6000000238
149604  18.880  -91.606  1.610 0.6000000238
5465  18.140  -93.591  0.745 0.6000000238
5466  17.511  -93.357  1.171 0.6000000238
4205  18.055  -94.872  1.290 0.6000000238
4179  18.015  -96.321  4.347 0.6999999881
3609  17.365  -96.879  4.217 0.6000000238
3617  19.237  -97.049  3.969 0.5000000000
3089  18.485  -97.581  4.003 0.6000000238
3616  20.029  -96.302  3.648 0.5000000000
8153  19.848  -89.651  8.370 0.8999999762
7389  18.622  -90.728  8.918 0.8000000119
7374  18.426  -90.341  9.911 0.6999999881
131690  19.397  -90.181  6.872 0.6999999881
8161  19.912  -89.645  7.364 0.8999999762
6642  17.878  -90.846  10.144 0.6999999881
147277  20.020  -90.045  4.889 0.8000000119
153268  19.800  -89.954  5.600 0.8000000119
7449  20.270  -90.279  4.018 0.8000000119
7478  20.705  -90.561  2.154 0.6999999881
7450  19.493  -90.511  4.378 0.6999999881
7479  19.917  -90.878  2.369 0.8000000119
130946  20.171  -90.952  1.195 0.8000000119
6769  18.906  -91.745  0.532 0.6999999881
6118  18.798  -92.445  0.581 0.6999999881
4814  18.526  -93.989  0.728 0.6000000238
4185  17.869  -95.977  3.295 0.6999999881
4178  18.693  -95.659  4.672 0.6999999881
149415  20.605  -89.166  8.044 0.8999999762
8139  19.599  -89.660  9.339 0.8000000119
7357  17.905  -90.221  10.298 0.6999999881
8174  20.826  -89.312  6.304 0.8000000119
8160  20.490  -89.337  7.036 0.8000000119
148030  20.433  -89.648  5.531 0.6999999881
7463  21.077  -90.180  2.841 0.6999999881
8206  20.982  -89.974  3.623 0.6000000238
7464  20.428  -90.418  3.084 0.8000000119
7490  21.100  -90.674  1.283 0.8000000119
7499  19.900  -91.021  0.451 0.8000000119
6125  19.641  -92.217  0.323 0.6999999881
4813  19.371  -93.654  0.625 0.8000000119
5478  19.430  -93.151  0.360 0.6999999881
4798  19.913  -93.801  0.834 0.8000000119
5432  19.487  -94.052  3.662 0.6999999881
131014  18.931  -94.698  3.397 0.6999999881
147936  19.071  -94.485  1.162 0.6999999881
4164  19.187  -95.000  5.095 0.6999999881
4776  18.489  -95.101  3.927 0.6999999881
9091  18.398  -88.745  1.780 0.6000000238
137538  18.944  -87.508  1.398 0.6000000238
9928  17.560  -87.905  1.638 0.6000000238
10812  17.871  -87.103  2.362 0.6999999881
8138  20.317  -89.170  9.147 0.8999999762
7373  19.030  -89.568  10.053 0.6999999881
8187  21.878  -89.181  4.700 0.6000000238
8205  21.749  -89.756  3.118 0.6000000238
134401  22.162  -89.404  3.876 0.6000000238
7489  21.869  -90.250  1.252 0.6999999881
7497  21.557  -91.005  0.622 0.6999999881
127339  22.159  -90.410  0.771 0.6999999881
10744  20.770  -86.358  8.064 0.6999999881
9847  19.362  -87.239  8.127 0.6999999881
7509  20.830  -91.278  0.429 0.8000000119
132761  20.704  -90.992  0.618 0.8000000119
10755  21.277  -86.124  7.187 0.6000000238
10745  19.915  -86.794  7.605 0.6000000238
9865  19.310  -87.357  7.132 0.6999999881
6779  20.532  -91.464  0.325 0.6999999881
10757  19.839  -87.056  6.607 0.5000000000
9866  18.762  -87.829  6.598 0.6999999881
5462  21.080  -93.302  0.363 0.8000000119
5477  20.017  -92.810  0.296 0.8000000119
10756  20.500  -86.524  6.919 0.5000000000
10767  20.391  -86.848  5.915 0.5000000000
5444  20.177  -93.730  2.623 0.6999999881
130331  21.032  -86.635  5.166 0.5000000000
11654  22.029  -85.586  4.618 0.6000000238
10778  21.603  -86.281  4.328 0.5000000000
9879  20.346  -87.325  4.842 0.6000000238
9896  19.704  -87.671  4.025 0.6999999881
141031  18.648  -88.490  3.810 0.6999999881
10779  21.078  -86.926  4.026 0.5000000000
9895  20.450  -87.357  3.571 0.6000000238
9911  19.289  -88.281  3.275 0.6000000238
145065  19.286  -87.683  1.492 0.6000000238
11667  22.139  -85.908  3.546 0.6000000238
9909  20.651  -87.360  2.440 0.6000000238
9927  19.944  -87.530  1.838 0.6000000238
148381  22.238  -86.073  2.551 0.5000000000
10793  21.152  -87.133  3.038 0.5000000000
9939  19.907  -87.110  1.498 0.6000000238
10825  18.607  -87.347  1.611 0.6000000238
10811  18.618  -86.686  2.136 0.6999999881
11669  17.462  -85.698  3.554 0.6000000238
11670  16.710  -85.943  3.655 0.6999999881
10809  21.515  -86.645  1.683 0.6000000238
10822  21.405  -86.090  1.339 0.6000000238
11691  19.958  -86.086  1.443 0.6000000238
11681  19.713  -85.605  1.919 0.6999999881
12603  18.726  -84.990  3.268 0.5000000000
8124  19.873  -88.975  9.919 0.8999999762
134832  21.248  -89.292  5.485 0.6000000238
8173  21.618  -88.964  6.274 0.6999999881
142112  20.138  -88.280  10.266 0.8000000119
8110  17.741  -89.754  10.290 0.6999999881
9794  19.446  -87.932  10.163 0.6999999881
9792  20.880  -87.379  10.215 0.8000000119
8220  22.395  -89.775  2.107 0.6999999881
10730  20.827  -86.411  9.010 0.8000000119
150016  19.432  -87.274  9.061 0.6000000238
10743  21.713  -86.202  8.109 0.6999999881
11615  22.189  -85.841  7.333 0.6000000238
5475  21.314  -93.181  0.310 0.8000000119
6135  21.892  -92.394  -0.262 0.8000000119
5461  22.154  -93.286  0.336 0.8000000119
11627  21.605  -85.790  6.565 0.5000000000
131456  21.599  -93.417  0.453 0.8000000119
10766  21.012  -86.215  6.215 0.5000000000
13499  23.116  -84.106  5.550 0.5000000000
11639  22.373  -84.822  5.433 0.6000000238
11653  22.429  -84.993  4.058 0.6000000238
12602  22.960  -84.457  3.204 0.6000000238
13520  17.317  -83.905  4.810 0.5000000000
11679  22.516  -85.666  1.726 0.5000000000
146378  18.201  -83.779  4.332 0.5000000000
12605  17.150  -85.070  4.331 0.6000000238
11689  22.206  -85.516  1.193 0.6000000238
11690  20.846  -85.728  1.311 0.6999999881
12610  20.257  -84.832  1.926 0.6999999881
11682  18.895  -85.780  2.483 0.6999999881
13522  22.959  -84.026  1.964 0.6000000238
131246  20.205  -83.910  2.520 0.6000000238
132249  22.476  -84.035  1.646 0.6999999881
13524  21.140  -83.938  1.792 0.6000000238
129339  20.732  -83.016  2.600 0.5000000000
8152  21.292  -88.917  7.221 0.6999999881
9022  21.486  -88.638  8.332 0.6999999881
9002  21.584  -88.263  9.287 0.6999999881
8984  21.414  -87.922  9.885 0.8000000119
8983  22.153  -87.580  9.450 0.6999999881
10729  22.074  -86.461  8.987 0.6999999881
10709  21.237  -86.993  9.973 0.6999999881
15577  17.056  -81.854  5.683 0.5000000000
13511  24.679  -82.898  4.619 0.5000000000
153616  23.456  -83.660  4.904 0.6000000238
13513  17.245  -82.986  5.222 0.5000000000
13512  24.025  -83.124  4.398 0.5000000000
14571  26.184  -81.972  3.969 0.5000000000
12601  23.456  -83.677  3.817 0.6000000238
12609  23.013  -84.835  2.072 0.6000000238
13525  19.451  -83.682  3.214 0.5000000000
14572  25.382  -82.035  3.751 0.5000000000
14573  24.538  -82.351  3.607 0.6000000238
13521  23.383  -83.041  2.398 0.6000000238
14580  24.057  -82.224  2.742 0.6000000238
9037  22.158  -88.713  7.013 0.6999999881
9001  22.379  -88.195  8.655 0.6999999881
14586  22.916  -82.009  2.113 0.5000000000
129700  21.160  -82.121  2.557 0.5000000000
14578  25.609  -81.183  3.721 0.5000000000
147701  24.065  -81.537  2.637 0.5000000000
13526  22.944  -83.063  2.005 0.5000000000
13527  21.891  -83.877  1.533 0.5000000000
16636  22.946  -79.997  3.550 0.5000000000
134292  22.880  -79.855  3.990 0.5000000000
16604  25.491  -80.213  4.882 0.5000000000
16619  23.499  -79.783  4.166 0.5000000000
153436  21.790  -81.239  2.671 0.5000000000
16616  26.272  -80.749  4.557 0.5000000000
16634  24.172  -80.384  3.551 0.5000000000
135506  23.475  -81.177  2.537 0.5000000000
15587  26.766  -81.235  4.596 0.5000000000
15599  24.874  -80.864  3.230 0.5000000000
16605  24.717  -79.725  5.518 0.5000000000
145553  14.786  -82.839  6.976 0.6000000238
14564  14.781  -83.234  5.988 0.6000000238
135935  16.526  -82.389  7.981 0.5000000000
14525  14.842  -82.805  8.167 0.6999999881
14526  14.012  -82.824  7.539 0.6000000238
13485  13.764  -83.470  6.141 0.6000000238
13475  12.081  -83.542  7.257 0.6999999881
14512  14.486  -82.402  9.084 0.6000000238
132679  13.863  -82.575  8.553 0.6999999881
13486  12.827  -83.630  6.706 0.6999999881
12566  12.769  -84.535  6.134 0.6999999881
14529  11.370  -83.155  7.258 0.8000000119
15495  15.121  -81.503  9.864 0.5000000000
14486  15.916  -82.175  9.535 0.5000000000
13474  12.702  -83.063  7.431 0.8000000119
14513  13.220  -82.218  8.685 0.6000000238
15541  10.252  -82.290  7.433 0.6999999881
16535  17.156  -80.685  10.884 0.5000000000
15493  16.990  -81.704  10.496 0.5000000000
15540  11.281  -81.941  7.215 0.6999999881
14530  9.965  -83.248  7.172 0.6999999881
15525  12.789  -81.678  8.272 0.6999999881
15509  14.275  -81.392  9.552 0.6999999881
16580  9.488  -81.712  8.100 0.6999999881
134579  11.832  -81.307  7.653 0.6999999881
16537  15.534  -80.949  10.313 0.6000000238
16567  13.936  -80.930  9.112 0.8000000119
22064  14.578  -75.454  9.661 0.6999999881
20943  13.482  -75.461  9.718 0.8000000119
18615  19.585  -79.132  11.418 0.4000000060
16568  10.132  -80.882  8.760 0.6999999881
17570  19.022  -79.424  10.910 0.5000000000
152922  11.696  -80.789  8.021 0.6999999881
17572  17.463  -79.848  10.391 0.6000000238
17581  16.746  -79.720  9.721 0.6000000238
129095  13.142  -80.836  8.474 0.6999999881
16551  15.349  -80.415  9.591 0.8000000119
16565  14.617  -80.401  8.872 0.8000000119
21926  15.662  -75.531  20.835 0.5000000000
21925  16.386  -76.127  20.802 0.5000000000
20809  15.855  -76.948  21.109 0.5000000000
148543  17.471  -75.806  11.943 0.5000000000
22047  17.130  -75.183  9.774 0.6000000238
151857  17.236  -75.218  10.937 0.6000000238
20884  17.396  -76.615  13.448 0.6000000238
18542  16.246  -78.186  16.915 0.6000000238
20914  15.767  -76.442  10.921 0.6999999881
129882  17.173  -76.100  11.408 0.6999999881
20930  14.894  -76.047  10.179 0.6999999881
20915  14.952  -76.235  11.169 0.6999999881
18659  13.285  -79.227  7.807 0.6999999881
19837  13.521  -78.355  8.297 0.6999999881
19822  13.781  -77.250  8.764 0.8000000119
18624  19.568  -78.760  10.419 0.5000000000
17606  11.990  -80.222  8.324 0.6999999881
17579  18.094  -79.162  9.585 0.6000000238
143644  12.499  -80.728  8.253 0.8000000119
17582  16.001  -79.939  9.334 0.6999999881
16593  13.869  -79.822  6.919 0.8000000119
16577  13.644  -80.149  7.223 0.8000000119
22998  14.752  -74.856  20.488 0.5000000000
141411  16.382  -75.349  20.690 0.6000000238
22995  17.426  -74.846  20.210 0.5000000000
21941  17.580  -75.599  19.933 0.6000000238
21942  17.074  -76.329  20.272 0.6000000238
20820  16.279  -77.435  19.551 0.6000000238
21951  15.736  -75.727  18.004 0.6000000238
131278  15.803  -76.562  17.624 0.5000000000
23108  17.073  -74.114  11.224 0.5000000000
22002  17.464  -75.747  12.920 0.5000000000
127861  17.936  -73.922  9.220 0.6000000238
21986  17.527  -76.009  14.037 0.6000000238
19729  17.100  -77.221  14.071 0.6999999881
19694  16.274  -77.562  17.118 0.6000000238
23135  17.417  -74.533  9.136 0.6000000238
22062  16.676  -74.988  9.081 0.6999999881
20895  15.669  -76.787  11.916 0.6999999881
139450  16.655  -76.730  11.868 0.6999999881
19749  16.538  -77.375  13.639 0.8000000119
19710  16.760  -77.639  15.777 0.6999999881
131187  17.190  -74.634  8.525 0.6999999881
141716  15.992  -75.417  8.839 0.6999999881
23165  16.524  -75.341  8.380 0.6999999881
22076  14.986  -75.568  9.081 0.8000000119
20969  16.062  -76.525  8.170 0.8000000119
20957  14.722  -75.875  8.823 0.8000000119
130571  18.722  -78.451  9.101 0.5000000000
18644  18.514  -77.929  8.169 0.6000000238
19850  14.384  -78.529  7.190 0.8000000119
132922  14.785  -77.962  7.932 0.8000000119
17580  17.309  -78.893  8.934 0.6000000238
18633  18.078  -78.586  8.699 0.6999999881
18666  14.769  -78.877  6.816 0.8000000119
130249  16.389  -79.237  8.646 0.6999999881
17601  16.068  -79.094  7.528 0.6999999881
17592  14.772  -80.029  7.599 0.8000000119
24133  14.592  -73.140  19.951 0.4000000060
24121  16.239  -74.080  20.378 0.5000000000
21945  17.663  -75.602  19.160 0.4000000060
23031  16.985  -75.392  18.392 0.5000000000
20824  15.302  -75.787  17.187 0.5000000000
134768  17.900  -73.238  10.402 0.5000000000
23086  16.205  -74.144  13.107 0.6000000238
21987  17.099  -75.549  14.638 0.6000000238
20837  15.882  -76.642  16.827 0.6000000238
133095  18.785  -72.986  9.252 0.6000000238
21972  17.286  -76.378  14.914 0.6999999881
132537  16.524  -77.514  16.391 0.6999999881
24272  18.354  -73.677  7.583 0.6000000238
22087  15.940  -75.799  8.422 0.8000000119
18655  18.081  -77.813  7.758 0.6999999881
18657  16.537  -78.501  7.706 0.6999999881
19849  15.148  -78.284  7.364 0.8000000119
19848  16.052  -77.723  7.783 0.8000000119
18645  17.706  -78.340  8.070 0.6999999881
24132  15.766  -73.259  20.218 0.4000000060
25327  15.358  -72.473  19.818 0.4000000060
131723  13.358  -72.034  19.659 0.4000000060
23012  18.470  -74.336  19.018 0.5000000000
140765  17.786  -74.115  20.151 0.4000000060
26417  12.381  -71.926  19.542 0.5000000000
23042  16.084  -74.962  17.577 0.5000000000
24173  15.713  -73.567  15.602 0.5000000000
21974  15.894  -75.113  15.914 0.5000000000
25376  15.284  -71.936  14.486 0.5000000000
21973  16.766  -75.864  15.520 0.6999999881
23163  18.005  -74.296  7.662 0.6000000238
22098  17.704  -76.016  8.032 0.8000000119
19820  19.512  -77.378  7.746 0.6000000238
19832  19.551  -76.834  7.097 0.6000000238
20978  19.817  -76.137  6.435 0.6999999881
139320  18.850  -75.924  7.303 0.6999999881
19847  16.898  -77.605  7.765 0.6999999881
27486  11.457  -70.356  18.548 0.3000000119
135720  18.462  -73.972  19.543 0.4000000060
25325  17.608  -73.154  19.728 0.3000000119
147834  15.955  -72.081  19.530 0.4000000060
26414  15.141  -71.604  19.438 0.4000000060
26415  14.057  -71.365  19.508 0.4000000060
26429  12.255  -70.873  19.116 0.5000000000
23040  18.292  -74.385  18.137 0.4000000060
27485  12.154  -69.954  18.586 0.3000000119
23041  17.336  -74.673  17.913 0.4000000060
24201  15.470  -72.841  14.113 0.5000000000
24161  16.549  -74.179  17.018 0.4000000060
25390  15.944  -72.414  12.930 0.6000000238
24165  17.176  -73.567  16.801 0.4000000060
25391  15.537  -72.190  13.574 0.4000000060
25356  15.667  -72.863  15.901 0.5000000000
23180  17.701  -75.132  7.900 0.6999999881
19845  18.596  -76.708  7.313 0.6999999881
26430  11.547  -71.249  19.258 0.4000000060
27475  13.702  -70.673  19.075 0.4000000060
28507  12.615  -69.311  18.302 0.3000000119
24159  19.018  -73.902  17.805 0.3000000119
25355  16.502  -72.706  16.219 0.4000000060
148000  15.557  -70.677  13.757 0.4000000060
26451  15.505  -71.412  15.108 0.4000000060
26413  16.811  -72.188  19.412 0.3000000119
26427  16.121  -71.523  19.137 0.3000000119
27474  14.685  -70.820  19.045 0.4000000060
128984  15.365  -70.257  18.523 0.3000000119
27483  14.218  -70.112  18.683 0.3000000119
25324  18.639  -73.128  19.266 0.3000000119
24164  18.257  -73.678  17.165 0.3000000119
27509  15.913  -70.848  15.151 0.3000000119
26443  17.115  -72.188  16.184 0.3000000119
28549  15.707  -70.048  13.889 0.3000000119
135595  16.270  -70.842  18.663 0.3000000119
28505  14.684  -69.457  18.282 0.3000000119
26426  17.131  -71.489  18.948 0.3000000119
28504  16.378  -70.187  18.029 0.3000000119
26442  18.575  -72.498  16.267 0.3000000119
27508  16.771  -70.782  15.281 0.3000000119
28548  16.289  -69.625  14.037 0.3000000119
28509  11.309  -69.741  17.584 0.3000000119
152608  17.852  -71.813  18.971 0.3000000119
26425  18.088  -71.291  18.742 0.3000000119
27507  17.951  -70.768  15.355 0.3000000119
9880  19.755  -87.431  5.729 0.6000000238
132599  19.547  -87.688  4.967 0.6999999881
9897  19.017  -88.028  4.447 0.6999999881
23043  15.785  -74.638  16.829 0.4000000060
23056  16.254  -75.108  15.139 0.6000000238
28506  13.634  -69.375  18.463 0.3000000119
6717  16.726  -91.713  5.101 0.6999999881
6021  16.408  -92.657  8.642 0.6999999881
7465  19.657  -90.707  3.411 0.8000000119
4195  17.713  -95.558  2.159 0.6000000238
4785  18.498  -95.261  2.349 0.6999999881
8188  20.875  -89.674  4.594 0.6000000238
8973  18.990  -88.562  10.233 0.6999999881
5485  21.152  -92.297  -0.000 0.8000000119
4783  19.748  -94.067  1.558 0.6999999881
5456  20.438  -93.741  1.395 0.8000000119
11683  18.062  -86.296  2.908 0.6999999881
9077  19.234  -88.248  2.001 0.6000000238
11655  16.587  -85.524  4.353 0.6000000238
12613  22.104  -84.759  1.016 0.6999999881
9805  19.878  -87.202  9.862 0.8000000119
12555  22.808  -85.241  6.900 0.5000000000
11626  22.201  -85.281  6.421 0.6000000238
12608  23.247  -83.827  2.650 0.6000000238
17604  13.446  -79.459  7.117 0.8000000119
2178  23.302  -99.508  5.125 0.4000000060
2584  23.959  -99.312  5.920 0.4000000060
2599  22.844  -98.050  3.818 0.3000000119
2193  22.612  -99.506  4.020 0.4000000060
2192  23.722  -100.002  4.219 0.4000000060
2177  24.451  -99.797  5.713 0.4000000060
3583  22.098  -95.888  7.538 0.4000000060
3584  21.086  -97.431  8.051 0.5000000000
3059  20.995  -98.037  7.729 0.5000000000
3591  22.304  -96.558  6.921 0.3000000119
3069  22.300  -97.249  6.338 0.4000000060
2586  21.692  -98.976  6.215 0.4000000060
3076  22.987  -96.994  5.553 0.3000000119
2594  21.689  -99.058  4.943 0.3000000119
2194  22.101  -99.234  4.535 0.3000000119
136228  23.296  -96.848  3.999 0.3000000119
4150  22.458  -95.607  6.740 0.4000000060
4726  21.676  -94.856  9.125 0.5000000000
4151  21.972  -94.644  6.638 0.3000000119
3601  23.122  -96.136  5.476 0.3000000119
4182  22.957  -95.705  3.363 0.4000000060
4174  22.473  -95.595  4.305 0.3000000119
3615  20.838  -95.767  3.255 0.4000000060
3623  21.393  -95.766  2.463 0.4000000060
3624  20.379  -96.201  2.590 0.4000000060
4734  22.122  -94.074  7.805 0.4000000060
5393  22.178  -93.552  7.085 0.4000000060
4742  21.773  -94.040  7.172 0.4000000060
6046  22.042  -92.837  6.507 0.4000000060
5406  24.047  -93.395  5.597 0.5000000000
4161  21.813  -94.812  5.715 0.4000000060
5407  21.140  -93.142  6.241 0.4000000060
4183  21.845  -95.585  3.453 0.4000000060
4184  20.808  -95.603  4.137 0.5000000000
4755  20.145  -94.139  5.871 0.4000000060
3607  19.620  -96.183  4.425 0.4000000060
2595  17.901  -97.916  3.975 0.6000000238
3096  18.828  -97.588  3.111 0.4000000060
6091  23.385  -93.183  4.253 0.6000000238
6075  21.823  -92.596  4.969 0.6000000238
6092  22.533  -92.927  4.086 0.6000000238
5430  20.954  -92.935  4.489 0.6000000238
5429  22.207  -93.082  3.155 0.6999999881
4756  19.603  -94.465  5.402 0.5000000000
5421  19.523  -93.866  4.774 0.6000000238
146563  21.765  -93.291  2.176 0.6999999881
4774  25.488  -94.353  3.052 0.6999999881
5441  24.458  -94.061  1.723 0.6999999881
5427  24.812  -93.994  3.748 0.6000000238
129533  24.323  -93.836  2.757 0.6999999881
142775  23.174  -93.606  -0.104 0.6999999881
5474  22.873  -93.362  -0.070 0.6999999881
6793  21.445  -91.881  -0.062 0.6999999881
5442  22.825  -93.406  2.186 0.6999999881
134093  22.630  -93.569  0.243 0.6999999881
5454  22.188  -93.484  1.122 0.6999999881
4807  26.622  -94.881  0.115 0.5000000000
4820  25.711  -94.193  0.071 0.6000000238
5452  24.029  -94.042  0.907 0.6999999881
146506  24.157  -93.749  -0.444 0.6000000238
5482  23.254  -93.203  -0.526 0.6999999881
148385  23.576  -92.703  -1.109 0.6999999881
5453  23.150  -93.675  1.018 0.6999999881
6134  22.726  -92.529  -0.604 0.6999999881
6776  22.510  -91.470  -0.185 0.6000000238
5472  24.851  -93.795  -0.391 0.6000000238
5480  26.051  -93.332  -0.967 0.6000000238
148959  24.020  -92.061  -1.104 0.6000000238
6132  25.552  -92.549  -1.323 0.6000000238
8219  23.471  -89.758  2.541 0.5000000000
6022  15.714  -92.915  8.093 0.6000000238
6037  15.727  -92.506  7.197 0.6000000238
7506  22.912  -91.104  0.218 0.6000000238
7496  22.454  -90.728  0.585 0.6000000238
7487  23.895  -90.507  1.071 0.5000000000
8230  23.194  -89.871  1.488 0.5000000000
5369  14.976  -93.699  9.418 0.6000000238
6005  16.457  -92.591  9.717 0.6000000238
5381  15.079  -93.525  8.423 0.6000000238
6774  24.774  -91.530  -0.705 0.6000000238
7495  23.407  -90.776  0.491 0.5000000000
7488  22.889  -90.120  0.704 0.5000000000
126868  14.974  -91.958  10.605 0.6000000238
7360  16.315  -91.259  10.472 0.6000000238
5991  15.969  -92.432  10.451 0.6000000238
5358  14.774  -93.643  10.188 0.6000000238
5345  15.830  -93.060  9.996 0.6000000238
7358  17.313  -90.498  10.465 0.6000000238
145667  16.683  -92.136  10.313 0.6000000238
9052  22.423  -88.810  6.174 0.6000000238
7505  24.063  -91.187  -0.023 0.6000000238
6658  15.556  -91.455  10.343 0.6000000238
8140  17.307  -89.258  9.457 0.6000000238
7359  16.779  -90.653  10.498 0.6000000238
8987  17.943  -88.773  9.836 0.6000000238
8125  17.549  -89.412  10.090 0.6000000238
138908  18.878  -87.729  8.614 0.5000000000
8986  18.722  -88.377  10.007 0.6000000238
9825  19.146  -87.766  9.591 0.5000000000
5994  14.020  -93.000  10.572 0.6999999881
6645  14.336  -92.291  10.442 0.6000000238
7375  16.666  -90.243  10.168 0.6000000238
9005  17.631  -88.763  8.693 0.6000000238
136234  18.222  -88.203  8.082 0.6000000238
130274  14.369  -90.374  6.890 0.6000000238
144923  15.370  -91.057  9.796 0.6000000238
8127  16.348  -90.157  9.582 0.6000000238
9024  17.593  -88.697  7.480 0.5000000000
8142  16.099  -90.076  8.639 0.6000000238
8154  16.477  -89.537  7.329 0.6000000238
7425  15.154  -90.129  7.281 0.6000000238
8163  15.068  -90.037  6.239 0.6000000238
7391  14.832  -90.926  8.904 0.6000000238
9023  18.128  -88.186  7.013 0.6000000238
9025  17.101  -89.248  7.847 0.6000000238
9039  17.534  -88.733  6.462 0.6000000238
144042  16.412  -89.478  6.630 0.5000000000
8162  15.943  -89.666  6.040 0.5000000000
9881  18.945  -87.872  5.565 0.6000000238
9038  18.178  -88.310  5.989 0.6000000238
9055  16.853  -89.349  5.968 0.6000000238
8176  16.964  -89.418  5.023 0.6000000238
8190  16.555  -89.646  3.982 0.6999999881
8191  15.652  -90.042  4.146 0.6999999881
7452  14.977  -90.371  2.971 0.6999999881
7467  14.601  -90.172  2.126 0.6999999881
9053  18.233  -88.473  4.775 0.6000000238
8189  17.449  -89.140  4.377 0.6999999881
9079  17.953  -89.237  2.420 0.6999999881
8208  16.406  -89.684  2.727 0.6999999881
131345  16.280  -89.063  2.049 0.6000000238
9078  18.719  -88.854  2.758 0.6000000238
8218  24.574  -90.068  2.913 0.5000000000
8202  24.796  -89.696  3.689 0.5000000000
8203  23.851  -89.672  3.578 0.5000000000
8185  24.260  -89.456  4.461 0.6000000238
9090  25.443  -87.842  2.441 0.6000000238
8200  25.627  -88.796  3.323 0.6000000238
8184  24.998  -89.329  4.428 0.6000000238
8171  23.751  -89.170  5.219 0.6000000238
9036  23.012  -88.600  6.893 0.6000000238
9076  24.981  -87.755  3.311 0.5000000000
9064  25.151  -88.544  4.788 0.6000000238
9019  23.588  -88.230  7.534 0.6000000238
9894  24.662  -87.114  5.103 0.6000000238
131301  24.617  -87.677  6.756 0.5000000000
9018  24.235  -88.089  7.161 0.6000000238
9000  23.168  -87.945  8.312 0.6000000238
9846  23.765  -87.651  7.854 0.6000000238
10742  22.519  -86.195  8.262 0.5000000000
10741  23.574  -86.302  7.752 0.5000000000
148445  22.949  -86.957  9.088 0.6000000238
9822  23.829  -86.974  7.994 0.6000000238
4177  19.163  -95.716  4.822 0.6000000238
129824  21.123  -93.142  3.230 0.6999999881
8186  23.008  -89.089  4.293 0.5000000000
8207  17.262  -89.395  3.180 0.6999999881
8172  22.674  -88.887  5.293 0.6000000238
9823  23.269  -87.279  8.658 0.6000000238
151927  23.099  -86.310  8.299 0.6000000238
2201  22.360  -99.054  3.742 0.3000000119
3081  22.891  -97.468  4.637 0.3000000119
3070  21.503  -98.444  6.344 0.4000000060
4173  23.121  -96.131  4.100 0.3000000119
4160  22.631  -95.543  5.840 0.4000000060
4175  21.547  -95.094  4.816 0.4000000060
6045  23.161  -92.863  6.356 0.4000000060
4743  21.016  -94.203  6.300 0.3000000119
6059  22.426  -92.593  5.700 0.5000000000
6074  22.851  -92.667  4.902 0.6000000238
4162  20.653  -94.538  5.471 0.5000000000
5420  20.174  -93.367  5.146 0.5000000000
4176  20.192  -95.268  4.858 0.5000000000
5428  23.242  -93.352  3.261 0.6000000238
4809  24.444  -94.092  0.147 0.6999999881
9006  17.081  -89.336  8.645 0.6000000238
8225  14.272  -89.934  1.917 0.6000000238
8183  25.337  -88.990  4.272 0.6000000238
9908  24.810  -86.857  3.526 0.5000000000
9050  24.164  -88.904  5.816 0.6000000238
9035  23.857  -88.527  6.657 0.6000000238
9893  24.864  -87.650  4.338 0.5000000000
9878  24.953  -87.914  5.161 0.6000000238
10776  24.975  -86.153  4.027 0.5000000000
10754  24.603  -86.945  6.705 0.5000000000
10740  24.187  -86.618  7.266 0.5000000000
138296  21.706  -102.294  18.037 0.4000000060
1266  22.620  -101.821  18.268 0.4000000060
895  21.852  -102.157  17.734 0.5000000000
585  19.384  -103.317  20.060 0.5000000000
135910  18.286  -103.279  21.161 0.5000000000
150235  16.608  -103.920  21.934 0.5000000000
592  19.692  -103.454  19.164 0.5000000000
884  20.052  -102.914  19.443 0.5000000000
1653  23.589  -101.025  18.256 0.4000000060
2030  24.028  -99.884  19.219 0.4000000060
151487  23.086  -100.461  17.864 0.5000000000
1750  25.337  -100.430  9.393 0.3000000119
1742  24.943  -100.895  10.157 0.3000000119
133793  24.745  -100.561  8.072 0.3000000119
1769  24.712  -100.263  7.091 0.3000000119
869  19.656  -102.509  20.213 0.4000000060
856  18.417  -102.425  21.761 0.5000000000
564  17.284  -103.236  22.188 0.5000000000
868  20.477  -102.045  19.767 0.4000000060
883  20.955  -102.407  19.032 0.4000000060
880  23.795  -101.966  19.441 0.3000000119
134814  23.272  -102.026  20.134 0.3000000119
2937  22.496  -97.590  18.430 0.4000000060
145534  24.493  -100.231  19.926 0.3000000119
2434  23.645  -98.620  19.482 0.4000000060
2445  23.292  -99.118  18.679 0.5000000000
137976  24.317  -98.980  20.762 0.3000000119
1741  25.615  -100.188  9.894 0.3000000119
1338  24.233  -101.321  10.832 0.3000000119
1768  25.216  -99.952  7.788 0.3000000119
2164  25.367  -99.264  7.792 0.3000000119
1777  24.627  -100.020  6.123 0.3000000119
1246  19.892  -101.339  20.270 0.3000000119
855  19.184  -101.992  21.027 0.4000000060
1245  20.644  -100.922  20.069 0.3000000119
2021  24.681  -99.970  20.717 0.3000000119
2921  23.194  -96.799  19.865 0.4000000060
2930  22.955  -97.265  19.217 0.4000000060
2920  23.599  -97.641  19.917 0.4000000060
2412  24.323  -98.722  21.429 0.3000000119
2130  26.095  -99.285  11.449 0.4000000060
1727  25.351  -100.103  11.463 0.4000000060
138466  25.153  -100.308  12.481 0.4000000060
1703  24.428  -101.206  14.014 0.4000000060
1690  24.244  -101.051  14.657 0.4000000060
151535  23.433  -100.324  14.739 0.5000000000
2147  26.746  -98.984  9.205 0.3000000119
132187  26.037  -99.743  9.032 0.3000000119
2163  26.245  -98.671  8.183 0.3000000119
2583  24.367  -99.198  6.840 0.3000000119
2572  23.008  -98.846  6.773 0.3000000119
1636  20.388  -99.946  20.914 0.3000000119
3424  23.322  -96.115  21.254 0.3000000119
3434  23.034  -96.144  20.312 0.3000000119
4014  22.014  -95.121  19.260 0.4000000060
4024  21.454  -94.849  18.475 0.4000000060
2398  24.617  -99.187  22.145 0.3000000119
137138  23.672  -97.102  21.564 0.3000000119
2399  24.107  -98.055  21.915 0.3000000119
2910  24.025  -97.917  20.877 0.3000000119
3477  22.657  -96.053  16.053 0.5000000000
4050  22.493  -95.051  16.209 0.5000000000
2503  28.776  -98.075  12.712 0.3000000119
2113  28.284  -98.566  12.528 0.3000000119
2529  28.097  -98.340  11.417 0.3000000119
135688  26.679  -99.339  12.371 0.3000000119
1711  25.887  -99.981  12.972 0.4000000060
2059  24.979  -99.510  15.991 0.5000000000
2480  23.643  -98.156  15.932 0.5000000000
2129  27.095  -98.839  11.440 0.3000000119
1701  25.883  -100.290  13.894 0.4000000060
1689  24.911  -100.800  14.819 0.4000000060
2075  24.560  -100.188  15.500 0.5000000000
2479  24.100  -99.153  15.714 0.5000000000
2555  26.911  -98.296  8.288 0.3000000119
2175  25.706  -98.480  7.939 0.3000000119
3068  24.864  -98.355  7.440 0.3000000119
3058  23.766  -98.421  7.418 0.3000000119
2556  22.502  -98.605  7.710 0.4000000060
3997  23.100  -95.094  21.432 0.3000000119
4582  22.302  -93.820  20.409 0.4000000060
146683  24.459  -99.164  23.949 0.3000000119
2885  24.045  -97.187  23.100 0.3000000119
3414  23.795  -96.479  22.837 0.3000000119
4595  21.548  -94.121  19.093 0.4000000060
2898  24.116  -98.232  22.951 0.3000000119
5257  21.820  -93.727  17.159 0.4000000060
4639  22.176  -94.230  16.534 0.5000000000
4623  23.405  -94.596  17.725 0.4000000060
4638  22.934  -94.569  16.913 0.5000000000
151124  28.920  -97.939  13.861 0.3000000119
3476  23.287  -96.744  16.552 0.5000000000
4049  23.075  -95.679  16.706 0.5000000000
2100  28.582  -98.571  13.409 0.3000000119
2955  24.679  -97.855  16.895 0.4000000060
3475  24.076  -97.030  17.069 0.5000000000
3016  28.450  -97.470  11.511 0.3000000119
2101  27.701  -99.273  13.543 0.4000000060
1677  26.779  -99.889  15.135 0.4000000060
2460  25.475  -98.749  16.649 0.5000000000
2462  23.893  -97.616  16.499 0.5000000000
147654  28.041  -98.272  10.348 0.3000000119
2102  26.742  -99.710  13.324 0.4000000060
141898  25.689  -100.508  14.724 0.5000000000
2074  25.249  -100.257  15.719 0.5000000000
148016  27.076  -97.608  8.209 0.3000000119
3573  26.318  -96.969  8.046 0.4000000060
149396  24.721  -96.806  8.318 0.3000000119
3057  25.322  -97.774  7.607 0.4000000060
3048  23.161  -98.051  8.288 0.4000000060
4777  14.430  -95.099  3.389 0.5000000000
2557  21.590  -98.599  7.745 0.3000000119
2378  25.360  -98.306  25.031 0.3000000119
2884  24.380  -97.589  23.717 0.3000000119
5211  22.216  -93.188  20.053 0.3000000119
2379  24.936  -97.967  24.417 0.3000000119
5868  23.155  -92.741  19.557 0.3000000119
4608  23.328  -93.816  18.216 0.5000000000
4023  24.327  -95.291  18.659 0.4000000060
4622  23.857  -94.622  18.485 0.3000000119
138849  28.607  -97.075  14.427 0.3000000119
3449  24.689  -95.933  18.415 0.5000000000
2502  28.853  -98.154  13.532 0.3000000119
2954  25.363  -98.025  17.300 0.4000000060
2942  24.895  -97.274  17.513 0.4000000060
136033  27.769  -99.418  15.151 0.4000000060
2073  26.893  -99.655  15.910 0.4000000060
2057  26.354  -99.613  16.366 0.4000000060
2047  26.394  -99.168  16.878 0.4000000060
3023  27.962  -97.354  10.691 0.3000000119
3558  27.634  -96.920  9.624 0.3000000119
1678  26.149  -100.138  15.719 0.4000000060
2058  25.752  -99.756  16.213 0.5000000000
3560  25.554  -96.196  8.462 0.3000000119
3561  24.306  -96.317  8.998 0.4000000060
3575  23.750  -97.210  8.725 0.4000000060
5445  15.011  -93.416  2.629 0.5000000000
3035  22.638  -97.609  9.156 0.4000000060
3563  22.285  -97.044  9.911 0.5000000000
4188  14.959  -95.978  3.643 0.5000000000
2869  25.456  -97.474  24.923 0.3000000119
4727  14.444  -94.105  9.752 0.5000000000
4022  24.882  -95.519  19.074 0.3000000119
4011  24.991  -95.050  19.857 0.3000000119
4735  14.355  -94.168  8.802 0.5000000000
147559  13.281  -95.058  9.303 0.6000000238
3489  28.398  -96.253  14.802 0.3000000119
2980  29.317  -97.769  14.793 0.3000000119
3503  28.111  -96.567  14.012 0.3000000119
2492  29.160  -98.189  14.363 0.3000000119
2071  29.129  -98.868  16.047 0.3000000119
2941  25.732  -97.793  18.071 0.4000000060
3448  25.432  -96.223  18.888 0.4000000060
6048  15.201  -92.518  6.463 0.5000000000
4718  11.477  -95.351  10.126 0.5000000000
2072  28.533  -99.176  15.591 0.3000000119
2056  27.100  -99.459  16.758 0.3000000119
135491  27.000  -99.310  18.102 0.3000000119
2040  27.202  -98.992  18.411 0.3000000119
151645  15.439  -92.302  5.798 0.5000000000
3545  27.437  -96.028  10.272 0.3000000119
4122  27.033  -96.203  9.360 0.3000000119
6076  16.069  -92.173  4.534 0.5000000000
4123  26.112  -95.486  9.277 0.3000000119
6095  15.030  -92.684  3.185 0.5000000000
4116  24.374  -95.124  10.028 0.4000000060
6107  15.196  -93.038  2.623 0.6000000238
4117  23.442  -95.280  10.735 0.4000000060
3546  22.844  -96.255  10.384 0.5000000000
5458  15.896  -93.125  2.125 0.5000000000
3539  21.779  -95.768  11.043 0.4000000060
3024  21.493  -96.958  9.918 0.3000000119
2546  21.197  -98.063  8.504 0.4000000060
4198  15.266  -95.410  3.389 0.6000000238
132078  23.029  -92.294  9.661 0.3000000119
145056  22.736  -92.957  9.559 0.4000000060
4126  21.106  -95.056  9.843 0.4000000060
3050  21.018  -97.730  8.340 0.3000000119
4187  15.894  -96.243  3.635 0.6000000238
133449  15.539  -97.043  3.670 0.5000000000
6671  24.785  -91.890  9.162 0.3000000119
6019  23.527  -92.903  9.063 0.5000000000
5367  22.624  -93.476  9.114 0.4000000060
4725  22.138  -94.140  8.707 0.4000000060
3084  16.142  -97.025  3.917 0.6000000238
6017  25.230  -92.355  8.722 0.3000000119
5365  24.092  -93.158  8.409 0.5000000000
5366  23.317  -93.307  8.562 0.4000000060
5380  22.721  -93.700  8.028 0.4000000060
146523  25.064  -93.026  8.234 0.4000000060
5378  24.337  -93.450  7.685 0.5000000000
5392  22.819  -93.246  7.105 0.4000000060
133229  23.705  -93.382  7.113 0.5000000000
4714  14.129  -94.102  10.330 0.6000000238
4128  13.127  -95.106  9.961 0.6000000238
4647  28.261  -94.905  15.820 0.3000000119
3488  29.211  -96.591  15.153 0.3000000119
131485  30.588  -97.063  15.976 0.3000000119
2477  29.784  -98.239  15.625 0.3000000119
5348  13.597  -93.762  10.450 0.6000000238
4716  12.860  -94.341  10.389 0.6000000238
4074  27.623  -95.883  14.509 0.3000000119
2459  29.711  -98.409  16.487 0.3000000119
2038  28.792  -99.048  17.993 0.3000000119
5350  12.290  -94.123  10.266 0.6000000238
4663  26.720  -94.498  14.109 0.3000000119
2054  28.919  -99.021  17.084 0.3000000119
152863  27.273  -99.204  18.112 0.3000000119
5360  11.810  -93.834  9.789 0.6000000238
138891  26.225  -94.785  10.193 0.3000000119
6023  12.357  -92.401  8.887 0.6000000238
5370  11.446  -93.500  8.874 0.6000000238
5371  10.829  -93.872  8.540 0.6000000238
6025  10.934  -92.995  8.145 0.5000000000
4703  21.724  -94.231  11.578 0.4000000060
4721  21.316  -94.387  10.380 0.4000000060
5376  26.222  -93.695  7.247 0.4000000060
5391  24.646  -93.917  6.998 0.5000000000
139693  28.598  -94.496  16.563 0.3000000119
4048  29.305  -95.315  16.049 0.3000000119
4059  29.953  -96.036  15.499 0.3000000119
152278  30.532  -96.364  15.821 0.3000000119
2953  30.817  -97.275  16.483 0.3000000119
2440  30.089  -98.124  17.719 0.3000000119
2934  29.586  -98.179  19.038 0.3000000119
5347  14.430  -93.362  10.493 0.5000000000
4648  27.295  -94.659  15.670 0.3000000119
4075  27.181  -95.360  13.981 0.3000000119
6006  13.579  -92.598  10.166 0.5000000000
5349  12.844  -93.646  10.377 0.6000000238
145072  26.587  -94.377  15.349 0.3000000119
132968  28.583  -98.809  18.628 0.3000000119
6007  12.756  -92.920  9.890 0.6000000238
136333  26.230  -93.945  14.766 0.3000000119
6008  12.031  -93.122  9.364 0.6000000238
4685  22.122  -93.831  11.874 0.3000000119
142138  23.635  -94.342  11.179 0.3000000119
6692  11.851  -91.822  8.088 0.6000000238
150823  10.952  -91.690  6.883 0.6000000238
6660  13.887  -91.893  9.713 0.6000000238
6674  14.159  -91.340  9.135 0.5000000000
7392  13.912  -90.862  8.369 0.6000000238
6676  12.712  -91.676  8.425 0.6000000238
6691  12.378  -91.288  7.602 0.6000000238
6050  11.042  -92.114  7.636 0.6000000238
6705  11.478  -91.472  6.356 0.6000000238
6704  12.206  -91.175  6.676 0.6000000238
6718  12.078  -91.268  5.711 0.5000000000
6659  14.690  -91.514  10.007 0.5000000000
7409  15.357  -90.347  8.235 0.5000000000
6690  13.112  -90.967  8.005 0.5000000000
7427  12.825  -90.836  5.990 0.6000000238
141977  12.001  -90.440  3.255 0.5000000000
8226  13.549  -89.960  1.990 0.6000000238
7481  12.903  -90.255  2.512 0.6000000238
7471  11.479  -90.105  3.728 0.5000000000
8210  12.890  -89.719  2.809 0.6000000238
9082  11.407  -88.635  4.381 0.6000000238
7410  14.529  -90.503  7.860 0.5000000000
7426  13.521  -90.600  5.661 0.5000000000
7439  13.928  -90.496  4.768 0.5000000000
8192  14.778  -90.255  4.330 0.6000000238
7454  13.214  -90.749  3.744 0.5000000000
7455  12.460  -90.895  4.204 0.5000000000
7468  14.146  -90.430  2.431 0.6000000238
8222  17.084  -89.353  1.981 0.6000000238
7480  13.791  -90.174  2.006 0.6000000238
9916  11.937  -88.227  4.578 0.5000000000
15479  10.933  -81.020  11.016 0.5000000000
8155  15.909  -89.916  7.713 0.5000000000
149703  13.582  -90.578  6.533 0.5000000000
17564  10.317  -79.158  11.724 0.5000000000
17547  10.518  -78.889  12.844 0.6000000238
17573  10.101  -79.691  10.933 0.6000000238
137350  8.998  -80.130  10.442 0.6000000238
16522  11.501  -80.751  12.120 0.5000000000
15496  9.707  -81.297  10.162 0.5000000000
14467  10.382  -82.247  10.212 0.5000000000
9883  12.426  -87.091  5.102 0.5000000000
153080  12.646  -87.389  4.528 0.5000000000
20959  13.171  -76.450  9.369 0.6000000238
20944  12.640  -75.793  10.107 0.6999999881
19803  12.264  -76.931  9.746 0.6000000238
20931  11.250  -76.159  11.248 0.6999999881
22018  10.087  -76.448  12.187 0.6000000238
139042  9.740  -77.014  12.304 0.6000000238
20946  10.854  -77.164  10.935 0.6000000238
20932  10.522  -76.901  11.596 0.6000000238
19823  12.935  -77.621  9.085 0.6000000238
19804  11.362  -77.530  10.247 0.6000000238
19792  10.455  -77.883  11.324 0.6000000238
20933  10.302  -77.547  11.843 0.5000000000
19762  9.416  -76.876  12.450 0.6000000238
18648  11.884  -79.179  9.408 0.6000000238
18635  10.062  -78.739  9.994 0.6000000238
18617  10.169  -78.132  11.540 0.5000000000
18601  10.034  -77.301  12.162 0.6000000238
18649  10.705  -79.272  9.521 0.6000000238
17574  9.215  -79.392  10.537 0.6000000238
17595  9.262  -80.175  9.339 0.6000000238
17584  8.924  -79.581  9.888 0.6000000238
16553  8.926  -80.543  9.658 0.6000000238
14468  9.137  -82.020  9.701 0.5000000000
13439  11.702  -83.730  10.657 0.5000000000
12517  11.855  -84.282  10.231 0.5000000000
12529  12.747  -84.799  10.032 0.5000000000
130875  14.464  -85.601  9.373 0.5000000000
22052  11.405  -75.257  11.328 0.6000000238
145911  10.859  -74.375  13.055 0.6999999881
17593  11.431  -79.819  8.808 0.5000000000
15510  8.794  -81.506  9.107 0.6000000238
13453  9.052  -83.115  8.506 0.6000000238
13440  10.655  -83.272  10.002 0.5000000000
12531  10.423  -84.022  8.755 0.6000000238
11583  12.111  -84.797  8.628 0.5000000000
11601  11.685  -85.027  7.488 0.6000000238
11582  13.381  -85.175  9.118 0.6000000238
130900  21.043  -75.350  7.052 0.4000000060
22029  14.096  -75.373  11.665 0.6999999881
142446  13.753  -76.164  14.214 0.5000000000
21975  12.281  -75.227  15.093 0.5000000000
23189  20.190  -75.695  6.289 0.6000000238
23178  19.093  -75.070  7.443 0.5000000000
22005  12.490  -74.904  13.436 0.6000000238
23070  11.568  -74.360  14.532 0.5000000000
20976  21.254  -76.062  5.923 0.5000000000
127050  13.580  -74.655  10.782 0.6000000238
22016  12.457  -75.204  12.548 0.8000000119
146003  13.392  -74.686  10.471 0.6999999881
23109  11.667  -74.787  11.974 0.8000000119
24187  10.777  -73.856  13.784 0.6999999881
14531  9.343  -83.337  7.663 0.6000000238
12557  10.461  -83.936  7.598 0.6000000238
20858  13.414  -76.495  15.353 0.5000000000
24283  18.712  -73.795  7.006 0.5000000000
20896  14.887  -76.419  12.192 0.6999999881
20839  12.343  -76.472  16.120 0.5000000000
20965  22.904  -76.020  6.527 0.4000000060
22085  21.461  -75.565  6.375 0.4000000060
20956  22.122  -76.723  7.393 0.4000000060
146801  21.244  -77.178  7.886 0.5000000000
19801  20.705  -77.530  8.635 0.4000000060
20872  13.928  -76.648  14.820 0.5000000000
19697  12.815  -77.307  16.557 0.5000000000
23149  20.891  -75.103  7.592 0.3000000119
24271  18.585  -73.871  8.360 0.3000000119
20871  14.517  -76.865  14.049 0.6000000238
138925  22.487  -76.761  8.364 0.4000000060
19800  21.591  -77.178  8.792 0.4000000060
152119  20.252  -77.968  9.243 0.4000000060
19731  15.407  -77.500  14.580 0.6000000238
145122  15.439  -77.021  12.671 0.6000000238
142731  20.824  -77.678  9.558 0.4000000060
19712  15.236  -77.780  15.409 0.5000000000
19696  13.800  -77.757  16.395 0.5000000000
24251  23.378  -74.168  8.618 0.3000000119
23133  20.405  -74.465  8.896 0.3000000119
148383  19.243  -73.176  9.610 0.3000000119
24241  18.509  -72.991  10.261 0.4000000060
19776  21.460  -77.508  11.041 0.3000000119
18631  20.258  -78.319  9.971 0.4000000060
18623  20.133  -78.402  10.985 0.4000000060
149065  20.014  -73.388  10.931 0.4000000060
19730  16.273  -77.580  14.358 0.6000000238
18544  14.585  -78.464  17.036 0.4000000060
24225  17.998  -73.041  11.270 0.4000000060
24250  24.413  -73.725  7.851 0.3000000119
24237  22.682  -73.682  9.985 0.3000000119
18559  15.795  -78.223  15.982 0.5000000000
24211  17.366  -73.014  12.056 0.4000000060
23097  16.622  -74.134  12.238 0.4000000060
24186  15.690  -73.660  13.796 0.5000000000
25401  16.607  -72.826  12.453 0.4000000060
24213  16.092  -73.089  12.643 0.4000000060
27567  17.541  -69.776  11.766 0.3000000119
27568  16.351  -69.698  11.574 0.3000000119
27550  17.050  -70.437  12.409 0.3000000119
27538  16.034  -70.830  12.916 0.3000000119
28564  15.506  -70.017  13.092 0.3000000119
143175  13.599  -72.799  19.677 0.4000000060
28606  16.836  -68.973  10.708 0.3000000119
2432  27.626  -98.270  19.529 0.3000000119
152433  22.079  -95.268  11.474 0.4000000060
25389  16.865  -72.209  12.822 0.3000000119
12567  11.390  -84.239  7.561 0.6000000238
25343  11.546  -72.352  19.405 0.4000000060
19831  20.337  -76.697  6.835 0.5000000000
26476  16.276  -71.615  13.067 0.3000000119
3576  20.865  -96.874  8.926 0.3000000119
7412  12.951  -90.865  7.070 0.5000000000
881  22.948  -101.920  19.211 0.4000000060
591  20.271  -103.157  18.587 0.5000000000
385  16.910  -103.608  22.101 0.5000000000
2446  22.597  -98.524  18.205 0.5000000000
1728  24.787  -100.768  11.092 0.4000000060
1258  21.300  -101.924  19.653 0.4000000060
150404  23.349  -97.879  19.361 0.4000000060
146583  22.064  -97.073  17.965 0.4000000060
130765  26.261  -99.472  9.799 0.4000000060
131992  24.405  -101.120  12.803 0.4000000060
1306  23.668  -101.532  13.294 0.4000000060
1218  18.181  -100.814  22.653 0.3000000119
2006  24.843  -99.917  21.619 0.3000000119
3433  23.474  -96.939  20.619 0.3000000119
3439  22.543  -96.201  19.451 0.4000000060
3440  21.828  -95.834  18.680 0.4000000060
2536  27.304  -98.474  9.781 0.3000000119
2545  27.311  -98.282  8.794 0.4000000060
4002  22.620  -94.686  20.632 0.4000000060
4609  21.403  -94.043  18.279 0.4000000060
2461  24.450  -98.510  16.303 0.5000000000
6108  14.375  -93.213  2.802 0.5000000000
3582  25.973  -97.490  7.833 0.4000000060
3413  24.226  -96.510  23.560 0.3000000119
145545  21.948  -93.151  19.402 0.4000000060
5242  21.773  -93.486  18.105 0.4000000060
5256  22.324  -93.474  17.650 0.5000000000
4035  23.525  -95.469  17.352 0.5000000000
131986  28.668  -99.035  14.776 0.3000000119
3537  28.106  -97.115  11.187 0.3000000119
3034  27.659  -97.257  9.213 0.3000000119
3559  26.666  -96.486  8.611 0.3000000119
4787  15.013  -94.352  2.906 0.6000000238
4607  23.918  -93.717  19.018 0.3000000119
5240  23.164  -93.119  18.750 0.4000000060
2451  26.584  -98.587  18.215 0.3000000119
6094  15.940  -92.401  3.472 0.5000000000
4125  23.815  -95.830  9.833 0.4000000060
3432  25.818  -95.808  20.308 0.3000000119
2444  26.954  -98.516  18.883 0.3000000119
6002  22.311  -92.526  10.159 0.4000000060
141458  21.161  -94.798  10.559 0.4000000060
3549  20.945  -96.118  10.125 0.4000000060
6670  25.553  -91.661  8.864 0.3000000119
133343  31.256  -96.869  16.289 0.3000000119
6675  13.488  -91.485  8.790 0.6000000238
5344  21.592  -93.207  11.244 0.3000000119
2939  31.465  -96.837  16.847 0.3000000119
2933  30.235  -97.797  18.351 0.3000000119
5945  25.700  -92.413  14.570 0.3000000119
7441  12.472  -91.012  5.123 0.5000000000
7470  12.560  -90.693  3.206 0.6000000238
22051  12.132  -74.439  11.051 0.6999999881
23099  11.673  -74.601  12.909 0.6999999881
22030  12.581  -75.091  11.648 0.6999999881
20887  13.915  -75.970  13.385 0.6000000238
23132  21.774  -74.805  8.546 0.3000000119
23121  22.366  -74.333  9.389 0.3000000119
6758  17.182  -92.334  2.113 0.5000000000
6749  16.550  -92.279  2.755 0.5000000000
4193  26.187  -94.643  1.563 0.6000000238
8178  15.406  -89.981  5.240 0.4000000060
9093  13.541  -89.223  2.912 0.5000000000
132788  17.028  -88.674  1.325 0.5000000000
8233  15.863  -88.947  2.189 0.5000000000
150879  14.709  -88.871  2.662 0.5000000000
9914  13.636  -87.547  3.767 0.5000000000
9932  14.129  -88.436  3.140 0.5000000000
9940  18.108  -87.953  1.253 0.5000000000
153344  13.168  -87.117  4.174 0.4000000060
9929  16.763  -87.893  2.213 0.5000000000
9930  15.886  -87.790  2.876 0.5000000000
10797  14.148  -87.063  3.899 0.5000000000
10769  13.335  -86.994  4.584 0.5000000000
10814  16.405  -87.224  2.881 0.6000000238
9912  15.213  -87.379  3.331 0.5000000000
10781  14.975  -86.807  4.109 0.5000000000
11598  14.885  -85.681  8.485 0.5000000000
10794  16.455  -86.530  3.145 0.6000000238
9849  14.800  -87.018  7.309 0.5000000000
10732  15.227  -86.103  8.274 0.5000000000
10796  15.066  -87.021  3.660 0.6000000238
10768  14.745  -86.837  4.897 0.6000000238
9867  14.857  -87.005  6.144 0.5000000000
11684  17.131  -86.417  3.001 0.6000000238
11671  16.313  -86.207  3.642 0.6000000238
10780  15.782  -86.529  3.818 0.6000000238
11628  15.603  -85.723  6.707 0.6000000238
11656  16.416  -85.823  4.307 0.6000000238
11616  14.624  -85.323  7.269 0.5000000000
11617  12.987  -85.183  7.098 0.5000000000
135336  15.857  -86.305  4.689 0.6000000238
10759  15.607  -86.404  5.810 0.6000000238
22007  9.845  -75.998  13.514 0.5000000000
22006  10.268  -75.242  13.934 0.5000000000
23090  10.313  -75.270  13.149 0.5000000000
11631  12.324  -85.067  6.697 0.6000000238
11641  16.172  -85.243  5.172 0.6000000238
11630  13.382  -85.007  6.371 0.6000000238
138557  15.927  -85.741  5.728 0.6000000238
11629  14.714  -84.979  6.145 0.6000000238
11642  15.091  -84.645  5.664 0.6000000238
24210  18.503  -72.788  12.241 0.3000000119
23015  13.339  -73.952  20.165 0.3000000119
5405  25.063  -94.189  6.078 0.4000000060
152688  25.158  -94.127  4.432 0.5000000000
2600  17.207  -97.778  3.819 0.5000000000
4186  17.013  -96.467  3.693 0.5000000000
4766  25.709  -94.383  3.929 0.4000000060
4196  17.154  -95.953  2.587 0.4000000060
4204  26.751  -94.852  1.118 0.4000000060
127013  15.846  -92.727  2.596 0.4000000060
5457  16.620  -93.443  1.570 0.4000000060
6106  16.492  -92.683  2.057 0.4000000060
4801  15.836  -93.809  2.276 0.4000000060
4207  16.717  -95.486  2.244 0.4000000060
4817  27.975  -94.319  -0.339 0.4000000060
153373  27.267  -94.887  -0.250 0.4000000060
5471  25.795  -93.904  -0.333 0.4000000060
6734  16.811  -91.879  3.907 0.4000000060
4805  27.845  -94.654  -0.121 0.4000000060
145796  27.138  -95.727  -0.290 0.4000000060
6131  26.491  -92.445  -1.285 0.4000000060
148696  26.252  -91.791  -1.354 0.5000000000
12592  16.208  -84.804  5.206 0.5000000000
12591  16.621  -84.537  4.929 0.5000000000
12593  15.400  -84.069  5.606 0.5000000000
13515  16.081  -84.011  5.393 0.5000000000
14562  16.532  -82.618  5.883 0.5000000000
13501  14.630  -83.746  5.863 0.5000000000
14543  15.505  -82.902  6.302 0.5000000000
23058  10.979  -74.272  14.868 0.4000000060
20860  11.961  -75.664  15.785 0.4000000060
13500  15.486  -83.670  5.788 0.5000000000
11643  13.808  -84.385  5.964 0.5000000000
4796  25.742  -94.570  0.995 0.5000000000
4203  27.050  -95.187  0.071 0.4000000060
5479  26.864  -93.178  -0.899 0.4000000060
405  17.403  -103.686  20.850 0.4000000060
264  16.628  -104.197  20.422 0.4000000060
424  12.783  -104.517  17.783 0.4000000060
586  18.730  -103.310  20.540 0.4000000060
130917  18.291  -103.476  20.110 0.4000000060
142420  13.428  -103.787  17.769 0.4000000060
409  17.347  -103.805  19.798 0.4000000060
1274  15.319  -101.843  17.298 0.4000000060
138538  14.190  -103.253  17.680 0.4000000060
128251  14.618  -104.121  17.900 0.4000000060
596  20.389  -103.278  17.763 0.5000000000
150609  19.416  -103.553  18.958 0.5000000000
132070  19.364  -103.888  17.674 0.4000000060
130955  18.061  -103.611  19.147 0.4000000060
137019  15.431  -103.677  17.659 0.4000000060
891  21.080  -102.686  17.573 0.5000000000
906  21.085  -102.459  16.791 0.5000000000
595  20.558  -103.021  17.339 0.5000000000
419  18.267  -103.699  17.656 0.4000000060
414  17.763  -103.796  18.362 0.4000000060
136259  20.346  -102.573  16.722 0.4000000060
898  19.810  -103.107  16.929 0.4000000060
1271  17.791  -100.755  17.144 0.4000000060
1272  16.917  -101.109  17.205 0.4000000060
900  16.868  -102.081  17.212 0.4000000060
602  16.534  -103.613  17.530 0.4000000060
421  16.258  -104.134  17.887 0.4000000060
1273  16.089  -101.362  17.300 0.4000000060
136714  15.801  -102.803  17.491 0.4000000060
1278  20.322  -101.657  16.458 0.5000000000
132232  19.496  -102.208  16.558 0.4000000060
608  19.119  -103.600  17.150 0.4000000060
420  17.206  -103.884  17.798 0.4000000060
1668  19.657  -100.394  16.478 0.5000000000
1279  18.998  -101.088  16.556 0.4000000060
908  17.762  -101.971  16.915 0.4000000060
899  17.868  -103.114  17.037 0.4000000060
128298  17.930  -97.569  16.503 0.3000000119
2959  17.696  -97.470  16.074 0.3000000119
126977  18.781  -96.592  16.146 0.4000000060
2464  19.001  -98.428  16.690 0.3000000119
2945  19.666  -96.524  16.437 0.4000000060
2957  18.793  -97.414  16.480 0.4000000060
2995  19.059  -97.281  13.728 0.3000000119
145724  18.847  -96.564  14.322 0.4000000060
3480  18.574  -96.374  15.649 0.4000000060
3479  19.128  -95.929  15.938 0.4000000060
3506  19.975  -95.953  14.410 0.4000000060
3493  19.025  -95.799  15.263 0.4000000060
4051  20.030  -95.027  16.150 0.4000000060
4626  20.762  -94.517  17.017 0.3000000119
2062  18.265  -98.894  17.079 0.3000000119
3462  20.953  -96.250  17.555 0.3000000119
2944  20.571  -96.839  17.043 0.4000000060
2983  20.433  -96.770  14.141 0.4000000060
3463  20.345  -95.982  16.965 0.3000000119
4064  20.315  -94.985  15.526 0.4000000060
4063  21.174  -95.104  15.337 0.4000000060
4651  20.999  -94.646  15.862 0.4000000060
2463  19.929  -98.895  16.496 0.4000000060
147797  19.667  -98.132  16.666 0.4000000060
131995  20.063  -97.584  13.656 0.4000000060
4036  20.966  -94.773  17.620 0.3000000119
2981  21.793  -97.710  14.571 0.4000000060
2496  20.973  -97.651  14.131 0.4000000060
141177  22.499  -97.760  15.033 0.4000000060
135993  22.539  -97.131  15.317 0.4000000060
148552  20.750  -96.172  14.482 0.4000000060
2060  20.240  -99.760  16.467 0.4000000060
142312  20.677  -99.242  16.502 0.4000000060
2943  21.409  -97.013  17.533 0.3000000119
132551  21.008  -97.686  17.104 0.4000000060
3451  21.620  -96.419  18.088 0.3000000119
2494  22.299  -98.592  14.731 0.4000000060
2089  22.760  -100.341  14.408 0.4000000060
142504  22.941  -99.482  14.719 0.4000000060
3490  22.796  -96.931  15.887 0.4000000060
3492  21.492  -96.013  14.896 0.4000000060
131009  22.081  -101.412  17.180 0.4000000060
2447  21.939  -97.856  17.644 0.3000000119
1657  22.860  -101.131  17.709 0.4000000060
1667  21.383  -101.671  16.714 0.4000000060
2048  22.140  -100.210  17.339 0.4000000060
2049  21.114  -100.003  16.785 0.4000000060
130562  21.346  -99.197  16.897 0.4000000060
2982  21.290  -96.859  14.460 0.4000000060
398  17.071  -103.722  21.594 0.4000000060
399  15.874  -104.263  21.815 0.5000000000
406  16.637  -104.047  21.290 0.5000000000
408  19.205  -103.428  19.763 0.5000000000
413  18.915  -103.762  18.418 0.4000000060
575  17.644  -103.440  21.567 0.4000000060
597  19.849  -103.835  18.220 0.4000000060
600  20.019  -103.590  17.394 0.5000000000
601  17.393  -103.470  17.487 0.4000000060
603  12.642  -103.726  17.279 0.4000000060
843  17.673  -102.668  22.325 0.5000000000
857  18.079  -103.108  21.718 0.5000000000
867  22.256  -102.019  19.651 0.4000000060
870  18.834  -102.985  20.964 0.5000000000
882  21.896  -102.071  18.764 0.4000000060
889  23.230  -101.773  18.809 0.4000000060
890  22.447  -101.926  18.441 0.4000000060
892  20.994  -102.616  18.191 0.5000000000
896  21.195  -102.662  17.184 0.5000000000
897  20.620  -103.052  17.052 0.5000000000
901  14.791  -102.631  17.511 0.4000000060
907  18.787  -102.755  16.773 0.4000000060
1236  18.653  -101.318  21.762 0.3000000119
1265  23.173  -101.547  18.291 0.4000000060
1269  22.386  -101.745  17.747 0.5000000000
1270  21.719  -102.139  17.175 0.5000000000
1275  14.530  -102.196  17.096 0.4000000060
1323  24.205  -101.167  11.738 0.3000000119
1643  24.082  -100.806  18.728 0.4000000060
1654  22.817  -99.553  17.961 0.5000000000
1658  21.561  -100.860  16.828 0.4000000060
1659  20.739  -100.735  16.529 0.4000000060
1660  18.370  -99.853  17.124 0.3000000119
1666  25.757  -100.146  15.912 0.4000000060
1679  25.467  -100.436  15.402 0.5000000000
1680  24.770  -100.668  15.236 0.5000000000
1681  24.099  -100.734  15.033 0.5000000000
1702  25.159  -100.710  14.293 0.4000000060
1712  25.096  -100.577  13.463 0.4000000060
1759  25.354  -100.214  8.595 0.3000000119
1776  24.819  -99.840  7.184 0.3000000119
1990  24.833  -99.771  22.492 0.3000000119
2022  24.275  -99.355  20.030 0.3000000119
2039  27.896  -99.072  18.374 0.3000000119
2041  27.104  -99.130  18.345 0.3000000119
2042  23.523  -100.150  18.415 0.4000000060
2044  28.037  -99.321  17.696 0.3000000119
2045  27.264  -99.381  17.578 0.3000000119
2046  26.916  -99.229  17.833 0.3000000119
2055  28.122  -99.378  16.725 0.3000000119
2061  19.245  -99.347  16.626 0.4000000060
2076  23.746  -99.770  15.142 0.5000000000
2086  28.291  -99.131  14.199 0.4000000060
2087  27.438  -99.544  14.451 0.4000000060
2088  26.626  -100.004  14.329 0.4000000060
2090  21.935  -99.524  14.400 0.4000000060
2114  25.754  -99.694  12.173 0.4000000060
2138  26.643  -98.990  10.504 0.3000000119
2139  25.810  -99.699  10.608 0.4000000060
2153  26.593  -98.892  8.535 0.3000000119
2154  25.828  -99.454  8.304 0.3000000119
2176  24.599  -99.425  7.067 0.3000000119
2179  21.987  -99.282  5.241 0.3000000119
2185  23.742  -99.758  4.566 0.4000000060
2186  22.685  -99.518  4.628 0.3000000119
2200  22.818  -99.395  3.288 0.4000000060
2372  25.607  -98.143  25.814 0.3000000119
2387  24.433  -98.535  23.830 0.3000000119
2411  24.609  -99.440  21.358 0.3000000119
2433  27.320  -98.329  19.413 0.3000000119
2435  23.122  -98.118  18.842 0.4000000060
2441  29.453  -98.527  18.399 0.3000000119
2442  27.913  -98.647  19.002 0.3000000119
2443  27.336  -98.641  18.926 0.3000000119
2449  30.261  -97.948  16.870 0.3000000119
2450  29.563  -98.549  17.442 0.3000000119
2452  26.150  -98.579  17.441 0.4000000060
2453  22.011  -98.961  17.583 0.4000000060
2454  21.400  -98.423  17.159 0.4000000060
2455  20.604  -98.445  16.664 0.4000000060
2458  30.359  -97.821  16.082 0.3000000119
2465  18.084  -98.126  16.868 0.3000000119
2478  29.244  -98.637  15.014 0.3000000119
2493  28.854  -98.570  14.184 0.3000000119
2516  28.676  -97.944  11.893 0.3000000119
2535  28.165  -97.646  11.047 0.3000000119
2543  27.852  -97.291  10.164 0.3000000119
2544  27.726  -97.749  9.545 0.3000000119
2554  27.281  -97.864  8.344 0.3000000119
2558  21.105  -98.218  7.888 0.5000000000
2570  26.641  -98.016  8.060 0.3000000119
2571  24.223  -98.849  6.919 0.4000000060
2582  24.986  -98.611  7.550 0.3000000119
2585  22.429  -99.283  5.974 0.3000000119
2590  21.555  -98.877  5.574 0.4000000060
2593  22.071  -98.785  4.369 0.3000000119
2598  22.952  -98.525  3.142 0.3000000119
2870  24.917  -97.016  24.254 0.3000000119
2899  23.856  -97.226  22.425 0.3000000119
2928  26.851  -97.878  19.429 0.3000000119
2932  30.903  -97.103  17.810 0.3000000119
2935  26.363  -98.042  18.749 0.3000000119
2940  30.642  -97.500  17.326 0.3000000119
2956  20.044  -97.504  16.700 0.4000000060
2958  18.157  -96.945  16.143 0.4000000060
2969  30.041  -97.613  15.620 0.3000000119
2970  29.594  -98.105  15.039 0.3000000119
2971  22.967  -97.675  15.612 0.4000000060
2972  22.060  -96.943  14.855 0.4000000060
2973  18.086  -96.874  15.495 0.4000000060
2984  18.293  -97.077  14.537 0.4000000060
2992  28.793  -97.708  13.917 0.3000000119
2994  19.586  -96.641  14.078 0.4000000060
3025  21.084  -96.660  9.833 0.4000000060
3033  27.767  -97.250  9.953 0.3000000119
3036  21.616  -97.646  9.263 0.4000000060
3037  20.958  -97.276  9.152 0.3000000119
3045  27.407  -97.390  8.556 0.3000000119
3046  26.581  -97.577  8.018 0.4000000060
3047  24.470  -97.602  7.825 0.4000000060
3049  22.018  -98.232  8.525 0.4000000060
3056  25.783  -97.931  7.845 0.4000000060
3077  21.974  -98.331  5.100 0.3000000119
3080  23.211  -96.451  4.824 0.3000000119
3082  18.681  -96.791  4.441 0.6000000238
3083  18.115  -97.360  4.352 0.6000000238
3088  23.715  -97.313  3.328 0.3000000119
3090  16.858  -97.191  4.042 0.5000000000
3091  16.313  -97.492  3.643 0.6000000238
3418  23.541  -96.398  22.129 0.3000000119
3425  22.945  -95.484  20.733 0.3000000119
3447  30.700  -97.045  18.628 0.3000000119
3450  22.281  -96.723  18.618 0.4000000060
3459  25.179  -96.774  18.213 0.4000000060
3460  24.283  -96.318  17.670 0.5000000000
3461  23.634  -96.260  17.092 0.5000000000
3474  31.113  -96.630  16.119 0.3000000119
3478  19.867  -95.635  16.322 0.3000000119
3487  30.127  -96.798  15.646 0.3000000119
3491  22.307  -96.407  15.374 0.4000000060
3502  29.248  -97.327  15.008 0.3000000119
3505  20.521  -95.479  14.834 0.4000000060
3507  19.173  -95.980  14.617 0.4000000060
3508  18.528  -96.294  14.948 0.4000000060
3538  27.798  -96.402  10.944 0.3000000119
3544  27.771  -96.791  10.413 0.3000000119
3547  22.020  -96.433  10.573 0.5000000000
3548  21.357  -96.316  10.448 0.4000000060
3562  23.263  -96.804  9.607 0.4000000060
3564  20.984  -96.581  9.535 0.4000000060
3571  27.403  -96.938  8.790 0.3000000119
3572  27.036  -97.204  8.314 0.3000000119
3574  25.461  -97.084  7.886 0.4000000060
3592  21.326  -97.753  7.166 0.5000000000
3606  23.053  -95.821  4.993 0.3000000119
3608  18.028  -96.883  4.488 0.6999999881
3610  16.460  -96.816  3.950 0.6000000238
3611  15.659  -96.678  3.713 0.5000000000
3618  15.066  -96.607  3.541 0.5000000000
3619  14.485  -96.275  3.419 0.5000000000
3996  23.357  -95.701  21.950 0.3000000119
4003  22.124  -94.408  19.846 0.4000000060
4012  24.420  -94.708  19.129 0.3000000119
4013  22.577  -95.348  20.027 0.4000000060
4034  23.941  -95.435  18.100 0.4000000060
4037  20.383  -95.122  16.874 0.3000000119
4052  19.653  -95.427  15.663 0.4000000060
4060  28.859  -95.781  15.403 0.3000000119
4061  27.853  -95.484  15.222 0.3000000119
4062  22.025  -95.502  15.553 0.4000000060
4076  19.683  -95.448  14.973 0.4000000060
4108  21.675  -95.118  11.391 0.4000000060
4109  21.247  -95.627  10.782 0.4000000060
4110  21.221  -94.911  11.052 0.4000000060
4114  26.788  -95.387  9.902 0.3000000119
4118  12.755  -94.998  10.308 0.6000000238
4119  12.152  -95.294  10.221 0.6000000238
4124  24.926  -95.451  9.277 0.4000000060
4127  21.026  -95.429  10.335 0.4000000060
4129  12.449  -95.397  10.026 0.6000000238
4133  21.891  -95.132  8.298 0.5000000000
4134  21.284  -95.785  9.085 0.3000000119
4135  20.942  -96.003  9.676 0.4000000060
4136  12.707  -95.398  9.423 0.6000000238
4142  21.413  -96.393  8.295 0.4000000060
4163  19.735  -94.791  5.293 0.5000000000
4189  14.301  -95.632  3.394 0.5000000000
4194  22.516  -95.647  2.516 0.4000000060
4197  16.254  -95.781  3.181 0.6000000238
4206  17.328  -95.325  1.748 0.4000000060
4213  26.404  -94.852  0.564 0.4000000060
4583  21.867  -93.607  19.623 0.4000000060
4624  22.462  -93.849  17.069 0.5000000000
4625  21.295  -94.105  17.442 0.4000000060
4635  29.682  -94.756  16.626 0.3000000119
4640  21.303  -94.264  16.554 0.4000000060
4641  20.565  -94.677  16.323 0.4000000060
4650  21.737  -94.717  15.918 0.4000000060
4662  27.089  -95.011  14.848 0.3000000119
4701  22.675  -94.928  11.485 0.4000000060
4702  22.112  -94.610  11.687 0.3000000119
4713  21.305  -94.106  11.077 0.3000000119
4715  13.412  -94.547  10.288 0.6000000238
4717  12.227  -94.799  10.290 0.6000000238
4720  21.737  -94.134  9.665 0.4000000060
4722  11.668  -94.568  10.066 0.6000000238
4728  13.807  -94.615  9.666 0.5000000000
4744  20.785  -93.799  6.436 0.3000000119
4767  19.279  -94.462  5.089 0.6999999881
4768  18.757  -95.000  4.764 0.6999999881
4775  19.014  -94.470  4.397 0.6999999881
4781  26.029  -94.565  2.481 0.6999999881
4782  25.355  -94.363  1.953 0.6999999881
4784  19.323  -94.495  2.348 0.6999999881
4786  15.903  -94.899  2.631 0.4000000060
4797  24.978  -94.193  0.949 0.5000000000
4800  16.708  -94.483  1.719 0.4000000060
4804  28.837  -94.053  -0.095 0.4000000060
4806  27.274  -95.356  -0.386 0.4000000060
4808  25.584  -94.409  0.285 0.5000000000
4810  23.549  -93.918  0.089 0.6999999881
4811  20.712  -93.216  0.330 0.8000000119
4812  20.268  -93.355  0.481 0.8000000119
4815  17.827  -94.101  0.856 0.6000000238
4818  27.265  -95.113  -0.314 0.4000000060
4819  26.559  -94.706  -0.061 0.4000000060
4821  24.715  -93.925  -0.100 0.6999999881
4822  23.897  -93.830  -0.247 0.6999999881
4823  20.301  -93.159  0.363 0.8000000119
4824  19.709  -93.262  0.453 0.8000000119
4825  18.989  -93.450  0.538 0.6999999881
5195  22.749  -93.295  20.855 0.3000000119
5224  23.758  -93.031  19.513 0.3000000119
5225  21.689  -93.474  18.913 0.4000000060
5241  22.385  -93.139  18.367 0.4000000060
5255  22.802  -93.431  18.059 0.4000000060
5287  26.405  -93.761  13.882 0.3000000119
5330  22.824  -93.897  11.722 0.3000000119
5346  15.252  -93.075  10.546 0.6000000238
5356  21.586  -93.667  10.545 0.4000000060
5357  15.364  -93.406  9.958 0.6000000238
5359  12.307  -93.508  10.049 0.6000000238
5368  15.748  -93.198  9.234 0.6000000238
5377  25.289  -93.691  7.483 0.5000000000
5379  23.475  -93.447  7.835 0.4000000060
5384  10.383  -93.419  7.839 0.5000000000
5394  21.462  -93.505  6.731 0.4000000060
5408  20.400  -93.602  5.931 0.4000000060
5409  19.725  -93.983  5.542 0.5000000000
5418  24.257  -93.621  4.559 0.6000000238
5419  20.939  -92.931  5.499 0.4000000060
5431  20.164  -93.402  4.027 0.6000000238
5443  20.960  -93.433  2.119 0.6999999881
5455  21.249  -93.558  1.203 0.8000000119
5463  20.725  -93.552  0.607 0.8000000119
5464  18.697  -93.044  0.568 0.6999999881
5469  27.526  -93.938  -0.574 0.4000000060
5470  26.693  -94.095  -0.521 0.4000000060
5473  23.590  -93.597  -0.401 0.6000000238
5476  20.757  -92.897  0.186 0.8000000119
5481  25.096  -93.465  -1.041 0.6000000238
5483  22.451  -92.914  -0.126 0.8000000119
5484  21.594  -92.805  0.120 0.8000000119
5854  22.706  -92.776  20.292 0.3000000119
5867  23.759  -92.735  20.015 0.3000000119
5869  22.433  -92.813  19.574 0.4000000060
5870  21.997  -93.014  18.880 0.4000000060
5888  22.611  -92.896  18.982 0.4000000060
5990  17.067  -91.578  10.453 0.6000000238
5992  15.293  -92.390  10.620 0.6000000238
5993  14.736  -92.676  10.634 0.6000000238
5995  13.353  -93.197  10.409 0.6000000238
6001  23.911  -92.105  9.347 0.3000000119
6003  21.810  -92.815  10.679 0.4000000060
6018  24.486  -92.601  8.808 0.5000000000
6024  11.616  -92.656  8.461 0.6000000238
6035  16.991  -92.243  7.923 0.6999999881
6038  14.998  -93.061  7.324 0.6000000238
6047  15.908  -92.164  6.398 0.5000000000
6058  23.216  -92.749  5.512 0.5000000000
6060  21.615  -92.677  5.853 0.5000000000
6073  23.547  -93.000  4.963 0.6000000238
6093  21.722  -92.855  3.985 0.6000000238
6112  17.631  -92.828  1.308 0.6000000238
6113  16.677  -92.964  1.652 0.4000000060
6119  18.199  -92.959  0.841 0.6999999881
6124  20.418  -92.115  0.191 0.8000000119
6126  19.100  -92.416  0.445 0.6999999881
6133  24.512  -92.789  -1.353 0.6999999881
6643  16.444  -91.678  10.487 0.6000000238
6644  15.730  -91.866  10.537 0.6000000238
6652  25.068  -91.043  9.422 0.3000000119
6657  17.559  -91.409  10.119 0.6999999881
6661  13.123  -92.164  9.307 0.6000000238
6673  17.571  -91.707  9.330 0.6999999881
6689  17.074  -91.854  7.091 0.6999999881
6719  11.346  -91.372  5.433 0.5000000000
6732  18.189  -91.219  4.300 0.6000000238
6747  18.195  -91.438  3.275 0.6000000238
6748  17.369  -91.837  2.961 0.5000000000
6750  11.798  -90.748  3.955 0.5000000000
6756  19.480  -91.260  1.692 0.8000000119
6762  18.548  -92.028  1.105 0.6000000238
6767  20.246  -91.217  0.402 0.6999999881
6768  19.761  -91.579  0.367 0.6999999881
6775  23.499  -91.534  -0.457 0.6000000238
6777  21.736  -91.539  0.062 0.6000000238
6778  21.059  -91.554  0.301 0.6999999881
6780  19.970  -91.596  0.354 0.6999999881
6781  19.347  -91.957  0.428 0.6999999881
6789  25.637  -91.571  -1.236 0.5000000000
6790  24.897  -92.067  -1.236 0.6000000238
6791  23.051  -91.980  -0.814 0.6000000238
6792  22.179  -91.919  -0.411 0.6999999881
6794  21.123  -92.004  0.082 0.8000000119
7376  16.097  -90.736  10.163 0.6000000238
7388  19.037  -90.145  9.445 0.8000000119
7390  15.663  -90.548  9.249 0.6000000238
7407  19.393  -90.174  7.758 0.8999999762
7411  13.696  -90.614  7.494 0.5000000000
7438  18.709  -90.584  5.638 0.6999999881
7440  13.062  -90.804  4.909 0.5000000000
7453  14.065  -90.554  3.367 0.6000000238
7469  13.426  -90.502  2.675 0.6000000238
7477  21.481  -90.148  2.117 0.6999999881
7498  20.729  -91.108  0.441 0.8000000119
7507  22.062  -91.158  0.391 0.6999999881
7508  21.394  -91.321  0.410 0.8000000119
8109  18.491  -89.355  10.257 0.6999999881
8111  17.103  -89.981  10.264 0.6000000238
8126  16.942  -89.758  9.863 0.6000000238
8141  16.594  -89.678  8.172 0.6000000238
8164  14.689  -90.236  5.338 0.6000000238
8169  25.113  -89.042  5.041 0.6000000238
8170  24.600  -89.205  5.147 0.6000000238
8175  19.978  -89.700  6.370 0.6999999881
8177  16.281  -89.749  5.109 0.5000000000
8201  25.408  -89.438  3.619 0.5000000000
8204  22.741  -89.505  3.258 0.5000000000
8209  15.552  -89.955  2.479 0.6999999881
8211  12.177  -89.911  3.263 0.5000000000
8221  17.721  -89.048  1.582 0.6000000238
8223  16.257  -89.391  2.175 0.6000000238
8224  15.346  -89.532  2.310 0.6000000238
8231  17.260  -88.854  1.308 0.6000000238
8232  16.808  -88.994  1.648 0.6000000238
8234  14.924  -89.341  2.320 0.5000000000
8970  21.486  -87.432  9.981 0.6999999881
8971  20.861  -87.854  10.261 0.8000000119
8972  19.652  -88.200  10.265 0.6999999881
8974  18.216  -88.991  10.272 0.6000000238
8985  20.750  -88.426  9.795 0.8999999762
9003  20.952  -88.731  8.969 0.6999999881
9004  18.424  -88.254  9.198 0.6000000238
9020  22.760  -88.409  7.755 0.6000000238
9021  22.021  -88.578  7.798 0.6999999881
9033  24.951  -88.456  5.478 0.6000000238
9034  24.571  -88.394  6.266 0.6000000238
9040  17.040  -89.223  6.940 0.6000000238
9049  24.743  -88.875  5.573 0.6000000238
9051  23.341  -88.787  5.984 0.6000000238
9054  17.519  -88.857  5.450 0.6000000238
9065  18.095  -89.018  3.575 0.6999999881
9080  13.365  -88.301  3.467 0.5000000000
9081  12.910  -88.819  3.362 0.5000000000
9092  16.356  -88.419  2.180 0.5000000000
9101  18.608  -88.089  1.364 0.6000000238
9102  17.855  -88.485  1.283 0.5000000000
9103  17.412  -88.394  1.287 0.5000000000
9104  16.671  -88.728  1.792 0.5000000000
9793  20.224  -87.672  10.280 0.8000000119
9804  22.756  -87.199  9.190 0.6000000238
9824  22.824  -87.624  8.936 0.6000000238
9845  24.312  -87.313  7.352 0.6000000238
9848  18.765  -87.748  7.572 0.6999999881
9864  24.796  -87.586  5.969 0.5000000000
9882  13.686  -87.160  5.482 0.5000000000
9898  12.014  -87.649  4.953 0.5000000000
9910  19.890  -87.744  2.815 0.6000000238
9913  14.477  -87.487  3.507 0.5000000000
9915  12.719  -87.847  4.093 0.5000000000
9925  20.825  -86.679  1.521 0.6000000238
9926  20.781  -87.138  1.759 0.6000000238
9931  14.936  -88.034  2.994 0.5000000000
9941  17.010  -88.383  1.541 0.5000000000
10697  14.660  -85.943  9.749 0.5000000000
10708  22.169  -86.938  9.481 0.6000000238
10710  15.122  -85.921  8.605 0.5000000000
10727  23.304  -86.758  8.546 0.6000000238
10728  22.759  -86.633  8.857 0.6000000238
10731  20.053  -86.733  8.820 0.6000000238
10746  15.309  -85.846  7.845 0.5000000000
10747  15.437  -86.215  7.385 0.6000000238
10758  15.740  -86.116  6.488 0.6000000238
10770  12.533  -87.255  4.790 0.5000000000
10790  25.212  -86.279  3.056 0.5000000000
10791  22.014  -86.457  2.006 0.5000000000
10792  21.747  -86.671  3.043 0.5000000000
10795  15.849  -86.867  3.333 0.6000000238
10808  22.052  -86.127  1.493 0.6000000238
10810  21.424  -87.023  2.227 0.6000000238
10813  17.018  -87.227  2.559 0.6999999881
10823  20.397  -86.411  1.420 0.6000000238
10824  19.470  -86.840  1.441 0.6000000238
11599  13.968  -85.289  8.250 0.5000000000
11600  12.558  -85.202  7.795 0.5000000000
11612  23.809  -85.955  6.931 0.5000000000
11618  12.024  -85.254  7.064 0.6000000238
11619  11.726  -85.042  7.078 0.6000000238
11640  21.630  -85.759  5.576 0.6000000238
11666  22.583  -85.341  2.713 0.5000000000
11668  18.254  -85.558  3.306 0.6999999881
11680  20.397  -85.467  1.486 0.6999999881
11692  19.255  -86.488  1.701 0.6999999881
12530  11.426  -84.362  9.283 0.5000000000
12544  11.121  -84.192  8.143 0.6000000238
12545  10.105  -84.010  8.062 0.6000000238
12546  9.616  -83.682  7.756 0.6000000238
12556  11.410  -84.397  7.600 0.6000000238
12577  15.055  -84.328  5.739 0.6000000238
12578  13.897  -84.062  6.086 0.5000000000
12579  12.998  -83.949  5.896 0.6999999881
12604  18.057  -84.791  3.877 0.6000000238
12611  19.432  -84.673  2.707 0.6999999881
12612  22.663  -84.908  1.426 0.6000000238
13451  10.903  -83.950  9.708 0.5000000000
13452  10.015  -83.493  9.067 0.5000000000
13464  9.608  -83.655  8.294 0.6000000238
13476  11.473  -83.910  7.398 0.6000000238
13477  9.862  -83.658  7.333 0.6999999881
13487  12.397  -84.210  6.690 0.6999999881
13488  10.455  -83.731  7.345 0.6000000238
13514  16.720  -83.722  5.228 0.5000000000
13517  23.831  -83.014  3.141 0.6000000238
13519  18.806  -84.037  3.611 0.5000000000
13523  21.517  -82.987  2.005 0.5000000000
14464  16.575  -82.031  10.088 0.5000000000
14465  15.761  -81.864  9.945 0.5000000000
14487  15.124  -82.073  9.535 0.6000000238
14488  14.278  -81.902  9.492 0.6999999881
14489  13.496  -81.668  9.157 0.8000000119
14490  9.657  -82.716  9.345 0.5000000000
14491  8.806  -82.267  8.988 0.6000000238
14511  15.367  -82.460  8.973 0.5000000000
14514  12.719  -82.374  7.838 0.6999999881
14515  8.921  -82.905  8.222 0.6000000238
14527  13.302  -82.676  7.899 0.6999999881
14528  12.056  -82.795  7.435 0.8000000119
14544  14.239  -82.882  6.430 0.6000000238
14545  13.393  -83.113  7.039 0.6999999881
14546  10.650  -83.404  7.219 0.6999999881
14563  15.800  -83.237  5.986 0.5000000000
14575  17.044  -82.216  5.490 0.5000000000
14576  16.484  -83.236  5.663 0.5000000000
14577  26.388  -81.367  4.227 0.5000000000
14579  24.735  -81.465  3.119 0.5000000000
14584  17.903  -82.950  4.865 0.5000000000
14585  23.511  -82.158  2.349 0.5000000000
14587  21.812  -82.140  2.142 0.5000000000
14589  22.328  -82.881  1.855 0.5000000000
15477  16.991  -81.254  10.758 0.5000000000
15494  16.148  -81.428  10.394 0.5000000000
15497  8.872  -81.423  9.651 0.6000000238
15526  8.859  -82.062  8.480 0.6999999881
15538  12.392  -81.033  7.894 0.6999999881
15539  12.028  -81.874  7.453 0.6999999881
15542  9.261  -82.635  7.742 0.6000000238
15588  26.227  -81.000  4.132 0.5000000000
15591  17.476  -81.837  5.593 0.5000000000
15600  24.245  -80.914  2.865 0.5000000000
15613  22.678  -81.116  2.439 0.5000000000
16505  10.963  -79.782  12.283 0.5000000000
16523  10.629  -80.204  11.399 0.5000000000
16536  16.319  -80.888  10.707 0.5000000000
16538  9.688  -80.407  10.556 0.6000000238
16539  8.923  -80.530  10.139 0.6000000238
16540  8.862  -79.805  10.172 0.6000000238
16550  16.031  -80.422  10.223 0.6000000238
16552  14.744  -80.921  9.692 0.8000000119
16566  13.912  -80.336  8.151 0.8000000119
16569  8.937  -81.107  8.858 0.6000000238
16578  13.470  -80.175  7.852 0.8000000119
16579  10.874  -81.305  7.825 0.6999999881
16603  26.105  -80.394  5.142 0.5000000000
16617  25.657  -80.666  4.080 0.5000000000
16618  24.632  -80.226  4.436 0.5000000000
16633  25.095  -80.683  3.635 0.5000000000
16635  23.496  -80.396  3.155 0.5000000000
16649  22.981  -80.534  2.880 0.5000000000
16650  22.539  -80.553  2.947 0.5000000000
17565  10.008  -78.899  11.124 0.5000000000
17571  18.338  -79.592  10.577 0.5000000000
17583  9.605  -79.417  9.677 0.6000000238
17591  15.481  -79.763  8.329 0.6999999881
17594  10.288  -79.911  8.970 0.5000000000
17602  15.874  -79.011  7.047 0.6999999881
17603  14.416  -79.882  6.855 0.8000000119
17605  13.025  -79.912  8.014 0.8000000119
17607  11.088  -80.418  8.325 0.6999999881
17613  15.107  -79.335  6.831 0.8000000119
17614  14.424  -79.404  6.771 0.8000000119
17622  24.025  -79.790  4.841 0.5000000000
18525  16.339  -78.066  17.361 0.6000000238
18557  16.455  -77.947  16.604 0.6000000238
18558  16.329  -78.119  16.245 0.6000000238
18600  10.218  -77.910  13.131 0.6000000238
18616  10.233  -78.284  11.953 0.6000000238
18625  18.905  -78.942  10.005 0.5000000000
18626  9.863  -78.928  10.796 0.6000000238
18627  8.968  -79.203  10.203 0.6000000238
18632  19.607  -78.351  9.429 0.5000000000
18634  11.051  -78.500  9.965 0.6000000238
18636  9.443  -78.846  10.009 0.6000000238
18643  19.245  -77.930  8.632 0.4000000060
18646  16.892  -78.649  7.951 0.6999999881
18647  12.764  -78.745  8.815 0.6999999881
18656  17.433  -78.110  7.772 0.6999999881
18658  13.753  -78.841  7.336 0.8000000119
18660  12.504  -79.623  8.523 0.6999999881
18664  16.288  -78.292  7.620 0.6999999881
18665  15.532  -78.636  7.044 0.8000000119
18667  14.014  -79.102  6.840 0.8000000119
19635  16.200  -77.351  20.394 0.5000000000
19675  16.310  -77.563  17.926 0.6000000238
19695  14.915  -78.202  16.150 0.4000000060
19709  17.180  -77.122  14.999 0.6999999881
19711  16.287  -77.889  15.345 0.6000000238
19713  14.150  -77.280  15.573 0.5000000000
19732  14.615  -77.241  14.871 0.5000000000
19748  16.977  -77.095  12.984 0.6000000238
19761  16.266  -77.209  12.719 0.6999999881
19778  9.870  -77.273  11.988 0.5000000000
19790  21.554  -77.391  10.027 0.4000000060
19791  20.817  -77.879  10.534 0.4000000060
19793  10.261  -78.194  11.579 0.6000000238
19802  19.960  -77.760  8.572 0.4000000060
19805  10.539  -78.088  10.578 0.6000000238
19806  10.097  -78.582  10.818 0.6000000238
19818  21.177  -76.756  7.039 0.5000000000
19819  20.478  -77.233  7.750 0.6000000238
19821  18.775  -77.357  7.475 0.6999999881
19824  12.093  -78.166  9.652 0.6000000238
19833  18.160  -77.400  7.570 0.6999999881
19834  17.179  -77.870  7.692 0.6999999881
19835  15.357  -77.310  8.063 0.8000000119
19836  14.151  -78.024  7.951 0.8000000119
19844  19.226  -76.668  7.117 0.6000000238
19846  17.723  -77.191  7.577 0.6999999881
20808  16.509  -76.755  20.607 0.5000000000
20815  16.659  -76.957  20.130 0.6000000238
20823  16.274  -76.731  18.511 0.5000000000
20838  13.159  -76.898  15.886 0.5000000000
20857  16.905  -76.832  15.859 0.6999999881
20859  12.762  -75.973  15.597 0.5000000000
20870  17.363  -76.683  14.325 0.6999999881
20873  13.149  -75.783  14.829 0.5000000000
20885  15.572  -77.297  13.552 0.6000000238
20886  14.735  -76.730  13.051 0.6000000238
20894  17.319  -76.462  12.410 0.5000000000
20897  14.231  -75.985  12.576 0.6999999881
20898  9.549  -76.888  12.823 0.5000000000
20912  17.037  -75.678  10.472 0.6000000238
20913  16.537  -76.179  10.712 0.6999999881
20916  10.234  -76.611  12.060 0.6000000238
20917  9.880  -77.047  12.519 0.5000000000
20928  16.548  -75.645  9.823 0.6999999881
20929  15.731  -76.108  9.882 0.6999999881
20940  23.149  -76.466  8.694 0.4000000060
20941  22.302  -76.857  9.460 0.4000000060
20942  15.877  -75.463  9.140 0.6999999881
20945  11.730  -76.437  10.539 0.6000000238
20958  13.905  -76.057  8.960 0.8000000119
20966  21.831  -76.276  6.367 0.5000000000
20967  20.711  -76.468  6.114 0.6999999881
20968  20.063  -76.468  6.525 0.6999999881
20970  15.278  -76.296  8.389 0.8000000119
20971  14.581  -76.892  8.425 0.8000000119
20975  22.271  -75.656  6.190 0.4000000060
20977  20.443  -76.122  6.049 0.6999999881
20979  19.314  -76.252  6.935 0.6999999881
20980  18.096  -76.496  7.581 0.8000000119
20981  17.133  -76.821  7.938 0.8000000119
20987  19.951  -75.925  6.174 0.6000000238
21924  17.019  -75.541  20.467 0.6000000238
21946  16.920  -76.177  18.837 0.5000000000
21952  15.425  -75.207  17.280 0.5000000000
21959  15.776  -75.866  16.405 0.6000000238
21960  15.497  -75.157  16.686 0.5000000000
21976  11.445  -75.141  15.161 0.4000000060
21988  12.476  -74.874  14.301 0.6000000238
21989  10.643  -75.000  14.568 0.5000000000
22003  17.178  -75.177  13.658 0.6000000238
22004  13.196  -75.503  13.916 0.6000000238
22015  13.470  -75.487  12.510 0.6999999881
22017  10.822  -74.967  12.621 0.6999999881
22031  12.009  -74.330  11.142 0.8000000119
22032  11.761  -74.482  11.541 0.8000000119
22033  10.791  -75.429  11.956 0.6000000238
22048  14.962  -75.445  9.474 0.6999999881
22049  14.152  -74.977  10.153 0.6999999881
22050  12.762  -74.486  10.807 0.6999999881
22053  10.740  -76.001  11.659 0.6000000238
22063  15.293  -75.496  9.066 0.6999999881
22065  13.780  -74.990  10.000 0.6999999881
22066  12.966  -74.802  10.466 0.6999999881
22067  12.100  -75.345  10.859 0.6999999881
22075  15.938  -75.532  8.759 0.6999999881
22077  14.248  -75.505  9.410 0.8000000119
22086  17.040  -75.953  8.055 0.8000000119
22088  15.301  -75.811  8.684 0.8000000119
22095  20.615  -75.757  6.128 0.6000000238
22096  19.604  -75.828  6.707 0.6999999881
22097  18.229  -75.729  7.740 0.6999999881
22996  16.716  -74.805  20.521 0.5000000000
22997  15.826  -74.743  20.572 0.6000000238
23013  18.079  -74.813  19.601 0.5000000000
23014  14.216  -73.948  20.223 0.3000000119
23029  18.569  -74.232  18.457 0.3000000119
23030  18.112  -74.863  18.700 0.4000000060
23049  15.894  -74.456  16.137 0.4000000060
23057  15.887  -74.359  15.329 0.6000000238
23068  16.192  -74.537  14.318 0.6000000238
23069  15.564  -73.599  14.733 0.5000000000
23071  10.607  -74.028  14.562 0.4000000060
23085  17.155  -74.876  12.784 0.5000000000
23087  11.978  -74.056  13.761 0.6999999881
23088  11.384  -73.987  13.339 0.6999999881
23089  10.415  -74.383  13.914 0.5000000000
23098  16.165  -73.553  12.628 0.4000000060
23100  11.454  -74.604  12.826 0.6999999881
23110  11.524  -74.855  12.361 0.6999999881
23122  21.250  -74.209  9.797 0.3000000119
23123  17.688  -73.787  10.153 0.5000000000
23134  19.514  -74.597  8.128 0.3000000119
23136  16.383  -74.839  8.875 0.6999999881
23150  17.695  -74.298  7.956 0.6999999881
23151  16.833  -74.947  8.348 0.6999999881
23160  22.459  -75.373  6.528 0.4000000060
23161  19.243  -75.101  7.326 0.5000000000
23162  18.599  -73.940  7.097 0.6000000238
23164  17.229  -74.827  8.062 0.6999999881
23176  20.251  -75.526  6.609 0.6000000238
23177  19.759  -75.633  6.680 0.6000000238
23179  18.386  -75.207  7.763 0.6999999881
24122  15.210  -73.969  20.333 0.4000000060
24131  16.857  -73.573  20.178 0.4000000060
24134  13.719  -73.400  19.881 0.4000000060
24152  18.899  -73.712  18.677 0.4000000060
24160  17.815  -74.107  17.503 0.4000000060
24166  15.975  -73.847  16.259 0.4000000060
24174  10.955  -73.874  14.483 0.6999999881
24200  15.640  -73.131  13.088 0.6000000238
24202  10.965  -74.166  13.060 0.6999999881
24212  16.724  -73.480  12.180 0.4000000060
24224  19.192  -72.997  11.377 0.4000000060
24226  17.319  -73.385  11.181 0.4000000060
24236  23.476  -73.372  9.188 0.3000000119
24240  19.265  -73.097  10.195 0.3000000119
24242  18.279  -73.294  9.398 0.6000000238
24252  19.971  -73.902  10.046 0.3000000119
24253  19.255  -73.775  9.110 0.3000000119
24254  18.317  -73.427  8.520 0.6000000238
24255  18.158  -73.660  8.027 0.6000000238
24273  18.245  -73.739  7.398 0.6000000238
24284  18.622  -73.720  7.029 0.6000000238
25326  16.397  -72.732  19.884 0.4000000060
25328  14.344  -72.223  19.691 0.4000000060
25354  17.811  -73.063  16.624 0.3000000119
25361  15.833  -72.072  15.758 0.4000000060
25362  15.453  -72.159  15.310 0.4000000060
25399  18.820  -72.267  12.664 0.3000000119
25400  17.699  -72.485  12.573 0.4000000060
26411  18.544  -72.188  19.062 0.3000000119
26412  17.759  -72.313  19.243 0.3000000119
26416  13.109  -71.255  19.314 0.5000000000
26428  12.916  -70.577  18.980 0.3000000119
26449  17.590  -71.536  15.773 0.3000000119
26450  16.351  -71.504  15.658 0.3000000119
26477  15.817  -71.517  13.364 0.4000000060
26478  15.457  -71.354  13.780 0.4000000060
27482  15.510  -71.006  18.931 0.3000000119
27484  13.220  -70.022  18.710 0.3000000119
27523  18.284  -70.139  14.801 0.3000000119
27524  17.102  -70.146  14.740 0.3000000119
27525  16.149  -70.343  14.598 0.3000000119
27526  15.612  -70.720  14.487 0.3000000119
27537  16.604  -70.959  12.907 0.3000000119
27539  15.669  -70.670  13.281 0.3000000119
27551  15.985  -70.270  12.207 0.3000000119
27552  15.669  -70.082  12.516 0.3000000119
28573  15.699  -69.451  12.363 0.3000000119
28588  18.045  -69.150  10.932 0.3000000119
28589  16.840  -69.150  10.901 0.3000000119
28590  16.344  -69.166  11.195 0.3000000119
127038  19.826  -75.203  7.369 0.4000000060
127952  21.517  -89.591  3.987 0.6000000238
128287  17.588  -97.358  4.263 0.6000000238
128297  14.161  -89.531  2.281 0.5000000000
128366  15.453  -88.626  2.549 0.5000000000
128498  24.536  -99.256  23.086 0.3000000119
128649  10.807  -82.732  7.066 0.6999999881
128770  27.660  -99.419  16.046 0.3000000119
128789  27.456  -99.174  12.780 0.3000000119
129345  26.842  -99.243  17.345 0.3000000119
129643  16.761  -76.749  19.445 0.6000000238
129796  16.785  -102.953  17.302 0.4000000060
129847  26.010  -93.159  14.199 0.3000000119
130004  14.317  -75.203  10.757 0.6000000238
130254  22.944  -96.282  6.165 0.3000000119
131210  24.140  -93.501  6.490 0.5000000000
131455  21.430  -90.844  0.735 0.6999999881
131507  20.716  -95.531  17.438 0.3000000119
131622  22.315  -81.827  2.140 0.5000000000
131700  18.178  -73.519  8.631 0.6000000238
131830  25.328  -79.953  5.678 0.5000000000
131950  12.193  -88.940  3.715 0.6000000238
132066  17.836  -74.081  8.505 0.6000000238
132072  19.358  -88.765  10.218 0.6999999881
132089  22.071  -93.289  9.944 0.4000000060
132133  13.756  -82.172  9.142 0.6000000238
132781  17.413  -90.941  10.495 0.6999999881
133077  15.827  -82.599  7.205 0.6000000238
133080  15.356  -79.602  7.025 0.6999999881
133109  11.575  -91.503  7.278 0.6000000238
133497  25.214  -88.471  4.058 0.6000000238
133536  22.128  -94.867  7.410 0.4000000060
133566  11.957  -84.726  6.844 0.6000000238
133826  22.424  -95.683  11.034 0.4000000060
133828  11.515  -89.417  3.931 0.6000000238
133873  19.325  -87.532  6.338 0.6999999881
134009  21.629  -85.402  1.009 0.6999999881
134612  21.079  -76.580  6.129 0.5000000000
134735  15.886  -69.605  11.743 0.3000000119
134942  16.316  -73.433  16.334 0.4000000060
135021  21.228  -95.606  17.994 0.3000000119
135280  25.301  -100.390  10.596 0.3000000119
135579  22.896  -93.868  17.521 0.5000000000
135643  15.840  -90.050  3.156 0.6999999881
135690  22.467  -95.334  5.152 0.4000000060
135767  11.947  -75.126  12.228 0.8000000119
135771  16.937  -91.104  10.648 0.6000000238
136325  27.603  -97.612  8.933 0.4000000060
136365  16.720  -89.703  9.081 0.6000000238
136447  18.365  -95.607  4.346 0.6999999881
136735  15.782  -89.703  6.864 0.6000000238
136855  23.552  -95.741  22.559 0.3000000119
137007  22.102  -93.113  0.247 0.8000000119
137121  14.211  -90.416  5.931 0.5000000000
137463  24.725  -100.643  11.911 0.4000000060
138070  21.931  -88.958  5.565 0.6000000238
138372  27.583  -98.843  12.125 0.3000000119
138470  15.405  -86.554  6.671 0.6000000238
138801  24.091  -93.488  -0.865 0.6000000238
138890  18.737  -73.941  7.105 0.5000000000
139208  10.672  -74.427  13.188 0.6999999881
139212  19.938  -100.518  20.576 0.3000000119
139845  19.273  -90.206  8.661 0.8999999762
140158  18.514  -96.312  4.533 0.6999999881
140187  16.877  -77.523  14.852 0.6999999881
140190  21.384  -98.493  7.219 0.5000000000
140322  15.406  -72.749  15.092 0.5000000000
140341  18.547  -101.769  16.699 0.4000000060
141742  25.915  -93.328  7.978 0.4000000060
141858  10.038  -76.348  12.673 0.5000000000
141996  20.647  -86.738  9.643 0.8000000119
142409  24.225  -99.677  5.145 0.4000000060
142828  17.329  -76.136  19.553 0.5000000000
142977  17.295  -75.077  11.988 0.5000000000
143091  9.006  -83.446  8.019 0.6000000238
143736  24.723  -86.784  4.377 0.5000000000
143834  23.977  -93.586  3.725 0.6000000238
144251  21.424  -86.599  9.424 0.6999999881
144264  13.990  -86.981  4.168 0.5000000000
144685  21.362  -86.315  8.766 0.6999999881
144918  25.443  -95.778  19.519 0.3000000119
145255  24.736  -100.276  22.025 0.3000000119
145318  23.183  -98.627  15.245 0.4000000060
145323  11.361  -73.851  14.011 0.6999999881
145467  20.682  -84.392  1.823 0.6999999881
145607  16.689  -80.353  10.494 0.6000000238
145743  16.020  -92.951  2.141 0.4000000060
145907  22.186  -99.220  4.158 0.3000000119
146073  23.702  -93.763  1.892 0.6999999881
146193  27.722  -97.245  9.613 0.3000000119
146203  10.504  -79.699  11.576 0.6000000238
146280  17.106  -74.293  20.367 0.5000000000
146329  21.846  -98.069  5.736 0.4000000060
146529  23.285  -79.839  3.788 0.5000000000
146617  21.607  -96.848  7.616 0.5000000000
146818  10.274  -75.633  12.388 0.5000000000
146950  21.133  -84.869  1.165 0.6000000238
147306  11.463  -90.450  3.843 0.5000000000
147549  10.921  -88.966  4.447 0.6000000238
147624  17.394  -74.650  9.934 0.6000000238
147679  29.855  -97.333  15.547 0.3000000119
148039  24.697  -98.195  7.322 0.3000000119
148306  22.947  -84.238  4.565 0.6000000238
148507  27.489  -98.480  10.686 0.3000000119
148662  16.111  -102.135  17.408 0.4000000060
149555  26.123  -100.324  15.131 0.5000000000
149573  21.804  -99.064  6.917 0.4000000060
149952  15.462  -85.299  5.956 0.6000000238
149976  26.601  -94.481  14.789 0.3000000119
150017  24.170  -93.348  19.590 0.3000000119
150021  22.463  -89.957  1.145 0.5000000000
150495  21.707  -95.461  4.185 0.4000000060
150500  17.716  -93.751  0.920 0.6000000238
150600  23.517  -93.566  2.557 0.6999999881
150612  18.123  -103.422  20.920 0.4000000060
150759  17.440  -79.413  9.668 0.6000000238
150884  17.204  -75.255  10.271 0.6000000238
150933  14.447  -85.775  10.062 0.5000000000
150986  17.368  -74.466  10.459 0.6000000238
151017  13.146  -75.419  13.173 0.6000000238
151223  25.123  -98.917  7.660 0.3000000119
151270  16.343  -72.063  16.014 0.4000000060
151329  24.770  -98.640  24.453 0.3000000119
151584  10.981  -88.441  4.660 0.6000000238
151597  14.343  -84.341  5.936 0.6000000238
151618  13.217  -84.142  5.845 0.5000000000
151862  10.609  -81.647  10.608 0.5000000000
151995  18.442  -89.845  10.207 0.6999999881
152113  17.275  -103.993  18.967 0.4000000060
152116  18.872  -103.554  19.292 0.5000000000
152361  21.290  -94.037  6.761 0.4000000060
152367  20.581  -87.137  10.134 0.8000000119
152379  11.497  -82.432  7.195 0.6999999881
152492  30.629  -97.207  16.091 0.3000000119
152553  24.066  -98.428  20.168 0.3000000119
152600  10.869  -74.709  14.757 0.4000000060
152648  22.895  -92.640  19.921 0.3000000119
152747  16.768  -77.444  14.250 0.6999999881
152838  16.360  -77.089  19.038 0.6000000238
152952  15.432  -71.221  14.299 0.4000000060
153074  18.554  -93.561  0.614 0.6999999881
153109  17.669  -84.402  4.395 0.6000000238
153137  26.759  -99.011  9.796 0.4000000060
153183  21.688  -84.427  1.214 0.6000000238
153192  23.299  -97.428  16.120 0.4000000060
153201  25.863  -87.850  1.920 0.6000000238
153291  22.048  -98.917  7.311 0.4000000060
153354  10.018  -77.109  12.653 0.6000000238
153393  21.623  -102.033  19.233 0.4000000060
