#!ascii label  , from subject sub2 vox2ras=TkReg
1325
71536  -45.032  -29.220  71.548 0.0000000000
65293  -26.197  -34.671  84.320 0.0000000000
64247  -33.765  -35.294  74.544 0.0000000000
86823  -44.705  -15.051  55.544 0.0000000000
94256  -48.770  -8.941  52.092 0.0000000000
60448  -23.839  -38.575  82.835 0.0000000000
83554  -43.267  -18.162  57.036 0.0000000000
77865  -46.006  -23.589  68.757 0.0000000000
69218  -39.154  -32.213  72.918 0.0000000000
61596  -28.027  -37.310  88.326 0.0000000000
56922  -24.848  -42.061  80.562 0.0000000000
72622  -40.323  -28.120  67.909 0.0000000000
76752  -42.121  -24.552  68.736 0.0000000000
65401  -28.271  -35.580  79.143 0.0000000000
72544  -36.558  -28.268  72.183 0.0000000000
79134  -40.402  -23.030  61.200 0.0000000000
79170  -44.956  -23.017  58.032 0.0000000000
82470  -47.116  -19.594  56.059 0.0000000000
57969  -13.598  -39.096  87.787 0.0000000000
61551  -12.755  -37.999  90.035 0.0000000000
170542  -38.000  -24.294  69.406 0.0000000000
80212  -36.035  -21.967  67.021 0.0000000000
81308  -36.484  -20.445  63.536 0.0000000000
56893  -19.269  -41.259  83.615 0.0000000000
62831  -29.139  -35.864  87.531 0.0000000000
66608  -27.289  -33.386  86.062 0.0000000000
69239  -42.325  -31.339  72.328 0.0000000000
67886  -23.322  -32.591  82.151 0.0000000000
64055  -25.922  -35.835  87.281 0.0000000000
62884  -29.260  -37.041  84.374 0.0000000000
175381  -42.242  -28.572  71.419 0.0000000000
72591  -38.362  -28.657  70.135 0.0000000000
81343  -40.337  -20.537  60.253 0.0000000000
77984  -43.244  -24.267  59.566 0.0000000000
80325  -42.158  -21.568  58.547 0.0000000000
83567  -44.785  -18.869  56.081 0.0000000000
85724  -46.026  -16.786  55.266 0.0000000000
84623  -48.279  -17.841  55.346 0.0000000000
86833  -47.162  -15.558  54.764 0.0000000000
164994  -47.556  -14.159  54.725 0.0000000000
75637  -39.401  -25.187  71.757 0.0000000000
76750  -39.695  -24.618  69.459 0.0000000000
76712  -37.079  -25.321  71.112 0.0000000000
79036  -34.449  -22.538  68.757 0.0000000000
81248  -33.652  -21.195  67.184 0.0000000000
173313  -35.961  -21.847  65.413 0.0000000000
82382  -34.503  -19.162  64.411 0.0000000000
83507  -35.540  -18.210  62.375 0.0000000000
64190  -31.162  -36.166  77.004 0.0000000000
60443  -17.296  -38.675  84.117 0.0000000000
59278  -20.611  -39.064  81.025 0.0000000000
60315  -10.113  -38.699  92.641 0.0000000000
62711  -10.155  -36.735  97.731 0.0000000000
167516  -42.462  -18.687  59.334 0.0000000000
154910  -42.458  -22.357  70.257 0.0000000000
66840  -36.620  -34.164  72.797 0.0000000000
59251  -25.866  -38.576  84.113 0.0000000000
59294  -23.204  -39.025  79.488 0.0000000000
178974  -26.840  -37.660  80.916 0.0000000000
93197  -50.341  -9.150  51.215 0.0000000000
70470  -43.026  -30.133  69.338 0.0000000000
73640  -44.398  -27.223  67.331 0.0000000000
159150  -42.840  -26.871  67.737 0.0000000000
66733  -24.577  -32.912  79.513 0.0000000000
158662  -27.180  -34.662  80.909 0.0000000000
67938  -25.956  -33.314  77.764 0.0000000000
65473  -29.011  -34.943  75.512 0.0000000000
158281  -31.905  -34.127  73.082 0.0000000000
71493  -33.517  -29.549  72.904 0.0000000000
68035  -34.488  -32.227  71.241 0.0000000000
70451  -36.559  -30.724  70.020 0.0000000000
69291  -39.063  -30.730  69.349 0.0000000000
77914  -42.800  -23.703  63.385 0.0000000000
81365  -43.646  -20.785  56.805 0.0000000000
80344  -46.242  -21.179  56.563 0.0000000000
90044  -48.224  -12.372  54.355 0.0000000000
59147  -14.381  -39.070  88.769 0.0000000000
57929  -13.133  -40.612  90.831 0.0000000000
77873  -42.462  -23.753  67.529 0.0000000000
77855  -40.191  -23.482  68.960 0.0000000000
165223  -38.789  -22.178  70.043 0.0000000000
77836  -35.722  -24.286  70.342 0.0000000000
173034  -36.693  -23.103  68.828 0.0000000000
80201  -38.029  -21.124  69.292 0.0000000000
81257  -38.231  -20.970  67.382 0.0000000000
80231  -39.174  -21.319  65.017 0.0000000000
80277  -39.810  -20.732  63.306 0.0000000000
80295  -38.657  -20.770  61.738 0.0000000000
83522  -37.657  -18.484  60.536 0.0000000000
65315  -29.147  -34.494  83.137 0.0000000000
60374  -16.383  -38.082  86.810 0.0000000000
56831  -16.403  -41.015  86.249 0.0000000000
56908  -21.609  -41.944  81.634 0.0000000000
63908  -8.122  -35.380  99.731 0.0000000000
65252  -26.626  -34.131  86.324 0.0000000000
65231  -27.467  -33.880  89.038 0.0000000000
66626  -26.770  -34.171  84.694 0.0000000000
70437  -43.609  -30.586  72.225 0.0000000000
66673  -24.109  -34.076  81.789 0.0000000000
65311  -23.420  -34.545  83.195 0.0000000000
174497  -25.452  -35.445  84.201 0.0000000000
187913  -26.753  -35.162  88.857 0.0000000000
167497  -40.010  -17.808  59.633 0.0000000000
81351  -41.347  -21.142  59.497 0.0000000000
82433  -41.374  -19.372  59.888 0.0000000000
163047  -44.244  -15.418  55.992 0.0000000000
84619  -44.690  -17.320  55.805 0.0000000000
169868  -44.758  -15.772  55.498 0.0000000000
85735  -46.640  -16.149  55.109 0.0000000000
86831  -45.345  -15.193  55.277 0.0000000000
87947  -45.943  -14.614  55.024 0.0000000000
75636  -38.559  -25.367  71.771 0.0000000000
81235  -33.386  -20.708  68.336 0.0000000000
82341  -33.754  -19.947  66.005 0.0000000000
171912  -33.866  -18.436  65.746 0.0000000000
84527  -34.363  -17.429  64.433 0.0000000000
64226  -32.657  -35.623  75.311 0.0000000000
62967  -32.246  -36.609  77.890 0.0000000000
62989  -34.165  -36.293  77.037 0.0000000000
60459  -20.574  -37.878  82.348 0.0000000000
157333  -22.013  -38.053  81.309 0.0000000000
93192  -47.910  -9.825  52.223 0.0000000000
60289  -9.570  -37.816  94.881 0.0000000000
75662  -47.643  -24.829  70.520 0.0000000000
79032  -44.275  -22.709  69.588 0.0000000000
68021  -37.849  -33.012  72.793 0.0000000000
66825  -38.916  -33.829  73.934 0.0000000000
62849  -24.402  -37.075  86.019 0.0000000000
61595  -25.218  -37.820  87.781 0.0000000000
60362  -27.128  -38.339  89.122 0.0000000000
60414  -27.155  -38.118  85.546 0.0000000000
60464  -26.557  -37.689  82.702 0.0000000000
61658  -27.197  -37.474  82.945 0.0000000000
60432  -29.997  -38.258  83.892 0.0000000000
60466  -29.004  -38.306  82.559 0.0000000000
70489  -41.406  -29.752  67.717 0.0000000000
72635  -42.602  -28.070  67.382 0.0000000000
73627  -42.122  -27.774  67.973 0.0000000000
70349  -25.336  -30.480  78.431 0.0000000000
67925  -25.426  -32.887  78.591 0.0000000000
67949  -26.088  -31.689  77.152 0.0000000000
66803  -28.012  -33.443  74.935 0.0000000000
66823  -29.390  -33.415  74.151 0.0000000000
65491  -30.494  -35.055  74.685 0.0000000000
66837  -31.235  -33.290  73.062 0.0000000000
72528  -36.867  -28.469  73.165 0.0000000000
71514  -34.987  -28.669  72.364 0.0000000000
70434  -33.287  -30.332  71.558 0.0000000000
71532  -34.428  -29.214  71.167 0.0000000000
69253  -35.432  -31.488  70.942 0.0000000000
72604  -35.639  -28.878  70.121 0.0000000000
72607  -39.225  -28.621  68.849 0.0000000000
71570  -38.182  -29.107  68.952 0.0000000000
70487  -39.887  -29.565  67.781 0.0000000000
70468  -41.432  -30.459  68.836 0.0000000000
77960  -40.731  -23.495  61.897 0.0000000000
77941  -43.472  -24.390  62.824 0.0000000000
77962  -42.721  -24.331  61.381 0.0000000000
77998  -44.432  -23.678  58.518 0.0000000000
76844  -45.010  -25.180  59.634 0.0000000000
82450  -42.526  -19.553  57.886 0.0000000000
81363  -42.619  -20.408  57.590 0.0000000000
81373  -43.549  -19.862  56.586 0.0000000000
82469  -45.641  -18.841  55.990 0.0000000000
81375  -45.567  -20.329  56.250 0.0000000000
81376  -46.641  -20.428  56.224 0.0000000000
80336  -47.714  -21.807  57.126 0.0000000000
88986  -47.980  -13.144  54.753 0.0000000000
157795  -46.792  -11.971  54.539 0.0000000000
92140  -46.850  -10.627  53.878 0.0000000000
59170  -14.602  -38.322  88.160 0.0000000000
59148  -15.106  -38.210  89.126 0.0000000000
57956  -14.280  -38.939  88.131 0.0000000000
57930  -14.102  -40.556  90.431 0.0000000000
59121  -12.367  -39.924  93.365 0.0000000000
75701  -43.542  -25.218  67.462 0.0000000000
75709  -44.071  -25.751  66.958 0.0000000000
76763  -42.209  -24.397  67.851 0.0000000000
76749  -38.714  -24.473  69.671 0.0000000000
179028  -40.099  -24.118  68.909 0.0000000000
76760  -39.272  -23.847  69.531 0.0000000000
158010  -39.342  -22.838  69.909 0.0000000000
178175  -38.628  -22.953  69.980 0.0000000000
165939  -34.132  -23.302  71.095 0.0000000000
80198  -34.727  -22.238  67.963 0.0000000000
79024  -35.711  -23.390  69.048 0.0000000000
79038  -36.178  -22.821  68.357 0.0000000000
80191  -37.849  -21.934  69.220 0.0000000000
80200  -37.775  -21.407  68.518 0.0000000000
81249  -38.003  -20.856  68.023 0.0000000000
80213  -36.967  -22.457  67.008 0.0000000000
81292  -36.039  -21.182  64.131 0.0000000000
80256  -37.498  -22.007  64.645 0.0000000000
81294  -38.210  -21.025  63.855 0.0000000000
81311  -39.622  -20.524  63.547 0.0000000000
81310  -38.404  -20.299  63.055 0.0000000000
79097  -39.502  -21.745  63.013 0.0000000000
81322  -37.966  -20.169  62.545 0.0000000000
86752  -35.630  -15.885  61.870 0.0000000000
84557  -36.581  -17.882  61.178 0.0000000000
85650  -36.799  -16.293  60.892 0.0000000000
65400  -27.658  -34.944  79.660 0.0000000000
185272  -28.035  -34.905  82.048 0.0000000000
65355  -28.979  -35.478  81.035 0.0000000000
58066  -17.779  -40.184  83.696 0.0000000000
58030  -16.176  -39.789  85.044 0.0000000000
56869  -17.859  -41.045  85.777 0.0000000000
58112  -24.329  -40.601  79.633 0.0000000000
170400  -22.372  -40.764  80.036 0.0000000000
55794  -22.842  -42.542  80.937 0.0000000000
167781  -30.693  -37.536  85.415 0.0000000000
64043  -29.162  -35.266  88.284 0.0000000000
64025  -27.967  -33.463  89.390 0.0000000000
66559  -28.072  -32.774  87.847 0.0000000000
69219  -40.904  -31.914  72.745 0.0000000000
68005  -39.794  -32.963  74.111 0.0000000000
181554  -23.110  -33.141  83.444 0.0000000000
62882  -23.517  -36.242  84.898 0.0000000000
62808  -27.155  -36.668  89.101 0.0000000000
61611  -28.139  -36.641  86.926 0.0000000000
62809  -27.648  -36.052  88.634 0.0000000000
62830  -28.611  -36.163  87.253 0.0000000000
72594  -40.905  -28.391  69.369 0.0000000000
182098  -43.331  -27.281  69.497 0.0000000000
71516  -38.448  -29.005  72.630 0.0000000000
166947  -37.710  -28.571  70.683 0.0000000000
72570  -40.390  -29.037  70.960 0.0000000000
80312  -40.139  -21.352  60.414 0.0000000000
79149  -41.636  -23.225  60.043 0.0000000000
79157  -41.412  -22.492  59.635 0.0000000000
79168  -42.540  -22.475  58.662 0.0000000000
79179  -43.617  -22.187  57.671 0.0000000000
82467  -43.924  -18.932  56.290 0.0000000000
83566  -44.367  -18.088  56.176 0.0000000000
83578  -45.136  -18.111  55.856 0.0000000000
83580  -46.850  -18.243  55.625 0.0000000000
157843  -47.712  -18.423  55.563 0.0000000000
85725  -46.979  -16.881  55.209 0.0000000000
85736  -47.517  -16.244  54.912 0.0000000000
169395  -47.934  -15.614  54.639 0.0000000000
87948  -46.843  -14.807  54.747 0.0000000000
88984  -46.220  -13.224  55.094 0.0000000000
56780  -15.100  -40.972  88.375 0.0000000000
56765  -14.762  -40.535  89.360 0.0000000000
187474  -15.720  -40.819  90.479 0.0000000000
76729  -40.448  -24.952  70.575 0.0000000000
155435  -40.342  -24.791  69.569 0.0000000000
75659  -39.699  -25.131  69.968 0.0000000000
75657  -38.533  -25.159  70.024 0.0000000000
76728  -37.762  -25.199  69.972 0.0000000000
79009  -33.937  -22.523  70.866 0.0000000000
81230  -33.690  -20.937  69.566 0.0000000000
80197  -34.027  -21.951  68.257 0.0000000000
80211  -35.013  -21.802  67.205 0.0000000000
80220  -36.455  -22.113  66.320 0.0000000000
80218  -34.416  -21.217  66.001 0.0000000000
185324  -34.654  -20.800  65.001 0.0000000000
81307  -35.565  -20.214  63.781 0.0000000000
82412  -35.943  -18.991  62.745 0.0000000000
83502  -34.669  -18.089  63.427 0.0000000000
64180  -29.867  -36.145  77.939 0.0000000000
178733  -29.757  -36.282  79.730 0.0000000000
62937  -31.314  -36.783  79.279 0.0000000000
59267  -18.493  -39.085  82.585 0.0000000000
58081  -19.710  -40.316  82.111 0.0000000000
60335  -11.312  -38.364  90.507 0.0000000000
165674  -11.571  -37.186  91.934 0.0000000000
61535  -10.203  -37.452  92.170 0.0000000000
62743  -9.324  -36.540  94.098 0.0000000000
172503  -9.316  -35.532  96.410 0.0000000000
80180  -41.362  -21.145  71.162 0.0000000000
65517  -35.278  -34.549  73.398 0.0000000000
182833  -34.791  -35.877  75.758 0.0000000000
169898  -26.163  -39.118  86.003 0.0000000000
59263  -25.106  -38.909  83.582 0.0000000000
60479  -23.651  -38.137  81.166 0.0000000000
60480  -24.549  -38.063  80.781 0.0000000000
59297  -25.011  -38.216  79.769 0.0000000000
58114  -26.105  -39.482  80.080 0.0000000000
177499  -28.234  -37.461  82.815 0.0000000000
59280  -27.653  -38.826  81.114 0.0000000000
56924  -26.325  -41.394  81.193 0.0000000000
94262  -49.635  -8.873  51.745 0.0000000000
71553  -44.228  -29.656  70.398 0.0000000000
170701  -45.110  -28.535  70.111 0.0000000000
72624  -44.246  -28.498  68.513 0.0000000000
184680  -43.282  -26.770  67.048 0.0000000000
75678  -43.111  -24.770  68.659 0.0000000000
74664  -43.914  -25.872  69.300 0.0000000000
75679  -43.610  -25.251  69.431 0.0000000000
187387  -41.913  -24.470  69.613 0.0000000000
76714  -41.053  -24.823  71.636 0.0000000000
66694  -24.642  -33.933  81.084 0.0000000000
172799  -25.621  -34.345  81.705 0.0000000000
66716  -25.898  -33.766  79.964 0.0000000000
179929  -26.510  -33.910  79.157 0.0000000000
66753  -27.252  -34.808  77.722 0.0000000000
67960  -26.696  -32.640  76.159 0.0000000000
66771  -27.314  -34.515  76.501 0.0000000000
65442  -27.991  -35.326  77.049 0.0000000000
64202  -30.466  -35.808  76.349 0.0000000000
64225  -31.839  -35.607  75.407 0.0000000000
65494  -33.228  -34.785  73.943 0.0000000000
69216  -31.894  -31.439  73.056 0.0000000000
69250  -32.340  -31.732  71.729 0.0000000000
66869  -33.069  -32.923  71.720 0.0000000000
160536  -34.023  -33.997  72.580 0.0000000000
68036  -35.367  -32.762  71.590 0.0000000000
69233  -36.795  -31.956  71.737 0.0000000000
69256  -38.225  -31.678  71.758 0.0000000000
72606  -37.089  -28.832  69.609 0.0000000000
69290  -38.308  -30.717  69.798 0.0000000000
69257  -39.431  -31.557  71.080 0.0000000000
69259  -41.054  -31.300  71.203 0.0000000000
70436  -42.818  -30.702  70.870 0.0000000000
69122  -23.582  -31.941  80.969 0.0000000000
77976  -43.741  -24.838  60.316 0.0000000000
81358  -42.165  -20.339  58.386 0.0000000000
80332  -43.077  -21.261  57.351 0.0000000000
80333  -43.972  -21.614  57.128 0.0000000000
82468  -44.532  -19.788  56.221 0.0000000000
80343  -45.309  -21.138  56.651 0.0000000000
79181  -45.377  -22.576  57.449 0.0000000000
79172  -47.366  -22.500  57.610 0.0000000000
185738  -47.680  -11.605  53.743 0.0000000000
92141  -47.309  -10.475  53.127 0.0000000000
93185  -47.858  -8.942  53.293 0.0000000000
60339  -15.200  -38.197  89.380 0.0000000000
60337  -13.436  -38.608  88.659 0.0000000000
57943  -14.377  -40.174  88.862 0.0000000000
57941  -13.351  -40.403  88.623 0.0000000000
59144  -12.395  -39.435  88.974 0.0000000000
187077  -11.551  -40.192  91.536 0.0000000000
74665  -45.463  -26.977  68.909 0.0000000000
75697  -45.969  -25.622  68.645 0.0000000000
76770  -45.008  -23.885  67.755 0.0000000000
179606  -41.385  -24.039  67.803 0.0000000000
79055  -42.060  -23.207  67.645 0.0000000000
79043  -43.024  -22.745  68.387 0.0000000000
79030  -41.826  -22.532  69.365 0.0000000000
79028  -40.189  -22.419  70.103 0.0000000000
80178  -39.971  -21.268  70.333 0.0000000000
76726  -36.345  -24.823  70.705 0.0000000000
76746  -36.619  -24.467  69.895 0.0000000000
77851  -35.120  -23.827  69.817 0.0000000000
77852  -36.132  -23.910  69.618 0.0000000000
77853  -37.498  -23.628  69.333 0.0000000000
79026  -38.049  -22.530  69.794 0.0000000000
80192  -38.310  -21.570  69.715 0.0000000000
157611  -37.333  -22.312  66.475 0.0000000000
80222  -38.629  -21.752  65.771 0.0000000000
79099  -41.153  -22.227  63.456 0.0000000000
79120  -39.929  -22.603  62.884 0.0000000000
79132  -39.640  -22.188  61.507 0.0000000000
82413  -36.720  -19.034  62.294 0.0000000000
82422  -37.649  -19.678  61.266 0.0000000000
80311  -39.538  -21.512  60.956 0.0000000000
83523  -38.433  -18.503  60.167 0.0000000000
85668  -39.490  -16.464  60.090 0.0000000000
66675  -27.114  -34.540  82.727 0.0000000000
66652  -28.714  -33.873  84.164 0.0000000000
65336  -29.952  -35.360  82.290 0.0000000000
57971  -14.581  -38.729  86.785 0.0000000000
59219  -15.900  -38.581  85.735 0.0000000000
57995  -14.916  -39.402  85.917 0.0000000000
56796  -14.482  -40.106  86.641 0.0000000000
55669  -16.392  -41.579  87.860 0.0000000000
59286  -21.726  -38.947  80.212 0.0000000000
58098  -20.822  -40.084  80.992 0.0000000000
56906  -20.310  -41.270  82.473 0.0000000000
63902  -10.866  -36.595  100.023 0.0000000000
65102  -9.896  -35.146  99.440 0.0000000000
165304  -9.072  -33.930  98.329 0.0000000000
72574  -45.561  -28.734  71.813 0.0000000000
65270  -26.649  -34.500  85.308 0.0000000000
66625  -26.013  -34.431  83.663 0.0000000000
70438  -44.150  -30.170  71.870 0.0000000000
65333  -24.391  -34.612  82.347 0.0000000000
65312  -23.942  -34.904  82.986 0.0000000000
187847  -25.470  -35.097  83.589 0.0000000000
65251  -26.325  -35.019  85.781 0.0000000000
84570  -40.693  -17.154  59.687 0.0000000000
167807  -41.132  -18.724  59.839 0.0000000000
186470  -41.622  -18.076  59.693 0.0000000000
87946  -45.147  -14.479  55.364 0.0000000000
82354  -33.563  -19.017  66.206 0.0000000000
64227  -33.440  -35.654  75.248 0.0000000000
62988  -33.183  -36.262  76.692 0.0000000000
64206  -33.925  -35.959  76.036 0.0000000000
166504  -22.896  -38.327  82.689 0.0000000000
170005  -21.979  -37.935  82.122 0.0000000000
157278  -22.783  -38.069  81.607 0.0000000000
92155  -48.244  -10.255  51.829 0.0000000000
158442  -48.372  -9.602  51.813 0.0000000000
77858  -46.470  -23.432  69.442 0.0000000000
77837  -45.792  -23.038  70.183 0.0000000000
77857  -45.644  -23.113  69.219 0.0000000000
68022  -38.602  -32.662  73.087 0.0000000000
66842  -38.424  -33.483  73.296 0.0000000000
68004  -39.023  -33.063  73.832 0.0000000000
62807  -26.383  -36.930  88.770 0.0000000000
61584  -27.303  -37.717  89.173 0.0000000000
60388  -27.733  -38.164  87.993 0.0000000000
60399  -27.483  -37.978  86.652 0.0000000000
60431  -27.255  -37.576  84.742 0.0000000000
61628  -27.607  -37.197  85.413 0.0000000000
71580  -40.953  -29.210  67.558 0.0000000000
72634  -41.273  -28.640  67.561 0.0000000000
73626  -41.158  -27.907  67.928 0.0000000000
69144  -25.609  -30.993  77.660 0.0000000000
68018  -30.215  -32.785  73.723 0.0000000000
67999  -29.489  -32.717  74.076 0.0000000000
182574  -29.901  -33.117  73.717 0.0000000000
66836  -30.601  -33.409  73.437 0.0000000000
68019  -31.005  -32.714  73.367 0.0000000000
72527  -35.882  -28.434  72.841 0.0000000000
72543  -35.674  -28.289  71.870 0.0000000000
72565  -35.556  -28.435  71.114 0.0000000000
181753  -35.210  -29.089  70.245 0.0000000000
72566  -36.236  -28.303  71.215 0.0000000000
72608  -40.107  -28.313  68.643 0.0000000000
72621  -39.225  -28.835  68.261 0.0000000000
72632  -39.822  -28.754  67.829 0.0000000000
70488  -40.597  -29.792  67.736 0.0000000000
77961  -41.727  -23.922  61.826 0.0000000000
77973  -41.169  -23.488  60.928 0.0000000000
79171  -45.725  -23.144  57.939 0.0000000000
83540  -42.968  -18.874  57.471 0.0000000000
82458  -42.945  -19.672  57.213 0.0000000000
82466  -43.280  -18.929  56.799 0.0000000000
82484  -46.480  -18.870  55.920 0.0000000000
163520  -46.127  -19.595  56.072 0.0000000000
81377  -47.590  -20.480  56.272 0.0000000000
91075  -46.636  -11.303  54.350 0.0000000000
75694  -43.244  -24.893  68.073 0.0000000000
174190  -42.947  -24.450  67.696 0.0000000000
77854  -38.270  -23.653  69.634 0.0000000000
79053  -35.641  -22.365  67.730 0.0000000000
80199  -36.904  -22.501  67.709 0.0000000000
182484  -37.683  -21.792  67.482 0.0000000000
81293  -37.053  -21.279  63.974 0.0000000000
81309  -37.572  -20.196  63.256 0.0000000000
65376  -28.015  -35.193  80.718 0.0000000000
65377  -28.537  -35.525  80.083 0.0000000000
58067  -18.535  -40.541  83.192 0.0000000000
58047  -17.044  -40.291  84.488 0.0000000000
56881  -18.076  -40.983  84.988 0.0000000000
56851  -18.381  -41.800  86.043 0.0000000000
56882  -19.204  -41.457  84.526 0.0000000000
166474  -24.096  -41.693  80.218 0.0000000000
56932  -23.036  -41.703  80.349 0.0000000000
185060  -23.603  -42.407  80.622 0.0000000000
61552  -13.728  -37.918  90.494 0.0000000000
61538  -13.099  -37.466  91.509 0.0000000000
75651  -47.193  -25.636  70.702 0.0000000000
160023  -29.282  -36.348  86.741 0.0000000000
62852  -30.083  -36.821  86.650 0.0000000000
66583  -26.914  -33.358  86.721 0.0000000000
65230  -27.308  -33.507  88.262 0.0000000000
66584  -27.337  -32.929  87.155 0.0000000000
184693  -27.962  -32.782  88.485 0.0000000000
69238  -41.441  -31.519  72.107 0.0000000000
69094  -23.428  -31.530  82.642 0.0000000000
67870  -23.211  -32.422  83.097 0.0000000000
64090  -24.737  -35.820  84.324 0.0000000000
64089  -23.865  -35.766  84.289 0.0000000000
62870  -24.949  -36.550  85.481 0.0000000000
62850  -25.311  -36.688  86.442 0.0000000000
62829  -28.143  -36.263  88.067 0.0000000000
62827  -26.431  -35.891  88.414 0.0000000000
64040  -27.048  -34.788  89.106 0.0000000000
155717  -27.289  -35.265  89.057 0.0000000000
62810  -28.381  -35.522  88.210 0.0000000000
61612  -29.783  -36.784  85.873 0.0000000000
72595  -41.962  -28.688  70.171 0.0000000000
72572  -43.049  -28.220  70.703 0.0000000000
72571  -41.351  -29.009  71.148 0.0000000000
165167  -40.944  -28.919  70.290 0.0000000000
168972  -39.834  -20.082  60.386 0.0000000000
80313  -40.631  -21.808  60.228 0.0000000000
80318  -41.107  -21.836  59.764 0.0000000000
185116  -42.101  -22.168  58.909 0.0000000000
79169  -43.437  -22.897  58.383 0.0000000000
80326  -42.838  -21.950  58.031 0.0000000000
84610  -44.122  -17.318  56.315 0.0000000000
84620  -45.521  -17.420  55.518 0.0000000000
83579  -45.991  -18.170  55.688 0.0000000000
84621  -46.440  -17.519  55.417 0.0000000000
182013  -47.567  -15.040  54.590 0.0000000000
171898  -45.688  -13.874  55.128 0.0000000000
168386  -46.522  -13.984  54.856 0.0000000000
75648  -39.618  -25.156  70.817 0.0000000000
75646  -37.998  -25.475  70.802 0.0000000000
75647  -38.878  -25.283  70.908 0.0000000000
188319  -37.481  -25.320  70.487 0.0000000000
81247  -33.385  -20.815  67.676 0.0000000000
80196  -33.625  -21.370  67.895 0.0000000000
80210  -34.197  -21.704  67.509 0.0000000000
157101  -34.309  -21.423  66.732 0.0000000000
82355  -34.060  -19.367  65.361 0.0000000000
81267  -34.219  -20.607  65.502 0.0000000000
81290  -34.563  -20.166  64.812 0.0000000000
81291  -35.173  -20.816  64.518 0.0000000000
168102  -34.936  -20.006  64.233 0.0000000000
156297  -35.035  -19.511  63.860 0.0000000000
82401  -34.831  -18.785  63.674 0.0000000000
85631  -34.464  -16.623  64.037 0.0000000000
64189  -30.404  -36.094  77.205 0.0000000000
62948  -30.567  -36.556  78.608 0.0000000000
62966  -30.803  -36.432  77.749 0.0000000000
62951  -33.166  -36.790  78.352 0.0000000000
62950  -32.210  -36.838  78.762 0.0000000000
60476  -20.709  -38.323  81.465 0.0000000000
60458  -19.285  -38.596  82.462 0.0000000000
59277  -20.019  -38.776  81.728 0.0000000000
59268  -19.321  -39.321  82.052 0.0000000000
58097  -20.106  -39.670  81.513 0.0000000000
60325  -10.324  -38.579  91.850 0.0000000000
61548  -10.167  -37.981  91.851 0.0000000000
60324  -9.939  -38.159  92.345 0.0000000000
182041  -9.616  -37.211  95.764 0.0000000000
169450  -9.337  -36.882  94.839 0.0000000000
62731  -9.329  -36.448  95.419 0.0000000000
63937  -9.207  -35.740  95.567 0.0000000000
62710  -9.720  -36.137  97.086 0.0000000000
79014  -44.037  -22.408  70.793 0.0000000000
79013  -43.034  -22.207  70.999 0.0000000000
177408  -42.810  -21.586  71.484 0.0000000000
79012  -41.678  -22.005  70.731 0.0000000000
65518  -36.110  -34.689  73.388 0.0000000000
64249  -35.751  -35.660  74.542 0.0000000000
65497  -36.422  -35.193  73.881 0.0000000000
60413  -26.938  -38.741  86.345 0.0000000000
59209  -27.238  -38.934  88.350 0.0000000000
59237  -25.931  -38.833  85.113 0.0000000000
176212  -25.229  -38.265  82.496 0.0000000000
60449  -25.887  -38.202  83.082 0.0000000000
61672  -26.329  -37.622  81.196 0.0000000000
60502  -25.417  -37.969  80.451 0.0000000000
172166  -25.761  -38.400  80.030 0.0000000000
58124  -25.254  -38.961  79.612 0.0000000000
59288  -26.421  -38.551  80.314 0.0000000000
163182  -28.397  -36.780  84.776 0.0000000000
61659  -27.973  -37.238  83.290 0.0000000000
61660  -28.692  -37.460  83.104 0.0000000000
59269  -28.068  -39.611  81.819 0.0000000000
59281  -28.273  -38.790  81.632 0.0000000000
58102  -27.410  -40.004  81.311 0.0000000000
58101  -26.723  -40.381  80.758 0.0000000000
71562  -43.782  -29.689  69.554 0.0000000000
71575  -44.038  -29.128  68.963 0.0000000000
71574  -43.214  -29.607  68.588 0.0000000000
73639  -42.629  -27.551  67.497 0.0000000000
73644  -43.003  -27.247  67.127 0.0000000000
74686  -43.099  -26.796  67.242 0.0000000000
74679  -43.361  -26.045  67.671 0.0000000000
75695  -43.491  -25.432  68.573 0.0000000000
74653  -44.276  -26.286  69.996 0.0000000000
73612  -43.681  -26.660  69.366 0.0000000000
183578  -43.044  -24.834  70.638 0.0000000000
76731  -42.157  -24.485  70.575 0.0000000000
162492  -42.860  -24.811  69.710 0.0000000000
171766  -41.353  -24.639  70.889 0.0000000000
66714  -24.049  -32.997  80.010 0.0000000000
66715  -24.799  -33.540  80.085 0.0000000000
66734  -25.224  -33.262  79.292 0.0000000000
67926  -25.929  -33.506  78.473 0.0000000000
66736  -26.479  -34.008  78.592 0.0000000000
66737  -27.122  -34.495  78.730 0.0000000000
66752  -26.477  -34.084  77.768 0.0000000000
65472  -28.201  -34.316  75.285 0.0000000000
66788  -27.550  -34.030  75.576 0.0000000000
65456  -28.080  -34.860  76.029 0.0000000000
65457  -28.812  -35.515  76.503 0.0000000000
64201  -29.578  -35.582  76.132 0.0000000000
65492  -31.368  -34.425  73.573 0.0000000000
64244  -31.315  -35.258  74.724 0.0000000000
185575  -31.592  -34.893  74.188 0.0000000000
64245  -32.092  -35.302  74.652 0.0000000000
65514  -32.751  -34.376  73.208 0.0000000000
164376  -34.190  -29.327  73.396 0.0000000000
70414  -34.607  -29.494  74.116 0.0000000000
70413  -33.699  -29.785  73.769 0.0000000000
70412  -32.854  -30.065  73.242 0.0000000000
69232  -32.002  -31.485  72.323 0.0000000000
70424  -32.556  -30.833  71.978 0.0000000000
162291  -33.714  -31.754  71.148 0.0000000000
68050  -33.006  -32.129  71.460 0.0000000000
68051  -33.756  -32.594  71.427 0.0000000000
66870  -33.884  -33.321  71.897 0.0000000000
188457  -34.476  -32.987  71.538 0.0000000000
66858  -34.801  -33.549  72.013 0.0000000000
69273  -35.908  -31.140  70.592 0.0000000000
69254  -36.131  -31.679  71.253 0.0000000000
172393  -36.657  -31.541  70.949 0.0000000000
69234  -37.692  -31.898  72.155 0.0000000000
69255  -37.453  -31.666  71.365 0.0000000000
177076  -37.647  -28.674  69.803 0.0000000000
165428  -38.850  -30.181  68.633 0.0000000000
70465  -38.430  -30.380  69.135 0.0000000000
69276  -38.887  -31.140  70.387 0.0000000000
174445  -39.689  -31.077  70.273 0.0000000000
69258  -40.196  -31.465  71.064 0.0000000000
69277  -40.567  -31.036  70.343 0.0000000000
70469  -42.256  -30.358  69.082 0.0000000000
70453  -41.868  -30.749  69.698 0.0000000000
70454  -42.634  -30.576  69.947 0.0000000000
70455  -43.484  -30.226  70.355 0.0000000000
67923  -24.314  -32.061  79.643 0.0000000000
69123  -24.136  -31.442  80.498 0.0000000000
67915  -23.898  -32.294  80.351 0.0000000000
173966  -24.078  -33.491  80.542 0.0000000000
79101  -43.469  -23.050  63.857 0.0000000000
172816  -43.806  -24.956  62.126 0.0000000000
77942  -44.185  -24.667  62.973 0.0000000000
77983  -42.408  -23.847  59.771 0.0000000000
77975  -42.879  -24.474  60.400 0.0000000000
83524  -42.702  -18.097  59.772 0.0000000000
82442  -41.947  -19.683  59.133 0.0000000000
81364  -43.106  -20.402  57.075 0.0000000000
169387  -44.791  -20.553  56.405 0.0000000000
80334  -44.896  -21.782  57.105 0.0000000000
80335  -45.854  -21.892  57.070 0.0000000000
79182  -46.391  -22.733  57.592 0.0000000000
161932  -46.819  -21.951  57.009 0.0000000000
164993  -48.536  -13.921  54.787 0.0000000000
91084  -47.283  -11.127  53.554 0.0000000000
93183  -47.011  -10.037  53.510 0.0000000000
93184  -47.431  -9.741  52.865 0.0000000000
179915  -14.422  -38.997  88.705 0.0000000000
171260  -14.918  -38.129  89.243 0.0000000000
59146  -13.917  -39.243  88.009 0.0000000000
56764  -14.675  -40.651  89.590 0.0000000000
59145  -13.037  -39.517  88.204 0.0000000000
158230  -12.460  -40.324  89.399 0.0000000000
57927  -11.704  -40.127  90.521 0.0000000000
182112  -12.224  -40.517  91.116 0.0000000000
72625  -44.805  -28.015  68.775 0.0000000000
73613  -45.274  -27.583  69.181 0.0000000000
73629  -45.010  -27.276  68.234 0.0000000000
76781  -44.085  -24.879  67.153 0.0000000000
75703  -44.644  -25.235  67.209 0.0000000000
76769  -44.507  -24.454  67.334 0.0000000000
165493  -45.321  -24.652  67.614 0.0000000000
77874  -43.301  -23.793  67.422 0.0000000000
167976  -40.503  -24.365  68.886 0.0000000000
77861  -41.049  -23.462  68.065 0.0000000000
79054  -41.639  -23.127  67.843 0.0000000000
79041  -41.324  -22.901  68.437 0.0000000000
79040  -40.688  -22.956  68.850 0.0000000000
79027  -39.633  -22.070  70.399 0.0000000000
79010  -40.317  -21.752  70.626 0.0000000000
76725  -35.450  -24.562  71.246 0.0000000000
79023  -34.097  -22.636  69.688 0.0000000000
77835  -34.326  -23.369  70.234 0.0000000000
77850  -34.771  -23.197  69.279 0.0000000000
166671  -36.684  -23.544  69.178 0.0000000000
79025  -37.377  -22.862  69.242 0.0000000000
81231  -38.684  -20.938  69.397 0.0000000000
80229  -36.923  -22.276  65.468 0.0000000000
80257  -38.436  -21.752  64.793 0.0000000000
80230  -37.831  -22.170  65.589 0.0000000000
81312  -40.313  -20.011  63.628 0.0000000000
80278  -40.600  -20.934  63.551 0.0000000000
80296  -38.999  -20.891  62.449 0.0000000000
79119  -39.434  -22.055  62.336 0.0000000000
188423  -36.148  -18.575  62.136 0.0000000000
84567  -37.238  -17.702  60.668 0.0000000000
83515  -37.098  -18.500  61.087 0.0000000000
166040  -37.462  -19.066  60.979 0.0000000000
82423  -38.315  -20.116  60.901 0.0000000000
82429  -37.945  -19.299  60.597 0.0000000000
81341  -39.148  -20.124  60.594 0.0000000000
85667  -38.533  -16.639  60.299 0.0000000000
66696  -26.642  -34.585  81.627 0.0000000000
65334  -28.413  -34.441  82.612 0.0000000000
65314  -28.608  -33.935  83.346 0.0000000000
179558  -29.146  -34.148  83.759 0.0000000000
66629  -28.859  -33.794  85.001 0.0000000000
65294  -29.404  -34.187  84.441 0.0000000000
64152  -30.262  -36.320  80.363 0.0000000000
64135  -29.913  -35.788  81.034 0.0000000000
64136  -30.375  -35.841  81.814 0.0000000000
62990  -35.063  -36.286  77.013 0.0000000000
57970  -14.202  -38.668  87.585 0.0000000000
179489  -17.583  -38.349  84.935 0.0000000000
157660  -17.010  -38.337  85.501 0.0000000000
60410  -16.878  -38.545  84.992 0.0000000000
58012  -15.388  -39.867  85.630 0.0000000000
163458  -15.634  -39.833  85.433 0.0000000000
56795  -14.581  -40.780  87.197 0.0000000000
56812  -15.680  -40.650  86.511 0.0000000000
60500  -23.803  -38.103  80.187 0.0000000000
60512  -22.983  -38.408  80.013 0.0000000000
59287  -22.384  -38.980  79.812 0.0000000000
56921  -22.061  -41.673  80.816 0.0000000000
58099  -21.553  -40.496  80.483 0.0000000000
56920  -21.261  -41.113  81.267 0.0000000000
58082  -20.526  -40.703  81.711 0.0000000000
56907  -21.049  -41.624  82.079 0.0000000000
63898  -8.135  -36.095  99.893 0.0000000000
63900  -9.522  -35.767  99.848 0.0000000000
65094  -9.102  -35.124  99.547 0.0000000000
65110  -9.519  -34.534  98.992 0.0000000000
65100  -8.793  -34.257  99.315 0.0000000000
174821  -26.949  -34.415  88.636 0.0000000000
64041  -27.648  -34.240  89.168 0.0000000000
65239  -26.772  -33.950  87.420 0.0000000000
66607  -26.935  -33.883  85.779 0.0000000000
161699  -27.188  -33.826  85.252 0.0000000000
69261  -42.920  -30.890  71.791 0.0000000000
66672  -23.586  -33.512  81.981 0.0000000000
173307  -23.293  -33.445  82.764 0.0000000000
65332  -23.656  -34.243  82.527 0.0000000000
64107  -24.478  -35.391  83.640 0.0000000000
64071  -25.398  -35.867  84.972 0.0000000000
187086  -25.946  -35.507  85.401 0.0000000000
64064  -26.337  -34.910  86.789 0.0000000000
167440  -40.293  -18.655  59.936 0.0000000000
81344  -40.916  -21.001  60.016 0.0000000000
170633  -41.024  -20.130  60.091 0.0000000000
81345  -41.498  -20.150  59.673 0.0000000000
81352  -41.764  -20.787  59.072 0.0000000000
85723  -44.308  -16.427  55.893 0.0000000000
167446  -45.066  -16.630  55.450 0.0000000000
85734  -45.701  -15.984  55.310 0.0000000000
86832  -46.290  -15.388  55.058 0.0000000000
180383  -37.739  -25.391  71.745 0.0000000000
81255  -33.406  -20.396  67.190 0.0000000000
81256  -33.734  -20.772  66.403 0.0000000000
82340  -33.439  -19.761  66.709 0.0000000000
83467  -34.112  -18.214  64.966 0.0000000000
64204  -32.439  -35.905  76.094 0.0000000000
62987  -32.148  -36.319  76.966 0.0000000000
175430  -32.881  -36.495  77.483 0.0000000000
62968  -33.606  -36.511  77.566 0.0000000000
60460  -21.170  -37.908  81.821 0.0000000000
60477  -21.421  -38.259  81.181 0.0000000000
179450  -48.216  -11.310  52.393 0.0000000000
91108  -48.203  -10.864  52.063 0.0000000000
60305  -10.416  -38.947  94.599 0.0000000000
174168  -9.835  -38.447  94.471 0.0000000000
60290  -10.138  -38.490  95.220 0.0000000000
61486  -10.195  -37.722  96.413 0.0000000000
61474  -10.485  -37.485  97.274 0.0000000000
79033  -44.952  -22.841  69.965 0.0000000000
79031  -43.349  -22.559  69.695 0.0000000000
168077  -37.581  -33.911  72.935 0.0000000000
65519  -37.101  -34.671  73.341 0.0000000000
66841  -38.077  -34.320  73.566 0.0000000000
65498  -38.576  -34.752  74.092 0.0000000000
66808  -39.405  -34.260  74.652 0.0000000000
62868  -23.385  -36.625  85.432 0.0000000000
61627  -23.630  -37.040  85.902 0.0000000000
61608  -23.803  -37.530  86.519 0.0000000000
61594  -24.074  -38.033  87.264 0.0000000000
61582  -25.865  -38.093  88.645 0.0000000000
60378  -27.602  -38.072  88.904 0.0000000000
60430  -26.644  -38.185  84.642 0.0000000000
60450  -26.572  -37.961  83.563 0.0000000000
61673  -26.917  -37.469  82.036 0.0000000000
61661  -29.396  -37.541  83.555 0.0000000000
61676  -29.118  -37.818  82.895 0.0000000000
60451  -29.519  -38.309  83.201 0.0000000000
59270  -28.726  -39.095  82.252 0.0000000000
71573  -42.541  -29.758  68.072 0.0000000000
71582  -42.793  -29.229  67.736 0.0000000000
182796  -42.363  -28.886  67.399 0.0000000000
73638  -41.781  -28.167  67.672 0.0000000000
69132  -24.760  -31.204  78.971 0.0000000000
67924  -24.820  -32.378  78.935 0.0000000000
67936  -25.170  -31.715  78.291 0.0000000000
67937  -25.630  -32.438  77.890 0.0000000000
67976  -28.054  -32.352  74.956 0.0000000000
66822  -28.679  -32.865  74.364 0.0000000000
66804  -28.826  -33.893  74.790 0.0000000000
65490  -29.658  -34.493  74.548 0.0000000000
66824  -30.059  -33.812  73.874 0.0000000000
65512  -30.679  -34.159  73.572 0.0000000000
66855  -31.777  -33.383  72.649 0.0000000000
71495  -36.127  -28.674  73.823 0.0000000000
71494  -35.078  -28.924  73.422 0.0000000000
155792  -34.252  -29.133  72.682 0.0000000000
183502  -33.710  -29.437  72.266 0.0000000000
71513  -34.256  -29.035  71.907 0.0000000000
70449  -34.027  -29.935  71.048 0.0000000000
69271  -34.513  -30.366  70.657 0.0000000000
69252  -34.523  -31.327  70.864 0.0000000000
71552  -35.459  -29.443  70.012 0.0000000000
70463  -36.198  -29.659  69.676 0.0000000000
72592  -39.000  -28.713  69.714 0.0000000000
177028  -38.398  -28.737  69.334 0.0000000000
72620  -38.610  -28.890  68.807 0.0000000000
71571  -38.841  -29.386  68.497 0.0000000000
70466  -39.612  -30.459  68.570 0.0000000000
69292  -40.039  -30.788  69.420 0.0000000000
70467  -40.503  -30.517  68.651 0.0000000000
70480  -40.999  -30.211  68.098 0.0000000000
179454  -41.959  -23.863  62.789 0.0000000000
77940  -42.698  -24.224  62.390 0.0000000000
175433  -43.264  -24.602  61.982 0.0000000000
77997  -43.670  -23.716  58.987 0.0000000000
77985  -44.243  -24.515  59.397 0.0000000000
176288  -42.400  -19.263  58.717 0.0000000000
181900  -45.325  -19.489  56.094 0.0000000000
80345  -47.202  -21.239  56.508 0.0000000000
81366  -48.110  -21.069  56.821 0.0000000000
88985  -47.094  -13.219  54.937 0.0000000000
90043  -47.370  -12.483  54.608 0.0000000000
91076  -47.463  -11.785  54.138 0.0000000000
59159  -15.314  -38.208  89.220 0.0000000000
57915  -12.598  -40.388  92.130 0.0000000000
74691  -43.692  -26.416  66.983 0.0000000000
74687  -44.309  -26.498  67.065 0.0000000000
75702  -43.738  -25.521  67.152 0.0000000000
76768  -43.296  -24.478  67.447 0.0000000000
168174  -42.217  -24.088  67.623 0.0000000000
75677  -39.157  -24.890  69.896 0.0000000000
77823  -34.683  -24.017  70.861 0.0000000000
79037  -35.184  -22.814  68.488 0.0000000000
79039  -37.252  -22.533  68.574 0.0000000000
81236  -38.333  -20.842  68.685 0.0000000000
80255  -36.499  -21.876  64.670 0.0000000000
80232  -39.072  -20.935  64.140 0.0000000000
157279  -38.903  -20.509  63.449 0.0000000000
80276  -39.361  -20.632  63.044 0.0000000000
81324  -38.946  -20.440  62.968 0.0000000000
81323  -38.450  -20.459  62.378 0.0000000000
84555  -35.451  -17.377  62.069 0.0000000000
83513  -35.981  -18.049  61.710 0.0000000000
84556  -36.059  -17.262  61.432 0.0000000000
84566  -36.671  -17.037  60.866 0.0000000000
85666  -37.497  -16.713  60.546 0.0000000000
66718  -27.404  -34.649  80.327 0.0000000000
159166  -27.730  -34.963  81.308 0.0000000000
65354  -28.384  -35.150  81.754 0.0000000000
65335  -29.127  -35.145  82.379 0.0000000000
58065  -17.283  -39.451  83.822 0.0000000000
58046  -16.678  -39.521  84.577 0.0000000000
165812  -16.483  -40.525  85.289 0.0000000000
161169  -16.126  -40.520  85.555 0.0000000000
58122  -23.661  -39.811  79.348 0.0000000000
58121  -22.758  -39.883  79.513 0.0000000000
58111  -23.349  -40.790  79.778 0.0000000000
55774  -22.110  -42.709  81.443 0.0000000000
75661  -46.989  -25.019  70.048 0.0000000000
76765  -46.401  -24.132  68.757 0.0000000000
60433  -30.576  -38.115  84.589 0.0000000000
61613  -30.713  -37.321  86.255 0.0000000000
62832  -30.001  -36.499  87.370 0.0000000000
163379  -29.646  -35.932  87.940 0.0000000000
160244  -40.043  -32.293  72.481 0.0000000000
68023  -39.265  -32.800  73.442 0.0000000000
174090  -22.958  -33.397  84.056 0.0000000000
66647  -23.157  -33.926  83.366 0.0000000000
65292  -23.026  -34.493  84.029 0.0000000000
64088  -22.948  -35.538  84.528 0.0000000000
62869  -24.024  -36.779  85.304 0.0000000000
172063  -25.693  -36.859  87.598 0.0000000000
164417  -27.816  -37.150  89.042 0.0000000000
61610  -27.794  -37.064  86.304 0.0000000000
183389  -29.012  -36.651  85.257 0.0000000000
62828  -26.827  -35.706  89.044 0.0000000000
62851  -28.702  -36.431  86.221 0.0000000000
61630  -29.922  -37.172  84.904 0.0000000000
72609  -40.895  -27.968  68.440 0.0000000000
73598  -41.800  -27.968  69.067 0.0000000000
73600  -43.750  -27.345  70.164 0.0000000000
71515  -37.803  -28.814  73.357 0.0000000000
72545  -37.517  -28.526  72.441 0.0000000000
72567  -37.148  -28.395  71.411 0.0000000000
159298  -38.049  -28.721  71.651 0.0000000000
72568  -38.457  -28.826  70.977 0.0000000000
72569  -39.273  -28.976  70.731 0.0000000000
72593  -39.948  -28.689  69.787 0.0000000000
79147  -40.152  -22.200  60.832 0.0000000000
79148  -40.887  -22.637  60.312 0.0000000000
79158  -42.068  -22.775  59.285 0.0000000000
80319  -41.651  -21.852  59.175 0.0000000000
79159  -42.886  -23.317  59.087 0.0000000000
183512  -44.168  -22.825  58.018 0.0000000000
83565  -43.690  -18.121  56.564 0.0000000000
182465  -47.185  -18.859  55.826 0.0000000000
84622  -47.353  -17.636  55.382 0.0000000000
85726  -47.915  -16.985  55.216 0.0000000000
56794  -13.796  -39.949  87.524 0.0000000000
56779  -13.840  -40.522  87.976 0.0000000000
76730  -41.188  -24.627  69.996 0.0000000000
76751  -41.090  -24.563  69.049 0.0000000000
75658  -39.157  -25.122  70.286 0.0000000000
76748  -38.087  -24.788  69.620 0.0000000000
76747  -37.394  -24.584  69.540 0.0000000000
80177  -33.842  -21.732  70.143 0.0000000000
80190  -33.866  -21.936  69.132 0.0000000000
81229  -33.517  -20.583  68.986 0.0000000000
80189  -33.639  -21.288  68.678 0.0000000000
80219  -35.281  -21.590  66.297 0.0000000000
80228  -35.007  -21.276  65.317 0.0000000000
80254  -35.700  -21.550  64.747 0.0000000000
166270  -36.019  -19.735  63.275 0.0000000000
82402  -35.409  -19.292  63.371 0.0000000000
83503  -35.116  -18.515  63.006 0.0000000000
83484  -34.409  -18.171  64.073 0.0000000000
84544  -34.447  -17.418  63.655 0.0000000000
84550  -34.799  -17.548  62.829 0.0000000000
85639  -34.965  -16.447  62.492 0.0000000000
160514  -35.290  -15.489  62.683 0.0000000000
64179  -28.958  -36.010  78.526 0.0000000000
64167  -29.081  -36.004  79.475 0.0000000000
171699  -29.736  -36.349  78.947 0.0000000000
62936  -30.400  -36.567  79.489 0.0000000000
62926  -30.907  -36.648  80.001 0.0000000000
62949  -31.425  -36.678  78.305 0.0000000000
60444  -17.869  -38.589  83.634 0.0000000000
165698  -19.833  -38.032  82.763 0.0000000000
60445  -18.879  -38.348  83.231 0.0000000000
59259  -17.772  -38.968  83.166 0.0000000000
58079  -18.019  -39.649  83.026 0.0000000000
58080  -18.837  -39.976  82.508 0.0000000000
58068  -19.387  -40.941  82.759 0.0000000000
55796  -25.066  -42.568  81.149 0.0000000000
61550  -11.959  -38.061  90.034 0.0000000000
61537  -12.112  -37.510  91.027 0.0000000000
165597  -11.392  -37.724  91.097 0.0000000000
61536  -10.833  -37.301  91.920 0.0000000000
62773  -10.318  -36.901  92.453 0.0000000000
60303  -9.549  -37.977  93.931 0.0000000000
62758  -9.590  -36.409  93.568 0.0000000000
62759  -10.238  -36.344  93.162 0.0000000000
63976  -9.769  -35.733  93.862 0.0000000000
63961  -9.465  -35.393  94.503 0.0000000000
155788  -43.355  -17.496  60.163 0.0000000000
82443  -43.061  -18.484  59.163 0.0000000000
82451  -42.889  -18.675  58.342 0.0000000000
83541  -43.183  -18.143  57.654 0.0000000000
64248  -34.710  -35.343  74.407 0.0000000000
64228  -34.262  -35.676  75.166 0.0000000000
187088  -35.021  -35.690  75.080 0.0000000000
64229  -35.589  -35.892  75.458 0.0000000000
66826  -39.595  -33.410  74.366 0.0000000000
59222  -26.561  -39.449  86.903 0.0000000000
59250  -25.211  -39.151  84.692 0.0000000000
176835  -24.592  -38.650  82.932 0.0000000000
60461  -23.510  -38.247  82.040 0.0000000000
60462  -24.393  -38.261  81.950 0.0000000000
60501  -24.645  -37.942  80.006 0.0000000000
60481  -25.342  -37.952  81.414 0.0000000000
59296  -24.618  -38.716  79.539 0.0000000000
58123  -24.519  -39.519  79.446 0.0000000000
58113  -25.239  -40.137  79.773 0.0000000000
56933  -25.032  -41.243  80.163 0.0000000000
61644  -27.812  -37.077  84.303 0.0000000000
184887  -27.362  -37.555  81.881 0.0000000000
60465  -28.465  -38.265  81.943 0.0000000000
60484  -27.961  -38.238  81.487 0.0000000000
59289  -26.973  -38.195  80.642 0.0000000000
59279  -26.935  -39.220  80.605 0.0000000000
58100  -25.922  -40.819  80.355 0.0000000000
56923  -25.564  -41.801  80.789 0.0000000000
94257  -49.208  -8.402  52.293 0.0000000000
71554  -44.539  -29.553  71.056 0.0000000000
71555  -44.819  -29.116  70.651 0.0000000000
71563  -44.495  -29.170  69.795 0.0000000000
72610  -44.651  -28.600  69.275 0.0000000000
73628  -44.425  -27.898  67.990 0.0000000000
171366  -43.120  -28.415  67.454 0.0000000000
72636  -43.787  -27.776  67.457 0.0000000000
72641  -43.741  -27.284  67.085 0.0000000000
171540  -43.506  -26.233  67.209 0.0000000000
73611  -42.767  -27.283  68.676 0.0000000000
74663  -43.441  -26.231  68.480 0.0000000000
75660  -44.130  -25.506  70.060 0.0000000000
76713  -40.199  -24.972  71.655 0.0000000000
180612  -24.836  -34.388  81.821 0.0000000000
66648  -25.522  -34.684  82.537 0.0000000000
66695  -25.775  -33.939  80.840 0.0000000000
172921  -26.521  -34.220  80.603 0.0000000000
66735  -25.988  -33.635  79.186 0.0000000000
66717  -26.727  -34.156  79.938 0.0000000000
158340  -27.039  -34.310  79.459 0.0000000000
65423  -27.621  -35.133  78.728 0.0000000000
70362  -26.934  -30.028  76.742 0.0000000000
69154  -26.664  -31.424  76.356 0.0000000000
67950  -26.207  -33.009  76.957 0.0000000000
67975  -27.270  -32.421  75.515 0.0000000000
66787  -27.035  -33.465  75.931 0.0000000000
66770  -26.735  -33.843  76.846 0.0000000000
65424  -28.101  -35.557  78.130 0.0000000000
65443  -28.888  -35.818  77.522 0.0000000000
64188  -29.675  -35.883  76.949 0.0000000000
64223  -29.983  -35.369  75.392 0.0000000000
64224  -30.945  -35.572  75.441 0.0000000000
64203  -31.522  -35.878  76.221 0.0000000000
64246  -32.902  -35.267  74.593 0.0000000000
69195  -31.534  -32.105  73.291 0.0000000000
69231  -31.692  -32.034  72.704 0.0000000000
68034  -31.887  -32.459  72.155 0.0000000000
66856  -32.395  -33.159  72.081 0.0000000000
68049  -32.470  -32.491  71.748 0.0000000000
65535  -32.474  -33.845  72.582 0.0000000000
65536  -33.190  -34.111  72.733 0.0000000000
65515  -33.616  -34.455  73.272 0.0000000000
65495  -34.082  -34.870  73.897 0.0000000000
66838  -35.041  -34.023  72.826 0.0000000000
66839  -35.786  -34.247  72.925 0.0000000000
66859  -35.896  -33.609  72.281 0.0000000000
181696  -35.157  -31.898  71.244 0.0000000000
68037  -36.436  -32.613  71.956 0.0000000000
68020  -36.997  -33.341  72.450 0.0000000000
68038  -37.333  -32.509  72.266 0.0000000000
68039  -38.020  -32.311  72.586 0.0000000000
69235  -38.448  -31.970  72.551 0.0000000000
180854  -36.802  -28.563  70.379 0.0000000000
72605  -36.327  -28.798  69.939 0.0000000000
71560  -36.687  -29.082  69.534 0.0000000000
71561  -37.470  -29.102  69.209 0.0000000000
70464  -37.141  -29.822  69.357 0.0000000000
70452  -37.509  -30.727  69.873 0.0000000000
69275  -38.060  -31.235  70.734 0.0000000000
162483  -38.753  -31.550  71.186 0.0000000000
69236  -39.108  -31.842  72.041 0.0000000000
158954  -39.891  -31.876  71.689 0.0000000000
69237  -40.587  -31.715  71.905 0.0000000000
69293  -40.973  -30.713  69.582 0.0000000000
69278  -41.467  -31.000  70.438 0.0000000000
69260  -42.048  -31.111  71.316 0.0000000000
170563  -43.549  -30.466  71.360 0.0000000000
70456  -44.110  -30.023  71.092 0.0000000000
69111  -23.467  -31.665  81.739 0.0000000000
69112  -23.992  -31.042  81.342 0.0000000000
67900  -23.442  -32.423  81.409 0.0000000000
66692  -23.466  -33.033  81.480 0.0000000000
77915  -43.846  -23.873  63.507 0.0000000000
77974  -42.075  -23.947  60.675 0.0000000000
77963  -43.454  -24.775  61.232 0.0000000000
76829  -44.299  -25.211  61.252 0.0000000000
76834  -44.504  -25.160  60.216 0.0000000000
165080  -41.852  -18.537  59.702 0.0000000000
80331  -42.453  -21.137  57.889 0.0000000000
79180  -44.479  -22.369  57.522 0.0000000000
81374  -44.111  -20.429  56.448 0.0000000000
80342  -44.448  -21.060  56.702 0.0000000000
91085  -47.957  -11.527  53.129 0.0000000000
91096  -47.715  -10.931  52.726 0.0000000000
92148  -47.775  -10.336  52.436 0.0000000000
93193  -48.059  -9.240  52.452 0.0000000000
160327  -48.311  -8.330  53.657 0.0000000000
175711  -14.229  -38.226  89.141 0.0000000000
57944  -14.308  -39.795  88.474 0.0000000000
57931  -14.499  -40.578  90.192 0.0000000000
57942  -14.014  -40.536  88.498 0.0000000000
60336  -12.622  -38.768  89.052 0.0000000000
60347  -11.428  -38.922  90.056 0.0000000000
59142  -10.670  -39.089  91.114 0.0000000000
59130  -10.572  -39.229  91.992 0.0000000000
57928  -11.839  -40.252  92.322 0.0000000000
59120  -11.339  -39.839  93.230 0.0000000000
59106  -10.768  -39.408  93.939 0.0000000000
186325  -45.535  -28.232  70.531 0.0000000000
73641  -44.941  -26.539  67.571 0.0000000000
74680  -45.471  -26.424  68.326 0.0000000000
76764  -45.773  -24.054  68.188 0.0000000000
77864  -45.383  -23.387  68.420 0.0000000000
76762  -41.200  -24.301  68.248 0.0000000000
76761  -40.673  -24.018  68.284 0.0000000000
77872  -41.744  -23.608  67.654 0.0000000000
79056  -42.729  -23.185  67.690 0.0000000000
77862  -43.630  -23.244  67.858 0.0000000000
79044  -43.970  -22.928  68.732 0.0000000000
159170  -42.539  -22.560  69.095 0.0000000000
79029  -41.030  -22.423  69.717 0.0000000000
79011  -40.867  -21.812  70.769 0.0000000000
177581  -35.414  -24.552  72.054 0.0000000000
76711  -36.188  -24.889  71.686 0.0000000000
76727  -37.082  -25.084  70.186 0.0000000000
166957  -36.846  -24.089  69.400 0.0000000000
80193  -39.144  -21.467  70.004 0.0000000000
81215  -40.275  -20.435  70.118 0.0000000000
81250  -38.609  -20.618  68.034 0.0000000000
80221  -38.115  -21.828  66.653 0.0000000000
79100  -42.390  -22.537  63.882 0.0000000000
77913  -41.617  -23.333  63.295 0.0000000000
79098  -40.060  -22.060  63.399 0.0000000000
77912  -40.619  -22.997  63.098 0.0000000000
177537  -40.472  -23.177  62.565 0.0000000000
79133  -40.006  -22.870  62.001 0.0000000000
186856  -40.010  -22.651  61.372 0.0000000000
82403  -36.808  -19.515  63.041 0.0000000000
82414  -37.456  -19.659  62.304 0.0000000000
81331  -38.009  -20.316  61.688 0.0000000000
83514  -36.591  -18.563  61.647 0.0000000000
82421  -37.163  -19.110  61.609 0.0000000000
187604  -38.479  -20.516  61.351 0.0000000000
81332  -38.974  -20.787  61.094 0.0000000000
81342  -39.578  -20.803  60.548 0.0000000000
82431  -39.670  -19.397  60.268 0.0000000000
84568  -38.028  -17.629  60.219 0.0000000000
84569  -39.087  -17.545  59.844 0.0000000000
179934  -39.370  -18.523  59.969 0.0000000000
85669  -40.424  -16.374  59.882 0.0000000000
66649  -26.465  -34.439  83.316 0.0000000000
157057  -26.732  -34.078  84.026 0.0000000000
66627  -27.369  -33.813  84.466 0.0000000000
66697  -27.706  -34.767  82.077 0.0000000000
66651  -28.042  -33.744  83.831 0.0000000000
165194  -27.609  -33.663  85.202 0.0000000000
66609  -28.163  -33.596  85.581 0.0000000000
64151  -29.411  -35.923  80.304 0.0000000000
181384  -29.562  -35.511  81.709 0.0000000000
65316  -30.001  -34.983  83.005 0.0000000000
64122  -30.497  -35.627  82.636 0.0000000000
168996  -30.385  -34.932  83.764 0.0000000000
164683  -29.702  -34.628  83.800 0.0000000000
65271  -29.629  -34.074  85.287 0.0000000000
182926  -34.642  -36.082  76.432 0.0000000000
182836  -13.963  -39.719  86.739 0.0000000000
59232  -16.124  -38.920  85.349 0.0000000000
59204  -15.491  -38.529  86.050 0.0000000000
179850  -15.327  -38.408  86.355 0.0000000000
57981  -14.536  -38.987  86.088 0.0000000000
60478  -22.865  -38.115  80.734 0.0000000000
157031  -22.070  -38.410  80.526 0.0000000000
60499  -21.263  -38.669  80.759 0.0000000000
58110  -21.944  -39.753  79.977 0.0000000000
58109  -21.259  -39.459  80.487 0.0000000000
54643  -23.589  -43.059  81.115 0.0000000000
54642  -22.783  -43.270  81.538 0.0000000000
56895  -20.810  -42.140  82.814 0.0000000000
56894  -20.051  -41.748  83.193 0.0000000000
56883  -19.863  -42.066  83.956 0.0000000000
94261  -48.950  -9.384  51.537 0.0000000000
62703  -11.135  -36.680  99.051 0.0000000000
62702  -10.546  -36.277  98.670 0.0000000000
62677  -9.919  -36.870  100.246 0.0000000000
63910  -10.255  -35.889  99.643 0.0000000000
63927  -9.919  -35.772  98.089 0.0000000000
63926  -9.445  -35.214  97.375 0.0000000000
177921  -9.109  -34.443  97.575 0.0000000000
62701  -7.434  -36.095  98.989 0.0000000000
63916  -6.995  -35.116  98.798 0.0000000000
65099  -8.202  -34.541  99.406 0.0000000000
66364  -8.253  -33.607  98.930 0.0000000000
56850  -17.280  -41.234  86.000 0.0000000000
57955  -11.944  -39.777  89.642 0.0000000000
57968  -12.049  -39.356  89.405 0.0000000000
58029  -16.416  -39.103  84.938 0.0000000000
58048  -18.269  -40.810  84.041 0.0000000000
59119  -10.584  -39.351  92.980 0.0000000000
59131  -11.096  -39.850  92.253 0.0000000000
59143  -11.060  -39.718  91.275 0.0000000000
59157  -10.994  -38.866  90.566 0.0000000000
59158  -11.309  -39.442  90.360 0.0000000000
59169  -11.746  -39.283  89.735 0.0000000000
59223  -27.224  -38.887  87.412 0.0000000000
59243  -16.655  -39.100  84.552 0.0000000000
59244  -16.861  -39.147  84.175 0.0000000000
59257  -16.916  -38.857  84.288 0.0000000000
59258  -17.258  -38.897  83.811 0.0000000000
59295  -23.984  -38.919  79.428 0.0000000000
60277  -10.550  -38.377  96.021 0.0000000000
60304  -10.000  -38.767  93.668 0.0000000000
60314  -9.688  -38.085  93.048 0.0000000000
60334  -10.686  -38.450  91.209 0.0000000000
60348  -11.988  -38.820  89.582 0.0000000000
60409  -16.739  -38.799  84.705 0.0000000000
60425  -17.055  -38.638  84.534 0.0000000000
60426  -17.517  -38.469  84.438 0.0000000000
60457  -18.375  -38.696  82.936 0.0000000000
60463  -26.065  -37.683  82.087 0.0000000000
60482  -26.282  -37.913  80.556 0.0000000000
60483  -27.421  -37.891  81.148 0.0000000000
60513  -23.663  -38.481  79.713 0.0000000000
60514  -24.310  -38.311  79.732 0.0000000000
61497  -9.984  -37.948  95.682 0.0000000000
61509  -9.395  -37.287  94.203 0.0000000000
61522  -9.516  -37.220  93.390 0.0000000000
61534  -9.836  -37.623  92.575 0.0000000000
61549  -10.694  -37.864  91.409 0.0000000000
61573  -26.744  -38.263  89.190 0.0000000000
61583  -26.749  -37.672  89.153 0.0000000000
61597  -30.709  -37.308  87.080 0.0000000000
61609  -24.707  -37.431  86.856 0.0000000000
61629  -28.161  -36.728  85.774 0.0000000000
61643  -27.257  -37.491  83.881 0.0000000000
61645  -29.892  -37.552  84.214 0.0000000000
61674  -27.720  -37.507  82.436 0.0000000000
61675  -28.501  -37.730  82.445 0.0000000000
61687  -27.106  -37.576  81.449 0.0000000000
61688  -27.824  -37.718  81.764 0.0000000000
62682  -7.760  -36.764  99.936 0.0000000000
62685  -10.114  -36.509  100.059 0.0000000000
62686  -11.014  -36.839  100.416 0.0000000000
62695  -11.324  -36.887  99.774 0.0000000000
62712  -10.899  -37.240  98.271 0.0000000000
62721  -9.495  -36.378  96.177 0.0000000000
62722  -9.917  -36.979  96.752 0.0000000000
62730  -9.163  -35.960  94.755 0.0000000000
62742  -9.327  -35.865  94.192 0.0000000000
62772  -9.777  -36.928  92.783 0.0000000000
62848  -22.936  -36.645  86.013 0.0000000000
62883  -24.416  -36.207  84.842 0.0000000000
63899  -8.747  -35.724  99.895 0.0000000000
63901  -9.979  -35.778  99.772 0.0000000000
63909  -8.574  -34.992  99.569 0.0000000000
63911  -10.707  -36.245  99.420 0.0000000000
63917  -7.713  -35.187  99.356 0.0000000000
63918  -9.584  -34.731  98.413 0.0000000000
63919  -10.173  -35.322  99.090 0.0000000000
63936  -8.946  -34.970  95.790 0.0000000000
63949  -9.001  -35.251  95.111 0.0000000000
63960  -9.221  -35.494  94.699 0.0000000000
64026  -28.338  -33.986  89.636 0.0000000000
64042  -28.340  -34.712  89.009 0.0000000000
64056  -26.570  -35.032  87.946 0.0000000000
64063  -25.842  -35.866  85.957 0.0000000000
64070  -22.814  -36.161  85.270 0.0000000000
64106  -23.516  -35.197  83.695 0.0000000000
64108  -30.765  -35.405  83.359 0.0000000000
64205  -33.139  -35.900  75.876 0.0000000000
65095  -9.637  -35.287  99.570 0.0000000000
65101  -9.337  -34.680  99.274 0.0000000000
65127  -9.009  -34.685  96.624 0.0000000000
65149  -9.044  -34.999  94.918 0.0000000000
65269  -26.090  -35.209  84.939 0.0000000000
65313  -24.869  -34.981  82.981 0.0000000000
65493  -32.244  -34.750  73.872 0.0000000000
65496  -35.495  -35.068  73.913 0.0000000000
65513  -31.202  -33.840  73.142 0.0000000000
65516  -34.458  -34.472  73.315 0.0000000000
66372  -8.900  -33.694  98.887 0.0000000000
66534  -27.821  -32.965  88.956 0.0000000000
66557  -27.093  -33.087  87.443 0.0000000000
66558  -27.603  -32.925  88.038 0.0000000000
66585  -28.099  -33.243  86.588 0.0000000000
66628  -28.144  -33.684  84.687 0.0000000000
66650  -27.305  -34.058  83.608 0.0000000000
66674  -26.242  -34.539  82.450 0.0000000000
66676  -27.987  -33.964  82.970 0.0000000000
66693  -23.806  -33.580  81.215 0.0000000000
66713  -23.628  -32.876  80.783 0.0000000000
66802  -27.406  -33.165  75.251 0.0000000000
66857  -33.163  -33.604  72.231 0.0000000000
68033  -31.456  -32.712  72.776 0.0000000000
68052  -35.914  -31.932  71.597 0.0000000000
69200  -39.895  -32.734  73.312 0.0000000000
69251  -33.090  -31.260  71.479 0.0000000000
69272  -35.131  -30.778  70.480 0.0000000000
69274  -37.253  -31.279  70.570 0.0000000000
69279  -42.183  -30.863  70.447 0.0000000000
70411  -32.380  -30.701  72.704 0.0000000000
70425  -33.002  -29.949  72.307 0.0000000000
70435  -33.798  -30.826  71.047 0.0000000000
70450  -35.657  -30.311  70.051 0.0000000000
70477  -38.109  -29.731  68.974 0.0000000000
70478  -39.405  -29.900  68.122 0.0000000000
70479  -40.138  -30.191  68.028 0.0000000000
70481  -42.595  -30.016  68.616 0.0000000000
70490  -42.144  -29.545  67.632 0.0000000000
71531  -33.742  -29.594  71.709 0.0000000000
71535  -44.515  -29.741  71.585 0.0000000000
71551  -34.797  -29.520  70.512 0.0000000000
71559  -36.042  -29.064  69.792 0.0000000000
71572  -39.407  -29.269  68.022 0.0000000000
71581  -41.691  -29.136  67.407 0.0000000000
72542  -34.965  -28.672  71.484 0.0000000000
72564  -35.145  -28.817  70.645 0.0000000000
72590  -35.903  -28.552  70.500 0.0000000000
72596  -45.449  -28.590  71.033 0.0000000000
72611  -45.109  -28.139  69.473 0.0000000000
72619  -37.872  -28.881  69.235 0.0000000000
72623  -43.537  -28.898  68.141 0.0000000000
72633  -40.533  -28.579  67.691 0.0000000000
72640  -43.219  -27.566  67.201 0.0000000000
73599  -42.834  -27.851  69.710 0.0000000000
73625  -40.921  -28.202  67.778 0.0000000000
73645  -43.400  -26.995  66.966 0.0000000000
73646  -43.931  -26.912  66.924 0.0000000000
75652  -47.817  -25.225  71.182 0.0000000000
75696  -45.974  -24.803  68.246 0.0000000000
75704  -45.388  -25.614  67.718 0.0000000000
77856  -44.862  -22.954  68.932 0.0000000000
77863  -44.550  -23.276  68.096 0.0000000000
77875  -44.153  -23.761  67.485 0.0000000000
77939  -41.075  -23.656  62.671 0.0000000000
79042  -42.101  -22.764  68.133 0.0000000000
80302  -39.167  -21.417  61.649 0.0000000000
82312  -33.341  -19.897  68.750 0.0000000000
82430  -38.777  -19.362  60.384 0.0000000000
82432  -40.568  -19.554  60.156 0.0000000000
82434  -41.891  -19.030  59.594 0.0000000000
85648  -35.599  -16.663  61.771 0.0000000000
85649  -36.174  -16.438  61.300 0.0000000000
157596  -41.691  -27.848  68.371 0.0000000000
161157  -30.947  -34.723  74.117 0.0000000000
161302  -28.647  -37.100  83.854 0.0000000000
162082  -37.892  -30.292  69.364 0.0000000000
165283  -39.686  -28.440  68.182 0.0000000000
165686  -36.479  -15.549  61.371 0.0000000000
165998  -41.178  -32.071  73.558 0.0000000000
168041  -30.381  -38.925  84.270 0.0000000000
168673  -40.909  -17.957  59.673 0.0000000000
168811  -7.791  -36.070  99.664 0.0000000000
169054  -43.836  -28.309  67.890 0.0000000000
169401  -44.671  -25.943  67.236 0.0000000000
170764  -27.855  -37.367  87.254 0.0000000000
172017  -30.562  -36.121  81.093 0.0000000000
174633  -9.379  -36.385  100.083 0.0000000000
175921  -31.565  -36.488  77.557 0.0000000000
176016  -41.942  -30.134  68.172 0.0000000000
176148  -34.776  -34.865  73.803 0.0000000000
177178  -39.919  -17.066  59.699 0.0000000000
179181  -30.334  -34.471  74.121 0.0000000000
179656  -20.156  -38.146  82.049 0.0000000000
180844  -34.132  -36.537  77.656 0.0000000000
181151  -35.324  -15.175  63.353 0.0000000000
181467  -43.973  -24.208  67.307 0.0000000000
182124  -10.401  -36.401  99.953 0.0000000000
182665  -23.351  -34.102  82.932 0.0000000000
182725  -26.523  -38.562  85.566 0.0000000000
184415  -41.942  -28.637  67.433 0.0000000000
184566  -28.981  -35.353  81.735 0.0000000000
185083  -35.051  -30.069  70.243 0.0000000000
186532  -42.417  -21.896  71.086 0.0000000000
186737  -20.611  -37.978  81.892 0.0000000000
187356  -40.310  -29.187  67.630 0.0000000000
