#!ascii label  , from subject sub2 vox2ras=TkReg
1177
84074  -16.057  -18.890  5.911 0.5555555820
85151  -16.909  -17.564  5.163 0.7777777910
84087  -17.715  -18.204  4.908 0.7777777910
86296  -17.558  -16.448  4.273 0.8888888955
86314  -19.450  -15.743  3.623 0.8888888955
82974  -15.218  -19.208  6.641 0.5555555820
170546  -15.125  -18.277  6.475 0.5555555820
85150  -15.941  -17.815  5.750 0.6666666865
85169  -18.209  -17.565  4.351 0.8888888955
86312  -18.191  -16.344  3.820 0.8888888955
87392  -18.956  -15.061  3.292 1.0000000000
86315  -19.966  -15.503  3.595 0.8888888955
88480  -20.258  -14.578  2.998 1.0000000000
85129  -15.029  -17.388  6.590 0.7777777910
180980  -16.137  -16.098  5.027 1.0000000000
165375  -15.815  -15.346  5.000 1.0000000000
87372  -16.823  -15.855  4.471 1.0000000000
88476  -17.664  -14.151  3.444 1.0000000000
88465  -16.747  -15.129  4.176 1.0000000000
89536  -18.332  -14.060  2.756 1.0000000000
89534  -17.142  -13.583  3.792 1.0000000000
89535  -17.925  -13.494  3.027 1.0000000000
89544  -18.405  -13.449  2.629 1.0000000000
89546  -20.066  -13.626  2.281 1.0000000000
90586  -18.584  -12.701  2.487 1.0000000000
90589  -20.961  -12.462  2.210 1.0000000000
91656  -20.026  -11.487  1.468 1.0000000000
91657  -20.544  -11.359  1.574 0.7777777910
89521  -15.744  -13.885  5.001 0.8888888955
88464  -16.161  -14.684  4.625 1.0000000000
89522  -16.209  -13.625  4.490 1.0000000000
90573  -17.265  -12.860  3.550 1.0000000000
157228  -18.120  -12.121  2.364 1.0000000000
91646  -18.694  -12.005  2.223 1.0000000000
91655  -19.111  -11.290  1.862 1.0000000000
92702  -19.969  -10.737  1.380 1.0000000000
91658  -20.966  -10.780  1.478 0.8888888955
92703  -20.775  -10.278  0.995 1.0000000000
156262  -21.226  -9.619  0.857 0.7777777910
93729  -21.749  -9.445  1.446 0.7777777910
90557  -14.444  -12.335  4.889 0.5555555820
93683  -14.885  -9.993  4.076 0.7777777910
91627  -15.183  -11.371  4.382 0.8888888955
91644  -17.079  -11.210  3.271 1.0000000000
91645  -17.728  -11.701  2.641 1.0000000000
92673  -16.444  -10.408  3.403 0.8888888955
92689  -17.263  -10.731  2.949 1.0000000000
180743  -17.754  -10.223  2.312 1.0000000000
93726  -18.862  -9.641  1.434 1.0000000000
93727  -19.875  -9.783  1.194 0.8888888955
94830  -19.149  -9.003  1.039 1.0000000000
168893  -20.165  -8.923  0.826 0.8888888955
95901  -21.581  -7.996  1.222 0.7777777910
95879  -22.569  -8.379  2.559 0.6666666865
95892  -22.105  -7.759  1.868 0.6666666865
93681  -13.647  -9.824  4.803 0.4444444478
92655  -14.618  -10.704  4.483 0.7777777910
169249  -14.107  -8.651  4.256 0.6666666865
94818  -15.775  -8.302  2.935 0.7777777910
94809  -16.233  -8.730  2.867 0.8888888955
94820  -16.722  -8.684  2.275 0.8888888955
93720  -18.201  -9.916  1.851 1.0000000000
94827  -16.778  -8.089  1.812 1.0000000000
94828  -17.644  -8.231  1.526 1.0000000000
94829  -18.539  -8.289  1.080 1.0000000000
94837  -18.844  -7.541  0.661 0.8888888955
95907  -19.752  -7.384  0.387 0.7777777910
95909  -21.206  -7.274  0.889 0.7777777910
154836  -22.472  -7.380  2.734 0.5555555820
97031  -21.438  -6.572  1.319 0.7777777910
98104  -21.871  -5.985  2.731 0.6666666865
96991  -14.118  -7.010  4.109 0.6666666865
95862  -13.694  -7.939  4.519 0.6666666865
95878  -15.292  -7.966  3.421 0.7777777910
158419  -14.911  -7.297  3.654 0.7777777910
95889  -15.770  -7.645  2.622 0.8888888955
95890  -16.268  -7.456  2.098 0.8888888955
97023  -15.791  -6.666  2.309 1.0000000000
95898  -16.766  -7.292  1.612 1.0000000000
95899  -17.432  -7.015  1.267 1.0000000000
95900  -18.004  -7.608  1.163 0.8888888955
97035  -19.082  -6.736  0.352 0.8888888955
179057  -20.239  -6.343  0.409 0.8888888955
95908  -20.532  -7.185  0.463 0.7777777910
98114  -18.376  -6.074  0.517 0.8888888955
98116  -19.968  -5.735  -0.006 0.7777777910
98117  -20.434  -5.596  0.464 0.7777777910
161079  -21.589  -5.938  1.852 0.7777777910
97006  -13.493  -6.175  4.274 0.6666666865
96990  -12.788  -7.234  4.457 0.5555555820
178090  -14.146  -6.015  3.697 0.7777777910
97007  -14.739  -6.407  3.382 0.8888888955
97022  -15.104  -6.044  2.677 0.8888888955
98101  -15.628  -5.726  2.241 1.0000000000
98102  -16.106  -6.081  1.825 1.0000000000
178243  -17.799  -5.543  0.614 1.0000000000
170332  -17.408  -6.223  0.909 0.8888888955
157942  -20.184  -4.913  -0.057 0.7777777910
99078  -21.171  -4.220  0.823 0.7777777910
99069  -21.576  -4.490  1.557 0.6666666865
99057  -21.774  -4.444  2.754 0.5555555820
99058  -22.203  -4.468  3.702 0.5555555820
98083  -13.883  -5.245  3.842 0.7777777910
99039  -13.439  -4.452  3.871 0.6666666865
98084  -14.546  -5.377  3.198 0.8888888955
98100  -15.096  -5.212  2.659 1.0000000000
98108  -16.309  -5.167  1.706 1.0000000000
175697  -17.748  -4.784  0.526 0.8888888955
175803  -18.567  -5.260  0.277 0.8888888955
99087  -18.604  -4.324  -0.104 0.8888888955
99088  -19.446  -4.968  -0.148 0.8888888955
99089  -20.427  -4.022  0.097 0.7777777910
176632  -20.756  -3.384  0.721 0.7777777910
176410  -21.291  -3.569  1.433 0.7777777910
176390  -21.926  -3.736  3.467 0.5555555820
154313  -20.278  -3.056  -0.004 0.7777777910
154142  -21.330  -2.796  1.920 0.5555555820
154100  -21.850  -2.920  3.418 0.5555555820
188057  -21.424  -2.229  2.117 0.6666666865
153845  -10.150  -3.295  5.714 0.4444444478
153848  -13.158  -3.721  3.754 0.5555555820
154363  -13.473  -3.888  3.475 0.7777777910
99067  -14.607  -4.512  2.957 1.0000000000
99052  -13.985  -4.495  3.388 0.8888888955
99075  -15.917  -4.320  2.041 1.0000000000
99076  -16.408  -4.220  1.546 0.8888888955
99986  -16.687  -3.587  1.076 0.8888888955
99077  -16.966  -4.478  1.065 0.8888888955
181547  -17.586  -3.707  0.435 0.8888888955
163267  -19.228  -3.785  -0.455 0.8888888955
154187  -20.946  -2.868  1.319 0.6666666865
176364  -21.829  -2.036  3.431 0.5555555820
154477  -13.182  -1.997  3.633 0.6666666865
153847  -13.196  -2.731  3.731 0.6666666865
153852  -14.637  -2.300  2.627 0.7777777910
100887  -15.119  -2.885  2.364 0.8888888955
100893  -15.616  -2.770  1.664 0.7777777910
99992  -16.177  -2.797  1.092 0.7777777910
100899  -17.081  -2.097  0.453 0.7777777910
153752  -18.518  -3.330  -0.226 0.8888888955
154320  -17.803  -2.563  0.216 0.7777777910
154193  -18.646  -2.549  -0.147 0.7777777910
153749  -19.805  -2.678  -0.239 0.6666666865
153744  -18.799  -1.296  -0.197 0.6666666865
183509  -20.320  -1.034  0.551 0.6666666865
153715  -20.211  -1.736  0.398 0.6666666865
153720  -20.524  -2.426  0.698 0.5555555820
153708  -20.996  0.069  1.120 0.6666666865
156210  -21.195  0.123  1.946 0.5555555820
155799  -21.475  -0.604  2.619 0.5555555820
176409  -21.507  -1.629  2.449 0.4444444478
153719  -21.718  0.282  2.833 0.5555555820
104603  -12.723  1.156  4.921 0.3333333433
103645  -12.658  0.618  4.716 0.3333333433
101800  -13.742  -1.135  3.108 0.5555555820
102728  -14.021  -0.484  2.738 0.5555555820
177356  -14.615  -1.574  2.432 0.7777777910
168662  -15.778  -2.003  1.285 0.7777777910
101814  -16.113  -1.254  0.991 0.6666666865
165132  -16.447  -2.077  0.795 0.6666666865
101822  -16.800  -1.367  0.485 0.6666666865
154624  -18.062  -0.864  -0.357 0.6666666865
180611  -18.851  -0.561  -0.419 0.6666666865
176653  -20.777  0.675  0.874 0.6666666865
153745  -21.147  0.779  1.357 0.6666666865
103663  -21.768  1.065  2.770 0.5555555820
177502  -22.026  1.487  3.123 0.5555555820
153714  -21.484  0.918  2.077 0.6666666865
103646  -13.289  1.292  4.551 0.4444444478
104592  -12.532  2.146  5.964 0.4444444478
103660  -13.150  0.555  4.079 0.4444444478
104619  -14.568  1.553  3.574 0.5555555820
102729  -14.610  -0.341  2.372 0.5555555820
102740  -15.217  -0.346  1.880 0.6666666865
101813  -15.402  -1.155  1.488 0.6666666865
102750  -16.573  -0.450  0.741 0.6666666865
177790  -19.210  0.082  -0.421 0.6666666865
154361  -20.330  0.931  0.315 0.6666666865
105536  -21.720  2.268  1.840 0.6666666865
106417  -23.129  2.957  2.945 0.5555555820
105525  -22.956  2.313  3.249 0.6666666865
104634  -15.071  1.646  2.962 0.4444444478
103693  -16.377  0.510  1.125 0.6666666865
102741  -15.894  -0.364  1.347 0.6666666865
154731  -17.978  0.679  -0.118 0.6666666865
154612  -17.812  -0.123  -0.386 0.6666666865
105550  -21.267  2.027  1.294 0.6666666865
85167  -16.911  -16.682  4.864 0.8888888955
86282  -16.283  -16.960  5.336 1.0000000000
87373  -17.644  -15.490  3.976 1.0000000000
88479  -19.395  -14.543  2.762 1.0000000000
162308  -12.992  -8.694  4.466 0.5555555820
97030  -18.180  -6.850  0.785 0.8888888955
98069  -13.284  -5.321  4.471 0.5555555820
155737  -11.539  -2.958  4.913 0.5555555820
173867  -15.636  -5.004  2.281 1.0000000000
171169  -19.783  -4.252  -0.350 0.8888888955
176614  -9.465  -2.596  6.209 0.2222222239
176459  -21.066  -2.032  1.594 0.6666666865
153706  -21.920  -0.402  3.382 0.4444444478
170370  -17.465  1.247  0.335 0.6666666865
95861  -12.552  -8.053  4.793 0.4444444478
96989  -12.711  -6.443  4.854 0.4444444478
182002  -23.613  2.630  3.483 0.5555555820
166394  -23.656  1.987  3.744 0.5555555820
104594  -13.932  1.605  5.455 0.2222222239
104604  -13.928  1.750  4.213 0.3333333433
106418  -23.852  3.266  3.414 0.5555555820
81872  -15.656  -20.136  6.691 0.5555555820
169463  -16.987  -20.120  6.012 0.5555555820
84086  -16.829  -18.573  5.368 0.5555555820
82992  -17.639  -19.148  5.355 0.5555555820
85170  -18.864  -17.521  4.433 0.7777777910
86298  -19.325  -16.684  4.085 0.8888888955
84100  -18.538  -18.165  4.789 0.6666666865
86299  -20.058  -16.046  4.017 0.7777777910
87374  -20.420  -15.443  3.930 0.7777777910
88481  -21.096  -14.248  3.314 0.8888888955
82973  -14.154  -19.179  7.051 0.4444444478
160782  -14.022  -17.804  6.636 0.5555555820
89537  -20.737  -14.022  2.595 1.0000000000
86260  -14.723  -16.533  6.621 0.2222222239
86281  -15.544  -16.714  5.784 0.6666666865
155135  -21.354  -11.897  2.519 0.8888888955
91630  -21.574  -11.140  2.611 0.6666666865
92704  -21.396  -10.150  1.309 0.7777777910
92693  -21.905  -9.908  2.085 0.6666666865
87353  -15.206  -15.305  5.610 0.5555555820
94821  -22.372  -9.237  2.151 0.6666666865
89504  -15.173  -13.700  5.360 0.4444444478
97013  -22.892  -6.944  3.626 0.5555555820
91596  -13.543  -11.915  4.902 0.2222222239
97026  -22.329  -6.606  2.960 0.5555555820
171320  -13.119  -8.995  4.653 0.4444444478
176650  -22.653  -5.181  4.146 0.5555555820
96954  -11.978  -6.724  6.128 0.3333333433
154499  -22.633  -4.374  4.378 0.5555555820
153849  -11.442  -3.815  5.077 0.4444444478
153704  -23.463  -3.117  4.600 0.4444444478
99935  -10.081  -3.678  6.263 0.3333333433
176408  -22.546  -2.422  4.150 0.5555555820
176750  -22.479  -1.569  4.229 0.4444444478
103614  -11.456  1.061  5.841 0.3333333433
103638  -11.056  0.456  5.794 0.3333333433
176557  -11.763  -0.267  5.178 0.4444444478
154542  -22.499  0.072  3.688 0.4444444478
104622  -23.694  1.176  3.992 0.4444444478
175970  -25.285  2.863  3.667 0.2222222239
155524  -14.148  1.758  4.849 0.3333333433
103692  -15.717  0.336  1.658 0.6666666865
154601  -18.201  1.391  -0.094 0.6666666865
154144  -19.656  1.348  -0.329 0.6666666865
105549  -20.505  2.216  0.477 0.6666666865
106443  -21.494  3.270  1.505 0.6666666865
106444  -22.129  3.717  1.762 0.6666666865
105537  -22.024  2.908  1.863 0.6666666865
106432  -23.295  3.747  2.861 0.6666666865
107351  -24.082  4.062  3.274 0.4444444478
106420  -25.628  3.473  3.411 0.3333333433
153762  -16.662  1.568  0.792 0.5555555820
82975  -16.279  -19.724  6.233 0.6666666865
82991  -16.891  -19.484  5.632 0.6666666865
85168  -17.601  -17.293  4.565 0.8888888955
86313  -18.793  -16.088  3.690 1.0000000000
86297  -18.483  -16.985  3.849 0.8888888955
81871  -14.829  -19.756  7.102 0.4444444478
84073  -14.033  -18.498  6.795 0.5555555820
183424  -18.025  -17.066  3.893 0.8888888955
87391  -18.407  -15.498  3.658 1.0000000000
87393  -19.658  -15.006  3.305 1.0000000000
88477  -18.231  -14.709  3.393 1.0000000000
87394  -20.197  -15.059  3.463 1.0000000000
88489  -19.254  -14.118  2.388 1.0000000000
179429  -15.584  -15.923  5.444 0.8888888955
87371  -16.272  -15.409  4.612 1.0000000000
171485  -16.866  -14.382  4.070 1.0000000000
180124  -17.411  -14.750  3.801 1.0000000000
88478  -18.765  -14.359  2.665 1.0000000000
89545  -19.156  -13.420  2.338 1.0000000000
89547  -20.956  -13.274  2.430 0.8888888955
157871  -19.882  -13.009  2.039 1.0000000000
90585  -17.928  -12.603  2.789 1.0000000000
90587  -19.346  -12.545  2.162 1.0000000000
90588  -20.255  -12.215  1.715 1.0000000000
91647  -21.036  -11.513  1.887 0.8888888955
92692  -21.477  -10.598  1.994 0.7777777910
88448  -15.565  -14.599  5.181 0.6666666865
90572  -16.457  -12.570  3.859 1.0000000000
90558  -15.718  -12.740  4.376 0.8888888955
91629  -17.013  -12.029  3.405 1.0000000000
92690  -17.773  -10.916  2.507 1.0000000000
92691  -18.327  -10.797  2.129 1.0000000000
92701  -19.040  -10.395  1.606 1.0000000000
94832  -21.441  -8.819  1.038 0.7777777910
94833  -22.066  -8.652  1.624 0.6666666865
90541  -14.517  -12.562  5.076 0.5555555820
89520  -15.133  -12.918  4.875 0.5555555820
161155  -13.901  -12.068  4.883 0.6666666865
172989  -14.734  -12.185  4.703 0.6666666865
93699  -14.670  -9.364  3.946 0.6666666865
94808  -15.382  -8.885  3.468 0.8888888955
92672  -15.489  -10.552  3.972 0.8888888955
93700  -15.543  -9.727  3.665 0.8888888955
90571  -15.793  -12.087  4.017 0.8888888955
91628  -16.187  -11.281  3.715 1.0000000000
93701  -16.361  -9.509  3.161 0.8888888955
93719  -17.393  -9.361  2.205 1.0000000000
93725  -18.117  -9.022  1.569 1.0000000000
94838  -19.489  -8.219  0.677 0.8888888955
94840  -21.042  -8.064  0.740 0.8888888955
95891  -21.625  -7.296  1.418 0.6666666865
163197  -22.909  -7.779  3.260 0.5555555820
97025  -21.850  -6.795  2.154 0.6666666865
93682  -14.218  -9.964  4.451 0.5555555820
92636  -13.642  -10.753  5.005 0.3333333433
91612  -13.344  -11.656  4.882 0.3333333433
92654  -13.845  -10.842  4.779 0.4444444478
91613  -14.077  -11.569  4.711 0.6666666865
95877  -14.627  -7.955  4.117 0.6666666865
185090  -14.822  -8.620  3.822 0.7777777910
94819  -16.235  -8.158  2.391 0.8888888955
185533  -17.252  -8.677  1.869 1.0000000000
162992  -17.300  -7.644  1.479 1.0000000000
97037  -20.853  -6.325  0.833 0.7777777910
98090  -22.430  -6.030  3.621 0.5555555820
97008  -15.357  -7.000  3.057 0.8888888955
187372  -16.891  -6.637  1.379 1.0000000000
99079  -21.460  -4.964  0.981 0.7777777910
171101  -21.524  -5.221  1.465 0.7777777910
98103  -21.682  -5.225  2.258 0.6666666865
156842  -11.861  -7.596  5.412 0.4444444478
168261  -16.630  -6.046  1.341 1.0000000000
98109  -17.091  -5.398  0.965 0.8888888955
154441  -22.368  -3.885  4.171 0.5555555820
99038  -13.113  -4.629  4.374 0.5555555820
99095  -19.827  -3.457  -0.374 0.8888888955
176337  -21.556  -3.516  2.444 0.6666666865
181089  -14.109  -3.663  3.191 1.0000000000
154497  -13.467  -3.157  3.555 0.7777777910
99985  -16.044  -3.520  1.572 0.8888888955
99979  -14.857  -3.698  2.704 0.7777777910
154232  -12.136  -1.114  4.496 0.5555555820
178013  -13.373  -1.400  3.430 0.4444444478
153850  -13.553  -2.059  3.530 0.6666666865
154185  -14.186  -1.746  3.019 0.6666666865
154397  -14.124  -2.645  3.233 0.7777777910
153851  -11.555  -1.942  4.940 0.6666666865
101802  -15.153  -1.932  1.951 0.7777777910
181700  -14.547  -3.059  2.807 0.7777777910
99993  -16.909  -2.824  0.626 0.7777777910
153756  -18.394  -1.812  0.048 0.6666666865
153743  -19.770  -1.894  0.110 0.6666666865
154635  -19.356  -1.216  -0.048 0.6666666865
153724  -20.496  0.197  0.551 0.6666666865
153712  -20.677  -0.550  0.834 0.6666666865
153711  -21.067  -0.857  1.619 0.5555555820
176460  -20.636  -1.430  0.951 0.5555555820
154657  -22.251  0.844  3.413 0.4444444478
176554  -22.470  -0.709  4.122 0.4444444478
172741  -12.704  -0.300  4.228 0.4444444478
102709  -13.602  -0.846  3.147 0.5555555820
101801  -14.267  -0.984  2.599 0.6666666865
104651  -21.380  1.457  1.520 0.6666666865
104636  -21.741  1.735  2.321 0.6666666865
103680  -14.483  -0.058  2.507 0.5555555820
103681  -15.026  0.073  2.233 0.6666666865
155076  -19.165  0.754  -0.515 0.6666666865
104660  -20.275  1.554  0.180 0.6666666865
187199  -21.491  2.599  1.604 0.6666666865
98068  -12.796  -5.538  4.829 0.4444444478
153844  -10.374  -2.488  5.522 0.3333333433
94788  -12.740  -8.488  4.772 0.4444444478
96973  -12.463  -6.917  5.033 0.4444444478
105527  -25.395  2.148  3.826 0.3333333433
107352  -25.039  4.138  3.221 0.3333333433
86283  -20.231  -16.558  4.964 0.6666666865
81855  -15.055  -20.486  7.344 0.5555555820
89538  -21.486  -13.570  2.956 0.7777777910
82958  -13.812  -19.879  7.486 0.3333333433
92674  -22.068  -10.352  2.806 0.6666666865
90528  -14.206  -12.559  6.382 0.1111111119
91579  -12.956  -11.584  4.571 0.1111111119
94787  -12.479  -8.043  4.917 0.4444444478
96988  -12.571  -6.232  5.070 0.3333333433
99037  -11.484  -4.499  5.445 0.3333333433
154280  -11.036  -1.091  5.355 0.3333333433
107364  -23.519  4.604  2.728 0.6666666865
107365  -24.389  4.885  3.124 0.4444444478
82959  -19.697  -19.868  7.039 0.4444444478
82939  -22.109  -19.148  9.881 0.2222222239
81874  -17.326  -20.734  6.260 0.4444444478
82976  -17.759  -20.081  5.764 0.4444444478
82978  -19.132  -19.647  6.099 0.4444444478
82979  -19.730  -18.969  6.615 0.4444444478
84063  -21.285  -18.214  7.622 0.2222222239
82993  -18.445  -19.530  5.561 0.4444444478
82994  -18.963  -18.919  5.511 0.4444444478
187496  -19.285  -18.986  6.064 0.4444444478
85105  -22.687  -17.318  8.273 0.1111111119
85106  -23.120  -17.118  8.851 0.1111111119
84075  -19.522  -18.506  5.884 0.4444444478
85118  -21.007  -17.842  6.884 0.3333333433
84088  -18.347  -18.773  5.180 0.4444444478
84076  -20.223  -18.200  6.395 0.3333333433
86262  -21.432  -17.012  6.646 0.3333333433
86221  -22.720  -16.639  7.587 0.2222222239
85153  -19.915  -17.836  5.632 0.4444444478
85130  -20.617  -17.475  6.168 0.3333333433
188095  -18.791  -18.529  5.111 0.5555555820
84089  -19.208  -18.189  5.078 0.4444444478
87338  -22.210  -15.263  6.690 0.2222222239
163991  -22.643  -14.945  7.204 0.1111111119
88413  -23.551  -13.924  7.624 0.1111111119
87337  -21.574  -15.610  6.135 0.3333333433
87354  -20.666  -15.794  4.692 0.4444444478
88449  -21.366  -14.701  5.001 0.5555555820
89523  -21.771  -13.708  3.948 0.6666666865
90542  -22.691  -12.857  5.300 0.4444444478
91601  -23.479  -11.495  5.138 0.3333333433
90559  -22.049  -13.133  3.373 0.6666666865
91615  -22.953  -11.117  4.335 0.5555555820
90574  -21.660  -12.728  2.793 0.6666666865
91614  -22.360  -11.451  3.766 0.5555555820
186345  -23.075  -10.574  4.133 0.5555555820
92658  -23.217  -10.053  3.922 0.3333333433
91631  -21.752  -11.689  3.150 0.5555555820
94811  -23.427  -8.867  3.784 0.4444444478
94810  -22.754  -9.081  3.065 0.5555555820
93703  -22.970  -9.516  3.495 0.4444444478
170378  -23.152  -8.392  3.462 0.4444444478
155211  -19.872  2.005  -0.189 0.5555555820
105561  -19.117  2.209  -0.497 0.5555555820
106442  -20.900  2.799  1.203 0.5555555820
107379  -21.588  3.950  1.301 0.5555555820
108286  -23.059  5.033  1.895 0.5555555820
81857  -18.850  -20.937  6.926 0.4444444478
82950  -21.235  -19.250  8.748 0.2222222239
86240  -22.153  -16.952  7.176 0.2222222239
87312  -22.762  -15.752  7.292 0.2222222239
179110  -21.799  -14.586  5.850 0.4444444478
89475  -23.002  -13.676  6.844 0.3333333433
90560  -22.325  -12.940  4.250 0.6666666865
93688  -23.613  -9.288  4.140 0.3333333433
98074  -23.069  -6.124  4.283 0.4444444478
107391  -21.375  4.453  0.577 0.5555555820
177409  -20.339  4.108  0.218 0.5555555820
90530  -23.900  -12.462  6.419 0.2222222239
107363  -22.732  4.213  2.224 0.5555555820
80830  -17.469  -21.817  7.331 0.4444444478
80831  -18.225  -21.412  7.284 0.4444444478
80832  -18.995  -21.120  7.707 0.4444444478
82937  -20.871  -19.903  9.097 0.2222222239
82938  -21.441  -19.487  9.533 0.2222222239
171574  -16.234  -21.589  7.079 0.4444444478
84052  -22.145  -17.993  8.783 0.1111111119
84026  -22.757  -18.803  10.235 0.1111111119
86206  -23.530  -16.574  9.225 0.1111111119
87282  -23.222  -15.959  7.978 0.1111111119
88369  -24.204  -14.888  9.007 0.1111111119
88414  -24.140  -13.843  8.154 0.1111111119
89477  -24.244  -13.181  7.671 0.1111111119
91602  -24.068  -10.923  5.605 0.1111111119
91587  -23.956  -11.744  6.009 0.2222222239
92659  -23.739  -9.789  4.557 0.2222222239
93689  -24.362  -9.164  4.742 0.2222222239
94794  -24.172  -8.585  4.342 0.3333333433
95880  -23.508  -7.662  3.803 0.4444444478
96997  -23.731  -6.896  4.164 0.3333333433
98075  -24.072  -6.026  4.453 0.3333333433
182014  -23.317  -5.395  4.497 0.3333333433
176700  -23.291  -2.660  4.477 0.4444444478
103649  -23.925  0.341  4.358 0.3333333433
104635  -15.653  1.826  2.567 0.4444444478
153768  -17.428  2.092  0.346 0.5555555820
106457  -19.624  3.649  -0.026 0.5555555820
108301  -22.608  5.497  1.104 0.5555555820
108302  -23.434  5.877  1.667 0.5555555820
183874  -19.622  4.214  -0.158 0.5555555820
80842  -16.754  -21.265  6.637 0.4444444478
81873  -16.522  -20.504  6.412 0.4444444478
85152  -19.612  -17.339  4.935 0.5555555820
88467  -21.238  -14.427  4.242 0.6666666865
155283  -21.983  -10.999  3.234 0.5555555820
92675  -22.656  -10.012  3.299 0.5555555820
93702  -22.471  -9.696  2.784 0.4444444478
103664  -22.947  0.702  4.159 0.3333333433
86284  -20.982  -16.062  5.564 0.3333333433
180547  -20.248  -17.204  5.515 0.3333333433
81876  -19.085  -20.475  6.463 0.4444444478
82960  -20.449  -19.867  7.778 0.4444444478
81859  -19.903  -20.274  7.724 0.3333333433
155249  -20.231  -19.261  7.323 0.4444444478
81858  -19.388  -20.605  7.295 0.4444444478
82949  -20.812  -19.778  8.297 0.3333333433
84039  -21.788  -18.761  9.165 0.1111111119
80843  -17.454  -21.367  6.738 0.4444444478
81875  -18.252  -20.802  6.382 0.4444444478
82977  -18.604  -20.218  5.941 0.4444444478
84062  -20.523  -18.579  7.162 0.4444444478
84051  -21.519  -18.481  8.409 0.2222222239
85104  -21.930  -17.750  8.036 0.1111111119
85119  -21.723  -17.494  7.330 0.2222222239
86222  -23.185  -16.657  8.370 0.1111111119
86207  -23.718  -16.884  10.080 0.1111111119
86263  -22.149  -16.262  6.764 0.3333333433
86261  -20.815  -16.769  5.871 0.3333333433
88428  -22.451  -14.386  6.685 0.2222222239
88412  -22.925  -14.359  7.276 0.1111111119
87313  -23.136  -14.959  7.829 0.1111111119
88395  -23.812  -14.517  8.350 0.1111111119
87355  -21.193  -15.295  5.339 0.3333333433
89506  -22.002  -13.946  5.470 0.4444444478
89524  -22.126  -13.494  5.002 0.4444444478
90543  -23.421  -12.275  5.570 0.3333333433
89489  -22.452  -13.669  5.942 0.4444444478
90529  -23.175  -12.948  6.220 0.3333333433
91588  -24.538  -11.263  6.406 0.1111111119
91600  -22.758  -12.053  4.586 0.4444444478
90575  -22.150  -12.333  3.651 0.5555555820
92657  -22.633  -10.614  3.605 0.5555555820
92642  -23.506  -10.560  4.715 0.3333333433
95868  -23.915  -8.179  4.128 0.4444444478
106458  -20.352  3.182  0.414 0.5555555820
105562  -19.709  2.726  -0.082 0.5555555820
178678  -22.225  4.565  1.310 0.5555555820
81839  -19.580  -20.696  8.140 0.4444444478
87283  -23.619  -15.349  8.547 0.1111111119
176818  -20.763  4.892  -0.030 0.5555555820
89476  -23.753  -13.130  6.970 0.2222222239
80813  -18.612  -21.675  8.189 0.4444444478
81831  -20.462  -20.609  9.409 0.2222222239
81840  -20.383  -20.285  8.394 0.4444444478
80829  -16.788  -21.962  7.121 0.4444444478
85089  -22.741  -17.638  9.155 0.1111111119
84040  -22.417  -18.369  9.522 0.1111111119
87249  -23.983  -15.716  9.304 0.1111111119
75250  -19.842  -26.574  13.449 0.1111111119
76291  -16.653  -25.845  9.974 0.3333333433
76284  -18.645  -25.473  11.532 0.2222222239
75264  -19.469  -26.244  12.784 0.2222222239
76255  -20.160  -25.845  13.093 0.1111111119
76256  -20.816  -25.439  13.385 0.1111111119
77378  -15.160  -24.349  8.741 0.3333333433
76314  -15.119  -25.194  9.190 0.3333333433
76302  -15.733  -26.013  9.109 0.3333333433
179862  -17.806  -24.687  10.193 0.3333333433
77344  -18.546  -24.348  10.639 0.3333333433
76285  -19.429  -25.171  11.804 0.2222222239
76275  -20.453  -25.117  12.741 0.1111111119
77327  -19.729  -24.487  11.536 0.2222222239
78546  -14.355  -23.038  7.871 0.2222222239
78530  -14.161  -23.500  8.071 0.2222222239
157071  -14.522  -23.904  8.449 0.2222222239
77359  -15.768  -24.957  9.189 0.3333333433
77360  -16.572  -24.642  9.252 0.3333333433
77328  -20.395  -24.145  11.778 0.1111111119
79768  -14.380  -22.250  7.975 0.2222222239
79769  -15.080  -22.610  7.866 0.3333333433
78531  -15.136  -23.465  8.201 0.3333333433
166790  -15.871  -22.199  7.458 0.3333333433
79770  -16.515  -22.663  7.719 0.3333333433
78532  -16.254  -23.375  8.171 0.3333333433
79750  -17.006  -23.078  8.184 0.3333333433
179693  -17.441  -23.188  8.776 0.3333333433
78519  -18.431  -23.194  9.758 0.3333333433
79738  -18.661  -22.466  9.458 0.3333333433
79728  -19.093  -22.735  10.164 0.3333333433
78508  -19.770  -23.208  10.813 0.1111111119
79730  -20.605  -22.514  11.005 0.2222222239
80828  -14.282  -21.192  7.733 0.2222222239
157818  -15.014  -21.878  7.738 0.2222222239
79771  -17.199  -22.401  7.720 0.3333333433
79752  -18.330  -22.288  8.675 0.3333333433
80812  -17.878  -22.002  7.970 0.3333333433
79729  -19.848  -22.256  10.357 0.3333333433
80827  -13.600  -20.720  8.027 0.3333333433
80841  -15.977  -20.908  6.917 0.3333333433
80803  -18.883  -21.809  9.032 0.3333333433
80814  -19.173  -21.218  8.586 0.3333333433
81830  -19.791  -20.865  8.970 0.3333333433
181928  -24.768  -7.902  4.366 0.2222222239
157291  -24.400  -7.493  4.221 0.2222222239
153717  -23.044  -3.820  4.709 0.3333333433
176649  -23.729  -4.241  4.827 0.2222222239
77343  -17.390  -25.375  10.499 0.3333333433
76292  -18.205  -25.058  10.889 0.3333333433
76274  -19.779  -25.493  12.459 0.2222222239
77308  -20.777  -24.439  12.377 0.1111111119
78517  -16.921  -23.786  8.797 0.3333333433
78518  -17.719  -23.540  9.326 0.3333333433
77362  -18.161  -23.974  9.942 0.3333333433
78507  -18.846  -23.552  10.438 0.3333333433
171304  -15.791  -22.894  7.822 0.3333333433
81856  -15.397  -21.373  7.383 0.3333333433
185298  -19.373  -21.405  9.274 0.3333333433
75249  -19.169  -27.003  13.099 0.1111111119
75234  -20.191  -26.888  14.145 0.1111111119
75298  -15.506  -26.550  9.314 0.3333333433
75299  -16.110  -26.425  9.345 0.3333333433
75285  -16.384  -26.601  10.158 0.3333333433
75286  -16.995  -26.071  10.828 0.3333333433
75273  -17.487  -26.486  11.509 0.3333333433
75274  -18.328  -26.217  11.810 0.3333333433
75235  -20.840  -26.440  14.443 0.1111111119
76245  -21.212  -25.766  14.019 0.1111111119
173480  -14.525  -24.468  8.960 0.3333333433
77290  -21.672  -24.465  13.203 0.1111111119
79749  -13.808  -22.881  8.067 0.2222222239
78479  -21.092  -23.686  12.066 0.1111111119
79767  -13.949  -21.768  8.341 0.2222222239
167224  -21.446  -22.076  11.474 0.1111111119
155822  -20.452  -21.804  10.457 0.1111111119
81854  -13.247  -19.822  7.983 0.1111111119
173797  -24.633  -6.812  4.242 0.2222222239
154524  -24.886  -3.106  4.408 0.2222222239
154140  -24.196  -3.543  4.759 0.2222222239
82972  -13.260  -18.849  7.184 0.2222222239
87336  -15.165  -15.961  6.139 0.5555555820
176471  -24.993  -5.319  4.373 0.2222222239
76304  -17.018  -25.070  9.797 0.3333333433
76303  -16.292  -25.585  9.389 0.3333333433
76283  -17.754  -25.696  11.277 0.3333333433
171789  -14.020  -23.911  8.601 0.2222222239
77361  -17.394  -24.298  9.528 0.3333333433
77326  -18.994  -24.771  11.252 0.2222222239
77379  -15.971  -24.121  8.682 0.3333333433
78491  -19.941  -23.839  11.355 0.1111111119
79737  -18.025  -22.883  9.098 0.3333333433
79751  -17.627  -22.648  8.418 0.3333333433
79712  -21.166  -22.977  11.657 0.1111111119
79739  -19.281  -21.983  9.732 0.3333333433
80795  -20.004  -21.418  9.792 0.1111111119
74238  -18.827  -27.747  13.451 0.1111111119
75263  -18.750  -26.610  12.468 0.2222222239
75284  -15.868  -26.962  9.639 0.3333333433
74283  -15.078  -27.021  9.714 0.2222222239
74277  -16.086  -27.238  10.564 0.3333333433
75272  -16.666  -26.786  11.147 0.3333333433
75262  -18.012  -26.944  12.132 0.3333333433
188385  -13.961  -24.445  9.162 0.2222222239
76313  -14.385  -25.126  9.329 0.2222222239
154315  -25.282  -7.115  4.337 0.1111111119
176464  -26.254  -6.194  4.681 0.1111111119
154173  -25.820  -6.516  4.283 0.1111111119
176322  -25.805  -5.387  4.362 0.1111111119
176470  -26.283  -5.442  4.580 0.1111111119
176406  -23.972  -5.004  4.578 0.1111111119
176462  -26.286  -4.640  4.409 0.1111111119
154175  -25.648  -4.603  4.461 0.1111111119
176556  -24.316  -1.442  4.381 0.2222222239
154304  -24.681  -4.400  4.665 0.1111111119
176469  -26.338  -3.995  3.947 0.1111111119
102689  -24.376  -0.674  4.440 0.1111111119
176525  -23.265  -0.207  4.396 0.2222222239
104609  -24.454  0.794  4.083 0.1111111119
102690  -25.281  -0.887  4.014 0.1111111119
103651  -25.778  -0.278  3.563 0.1111111119
154250  -18.454  1.998  -0.363 0.4444444478
180880  -24.595  1.565  3.932 0.1111111119
153763  -16.798  2.804  0.956 0.4444444478
106456  -18.874  3.296  -0.116 0.4444444478
108289  -25.801  5.509  2.562 0.3333333433
107366  -25.404  4.879  2.960 0.2222222239
107367  -26.759  4.258  2.899 0.1111111119
105528  -26.123  2.666  3.536 0.1111111119
177538  -27.176  2.975  2.419 0.1111111119
107392  -21.978  5.140  0.408 0.4444444478
186977  -21.257  5.661  0.005 0.4444444478
171562  -22.337  6.772  0.502 0.4444444478
109200  -22.900  6.343  1.019 0.4444444478
109202  -24.770  6.920  2.078 0.4444444478
109190  -25.277  6.206  2.315 0.2222222239
109191  -26.341  6.128  2.093 0.2222222239
108304  -27.436  5.617  1.323 0.2222222239
107380  -27.370  4.882  1.757 0.2222222239
112894  -26.267  10.067  -1.936 0.1111111119
111144  -26.674  8.565  -1.450 0.1111111119
107404  -27.559  4.978  -0.084 0.1111111119
107388  -18.349  4.842  0.059 0.4444444478
107403  -19.244  5.377  -0.459 0.4444444478
107402  -18.878  4.975  -0.581 0.4444444478
162856  -20.261  6.161  -0.261 0.3333333433
109218  -21.703  6.360  0.202 0.4444444478
184079  -23.270  7.939  0.751 0.4444444478
111115  -23.782  8.557  1.134 0.4444444478
110137  -23.879  7.653  1.191 0.4444444478
109201  -23.903  6.757  1.423 0.4444444478
110138  -25.105  7.616  1.733 0.4444444478
112036  -23.208  9.732  0.191 0.3333333433
111117  -25.395  8.362  1.471 0.3333333433
111118  -26.205  8.297  1.071 0.1111111119
110140  -26.711  7.530  0.978 0.1111111119
110154  -27.098  7.685  0.256 0.1111111119
108303  -27.034  6.226  1.546 0.2222222239
110141  -27.041  6.929  0.504 0.1111111119
180289  -27.260  7.268  -0.876 0.1111111119
107378  -17.792  4.997  0.891 0.2222222239
109217  -20.838  6.607  -0.073 0.3333333433
110151  -21.465  7.196  0.170 0.3333333433
111128  -22.997  8.662  0.326 0.3333333433
112029  -24.226  9.062  1.364 0.4444444478
112037  -24.362  9.775  0.824 0.2222222239
111129  -25.726  9.011  1.049 0.2222222239
156113  -26.696  8.935  0.033 0.1111111119
112863  -25.132  10.726  0.468 0.1111111119
112864  -25.960  10.286  0.090 0.1111111119
111136  -26.868  8.891  -0.645 0.1111111119
113757  -25.376  11.514  0.133 0.1111111119
112875  -26.141  10.783  -0.679 0.1111111119
112049  -26.549  9.764  -0.502 0.1111111119
108313  -19.376  6.100  -0.241 0.3333333433
110150  -20.286  7.455  0.023 0.3333333433
170997  -19.525  8.273  0.183 0.3333333433
111125  -19.832  8.780  -0.196 0.3333333433
111127  -21.984  8.535  0.026 0.3333333433
112862  -23.995  10.663  0.233 0.2222222239
113756  -24.729  11.614  0.247 0.1111111119
113769  -25.684  11.658  -0.482 0.1111111119
157112  -26.476  10.233  -1.200 0.1111111119
153947  -25.291  12.525  -2.593 0.1111111119
111108  -19.514  8.097  1.798 0.1111111119
112023  -19.064  8.957  1.015 0.1111111119
171886  -18.749  9.109  0.110 0.2222222239
112046  -19.151  10.172  -0.480 0.2222222239
112035  -21.005  9.061  -0.461 0.3333333433
112872  -20.337  10.665  -0.446 0.2222222239
157869  -22.198  9.270  -0.235 0.3333333433
112873  -21.419  10.370  -0.718 0.3333333433
113766  -21.178  11.231  -1.049 0.2222222239
113767  -22.158  11.588  -0.895 0.1111111119
176035  -21.831  12.711  -1.210 0.1111111119
114635  -22.508  12.247  -0.909 0.1111111119
114636  -23.571  12.685  -0.498 0.1111111119
114637  -25.056  12.826  -0.554 0.1111111119
115576  -25.301  13.190  -1.241 0.1111111119
113770  -25.950  11.486  -1.064 0.1111111119
112893  -25.474  10.592  -2.659 0.1111111119
112070  -25.535  9.741  -2.846 0.1111111119
112849  -20.015  10.266  1.662 0.1111111119
112858  -18.552  10.063  0.034 0.1111111119
112855  -19.156  10.587  0.815 0.1111111119
114618  -19.187  12.328  0.879 0.1111111119
114626  -19.684  12.439  -0.168 0.1111111119
114633  -20.457  12.089  -1.217 0.1111111119
115584  -19.282  13.979  -2.146 0.1111111119
115573  -21.707  13.655  -1.249 0.1111111119
116515  -21.553  14.598  -1.780 0.1111111119
115574  -23.751  13.547  -0.706 0.1111111119
173282  -20.311  10.951  1.579 0.1111111119
113732  -21.201  11.247  2.350 0.1111111119
113731  -20.132  11.747  2.185 0.1111111119
166376  -19.326  12.792  1.125 0.1111111119
115563  -19.386  13.140  0.480 0.1111111119
115570  -19.307  13.854  -0.435 0.1111111119
114604  -20.808  12.312  2.053 0.1111111119
170627  -21.714  12.995  2.208 0.1111111119
115536  -20.535  13.055  1.417 0.1111111119
96979  -25.963  -7.047  4.722 0.1111111119
176463  -25.400  -6.230  4.170 0.1111111119
185774  -25.992  -6.015  4.183 0.1111111119
176439  -26.749  -5.583  5.122 0.1111111119
153707  -25.313  -3.786  4.486 0.1111111119
154493  -24.896  -2.258  4.152 0.1111111119
104623  -26.041  0.716  3.508 0.1111111119
106455  -17.826  3.525  0.449 0.4444444478
108287  -23.869  5.427  2.518 0.4444444478
108288  -24.833  5.532  2.651 0.3333333433
187657  -26.537  5.407  2.402 0.2222222239
167918  -26.971  4.907  2.445 0.1111111119
107368  -27.215  4.213  2.266 0.1111111119
105538  -26.786  2.847  2.951 0.1111111119
108315  -22.216  5.901  0.408 0.4444444478
109219  -27.335  6.377  0.127 0.2222222239
111137  -27.053  8.303  -0.123 0.1111111119
110168  -27.003  8.062  -0.814 0.1111111119
109232  -27.140  6.531  -1.517 0.1111111119
110152  -22.380  7.765  0.373 0.3333333433
112058  -26.653  9.496  -1.293 0.1111111119
112871  -19.266  10.624  -0.215 0.2222222239
114634  -21.463  12.006  -1.336 0.1111111119
114603  -19.623  12.266  1.572 0.1111111119
115572  -20.256  13.847  -2.067 0.1111111119
178959  -19.813  14.229  0.861 0.1111111119
115537  -21.758  13.684  1.706 0.1111111119
177544  -27.150  -5.701  5.710 0.1111111119
153710  -24.152  -2.728  4.506 0.2222222239
154230  -23.437  -1.101  4.553 0.2222222239
166129  -26.108  1.663  3.552 0.1111111119
153771  -16.684  2.446  0.890 0.4444444478
107390  -19.616  4.795  -0.366 0.4444444478
110136  -23.153  7.170  0.836 0.4444444478
111116  -24.523  8.337  1.534 0.4444444478
112030  -24.870  9.142  1.429 0.2222222239
112025  -20.838  9.846  2.459 0.1111111119
112845  -21.726  10.199  2.929 0.1111111119
113733  -21.924  11.653  2.780 0.1111111119
115555  -19.570  13.538  0.986 0.1111111119
98037  -26.768  -6.160  5.488 0.1111111119
94796  -25.374  -7.736  4.699 0.1111111119
154636  -26.409  -6.649  5.261 0.1111111119
176561  -27.623  -4.818  6.232 0.1111111119
154371  -27.403  -5.436  6.267 0.1111111119
154130  -27.252  -4.455  4.803 0.1111111119
176438  -26.817  -4.372  4.181 0.1111111119
176437  -27.334  -4.003  3.897 0.1111111119
165100  -25.819  -2.499  3.168 0.1111111119
100872  -25.668  -3.211  3.936 0.1111111119
100873  -26.584  -3.255  3.194 0.1111111119
101780  -25.378  -1.731  3.584 0.1111111119
102711  -25.857  -1.102  2.514 0.1111111119
103665  -26.420  -0.069  2.999 0.1111111119
104624  -26.539  0.957  3.059 0.1111111119
106445  -27.493  3.261  1.212 0.1111111119
105539  -27.029  2.265  2.420 0.1111111119
154495  -17.259  3.630  0.857 0.4444444478
168480  -18.362  4.036  0.228 0.4444444478
105577  -27.062  3.085  -0.888 0.1111111119
158615  -27.222  5.181  -0.896 0.1111111119
108300  -18.190  5.617  0.697 0.2222222239
109214  -18.583  6.262  0.488 0.2222222239
110149  -19.407  7.572  0.382 0.2222222239
165949  -26.699  6.808  -2.258 0.1111111119
110130  -18.996  7.347  1.626 0.1111111119
165612  -19.089  8.409  0.533 0.2222222239
111152  -25.650  8.788  -3.017 0.1111111119
111161  -24.964  8.423  -4.022 0.1111111119
109184  -19.085  6.988  3.082 0.1111111119
110128  -19.550  7.572  3.792 0.1111111119
112015  -20.463  9.014  2.935 0.1111111119
112016  -21.333  9.525  3.355 0.1111111119
112906  -24.580  10.535  -3.799 0.1111111119
112003  -21.491  9.404  4.282 0.1111111119
112004  -22.005  9.615  4.901 0.1111111119
116525  -23.662  15.032  -1.693 0.1111111119
154309  -24.844  14.149  -2.342 0.1111111119
153952  -24.592  13.546  -3.534 0.1111111119
112846  -22.276  10.644  3.579 0.1111111119
113726  -22.499  11.375  3.406 0.1111111119
116509  -19.207  14.466  -0.221 0.1111111119
173731  -19.871  15.710  -2.404 0.1111111119
115556  -20.792  13.996  1.206 0.1111111119
176336  -23.682  -2.021  4.416 0.1111111119
106421  -26.446  3.526  3.197 0.1111111119
109189  -24.313  6.169  2.218 0.4444444478
103650  -24.961  -0.009  4.191 0.2222222239
183063  -26.760  -4.913  4.792 0.1111111119
185228  -26.605  -4.176  3.993 0.1111111119
173732  -24.893  -1.349  4.187 0.1111111119
102710  -25.576  -1.270  3.074 0.1111111119
173828  -26.589  1.973  3.035 0.1111111119
106433  -27.044  3.576  2.732 0.1111111119
105551  -27.320  2.688  1.783 0.1111111119
110139  -25.960  7.622  1.518 0.2222222239
109203  -25.628  6.894  1.915 0.2222222239
184060  -26.894  6.751  1.089 0.1111111119
108316  -27.521  5.656  0.498 0.2222222239
107393  -27.643  4.772  0.825 0.1111111119
112071  -26.231  9.141  -2.113 0.1111111119
112883  -25.902  10.880  -1.617 0.1111111119
110167  -26.786  7.558  -1.682 0.1111111119
111153  -26.243  8.220  -2.310 0.1111111119
110174  -26.321  7.375  -2.660 0.1111111119
107411  -27.222  4.197  -0.720 0.1111111119
163813  -27.612  4.248  0.107 0.1111111119
108323  -27.411  5.778  -0.331 0.2222222239
177899  -23.712  9.176  0.923 0.3333333433
109225  -27.363  6.503  -0.652 0.2222222239
111126  -20.946  8.146  0.009 0.3333333433
112038  -25.387  9.751  0.753 0.2222222239
112039  -26.197  9.466  0.379 0.1111111119
109216  -19.830  6.813  -0.136 0.3333333433
110135  -18.877  7.558  0.767 0.1111111119
112860  -22.302  10.066  -0.418 0.2222222239
112861  -23.044  10.606  -0.122 0.1111111119
167552  -23.394  11.638  -0.190 0.1111111119
114627  -24.507  12.378  -0.127 0.1111111119
114638  -25.464  12.447  -0.785 0.1111111119
113780  -25.575  11.845  -1.892 0.1111111119
114647  -25.503  12.691  -1.700 0.1111111119
171514  -25.398  11.268  -2.559 0.1111111119
153948  -25.306  13.172  -2.654 0.1111111119
110127  -19.423  7.647  2.673 0.1111111119
174566  -19.011  8.201  0.774 0.1111111119
111099  -19.945  8.200  3.022 0.1111111119
111114  -18.936  8.894  0.250 0.1111111119
112033  -18.637  9.782  -0.199 0.1111111119
112047  -20.569  9.917  -0.505 0.3333333433
112045  -18.751  10.173  -0.248 0.1111111119
112048  -21.557  9.696  -0.582 0.3333333433
113755  -22.267  10.929  -0.532 0.2222222239
167388  -20.812  12.811  -1.471 0.1111111119
175589  -22.741  13.236  -0.849 0.1111111119
182945  -24.371  13.015  -0.520 0.1111111119
186819  -25.143  13.800  -1.607 0.1111111119
115575  -24.735  13.640  -0.934 0.1111111119
112854  -19.019  9.810  0.806 0.1111111119
112014  -19.625  8.757  2.148 0.1111111119
112859  -18.976  10.689  0.212 0.1111111119
113754  -19.557  11.417  0.403 0.1111111119
113743  -19.383  11.515  1.105 0.1111111119
179672  -19.569  13.337  -0.573 0.1111111119
113765  -20.050  11.431  -0.389 0.1111111119
115571  -19.840  13.226  -1.434 0.1111111119
184761  -19.802  14.309  -2.288 0.1111111119
116516  -22.924  14.318  -1.011 0.1111111119
116517  -23.992  14.250  -0.995 0.1111111119
112850  -21.082  10.596  2.329 0.1111111119
112851  -21.855  10.946  2.831 0.1111111119
173949  -21.198  11.856  2.406 0.1111111119
115554  -19.337  13.975  0.437 0.1111111119
116514  -19.088  14.270  -1.280 0.1111111119
117369  -19.382  15.120  -1.782 0.1111111119
95851  -26.320  -7.156  5.505 0.1111111119
154339  -27.315  -5.085  5.507 0.1111111119
173292  -27.498  4.073  1.457 0.1111111119
157084  -27.337  5.919  -1.044 0.1111111119
109239  -26.741  6.040  -2.282 0.1111111119
116523  -20.258  14.927  -2.416 0.1111111119
116499  -20.310  14.858  1.092 0.1111111119
153725  -27.729  -4.230  5.754 0.1111111119
112017  -21.874  10.001  3.977 0.1111111119
106470  -27.458  3.478  -0.088 0.1111111119
108340  -26.704  5.155  -2.379 0.1111111119
109248  -26.256  6.492  -3.053 0.1111111119
178703  -18.679  6.634  2.758 0.1111111119
110173  -25.683  7.911  -3.182 0.1111111119
116524  -22.602  15.190  -1.698 0.1111111119
115585  -24.557  14.339  -1.584 0.1111111119
117366  -19.456  15.748  -0.778 0.1111111119
118141  -19.810  16.400  -1.685 0.1111111119
185003  -19.967  15.352  -2.480 0.1111111119
74263  -16.461  -27.578  11.419 0.2222222239
87335  -14.710  -15.101  6.088 0.2222222239
88427  -14.914  -14.339  5.818 0.2222222239
88447  -15.079  -14.613  5.611 0.4444444478
104649  -16.429  1.124  1.251 0.3333333433
153767  -15.969  1.949  3.396 0.2222222239
153775  -17.826  2.343  2.146 0.1111111119
107377  -17.575  4.447  0.965 0.1111111119
107387  -17.732  4.299  0.691 0.2222222239
153846  -10.374  -0.451  5.912 0.2222222239
176615  -9.503  -1.479  5.889 0.1111111119
176513  -9.505  -1.026  6.288 0.1111111119
103622  -13.172  1.662  6.482 0.1111111119
103639  -14.007  0.244  5.263 0.1111111119
103662  -16.463  0.914  3.303 0.1111111119
154575  -18.285  1.295  2.150 0.1111111119
153772  -17.774  3.177  2.184 0.1111111119
107361  -17.620  4.272  2.273 0.1111111119
104620  -15.303  1.702  3.506 0.2222222239
104595  -14.846  1.078  4.636 0.1111111119
84061  -13.296  -17.958  6.995 0.2222222239
93666  -13.382  -9.444  4.772 0.2222222239
104605  -14.972  1.466  4.135 0.1111111119
92619  -13.584  -10.296  6.338 0.1111111119
94771  -12.926  -8.627  4.577 0.3333333433
154643  -16.566  2.129  0.973 0.3333333433
154553  -16.409  2.393  2.033 0.3333333433
186958  -16.749  2.618  2.133 0.1111111119
161198  -14.505  -15.721  6.674 0.2222222239
103648  -16.027  1.261  3.968 0.1111111119
158845  -16.569  1.435  2.666 0.1111111119
153774  -17.424  1.033  2.280 0.1111111119
102678  -14.793  -0.243  4.512 0.1111111119
102688  -15.983  0.299  3.696 0.1111111119
173148  -16.289  -0.595  3.188 0.1111111119
154656  -17.072  0.489  2.576 0.1111111119
103647  -15.555  0.686  4.221 0.1111111119
90516  -24.351  -12.640  7.059 0.1111111119
73261  -16.197  -28.309  11.723 0.1111111119
74264  -17.271  -27.297  11.750 0.1111111119
74250  -17.688  -27.670  12.448 0.1111111119
73259  -14.149  -28.596  11.243 0.1111111119
74275  -14.453  -27.562  10.316 0.1111111119
75297  -14.722  -26.516  9.501 0.1111111119
165161  -13.995  -25.774  9.568 0.1111111119
76301  -15.000  -26.025  9.209 0.1111111119
84049  -12.936  -18.621  7.647 0.1111111119
164557  -14.641  -13.776  6.804 0.1111111119
186245  -14.881  -15.505  6.161 0.1111111119
167789  -11.038  -4.957  6.187 0.2222222239
180271  -10.609  -3.973  5.693 0.2222222239
98997  -10.682  -4.454  6.562 0.2222222239
162507  -10.933  -4.127  6.927 0.2222222239
73269  -14.884  -28.190  10.863 0.1111111119
89488  -14.934  -13.473  5.437 0.1111111119
72190  -14.404  -29.274  11.826 0.1111111119
73247  -16.559  -28.753  12.442 0.1111111119
74282  -13.870  -26.454  9.940 0.1111111119
76300  -13.526  -24.839  9.489 0.1111111119
78529  -13.722  -23.507  8.556 0.1111111119
85117  -13.644  -17.080  7.423 0.1111111119
88411  -14.622  -14.907  6.204 0.1111111119
98012  -11.648  -5.342  6.930 0.2222222239
99902  -10.585  -3.359  7.133 0.2222222239
176432  -9.981  -2.094  7.488 0.1111111119
74251  -18.450  -27.358  12.775 0.1111111119
73246  -15.833  -28.826  12.115 0.1111111119
176392  -9.537  -3.072  6.795 0.2222222239
154201  -8.930  -1.763  6.852 0.1111111119
85128  -13.863  -17.217  6.763 0.1111111119
96936  -11.890  -5.777  6.439 0.2222222239
165055  -13.442  -23.093  8.696 0.1111111119
79748  -13.506  -22.325  8.801 0.1111111119
82957  -12.995  -19.233  7.626 0.1111111119
74276  -15.362  -27.440  10.328 0.1111111119
74249  -16.925  -28.000  12.095 0.1111111119
74262  -15.694  -27.844  11.094 0.1111111119
73260  -15.406  -28.538  11.539 0.1111111119
182987  -15.163  -29.247  12.098 0.1111111119
73268  -13.692  -27.994  10.735 0.1111111119
183074  -14.373  -26.932  9.881 0.1111111119
84050  -13.259  -17.816  7.886 0.1111111119
98013  -12.035  -5.185  7.145 0.1111111119
75283  -12.973  -26.296  10.496 0.1111111119
75296  -13.286  -25.821  10.117 0.1111111119
82948  -12.887  -19.193  8.076 0.1111111119
84036  -13.020  -18.583  8.363 0.1111111119
99903  -11.744  -3.851  6.963 0.1111111119
158445  -11.677  -2.906  6.488 0.1111111119
176405  -11.338  0.168  5.908 0.1111111119
94738  -12.759  -8.048  6.464 0.1111111119
171786  -10.657  -1.015  6.885 0.1111111119
103615  -12.391  1.053  5.717 0.1111111119
104570  -12.675  1.987  5.897 0.1111111119
75251  -20.539  -26.180  13.730 0.1111111119
76273  -19.068  -25.876  12.144 0.2222222239
77307  -20.113  -24.813  12.090 0.2222222239
77345  -19.282  -24.025  11.036 0.2222222239
78492  -20.503  -23.399  11.457 0.1111111119
85120  -22.348  -17.261  7.632 0.1111111119
87375  -20.901  -15.071  4.508 0.4444444478
88466  -20.694  -14.818  3.698 1.0000000000
88488  -18.714  -14.011  2.459 1.0000000000
88490  -19.930  -14.195  2.569 1.0000000000
89505  -21.692  -14.117  4.940 0.4444444478
93718  -17.154  -9.997  2.689 1.0000000000
93728  -20.766  -9.575  0.768 0.8888888955
94789  -13.816  -9.200  4.344 0.5555555820
94807  -14.510  -9.028  3.874 0.6666666865
94831  -20.931  -8.905  0.694 0.8888888955
94839  -20.404  -8.112  0.525 0.8888888955
95828  -12.227  -7.487  6.149 0.1111111119
95844  -12.534  -7.417  4.817 0.4444444478
96972  -11.719  -5.750  6.130 0.2222222239
97024  -16.369  -6.706  1.766 1.0000000000
97036  -19.860  -6.568  0.207 0.8888888955
98030  -11.259  -5.197  6.619 0.2222222239
98053  -11.491  -5.164  5.810 0.3333333433
98089  -22.057  -5.218  3.223 0.5555555820
98110  -21.330  -5.723  1.224 0.7777777910
98115  -19.292  -5.887  0.186 0.7777777910
98118  -21.002  -5.471  0.854 0.7777777910
98980  -11.280  -4.833  7.151 0.1111111119
98981  -11.669  -4.799  7.259 0.1111111119
99020  -10.693  -4.490  5.964 0.2222222239
99068  -15.319  -4.382  2.542 1.0000000000
99090  -20.787  -4.832  0.559 0.7777777910
99914  -10.357  -3.730  6.680 0.2222222239
99968  -26.872  -3.995  3.504 0.1111111119
99980  -15.544  -3.587  2.219 0.8888888955
100803  -10.517  -2.361  7.525 0.1111111119
103621  -11.109  0.571  5.811 0.1111111119
103623  -13.560  1.277  6.106 0.1111111119
103644  -12.307  0.431  5.041 0.3333333433
103661  -13.737  1.161  3.602 0.5555555820
104569  -11.922  1.805  5.882 0.1111111119
104575  -11.678  1.652  5.869 0.3333333433
104576  -12.385  2.094  5.981 0.1111111119
104577  -12.836  1.877  6.412 0.4444444478
104578  -13.310  1.783  6.273 0.2222222239
104591  -11.811  1.749  5.872 0.3333333433
104593  -13.376  1.851  5.948 0.2222222239
104606  -15.645  1.583  3.831 0.2222222239
104610  -25.259  0.711  3.927 0.1111111119
104621  -22.771  1.528  3.603 0.5555555820
104637  -26.810  1.337  2.442 0.1111111119
104650  -20.814  1.358  0.889 0.6666666865
105524  -22.296  2.548  2.496 0.6666666865
105526  -24.439  2.570  3.727 0.2222222239
106419  -24.715  3.404  3.483 0.3333333433
106430  -17.096  3.848  2.098 0.1111111119
106431  -22.591  3.348  2.359 0.6666666865
106434  -27.338  3.468  1.996 0.1111111119
106459  -20.971  3.621  0.952 0.5555555820
107353  -25.991  4.208  3.151 0.3333333433
107362  -17.706  5.033  1.141 0.1111111119
107389  -18.963  4.325  -0.348 0.4444444478
108290  -27.092  5.581  2.021 0.2222222239
108312  -18.742  5.498  -0.209 0.4444444478
108314  -20.118  5.500  -0.305 0.3333333433
108332  -27.096  5.580  -1.662 0.1111111119
109204  -26.438  6.860  1.538 0.2222222239
109215  -19.080  6.882  0.392 0.2222222239
110153  -26.765  8.284  0.488 0.1111111119
110160  -27.283  7.095  -0.160 0.1111111119
111101  -20.803  9.029  4.103 0.1111111119
112024  -19.698  9.464  1.880 0.1111111119
112028  -18.604  9.433  0.060 0.1111111119
112034  -19.536  9.480  -0.336 0.3333333433
112838  -22.494  10.313  4.439 0.1111111119
112874  -25.742  11.031  -0.043 0.1111111119
113734  -22.630  12.119  3.203 0.1111111119
113768  -25.271  12.167  -0.080 0.1111111119
114605  -21.870  12.301  2.553 0.1111111119
115583  -19.130  13.845  -1.602 0.1111111119
115586  -25.342  13.494  -2.010 0.1111111119
116521  -18.957  14.263  -2.003 0.1111111119
116522  -19.598  14.788  -2.303 0.1111111119
117358  -19.368  15.255  0.025 0.1111111119
117365  -19.233  14.888  -0.928 0.1111111119
153713  -20.142  -0.400  0.330 0.6666666865
153739  -18.585  0.188  -0.513 0.6666666865
153740  -19.804  0.384  -0.087 0.6666666865
153757  -17.274  -0.656  0.078 0.6666666865
153758  -18.652  0.892  -0.424 0.6666666865
153766  -17.108  0.412  0.355 0.6666666865
153777  -16.763  3.140  2.011 0.1111111119
153950  -25.070  13.693  -2.686 0.1111111119
154139  -9.650  -1.261  7.236 0.1111111119
154238  -18.934  1.486  -0.613 0.5555555820
154323  -23.107  -4.645  4.686 0.4444444478
154355  -19.254  -2.985  -0.450 0.8888888955
154427  -19.555  -0.448  -0.106 0.6666666865
154448  -17.556  -1.565  0.167 0.6666666865
154520  -16.515  1.883  2.155 0.3333333433
154521  -17.172  2.008  2.188 0.1111111119
154551  -15.942  2.121  2.685 0.2222222239
154554  -18.136  2.701  0.090 0.4444444478
154597  -17.109  2.962  0.690 0.4444444478
155179  -13.277  1.576  5.201 0.4444444478
156388  -14.610  1.645  3.968 0.3333333433
156462  -18.225  -11.624  2.275 1.0000000000
158009  -20.473  -10.901  1.435 1.0000000000
161290  -14.809  -28.771  11.489 0.1111111119
161935  -19.872  -1.110  0.231 0.6666666865
163654  -20.406  -12.931  2.105 1.0000000000
167153  -19.214  -2.040  -0.057 0.6666666865
167339  -27.313  6.286  0.908 0.2222222239
169248  -16.802  -10.136  3.013 1.0000000000
170556  -11.354  -4.362  7.106 0.2222222239
170688  -15.659  2.123  3.027 0.2222222239
170976  -16.567  -13.070  4.047 1.0000000000
171569  -22.207  2.021  3.081 0.6666666865
171715  -14.827  -1.024  2.051 0.6666666865
171775  -27.605  3.819  0.655 0.1111111119
173834  -21.383  -16.334  6.232 0.3333333433
173907  -24.475  7.475  1.642 0.4444444478
174293  -12.122  -5.716  6.698 0.2222222239
174346  -20.750  -19.002  8.011 0.4444444478
174615  -16.626  2.487  1.019 0.3333333433
175391  -23.535  -16.075  8.661 0.1111111119
176391  -9.974  -0.564  5.977 0.2222222239
176512  -10.441  -0.403  6.231 0.2222222239
176555  -21.534  -2.522  2.635 0.5555555820
176620  -22.599  -3.182  4.131 0.4444444478
176701  -20.133  -2.387  0.087 0.6666666865
176775  -21.743  -1.143  3.531 0.4444444478
177751  -25.493  1.380  3.801 0.1111111119
177780  -19.480  -11.928  1.812 1.0000000000
179048  -25.718  12.046  -1.100 0.1111111119
179532  -27.210  7.708  -0.320 0.1111111119
180998  -26.299  4.880  2.802 0.1111111119
181369  -15.519  1.326  4.158 0.1111111119
184157  -14.476  1.540  4.776 0.3333333433
185186  -21.477  -23.237  12.038 0.1111111119
185567  -9.626  -3.166  6.217 0.2222222239
185950  -14.304  -28.132  10.727 0.1111111119
186185  -19.089  14.529  -1.639 0.1111111119
186278  -21.462  5.018  0.162 0.4444444478
186800  -18.311  -0.343  -0.503 0.6666666865
187598  -16.737  -9.204  2.630 0.8888888955
187676  -24.857  11.172  -3.356 0.1111111119
187696  -19.280  -4.334  -0.344 0.8888888955
188083  -24.519  -12.659  7.510 0.1111111119
188101  -21.556  1.874  1.659 0.6666666865
188321  -26.342  8.808  0.609 0.2222222239
