#!ascii label  , from subject sub2 vox2ras=TkReg
624
28774  -33.883  -68.760  2.827 0.6999999881
182344  -33.994  -66.600  5.099 0.6000000238
30979  -33.578  -66.519  6.028 0.6000000238
31990  -32.365  -65.354  9.134 0.4000000060
31998  -23.643  -65.561  8.059 0.6999999881
31999  -24.213  -65.593  8.521 0.6999999881
32012  -24.321  -65.534  7.298 0.6999999881
32013  -25.240  -65.305  6.681 0.6000000238
32028  -24.989  -64.954  5.643 0.6999999881
32029  -25.680  -64.690  5.700 0.6000000238
32045  -25.327  -64.321  4.956 0.6000000238
156315  -26.257  -64.277  5.016 0.6000000238
30993  -28.438  -66.012  2.901 0.6000000238
32058  -27.534  -64.839  3.847 0.6000000238
32060  -29.319  -65.423  4.324 0.5000000000
30995  -30.301  -66.326  2.770 0.5000000000
32073  -30.858  -65.754  3.602 0.5000000000
32075  -32.771  -65.697  3.009 0.6000000238
29846  -34.583  -67.952  2.719 0.6000000238
30998  -35.080  -67.048  2.788 0.6000000238
30992  -35.706  -66.859  3.211 0.6000000238
32033  -34.274  -65.788  5.340 0.6000000238
31986  -24.277  -65.675  9.530 0.6000000238
160559  -24.995  -66.023  9.162 0.6000000238
30968  -26.249  -66.102  7.769 0.6000000238
32014  -26.503  -65.711  6.977 0.6000000238
32031  -28.234  -65.208  6.273 0.6000000238
32030  -27.296  -64.931  5.594 0.6000000238
32047  -28.358  -64.922  4.507 0.6000000238
32049  -30.163  -65.161  4.953 0.6000000238
184121  -31.080  -65.531  4.174 0.6000000238
32074  -31.794  -65.732  3.417 0.6000000238
32062  -32.533  -65.040  3.509 0.6999999881
33195  -33.510  -64.834  2.983 0.6000000238
32076  -35.172  -65.514  2.813 0.6000000238
32019  -33.540  -65.554  6.550 0.5000000000
33156  -32.787  -64.829  7.829 0.5000000000
30937  -24.064  -65.914  10.525 0.6000000238
31987  -25.300  -65.706  10.042 0.6000000238
177494  -27.178  -65.800  8.389 0.6000000238
30960  -27.049  -66.051  7.923 0.6000000238
32015  -27.525  -65.677  7.071 0.6000000238
32016  -28.490  -65.462  7.519 0.6000000238
32032  -29.176  -65.272  6.692 0.6000000238
33175  -29.890  -65.046  5.884 0.6000000238
32048  -29.252  -64.965  4.985 0.6000000238
33177  -31.926  -64.678  5.323 0.6000000238
33184  -32.434  -64.961  4.217 0.6999999881
32063  -36.123  -65.927  3.359 0.6000000238
32034  -34.844  -64.882  5.087 0.6000000238
170918  -32.569  -64.828  8.504 0.4000000060
30926  -24.812  -65.903  11.670 0.6000000238
31964  -24.506  -65.729  11.059 0.6000000238
31988  -26.198  -65.723  9.618 0.6000000238
32002  -27.779  -65.790  8.080 0.6000000238
33153  -29.509  -64.711  7.743 0.5000000000
33166  -29.851  -65.072  6.981 0.6000000238
33186  -34.271  -63.706  3.359 0.6000000238
33185  -33.129  -64.216  3.561 0.6000000238
185752  -33.650  -64.089  2.992 0.6000000238
33197  -35.721  -64.805  3.088 0.6000000238
33198  -36.060  -65.056  3.472 0.6000000238
34252  -34.103  -63.684  6.795 0.6000000238
33169  -33.789  -64.530  6.671 0.6000000238
34230  -32.398  -63.748  9.606 0.4000000060
33157  -33.436  -64.119  7.541 0.5000000000
30912  -25.174  -66.297  12.393 0.5000000000
31950  -25.607  -65.554  11.775 0.6000000238
31976  -25.937  -65.211  10.598 0.6000000238
33126  -26.452  -65.068  10.044 0.6000000238
154934  -27.551  -65.331  8.628 0.5000000000
186153  -27.364  -64.657  8.919 0.5000000000
33144  -28.929  -64.388  8.262 0.5000000000
181881  -31.198  -63.352  7.426 0.6000000238
35313  -31.608  -62.551  7.215 0.6000000238
34244  -31.695  -63.598  6.801 0.6999999881
34251  -32.823  -63.428  5.338 0.6999999881
33178  -32.729  -64.104  4.899 0.6999999881
35325  -34.296  -62.120  4.534 0.6000000238
34260  -33.521  -63.521  4.337 0.6999999881
34261  -34.583  -63.014  4.137 0.6000000238
34268  -35.192  -63.446  3.601 0.6000000238
34276  -35.217  -63.990  3.123 0.6000000238
34270  -35.877  -64.194  4.023 0.6000000238
34262  -35.308  -63.524  5.315 0.6000000238
34237  -33.281  -63.563  8.111 0.5000000000
34236  -32.805  -63.517  8.829 0.4000000060
30913  -26.177  -66.195  12.543 0.6000000238
161564  -26.368  -65.019  11.511 0.6000000238
31965  -26.425  -64.575  10.948 0.5000000000
33135  -26.930  -64.639  9.341 0.6000000238
34234  -27.812  -63.557  8.614 0.5000000000
183860  -28.416  -64.075  8.500 0.6000000238
34235  -28.622  -63.441  8.264 0.5000000000
34242  -29.669  -63.963  8.055 0.6000000238
35311  -29.610  -62.996  8.012 0.5000000000
35312  -30.674  -62.687  7.714 0.5000000000
35319  -32.082  -62.090  6.473 0.5000000000
166210  -32.328  -63.091  6.359 0.6000000238
170015  -32.484  -60.968  5.377 0.5000000000
186175  -32.496  -61.657  5.746 0.5000000000
35324  -32.861  -62.460  5.338 0.6000000238
36373  -33.362  -60.664  4.705 0.4000000060
171221  -33.547  -62.905  4.623 0.6999999881
37403  -34.431  -60.122  4.322 0.4000000060
167530  -35.318  -60.976  4.708 0.5000000000
35331  -35.035  -62.441  4.345 0.6000000238
36368  -35.466  -61.456  4.975 0.5000000000
35326  -35.402  -62.217  5.154 0.6000000238
160003  -35.102  -60.990  5.795 0.5000000000
35320  -35.037  -62.709  5.894 0.6000000238
162549  -32.747  -62.748  9.145 0.5000000000
36363  -35.057  -61.784  5.964 0.6000000238
34246  -34.462  -62.965  6.812 0.6000000238
34245  -33.794  -63.254  7.508 0.6000000238
31951  -27.373  -65.123  12.155 0.5000000000
33127  -26.824  -64.207  10.318 0.5000000000
184275  -27.026  -63.894  9.671 0.5000000000
35304  -27.625  -62.689  8.102 0.4000000060
162750  -29.703  -62.035  7.632 0.4000000060
174672  -30.935  -61.683  7.527 0.5000000000
175639  -31.628  -61.570  7.132 0.5000000000
167957  -31.358  -60.167  6.587 0.5000000000
39501  -34.449  -57.687  3.604 0.4000000060
37402  -33.204  -59.778  4.673 0.4000000060
39494  -34.831  -58.439  3.910 0.4000000060
171305  -35.296  -58.875  4.287 0.5000000000
37404  -35.267  -60.269  4.449 0.5000000000
39485  -35.459  -58.799  4.714 0.5000000000
37398  -35.411  -60.450  4.803 0.5000000000
37389  -34.989  -60.204  5.761 0.5000000000
36345  -32.893  -61.485  8.876 0.5000000000
35305  -32.951  -62.225  8.695 0.5000000000
35315  -34.658  -62.292  6.614 0.6000000238
166514  -33.338  -61.921  8.060 0.5000000000
37374  -30.314  -60.262  7.024 0.4000000060
37387  -30.643  -59.606  6.618 0.5000000000
37396  -31.596  -59.708  5.979 0.5000000000
39483  -32.521  -58.197  4.693 0.5000000000
39495  -35.325  -57.951  4.040 0.4000000060
38425  -35.106  -59.255  5.794 0.5000000000
37364  -32.926  -60.662  8.730 0.5000000000
36339  -32.640  -61.612  9.758 0.3000000119
39484  -35.008  -58.277  5.424 0.5000000000
176903  -34.513  -59.957  6.545 0.5000000000
188167  -33.820  -60.781  7.522 0.5000000000
39482  -31.688  -58.280  5.532 0.4000000060
39493  -33.712  -58.373  3.996 0.4000000060
168609  -31.690  -57.592  5.081 0.4000000060
41550  -35.167  -56.170  3.631 0.4000000060
40501  -34.346  -57.100  3.481 0.4000000060
40484  -35.349  -56.817  4.357 0.4000000060
41541  -35.230  -55.851  4.068 0.4000000060
185641  -34.905  -57.433  5.163 0.5000000000
160619  -32.498  -60.171  9.182 0.4000000060
37358  -32.590  -60.848  9.497 0.4000000060
38413  -33.901  -59.319  6.917 0.5000000000
168727  -32.794  -59.898  8.545 0.5000000000
39472  -34.281  -58.595  6.330 0.5000000000
38412  -33.190  -58.999  7.617 0.5000000000
38401  -33.313  -59.659  7.815 0.5000000000
42673  -34.796  -54.998  4.221 0.4000000060
163724  -34.426  -55.880  5.240 0.4000000060
159163  -32.265  -59.296  9.230 0.4000000060
38400  -32.698  -59.135  8.262 0.5000000000
40460  -33.977  -57.591  6.219 0.5000000000
39462  -32.794  -58.413  7.860 0.5000000000
42662  -34.537  -54.989  5.517 0.4000000060
39443  -31.949  -58.296  9.431 0.4000000060
39442  -31.689  -58.096  10.245 0.3000000119
170198  -33.916  -56.626  5.998 0.5000000000
40459  -33.113  -57.661  7.384 0.5000000000
39451  -32.337  -58.433  8.649 0.5000000000
43752  -34.765  -54.244  4.502 0.4000000060
40432  -32.048  -57.736  8.897 0.3000000119
40408  -31.320  -57.236  10.704 0.3000000119
42661  -33.878  -55.191  6.727 0.4000000060
40444  -32.474  -57.685  8.203 0.5000000000
41517  -33.268  -56.051  7.280 0.4000000060
41518  -33.454  -56.815  6.895 0.5000000000
157788  -32.752  -56.888  7.749 0.5000000000
44759  -34.074  -53.380  5.706 0.4000000060
40431  -31.686  -57.301  9.601 0.3000000119
171253  -31.189  -56.858  11.455 0.3000000119
173210  -34.319  -54.292  5.995 0.4000000060
41502  -31.856  -56.078  8.672 0.4000000060
172068  -33.422  -54.742  6.962 0.4000000060
41503  -32.405  -56.130  7.993 0.4000000060
168599  -33.974  -52.396  5.428 0.5000000000
165367  -31.421  -56.362  10.039 0.3000000119
41476  -31.271  -56.245  10.966 0.4000000060
43665  -31.250  -54.717  12.203 0.4000000060
42574  -31.373  -55.549  12.403 0.4000000060
43735  -33.223  -54.094  6.707 0.4000000060
42619  -31.598  -55.460  9.315 0.5000000000
43695  -31.244  -54.706  10.005 0.4000000060
43720  -32.452  -54.677  7.629 0.5000000000
42648  -32.866  -55.376  7.469 0.5000000000
43707  -31.505  -54.466  9.156 0.5000000000
156829  -31.230  -54.797  10.789 0.4000000060
168107  -31.120  -54.028  12.037 0.4000000060
172951  -31.366  -54.941  13.033 0.3000000119
44747  -32.964  -53.316  6.513 0.5000000000
44746  -32.106  -53.272  7.443 0.5000000000
45736  -31.261  -52.932  11.706 0.4000000060
45715  -31.412  -52.791  12.444 0.3000000119
45801  -32.251  -51.536  6.669 0.5000000000
45746  -30.769  -53.096  10.873 0.4000000060
161866  -30.857  -54.036  10.636 0.4000000060
44699  -30.996  -53.634  11.494 0.4000000060
44666  -31.445  -53.298  12.894 0.4000000060
45686  -31.662  -52.764  14.152 0.3000000119
45787  -32.690  -52.446  6.532 0.5000000000
168899  -31.340  -53.790  8.959 0.5000000000
165032  -31.042  -53.958  9.684 0.5000000000
45786  -31.822  -52.405  7.591 0.5000000000
45735  -30.909  -52.496  11.290 0.4000000060
46770  -31.222  -52.070  12.840 0.4000000060
46830  -31.958  -49.928  6.168 0.5000000000
46739  -31.895  -51.962  14.337 0.3000000119
46821  -31.469  -51.420  7.798 0.5000000000
46811  -31.158  -51.681  8.872 0.5000000000
45761  -30.994  -52.242  9.446 0.5000000000
166768  -31.045  -53.108  9.318 0.5000000000
45775  -31.316  -52.354  8.599 0.5000000000
46769  -30.850  -51.431  12.236 0.4000000060
168894  -31.559  -49.410  6.288 0.5000000000
47745  -30.667  -50.613  9.439 0.5000000000
171294  -31.482  -50.569  14.154 0.3000000119
180152  -31.575  -51.353  14.099 0.3000000119
47756  -31.460  -50.062  7.409 0.5000000000
47755  -30.825  -50.182  8.482 0.5000000000
46820  -31.063  -50.927  8.629 0.5000000000
30991  -35.143  -67.573  3.599 0.6000000238
32004  -32.500  -65.537  8.213 0.5000000000
32059  -28.430  -65.475  3.832 0.6000000238
33168  -31.483  -64.407  6.309 0.6999999881
33179  -35.411  -64.241  4.974 0.6000000238
34250  -32.286  -63.975  5.966 0.6999999881
34253  -34.710  -63.381  6.189 0.6000000238
36374  -34.634  -61.070  4.515 0.5000000000
34269  -35.491  -63.307  4.072 0.6000000238
37388  -32.012  -60.378  5.951 0.5000000000
37397  -32.326  -60.199  5.211 0.5000000000
36367  -33.305  -61.516  4.806 0.4000000060
37376  -34.641  -60.795  6.836 0.5000000000
35314  -33.993  -62.357  7.321 0.5000000000
41559  -35.207  -56.640  3.418 0.4000000060
173080  -35.229  -57.744  4.532 0.5000000000
171655  -33.298  -57.433  3.833 0.4000000060
41490  -31.680  -56.426  9.262 0.4000000060
42590  -31.306  -55.338  11.436 0.4000000060
160674  -31.345  -54.050  12.817 0.3000000119
185823  -31.816  -50.739  6.785 0.5000000000
46810  -30.829  -51.489  9.633 0.5000000000
169386  -25.492  -71.429  3.969 0.5000000000
27667  -25.998  -69.914  6.004 0.5000000000
26586  -26.296  -70.815  4.391 0.5000000000
27657  -30.459  -69.521  7.043 0.5000000000
28734  -28.055  -68.835  7.428 0.5000000000
27655  -26.608  -69.266  6.697 0.4000000060
26596  -26.198  -71.642  3.060 0.5000000000
27669  -27.591  -69.696  4.947 0.6000000238
27675  -27.008  -70.368  4.288 0.6000000238
28744  -28.650  -68.841  6.685 0.5000000000
28754  -28.090  -68.962  5.982 0.5000000000
27627  -32.147  -70.325  8.551 0.4000000060
27672  -23.356  -69.942  4.229 0.6999999881
27673  -24.154  -69.831  3.771 0.6999999881
26602  -26.394  -71.228  2.787 0.6999999881
27670  -28.346  -69.371  4.881 0.5000000000
27676  -27.409  -70.312  3.608 0.6999999881
27658  -31.544  -69.572  6.588 0.5000000000
28745  -30.552  -69.037  6.426 0.5000000000
179955  -28.769  -68.917  5.737 0.5000000000
27612  -32.337  -69.379  8.959 0.5000000000
27644  -32.029  -70.355  6.954 0.5000000000
26558  -21.084  -69.999  7.304 0.5000000000
26572  -21.102  -69.671  6.608 0.6999999881
28750  -22.409  -68.687  6.219 0.6999999881
27665  -21.948  -69.385  5.747 0.6999999881
28760  -23.851  -69.156  4.971 0.6999999881
27682  -25.349  -70.787  2.421 0.6000000238
27677  -28.647  -69.761  3.770 0.6999999881
160259  -27.949  -69.945  3.165 0.6000000238
27659  -32.402  -69.384  6.661 0.5000000000
28756  -30.658  -68.830  5.574 0.6000000238
28764  -30.029  -69.002  4.723 0.6000000238
27645  -32.425  -69.790  7.304 0.5000000000
28703  -31.780  -68.590  10.600 0.5000000000
27621  -21.524  -69.501  7.946 0.5000000000
27637  -21.446  -69.226  7.238 0.6999999881
28761  -24.624  -68.912  4.380 0.6999999881
28762  -25.427  -68.787  3.947 0.6999999881
28752  -24.317  -68.120  5.504 0.6999999881
27684  -27.017  -70.383  2.794 0.8000000119
28771  -27.371  -69.370  2.388 0.6999999881
27679  -30.510  -69.540  3.777 0.6000000238
27687  -30.717  -70.365  2.928 0.6999999881
28747  -32.511  -68.936  6.056 0.6999999881
167238  -31.496  -68.896  5.038 0.6000000238
28724  -32.638  -68.916  8.357 0.6000000238
182558  -32.721  -69.278  7.689 0.6000000238
29804  -32.212  -67.952  10.090 0.6000000238
179478  -22.058  -71.163  9.777 0.5000000000
27622  -22.093  -68.967  8.465 0.6000000238
26522  -21.780  -70.839  8.936 0.5000000000
28721  -21.766  -68.646  7.824 0.6000000238
28741  -22.140  -68.228  6.927 0.6000000238
28742  -22.871  -67.850  6.657 0.6999999881
29838  -25.868  -67.647  4.454 0.6999999881
28753  -25.123  -67.816  5.004 0.6000000238
28763  -26.219  -68.702  3.416 0.6999999881
29844  -26.905  -68.469  2.790 0.6999999881
27690  -28.073  -69.707  2.656 0.6999999881
28758  -32.914  -68.789  5.327 0.6999999881
29819  -32.697  -68.100  8.529 0.6999999881
168507  -32.865  -68.513  7.694 0.6999999881
161683  -22.452  -70.756  10.209 0.5000000000
28722  -22.348  -67.919  8.232 0.6000000238
29830  -22.607  -67.439  7.359 0.6000000238
29834  -23.840  -67.407  6.311 0.6000000238
28775  -28.183  -69.182  1.972 0.8000000119
29847  -28.390  -68.066  2.066 0.5000000000
164008  -26.061  -66.461  4.539 0.6000000238
27686  -29.841  -70.346  2.637 0.6999999881
27694  -31.744  -69.761  2.508 0.6999999881
28749  -33.305  -68.521  5.799 0.6999999881
28767  -32.869  -68.701  4.000 0.6999999881
29803  -31.872  -67.150  10.578 0.5000000000
186086  -32.767  -67.854  8.048 0.6999999881
30939  -31.986  -66.370  10.291 0.5000000000
26510  -22.798  -70.741  10.822 0.5000000000
27596  -22.795  -70.147  10.220 0.5000000000
29810  -22.974  -67.465  8.904 0.6000000238
28711  -22.746  -68.469  9.023 0.6000000238
29817  -22.714  -66.976  8.346 0.6000000238
29824  -22.979  -66.545  7.625 0.6000000238
30977  -24.114  -65.606  6.502 0.6000000238
156662  -23.870  -66.177  6.323 0.6000000238
30982  -24.423  -65.610  5.923 0.6000000238
29849  -30.546  -68.212  1.760 0.6000000238
30999  -28.811  -67.019  2.399 0.5000000000
30984  -25.641  -65.130  4.667 0.5000000000
28779  -33.148  -69.331  2.617 0.6000000238
28777  -31.159  -69.214  2.039 0.6000000238
29833  -33.589  -68.174  5.326 0.6000000238
28768  -33.601  -68.456  3.613 0.6000000238
30969  -32.591  -66.448  7.844 0.5000000000
26511  -23.397  -70.023  10.989 0.5000000000
28712  -23.300  -68.061  9.641 0.6000000238
30966  -23.249  -65.850  7.783 0.6000000238
29841  -28.013  -66.872  2.651 0.5000000000
30989  -26.974  -65.116  3.765 0.5000000000
29850  -31.565  -68.246  1.995 0.4000000060
31001  -30.897  -67.136  2.053 0.5000000000
30994  -29.352  -66.250  2.805 0.5000000000
174333  -33.699  -67.346  5.425 0.6000000238
26496  -23.390  -70.829  11.467 0.5000000000
27582  -23.634  -69.264  10.902 0.6000000238
177193  -23.603  -67.674  10.289 0.6000000238
29818  -23.128  -66.364  8.897 0.6000000238
31002  -31.814  -67.339  2.645 0.5000000000
30996  -31.205  -66.388  2.962 0.4000000060
25479  -23.987  -71.581  12.534 0.5000000000
26497  -23.993  -70.296  11.683 0.5000000000
28689  -23.931  -68.678  11.291 0.6000000238
30947  -23.633  -66.127  9.752 0.6000000238
25468  -24.144  -71.971  13.170 0.5000000000
26485  -24.495  -70.357  12.307 0.5000000000
187008  -24.281  -68.811  11.925 0.6000000238
178642  -23.849  -66.780  10.633 0.6000000238
25461  -23.883  -72.253  14.914 0.5000000000
25469  -24.525  -71.763  13.764 0.5000000000
27557  -25.080  -70.128  12.929 0.5000000000
28680  -24.659  -68.362  12.606 0.6000000238
28690  -24.261  -68.015  11.813 0.6000000238
26457  -24.960  -71.243  14.208 0.5000000000
26468  -25.221  -70.576  13.603 0.5000000000
25452  -23.754  -71.630  15.591 0.5000000000
30925  -24.297  -66.284  11.300 0.5000000000
26458  -25.334  -70.327  14.407 0.5000000000
164602  -25.198  -69.166  13.033 0.5000000000
180405  -23.541  -71.144  16.193 0.5000000000
26443  -24.244  -70.961  15.752 0.5000000000
28670  -25.467  -68.833  13.771 0.5000000000
29782  -24.531  -67.345  12.453 0.4000000060
26428  -23.869  -70.487  16.661 0.5000000000
27546  -25.509  -69.343  14.601 0.5000000000
157131  -25.631  -68.343  14.453 0.4000000060
29768  -24.874  -67.552  13.177 0.4000000060
27536  -25.349  -69.383  15.580 0.4000000060
28653  -25.625  -68.586  15.292 0.4000000060
29769  -25.800  -67.586  14.255 0.4000000060
28780  -33.495  -68.342  2.674 0.6000000238
30970  -33.042  -66.538  6.955 0.5000000000
30950  -32.277  -66.254  9.545 0.4000000060
30988  -26.390  -65.633  3.964 0.6000000238
180599  -25.355  -67.252  13.535 0.4000000060
30900  -26.586  -66.463  13.363 0.4000000060
28769  -25.767  -69.754  2.857 0.6999999881
27692  -29.792  -69.944  2.058 0.6999999881
28766  -32.270  -68.934  4.414 0.6999999881
164114  -31.549  -69.478  3.580 0.6999999881
29839  -26.579  -67.371  3.994 0.6000000238
29836  -25.424  -66.468  5.082 0.6000000238
29832  -33.185  -68.401  6.691 0.6999999881
167792  -30.155  -69.295  1.832 0.6999999881
183666  -33.138  -69.640  2.771 0.6999999881
29826  -33.372  -67.467  6.477 0.6000000238
170533  -32.619  -67.243  8.450 0.6000000238
24445  -24.056  -72.365  14.002 0.5000000000
25451  -23.154  -71.669  16.244 0.5000000000
25453  -24.446  -71.505  15.030 0.5000000000
25462  -24.404  -71.844  14.409 0.5000000000
25478  -23.390  -71.488  11.976 0.5000000000
25480  -24.740  -71.177  13.002 0.5000000000
26429  -24.810  -70.137  15.957 0.4000000060
26444  -24.950  -70.763  15.123 0.5000000000
26445  -25.309  -70.036  15.143 0.5000000000
26484  -24.046  -70.988  12.113 0.5000000000
26523  -22.365  -70.446  9.492 0.5000000000
26538  -20.867  -70.925  7.962 0.5000000000
26540  -22.015  -70.002  8.670 0.5000000000
26547  -32.164  -70.549  7.512 0.5000000000
26597  -26.824  -71.098  3.257 0.5000000000
27558  -25.392  -69.742  13.685 0.5000000000
27571  -24.586  -69.470  12.325 0.6000000238
27583  -24.031  -69.521  11.563 0.5000000000
27609  -22.661  -69.497  9.381 0.6000000238
27610  -23.253  -69.420  10.246 0.6000000238
27628  -32.518  -69.766  8.047 0.5000000000
27642  -29.486  -69.461  7.453 0.5000000000
27656  -27.358  -69.036  6.288 0.5000000000
27666  -22.945  -69.344  5.405 0.6999999881
27668  -26.767  -69.743  5.498 0.5000000000
27671  -29.157  -69.139  4.759 0.6000000238
27674  -24.913  -69.787  3.212 0.6999999881
27678  -29.702  -70.116  3.423 0.6999999881
27683  -26.219  -70.795  2.470 0.6000000238
27685  -28.926  -70.153  2.907 0.6000000238
27688  -31.763  -70.024  2.825 0.6999999881
27689  -32.635  -69.709  2.695 0.6999999881
27691  -29.052  -69.764  2.341 0.6999999881
27693  -30.723  -70.149  2.429 0.6999999881
28669  -25.128  -68.344  13.282 0.4000000060
28702  -23.558  -68.570  10.438 0.6000000238
28713  -32.001  -68.922  9.857 0.5000000000
28714  -32.447  -68.452  9.187 0.6000000238
28731  -21.750  -68.573  7.239 0.6000000238
28732  -22.140  -67.984  7.584 0.6000000238
28733  -27.310  -68.854  7.214 0.5000000000
28735  -28.828  -69.082  7.272 0.5000000000
28736  -32.803  -69.102  7.061 0.6000000238
28743  -27.872  -68.701  6.819 0.4000000060
28746  -31.664  -68.973  6.038 0.6999999881
28748  -32.882  -68.846  6.311 0.6999999881
28751  -23.375  -68.450  5.918 0.6999999881
28755  -29.611  -68.842  5.946 0.5000000000
28757  -32.237  -68.864  5.438 0.6000000238
28759  -33.380  -68.441  4.815 0.6000000238
28765  -30.798  -68.976  4.608 0.6000000238
28770  -26.584  -69.703  2.633 0.6999999881
28772  -32.796  -69.738  3.117 0.6999999881
28773  -33.332  -69.375  2.952 0.6000000238
28776  -29.146  -69.079  1.783 0.6999999881
28778  -32.228  -69.240  2.189 0.6000000238
29770  -26.096  -67.012  13.889 0.4000000060
29783  -24.830  -66.851  12.948 0.5000000000
29794  -23.910  -67.809  11.017 0.6000000238
29811  -23.473  -67.085  9.643 0.6000000238
29812  -32.533  -67.616  9.255 0.5000000000
29823  -22.463  -67.121  7.900 0.6000000238
29825  -32.902  -67.523  7.458 0.6000000238
29831  -23.351  -66.929  7.010 0.6000000238
29835  -24.520  -66.517  5.694 0.6000000238
29837  -33.798  -67.780  4.317 0.6000000238
29840  -27.246  -66.853  3.464 0.5000000000
29842  -34.703  -68.251  3.190 0.6999999881
29843  -35.363  -67.394  2.961 0.6000000238
29845  -27.699  -68.244  2.449 0.5000000000
29848  -29.117  -67.923  1.892 0.6000000238
29851  -32.528  -68.442  2.388 0.6000000238
30899  -25.561  -66.735  13.144 0.4000000060
30911  -24.601  -66.603  12.104 0.6000000238
30948  -23.877  -65.643  9.732 0.6000000238
30949  -25.798  -66.061  9.183 0.6000000238
30958  -22.910  -66.346  8.173 0.6000000238
30959  -23.270  -65.758  8.489 0.6999999881
30961  -32.451  -66.286  8.741 0.4000000060
30967  -23.698  -65.658  7.319 0.6000000238
30976  -23.418  -65.965  7.036 0.6000000238
30978  -24.601  -65.283  5.873 0.6000000238
30983  -24.884  -65.142  5.356 0.5000000000
30985  -26.189  -64.681  4.344 0.6000000238
30986  -34.199  -67.122  4.501 0.6000000238
30987  -35.047  -66.536  4.118 0.6000000238
30990  -27.760  -65.783  3.410 0.6000000238
30997  -32.188  -66.609  3.094 0.6000000238
31000  -29.827  -67.202  1.980 0.5000000000
31003  -32.720  -67.569  2.745 0.6000000238
31974  -24.564  -65.600  10.463 0.6000000238
31975  -25.244  -65.306  10.811 0.6000000238
31978  -32.127  -65.527  10.042 0.4000000060
31985  -23.686  -65.565  8.903 0.6000000238
31989  -26.724  -65.446  9.010 0.5000000000
32000  -25.409  -66.064  8.241 0.6999999881
32001  -26.452  -66.020  8.611 0.6000000238
32003  -28.837  -65.059  8.073 0.5000000000
32017  -29.218  -65.203  7.429 0.6000000238
32018  -32.841  -65.619  7.426 0.5000000000
32027  -24.635  -65.346  6.253 0.6999999881
32046  -27.036  -64.435  4.246 0.6000000238
32050  -35.321  -65.599  4.332 0.6000000238
32061  -31.258  -65.263  4.662 0.6000000238
32071  -29.056  -65.882  3.609 0.6000000238
32072  -29.846  -65.824  3.592 0.5000000000
32077  -36.090  -65.651  3.123 0.6000000238
33143  -28.157  -64.680  8.626 0.5000000000
33145  -32.540  -64.377  9.031 0.4000000060
33146  -32.878  -64.175  8.306 0.4000000060
33154  -30.272  -64.415  7.429 0.6000000238
33155  -31.097  -64.125  7.174 0.6999999881
33167  -30.659  -64.734  6.613 0.6999999881
33170  -34.585  -64.133  5.872 0.6000000238
33176  -30.979  -65.006  5.663 0.6000000238
33180  -35.696  -64.056  4.557 0.6000000238
33187  -35.990  -64.861  4.176 0.6000000238
33196  -34.584  -64.389  2.901 0.6000000238
34229  -27.283  -63.932  9.056 0.5000000000
34243  -30.487  -63.613  7.715 0.6000000238
34263  -35.587  -63.430  4.567 0.6000000238
34277  -35.625  -64.179  3.526 0.6000000238
35306  -33.324  -62.834  8.267 0.5000000000
35327  -35.418  -62.705  4.685 0.6000000238
35332  -35.208  -62.517  4.462 0.6000000238
36346  -33.412  -61.095  8.145 0.5000000000
36355  -30.078  -61.082  7.331 0.4000000060
36356  -31.198  -60.834  7.240 0.5000000000
36357  -33.913  -61.446  7.411 0.5000000000
36358  -34.593  -61.630  6.814 0.6000000238
36362  -32.028  -61.034  6.522 0.5000000000
36369  -35.319  -62.090  4.824 0.6000000238
36375  -35.164  -61.788  4.689 0.5000000000
37351  -32.377  -60.997  10.390 0.3000000119
37365  -33.379  -60.383  8.037 0.5000000000
37375  -33.927  -60.160  7.302 0.5000000000
38382  -32.194  -60.083  9.911 0.4000000060
38389  -31.907  -58.881  9.994 0.4000000060
38426  -35.460  -59.647  4.966 0.5000000000
38435  -32.188  -59.150  5.344 0.5000000000
38436  -35.469  -59.632  4.500 0.5000000000
38443  -33.132  -58.969  4.592 0.4000000060
38444  -34.148  -59.238  4.127 0.4000000060
38445  -35.120  -59.483  4.132 0.5000000000
39431  -31.518  -58.164  11.059 0.3000000119
39463  -33.491  -58.439  7.109 0.5000000000
39502  -35.062  -57.621  3.560 0.4000000060
40443  -32.068  -56.906  8.625 0.4000000060
40473  -34.573  -56.659  5.270 0.4000000060
40485  -35.492  -57.180  4.002 0.4000000060
40495  -35.321  -57.122  3.585 0.4000000060
40502  -35.007  -57.143  3.255 0.4000000060
41459  -31.328  -56.203  11.847 0.4000000060
41532  -33.925  -55.912  6.362 0.4000000060
41551  -35.394  -56.552  3.771 0.4000000060
41557  -34.032  -56.691  3.602 0.4000000060
41558  -34.911  -56.529  3.280 0.4000000060
42604  -31.341  -55.472  10.420 0.3000000119
42632  -31.822  -54.829  8.527 0.5000000000
42633  -32.084  -55.418  8.244 0.4000000060
42684  -34.887  -55.460  3.867 0.4000000060
42690  -34.494  -56.028  3.594 0.4000000060
43648  -31.561  -54.436  13.540 0.3000000119
43682  -31.118  -54.414  11.434 0.4000000060
43719  -31.721  -54.080  8.156 0.5000000000
43734  -32.402  -53.937  7.305 0.4000000060
44652  -31.596  -53.612  13.709 0.3000000119
44682  -31.358  -53.390  12.204 0.4000000060
44709  -30.776  -52.722  10.079 0.5000000000
44710  -30.799  -53.402  10.121 0.5000000000
44735  -31.499  -53.194  8.357 0.5000000000
45695  -31.451  -52.749  13.334 0.4000000060
45714  -31.094  -52.284  11.959 0.4000000060
46752  -31.496  -52.000  13.707 0.3000000119
46840  -32.308  -50.723  5.888 0.5000000000
154848  -28.813  -65.004  5.525 0.6000000238
155016  -25.690  -65.055  11.184 0.6000000238
157197  -27.868  -64.743  4.995 0.6000000238
158287  -25.019  -65.413  11.170 0.6000000238
160403  -35.184  -62.919  4.087 0.6000000238
161486  -35.842  -66.512  2.960 0.6000000238
164198  -31.776  -65.555  4.013 0.6000000238
165582  -35.442  -62.873  5.081 0.6000000238
166657  -34.136  -66.042  2.886 0.6000000238
167051  -30.403  -65.520  4.257 0.6000000238
167156  -34.153  -64.959  5.947 0.6000000238
167174  -32.276  -67.053  9.829 0.5000000000
168224  -29.552  -69.076  6.905 0.5000000000
169994  -33.241  -64.920  7.223 0.5000000000
170561  -31.851  -49.259  5.403 0.5000000000
172372  -24.206  -67.104  11.599 0.6000000238
172859  -32.491  -66.899  9.202 0.5000000000
173544  -26.632  -65.036  6.014 0.6000000238
174282  -27.639  -64.568  4.244 0.6000000238
174287  -33.577  -67.055  2.861 0.6000000238
174613  -25.414  -67.962  13.745 0.4000000060
176177  -31.243  -51.134  13.280 0.3000000119
178503  -33.548  -68.104  6.007 0.6000000238
178773  -29.736  -68.360  1.700 0.6000000238
180604  -27.984  -69.876  4.034 0.5000000000
181066  -24.315  -69.936  11.930 0.5000000000
181533  -35.232  -66.378  2.818 0.6000000238
181535  -32.749  -62.081  9.267 0.5000000000
182293  -28.249  -65.377  8.272 0.6000000238
182541  -32.297  -57.467  4.444 0.4000000060
184676  -32.051  -59.427  9.914 0.4000000060
184754  -23.165  -68.848  9.716 0.6000000238
184904  -26.540  -65.560  12.133 0.6000000238
185233  -21.294  -69.524  6.051 0.6999999881
185538  -21.670  -68.999  6.542 0.6999999881
186638  -32.621  -63.243  9.352 0.4000000060
186683  -34.878  -61.281  6.448 0.5000000000
188260  -23.477  -65.758  9.133 0.6000000238
