#!ascii label  , from subject sub2 vox2ras=TkReg
766
67542  18.897  -25.315  10.591 0.0000000000
80086  28.744  -14.557  9.585 0.0000000000
90579  25.246  -4.659  1.614 0.0000000000
85451  21.646  -9.914  5.095 0.0000000000
65214  22.732  -27.244  14.954 0.0000000000
67511  26.522  -26.179  13.778 0.0000000000
157303  24.485  -20.523  8.573 0.0000000000
79018  23.668  -15.676  4.162 0.0000000000
85449  26.785  -9.180  4.636 0.0000000000
91586  30.615  -3.265  6.296 0.0000000000
96817  26.145  1.581  -0.538 0.0000000000
66378  20.666  -26.477  12.212 0.0000000000
66377  24.355  -27.621  15.840 0.0000000000
68591  22.790  -24.895  12.236 0.0000000000
76859  21.520  -17.248  6.744 0.0000000000
81334  20.418  -13.641  6.601 0.0000000000
86470  22.824  -7.774  2.795 0.0000000000
155966  24.468  -10.320  2.064 0.0000000000
87425  25.816  -7.018  2.792 0.0000000000
88405  28.447  -6.665  5.240 0.0000000000
163173  28.399  -3.887  4.726 0.0000000000
97852  24.544  3.243  3.605 0.0000000000
95748  24.377  0.362  2.600 0.0000000000
100035  25.859  4.617  -0.077 0.0000000000
76829  26.187  -17.369  8.796 0.0000000000
73443  26.594  -20.460  11.327 0.0000000000
76748  28.991  -17.211  11.902 0.0000000000
90567  23.001  -4.662  3.672 0.0000000000
152316  29.829  -11.957  9.839 0.0000000000
72188  19.590  -21.719  9.824 0.0000000000
70988  22.521  -22.913  8.990 0.0000000000
145806  21.823  -20.272  7.421 0.0000000000
76857  24.531  -17.996  5.784 0.0000000000
78992  26.284  -15.098  6.636 0.0000000000
168422  22.937  -12.589  4.147 0.0000000000
82454  25.735  -12.882  3.194 0.0000000000
82431  27.348  -12.316  6.711 0.0000000000
85421  29.693  -9.493  6.631 0.0000000000
92675  23.052  -2.020  3.358 0.0000000000
157736  26.029  -2.039  0.806 0.0000000000
100011  28.699  4.611  2.446 0.0000000000
96797  28.942  1.703  3.083 0.0000000000
94728  28.414  -0.992  4.137 0.0000000000
95711  31.305  0.168  6.347 0.0000000000
70939  24.887  -22.961  12.042 0.0000000000
145649  18.039  -24.633  12.320 0.0000000000
146458  17.265  -25.932  12.332 0.0000000000
67530  20.062  -26.043  11.237 0.0000000000
67515  21.546  -25.811  12.317 0.0000000000
68610  21.498  -24.822  11.112 0.0000000000
163478  23.867  -6.025  1.347 0.0000000000
87440  24.572  -7.468  1.286 0.0000000000
89533  25.838  -5.564  2.757 0.0000000000
89519  27.461  -5.361  4.014 0.0000000000
90565  26.511  -4.425  3.188 0.0000000000
160296  25.382  4.619  2.762 0.0000000000
98980  25.128  3.601  2.527 0.0000000000
165120  25.475  5.232  1.314 0.0000000000
77877  27.534  -16.198  9.276 0.0000000000
76773  27.688  -17.697  10.413 0.0000000000
78905  28.876  -15.822  10.350 0.0000000000
173808  21.961  -6.400  4.839 0.0000000000
89496  21.795  -4.823  5.196 0.0000000000
145662  20.547  -27.527  13.924 0.0000000000
146766  22.821  -27.703  14.972 0.0000000000
64131  23.904  -30.595  14.459 0.0000000000
64130  24.074  -30.154  14.156 0.0000000000
67512  24.976  -26.282  14.818 0.0000000000
64128  25.179  -29.072  11.494 0.0000000000
72220  20.214  -20.835  9.050 0.0000000000
145798  20.755  -19.674  8.341 0.0000000000
77952  22.655  -16.490  5.388 0.0000000000
76876  22.862  -17.472  5.658 0.0000000000
76888  24.020  -16.979  4.669 0.0000000000
145792  25.459  -16.643  6.162 0.0000000000
79004  25.385  -15.430  4.378 0.0000000000
82444  21.725  -11.984  5.590 0.0000000000
83412  22.610  -11.229  4.410 0.0000000000
164900  25.855  -9.978  3.138 0.0000000000
83435  24.875  -11.543  2.334 0.0000000000
83410  26.202  -11.563  4.034 0.0000000000
83388  26.654  -12.044  5.502 0.0000000000
83396  26.926  -11.175  5.732 0.0000000000
83370  29.005  -10.831  7.272 0.0000000000
85423  28.610  -9.777  5.973 0.0000000000
89494  29.549  -5.357  5.801 0.0000000000
87379  30.118  -6.838  6.842 0.0000000000
150438  25.314  0.874  0.554 0.0000000000
94744  24.194  -0.473  2.414 0.0000000000
94751  24.924  -0.895  0.766 0.0000000000
93759  24.436  -1.839  1.576 0.0000000000
95756  26.472  0.127  0.361 0.0000000000
95738  28.483  0.470  3.492 0.0000000000
96782  29.843  1.182  5.000 0.0000000000
94719  29.678  -0.127  5.088 0.0000000000
72187  23.613  -21.968  9.051 0.0000000000
70970  23.564  -22.842  10.123 0.0000000000
72166  24.585  -21.820  10.269 0.0000000000
73441  28.276  -20.392  13.174 0.0000000000
72124  27.166  -22.197  13.328 0.0000000000
145659  19.832  -27.782  13.656 0.0000000000
66357  22.133  -26.013  13.475 0.0000000000
65213  23.370  -27.596  15.477 0.0000000000
66342  23.261  -26.199  14.007 0.0000000000
67493  23.682  -25.298  13.538 0.0000000000
68573  24.738  -24.573  13.556 0.0000000000
170247  20.371  -16.270  7.709 0.0000000000
78994  20.980  -15.333  6.647 0.0000000000
79006  22.182  -14.787  5.708 0.0000000000
86448  22.543  -8.610  4.040 0.0000000000
155591  22.831  -10.028  3.785 0.0000000000
85503  24.005  -8.790  1.767 0.0000000000
86468  25.401  -8.499  1.877 0.0000000000
163088  26.628  -8.281  4.124 0.0000000000
87392  27.714  -7.842  5.044 0.0000000000
88416  27.273  -6.889  4.213 0.0000000000
89506  28.417  -5.320  4.750 0.0000000000
91597  29.258  -3.591  5.248 0.0000000000
150263  24.021  2.290  4.450 0.0000000000
167794  24.496  1.920  2.774 0.0000000000
97865  25.385  2.431  0.753 0.0000000000
159660  26.098  2.892  -0.290 0.0000000000
75764  25.900  -18.775  9.106 0.0000000000
73465  26.077  -20.261  10.425 0.0000000000
74614  26.922  -19.156  10.252 0.0000000000
75714  27.776  -19.111  11.373 0.0000000000
145906  20.943  -8.589  5.516 0.0000000000
87402  22.265  -7.735  4.414 0.0000000000
88431  22.814  -6.482  3.432 0.0000000000
90591  24.416  -4.770  1.404 0.0000000000
64129  24.820  -29.960  13.725 0.0000000000
145767  29.059  -13.150  9.645 0.0000000000
80053  29.779  -14.509  10.879 0.0000000000
69807  18.706  -23.320  10.464 0.0000000000
68638  20.908  -23.500  9.989 0.0000000000
71007  20.559  -21.887  9.453 0.0000000000
71018  21.914  -21.866  8.076 0.0000000000
73505  23.827  -20.656  7.251 0.0000000000
148539  22.335  -19.002  6.836 0.0000000000
164273  23.612  -19.564  5.959 0.0000000000
147176  24.511  -19.600  6.612 0.0000000000
157649  25.258  -18.013  7.556 0.0000000000
145786  26.356  -16.230  7.989 0.0000000000
161191  27.596  -14.916  8.163 0.0000000000
82445  21.759  -12.790  5.654 0.0000000000
80170  23.073  -13.947  4.528 0.0000000000
83421  23.659  -11.407  2.917 0.0000000000
82467  24.491  -12.893  2.928 0.0000000000
80182  25.060  -14.557  3.582 0.0000000000
81343  25.927  -13.875  4.975 0.0000000000
81324  26.890  -13.473  6.787 0.0000000000
145779  28.002  -13.759  7.958 0.0000000000
169499  28.852  -12.055  8.397 0.0000000000
84336  30.058  -11.020  8.010 0.0000000000
86427  28.873  -8.137  6.160 0.0000000000
91631  23.068  -3.750  3.825 0.0000000000
91661  24.880  -3.416  1.294 0.0000000000
92705  25.922  -2.624  1.308 0.0000000000
100026  27.235  4.565  0.569 0.0000000000
164230  27.362  3.058  0.783 0.0000000000
98972  28.761  3.577  2.606 0.0000000000
96805  27.710  1.333  1.800 0.0000000000
95747  27.715  0.529  2.083 0.0000000000
93747  27.112  -1.305  2.521 0.0000000000
92674  26.791  -2.939  3.065 0.0000000000
92667  28.027  -2.491  4.317 0.0000000000
92656  29.372  -2.448  5.006 0.0000000000
93713  30.818  -1.434  6.232 0.0000000000
69762  22.804  -23.967  10.922 0.0000000000
69741  23.873  -23.914  12.068 0.0000000000
69719  25.644  -23.864  13.568 0.0000000000
72148  26.374  -21.314  11.970 0.0000000000
70919  26.924  -23.338  14.143 0.0000000000
69784  18.553  -24.473  10.840 0.0000000000
167489  17.561  -25.220  12.440 0.0000000000
146488  18.155  -25.553  11.641 0.0000000000
167586  18.138  -26.501  12.041 0.0000000000
67541  19.559  -25.392  10.656 0.0000000000
68611  20.498  -25.153  10.833 0.0000000000
89546  25.014  -5.650  1.285 0.0000000000
88455  24.977  -6.294  1.048 0.0000000000
170861  25.611  -5.000  2.369 0.0000000000
176460  26.059  -4.914  2.923 0.0000000000
90578  25.824  -4.328  2.486 0.0000000000
78929  27.950  -15.650  9.333 0.0000000000
77876  28.156  -16.218  9.950 0.0000000000
78928  28.456  -15.396  9.711 0.0000000000
146552  21.334  -26.722  13.732 0.0000000000
146524  23.343  -29.153  15.515 0.0000000000
64106  23.399  -28.862  15.778 0.0000000000
65230  25.558  -28.487  13.744 0.0000000000
66375  25.778  -27.513  13.966 0.0000000000
66374  27.192  -27.004  13.201 0.0000000000
148752  20.000  -19.616  8.787 0.0000000000
145799  20.124  -19.113  8.815 0.0000000000
77968  23.217  -16.133  4.713 0.0000000000
77951  23.462  -16.920  4.855 0.0000000000
77967  23.910  -16.432  4.216 0.0000000000
77966  24.444  -16.355  4.205 0.0000000000
79017  24.306  -15.916  3.775 0.0000000000
84376  21.859  -10.746  5.155 0.0000000000
163829  26.357  -9.993  4.040 0.0000000000
84397  26.039  -10.897  3.476 0.0000000000
84386  26.456  -10.723  4.397 0.0000000000
83397  26.491  -11.348  4.956 0.0000000000
84375  26.756  -10.525  5.218 0.0000000000
160095  27.876  -9.832  5.812 0.0000000000
85436  27.266  -9.713  5.293 0.0000000000
91587  30.243  -4.008  6.237 0.0000000000
90521  30.484  -4.735  6.572 0.0000000000
95782  25.993  1.322  -0.489 0.0000000000
95757  25.397  -0.003  0.651 0.0000000000
94756  25.722  -0.838  0.425 0.0000000000
149325  26.030  -0.054  0.025 0.0000000000
96790  29.636  1.692  4.403 0.0000000000
96789  30.187  1.918  4.940 0.0000000000
96781  30.488  1.397  5.456 0.0000000000
72200  24.087  -21.277  8.800 0.0000000000
72186  24.321  -21.551  9.580 0.0000000000
73479  24.779  -20.745  9.450 0.0000000000
72146  28.901  -21.303  13.934 0.0000000000
167394  19.747  -27.341  12.739 0.0000000000
146813  19.121  -27.952  13.249 0.0000000000
146310  20.657  -26.999  13.321 0.0000000000
67495  21.532  -26.262  13.066 0.0000000000
68592  21.996  -25.248  11.868 0.0000000000
68575  23.238  -25.198  13.007 0.0000000000
68574  23.980  -24.837  13.345 0.0000000000
68590  23.540  -24.548  12.560 0.0000000000
145865  19.964  -14.170  6.991 0.0000000000
78995  20.198  -15.096  7.261 0.0000000000
80149  20.319  -14.496  6.933 0.0000000000
176618  21.599  -15.102  6.212 0.0000000000
80148  21.207  -14.474  6.437 0.0000000000
170673  22.547  -7.992  3.464 0.0000000000
86461  22.821  -8.552  3.042 0.0000000000
86469  23.356  -8.319  2.301 0.0000000000
162741  25.496  -7.058  1.610 0.0000000000
87426  25.274  -7.729  1.476 0.0000000000
87414  25.649  -7.781  2.277 0.0000000000
86460  25.792  -8.530  2.685 0.0000000000
87413  26.203  -7.796  3.271 0.0000000000
87401  26.746  -7.473  3.991 0.0000000000
88417  26.538  -6.924  3.610 0.0000000000
170108  27.748  -4.822  4.115 0.0000000000
89507  27.965  -5.250  4.352 0.0000000000
90552  28.159  -4.680  4.506 0.0000000000
90537  28.731  -4.576  5.031 0.0000000000
98964  24.314  3.891  4.363 0.0000000000
97845  24.138  3.044  4.445 0.0000000000
152246  24.220  2.278  3.670 0.0000000000
98986  25.475  3.596  1.111 0.0000000000
164200  25.175  2.853  1.884 0.0000000000
98992  26.007  3.946  -0.214 0.0000000000
165512  25.732  -17.951  8.533 0.0000000000
75787  26.374  -17.964  9.263 0.0000000000
76772  28.231  -17.400  11.209 0.0000000000
75713  27.910  -18.263  11.306 0.0000000000
151286  28.435  -18.927  12.274 0.0000000000
146722  20.114  -8.697  6.147 0.0000000000
145916  20.311  -7.954  5.885 0.0000000000
157399  21.190  -7.829  5.182 0.0000000000
87403  21.661  -7.047  5.046 0.0000000000
89508  22.516  -5.195  4.469 0.0000000000
88418  22.508  -6.051  4.315 0.0000000000
89522  22.983  -5.582  3.511 0.0000000000
89535  23.856  -5.327  1.616 0.0000000000
89521  23.477  -5.043  2.704 0.0000000000
64105  24.201  -29.023  15.488 0.0000000000
63030  24.079  -29.203  10.906 0.0000000000
145763  29.599  -12.547  9.860 0.0000000000
72168  18.948  -22.182  11.194 0.0000000000
70991  19.263  -22.471  10.442 0.0000000000
174192  19.237  -23.012  10.295 0.0000000000
71008  19.698  -21.690  10.019 0.0000000000
152033  21.263  -20.285  8.129 0.0000000000
72203  21.242  -21.376  8.849 0.0000000000
147028  21.695  -20.934  7.931 0.0000000000
72219  22.467  -21.298  7.526 0.0000000000
72230  22.921  -20.833  6.989 0.0000000000
76845  20.853  -17.462  7.549 0.0000000000
75801  21.347  -18.531  7.516 0.0000000000
75817  21.909  -18.162  7.120 0.0000000000
75830  23.853  -18.494  5.587 0.0000000000
74679  23.533  -19.123  5.862 0.0000000000
145810  24.014  -19.147  5.922 0.0000000000
145804  24.297  -19.422  6.192 0.0000000000
145800  24.616  -19.016  6.353 0.0000000000
145795  24.865  -18.968  7.185 0.0000000000
145796  24.854  -18.252  6.687 0.0000000000
145789  25.767  -15.840  6.438 0.0000000000
145788  25.859  -16.474  7.099 0.0000000000
145787  26.376  -15.664  7.285 0.0000000000
145781  26.982  -15.548  8.035 0.0000000000
145782  27.001  -14.867  7.357 0.0000000000
159070  22.366  -12.350  4.972 0.0000000000
81356  22.614  -13.137  4.707 0.0000000000
154598  22.366  -13.790  5.327 0.0000000000
161202  23.270  -10.087  3.083 0.0000000000
84399  23.112  -10.828  3.577 0.0000000000
84410  24.221  -10.977  2.405 0.0000000000
82465  25.725  -12.225  2.991 0.0000000000
82480  24.579  -12.173  2.563 0.0000000000
160936  25.269  -13.100  3.120 0.0000000000
81369  24.809  -13.708  3.396 0.0000000000
81368  25.513  -13.724  3.582 0.0000000000
164539  25.735  -13.996  4.068 0.0000000000
81354  26.034  -13.200  4.028 0.0000000000
83387  27.164  -11.833  6.247 0.0000000000
82432  26.809  -12.700  6.241 0.0000000000
82418  27.195  -12.845  6.958 0.0000000000
81323  27.445  -13.384  7.484 0.0000000000
82417  27.718  -12.431  7.386 0.0000000000
145770  28.480  -12.684  8.575 0.0000000000
82416  28.367  -12.216  7.960 0.0000000000
84365  29.555  -10.179  6.710 0.0000000000
150999  29.528  -11.119  7.818 0.0000000000
84355  30.123  -10.202  7.823 0.0000000000
84335  30.360  -10.530  8.547 0.0000000000
85410  30.167  -9.362  7.514 0.0000000000
87391  28.268  -7.722  5.531 0.0000000000
86437  28.599  -8.731  5.726 0.0000000000
88387  28.964  -7.114  5.886 0.0000000000
95740  23.961  0.611  3.550 0.0000000000
94737  23.835  -0.295  3.323 0.0000000000
164262  23.184  -1.455  3.184 0.0000000000
93737  22.868  -1.460  3.889 0.0000000000
92668  22.731  -2.273  4.199 0.0000000000
91614  22.568  -3.226  4.650 0.0000000000
91630  23.162  -2.860  3.710 0.0000000000
173225  25.599  -1.878  0.737 0.0000000000
92707  24.672  -2.572  1.479 0.0000000000
91675  25.116  -2.698  1.198 0.0000000000
92706  25.343  -3.059  1.332 0.0000000000
100025  27.423  5.434  0.505 0.0000000000
100019  28.030  4.311  1.602 0.0000000000
98985  26.923  3.827  0.219 0.0000000000
98979  27.579  3.768  1.080 0.0000000000
98971  29.241  3.098  3.301 0.0000000000
97851  28.911  2.577  2.769 0.0000000000
96810  27.553  2.224  1.464 0.0000000000
96804  28.223  1.992  2.373 0.0000000000
95746  28.322  1.062  2.758 0.0000000000
95731  28.569  -0.062  4.231 0.0000000000
94735  28.078  -0.313  3.430 0.0000000000
94729  27.948  -1.092  3.473 0.0000000000
92687  26.746  -2.025  2.571 0.0000000000
93736  27.969  -1.698  3.837 0.0000000000
92673  27.328  -2.288  3.548 0.0000000000
93735  28.506  -1.748  4.392 0.0000000000
94718  30.234  -0.394  5.464 0.0000000000
93723  29.628  -1.549  5.123 0.0000000000
93722  30.244  -1.299  5.583 0.0000000000
154709  30.030  -2.139  5.382 0.0000000000
94709  30.675  -0.613  6.097 0.0000000000
170541  21.464  -23.263  9.466 0.0000000000
69782  21.665  -23.715  9.954 0.0000000000
69781  22.467  -23.687  10.112 0.0000000000
70956  24.558  -22.664  11.295 0.0000000000
69760  24.237  -23.314  11.633 0.0000000000
69720  24.969  -23.992  13.149 0.0000000000
69739  25.295  -23.399  12.760 0.0000000000
73444  25.872  -20.998  10.951 0.0000000000
70936  27.625  -22.836  14.070 0.0000000000
69737  27.793  -23.563  14.574 0.0000000000
69718  26.396  -23.906  14.235 0.0000000000
145655  18.689  -27.313  12.383 0.0000000000
145660  19.609  -26.740  11.879 0.0000000000
67529  21.091  -25.645  11.522 0.0000000000
68609  22.394  -24.570  11.396 0.0000000000
88443  23.625  -6.724  1.791 0.0000000000
87441  23.984  -7.244  1.556 0.0000000000
88456  24.481  -6.591  1.158 0.0000000000
87439  25.180  -7.037  1.018 0.0000000000
88441  25.645  -6.317  2.220 0.0000000000
88429  26.179  -6.215  3.214 0.0000000000
89520  26.617  -5.317  3.451 0.0000000000
90564  27.236  -4.650  3.737 0.0000000000
163777  27.685  -4.073  4.187 0.0000000000
98963  25.245  4.528  3.997 0.0000000000
98973  24.905  3.927  3.501 0.0000000000
100020  25.372  4.337  1.684 0.0000000000
100889  25.738  5.099  0.228 0.0000000000
77878  27.062  -16.654  9.153 0.0000000000
76800  26.794  -17.264  9.254 0.0000000000
77856  27.525  -17.006  9.704 0.0000000000
77855  28.043  -16.958  10.412 0.0000000000
77839  28.781  -16.570  10.831 0.0000000000
89509  21.817  -5.700  4.994 0.0000000000
145664  19.818  -27.890  14.029 0.0000000000
175285  21.182  -27.257  14.540 0.0000000000
146889  21.544  -27.257  14.680 0.0000000000
64132  23.889  -31.245  14.391 0.0000000000
63033  22.024  -30.526  11.704 0.0000000000
67513  24.429  -26.600  14.919 0.0000000000
65231  25.032  -28.889  14.747 0.0000000000
66376  25.124  -27.546  15.235 0.0000000000
73480  19.748  -20.920  9.657 0.0000000000
158407  20.033  -21.107  9.268 0.0000000000
73493  19.955  -20.695  9.157 0.0000000000
147256  21.021  -20.037  8.218 0.0000000000
146917  21.442  -19.834  7.686 0.0000000000
76858  22.024  -16.812  6.094 0.0000000000
156399  22.231  -17.560  6.469 0.0000000000
76875  23.676  -17.682  5.283 0.0000000000
76874  24.170  -17.734  5.326 0.0000000000
76873  24.695  -17.357  5.596 0.0000000000
77950  24.491  -16.856  4.883 0.0000000000
151585  25.430  -16.091  5.344 0.0000000000
78993  25.781  -15.165  5.730 0.0000000000
83398  22.167  -11.572  5.143 0.0000000000
177383  22.662  -11.944  4.445 0.0000000000
84408  25.326  -10.509  2.376 0.0000000000
84409  24.901  -10.753  2.109 0.0000000000
176597  25.674  -10.725  2.907 0.0000000000
83420  25.874  -11.734  3.349 0.0000000000
82453  25.947  -12.350  3.637 0.0000000000
159208  26.265  -12.245  4.559 0.0000000000
83371  28.337  -11.594  7.406 0.0000000000
83386  28.204  -10.897  6.842 0.0000000000
84366  28.883  -10.272  6.466 0.0000000000
85422  29.247  -9.759  6.162 0.0000000000
88404  29.179  -6.139  5.593 0.0000000000
88386  29.605  -6.594  6.268 0.0000000000
167898  29.700  -5.912  6.154 0.0000000000
89468  30.642  -5.499  6.900 0.0000000000
147361  24.651  -0.252  1.581 0.0000000000
93749  23.883  -1.581  2.162 0.0000000000
92689  24.026  -2.237  2.134 0.0000000000
162806  24.791  -1.471  1.055 0.0000000000
93771  25.338  -1.448  0.669 0.0000000000
93770  25.879  -1.451  0.548 0.0000000000
159587  29.386  2.281  3.680 0.0000000000
171413  28.833  1.074  3.419 0.0000000000
96796  29.253  1.377  3.793 0.0000000000
95737  28.938  0.681  4.037 0.0000000000
95730  29.173  0.222  4.642 0.0000000000
93734  29.023  -0.763  4.880 0.0000000000
95723  29.609  0.551  4.951 0.0000000000
95722  30.178  0.512  5.396 0.0000000000
71004  22.945  -22.398  8.542 0.0000000000
69803  22.888  -23.246  9.633 0.0000000000
72167  23.906  -22.195  9.837 0.0000000000
70969  24.236  -22.420  10.575 0.0000000000
72150  24.906  -22.051  10.963 0.0000000000
73442  27.211  -20.717  12.431 0.0000000000
147947  27.992  -21.148  13.263 0.0000000000
70954  28.127  -22.287  13.912 0.0000000000
146531  19.176  -28.148  14.001 0.0000000000
66356  23.577  -26.715  14.791 0.0000000000
67514  22.356  -25.579  12.820 0.0000000000
67494  22.954  -25.656  13.289 0.0000000000
67492  24.463  -25.028  13.744 0.0000000000
67491  25.493  -24.856  14.016 0.0000000000
77936  21.001  -16.893  7.140 0.0000000000
159913  20.651  -15.962  7.140 0.0000000000
77935  21.268  -16.358  6.534 0.0000000000
77953  21.820  -15.842  5.899 0.0000000000
79005  22.557  -15.725  5.279 0.0000000000
79019  23.009  -15.271  4.870 0.0000000000
85450  22.385  -9.439  4.456 0.0000000000
85468  22.889  -9.348  3.483 0.0000000000
85467  23.454  -9.304  2.528 0.0000000000
85484  24.286  -9.620  1.921 0.0000000000
86479  24.594  -8.244  1.477 0.0000000000
85502  24.749  -9.024  1.608 0.0000000000
85483  25.002  -9.873  1.784 0.0000000000
85482  25.482  -9.389  2.266 0.0000000000
85466  25.863  -9.120  3.088 0.0000000000
85448  27.512  -8.984  5.151 0.0000000000
86447  27.296  -8.371  4.845 0.0000000000
87400  27.249  -7.629  4.534 0.0000000000
88428  27.013  -6.129  3.893 0.0000000000
88415  27.902  -6.081  4.531 0.0000000000
159537  28.656  -5.922  4.995 0.0000000000
89495  28.991  -5.334  5.257 0.0000000000
171661  29.761  -4.059  5.744 0.0000000000
91596  29.994  -3.384  5.783 0.0000000000
96798  24.208  1.318  3.189 0.0000000000
97859  24.729  2.658  2.777 0.0000000000
96806  24.890  2.089  1.934 0.0000000000
166006  24.509  1.313  2.130 0.0000000000
96812  24.990  1.474  1.077 0.0000000000
96818  25.646  1.539  -0.062 0.0000000000
97870  26.053  2.135  -0.652 0.0000000000
74636  25.046  -19.965  9.037 0.0000000000
73478  25.523  -20.111  9.702 0.0000000000
74635  25.602  -19.499  9.277 0.0000000000
74634  26.234  -19.447  9.863 0.0000000000
74591  26.781  -19.745  10.673 0.0000000000
76799  27.168  -17.922  9.731 0.0000000000
75738  27.380  -18.618  10.433 0.0000000000
74590  27.391  -19.848  11.706 0.0000000000
74589  28.138  -19.542  12.477 0.0000000000
172307  21.624  -9.188  5.172 0.0000000000
86449  22.012  -8.555  4.888 0.0000000000
87415  22.613  -7.335  3.452 0.0000000000
161186  22.369  -6.855  4.290 0.0000000000
87428  23.017  -6.966  2.637 0.0000000000
88430  23.376  -6.015  2.405 0.0000000000
90590  24.860  -4.828  1.309 0.0000000000
145769  28.754  -13.764  9.280 0.0000000000
80069  29.295  -14.515  10.285 0.0000000000
145762  29.790  -13.900  10.390 0.0000000000
145650  18.447  -23.391  10.791 0.0000000000
175514  18.665  -23.866  10.481 0.0000000000
68624  19.213  -24.674  10.388 0.0000000000
68640  19.110  -24.044  10.389 0.0000000000
69805  20.374  -23.101  10.191 0.0000000000
70989  21.620  -22.939  8.991 0.0000000000
175142  20.481  -21.190  9.176 0.0000000000
71006  21.403  -22.204  8.869 0.0000000000
71005  22.194  -22.458  8.498 0.0000000000
72202  22.650  -21.871  7.995 0.0000000000
72201  23.341  -21.692  8.213 0.0000000000
73492  23.869  -20.983  7.963 0.0000000000
75802  20.972  -18.354  7.869 0.0000000000
145807  21.548  -19.163  7.425 0.0000000000
168129  22.018  -19.703  7.105 0.0000000000
75816  22.668  -18.258  6.374 0.0000000000
153469  22.980  -19.120  6.069 0.0000000000
147203  22.940  -20.061  6.175 0.0000000000
174647  23.728  -19.974  6.199 0.0000000000
73504  24.260  -20.216  6.858 0.0000000000
74650  24.817  -19.868  8.213 0.0000000000
74660  24.953  -19.300  7.936 0.0000000000
75788  25.291  -18.696  8.178 0.0000000000
145791  25.337  -17.314  6.776 0.0000000000
77908  25.790  -17.088  7.974 0.0000000000
77907  26.484  -16.754  8.682 0.0000000000
77906  26.980  -16.135  8.664 0.0000000000
78957  27.524  -15.555  8.740 0.0000000000
81344  21.501  -13.674  6.136 0.0000000000
177167  22.817  -14.509  4.947 0.0000000000
172432  23.413  -14.782  4.349 0.0000000000
84387  22.459  -10.375  4.428 0.0000000000
83411  23.230  -11.857  3.684 0.0000000000
83436  24.239  -11.692  2.551 0.0000000000
82481  23.898  -12.189  2.863 0.0000000000
82455  23.586  -12.781  3.413 0.0000000000
81355  23.313  -13.366  3.979 0.0000000000
80169  23.691  -14.213  3.870 0.0000000000
79029  23.990  -15.139  3.696 0.0000000000
79027  25.150  -15.260  3.761 0.0000000000
80168  25.616  -14.524  4.428 0.0000000000
80157  26.127  -14.381  5.785 0.0000000000
82443  26.340  -12.934  5.219 0.0000000000
81333  26.438  -13.603  5.961 0.0000000000
80147  26.584  -14.319  6.590 0.0000000000
159370  27.080  -14.049  7.211 0.0000000000
145783  27.587  -14.244  7.738 0.0000000000
161032  28.467  -14.264  8.884 0.0000000000
169122  28.632  -13.078  9.118 0.0000000000
82397  29.037  -12.372  9.097 0.0000000000
83327  29.629  -11.808  9.330 0.0000000000
83349  28.969  -11.544  7.890 0.0000000000
83348  29.487  -11.570  8.425 0.0000000000
83347  30.038  -11.192  8.845 0.0000000000
85435  28.155  -9.252  5.580 0.0000000000
85433  29.169  -9.091  6.106 0.0000000000
87380  29.514  -7.490  6.476 0.0000000000
86416  29.906  -8.720  7.082 0.0000000000
167669  23.215  -0.982  3.403 0.0000000000
90553  22.528  -4.262  4.655 0.0000000000
158646  23.607  -2.710  2.781 0.0000000000
91649  23.886  -3.629  2.358 0.0000000000
90566  23.494  -4.161  2.953 0.0000000000
90580  23.863  -4.481  1.952 0.0000000000
152017  24.787  -4.217  1.263 0.0000000000
151695  25.646  -3.508  1.795 0.0000000000
100888  26.205  5.788  0.339 0.0000000000
100895  26.024  5.017  -0.115 0.0000000000
100894  26.679  5.380  0.100 0.0000000000
171841  26.023  4.477  -0.283 0.0000000000
98991  26.222  3.844  -0.210 0.0000000000
162327  26.581  3.050  -0.006 0.0000000000
97864  26.971  2.315  0.411 0.0000000000
97858  28.102  3.067  1.873 0.0000000000
96811  27.184  1.525  0.754 0.0000000000
95755  27.225  0.698  0.964 0.0000000000
94750  27.179  -0.065  1.469 0.0000000000
94743  26.580  -0.717  1.128 0.0000000000
173052  28.049  0.335  2.897 0.0000000000
94742  27.157  -0.757  2.061 0.0000000000
93748  26.702  -1.420  1.718 0.0000000000
92688  26.307  -2.828  2.024 0.0000000000
91647  26.333  -3.622  2.676 0.0000000000
91628  27.432  -3.168  3.895 0.0000000000
91613  27.975  -3.327  4.477 0.0000000000
170616  28.996  -1.683  4.825 0.0000000000
92666  28.741  -2.282  4.661 0.0000000000
91612  28.658  -3.007  4.736 0.0000000000
92655  29.821  -2.820  5.397 0.0000000000
92654  30.336  -2.646  5.799 0.0000000000
92646  31.052  -2.381  6.270 0.0000000000
94708  31.278  -0.763  6.605 0.0000000000
93712  31.530  -1.625  6.675 0.0000000000
92645  31.763  -2.430  6.885 0.0000000000
68622  20.930  -24.269  10.421 0.0000000000
68621  22.013  -24.245  10.572 0.0000000000
69780  23.214  -23.428  10.476 0.0000000000
69761  23.513  -23.620  11.298 0.0000000000
68608  23.165  -24.260  11.727 0.0000000000
68589  24.256  -24.226  12.875 0.0000000000
73466  25.407  -20.816  10.174 0.0000000000
72149  25.610  -21.731  11.338 0.0000000000
70955  25.284  -22.389  11.654 0.0000000000
72125  26.603  -21.924  12.667 0.0000000000
70937  26.503  -22.566  13.198 0.0000000000
70938  25.645  -22.774  12.458 0.0000000000
69738  26.016  -23.271  13.347 0.0000000000
68572  26.090  -24.503  14.181 0.0000000000
67490  26.775  -25.120  14.949 0.0000000000
78904  29.332  -15.238  10.797 0.0000000000
78885  29.245  -15.999  10.950 0.0000000000
67543  18.578  -25.502  11.040 0.0000000000
68570  27.325  -24.217  14.804 0.0000000000
68571  26.784  -24.582  14.789 0.0000000000
68623  19.948  -24.726  10.395 0.0000000000
68625  18.716  -24.510  10.572 0.0000000000
68639  19.952  -23.859  10.309 0.0000000000
69740  24.575  -23.615  12.397 0.0000000000
69783  18.603  -23.738  10.541 0.0000000000
69804  20.936  -23.000  9.495 0.0000000000
69806  19.492  -23.009  10.371 0.0000000000
69818  20.976  -22.511  9.351 0.0000000000
69819  20.375  -22.523  9.952 0.0000000000
70953  28.774  -22.162  13.917 0.0000000000
70957  23.867  -23.015  10.920 0.0000000000
70987  23.257  -22.682  9.292 0.0000000000
70990  20.066  -22.170  9.939 0.0000000000
72126  25.956  -22.102  12.168 0.0000000000
72147  27.294  -21.562  13.037 0.0000000000
72165  25.237  -21.467  10.594 0.0000000000
72204  20.032  -21.503  9.573 0.0000000000
72205  19.936  -21.437  9.630 0.0000000000
72218  23.178  -21.153  7.434 0.0000000000
73467  24.878  -21.288  10.010 0.0000000000
73468  19.621  -21.034  10.094 0.0000000000
73491  24.352  -20.359  7.694 0.0000000000
73494  19.861  -21.121  9.437 0.0000000000
73506  22.420  -20.695  7.149 0.0000000000
74613  27.264  -19.287  10.811 0.0000000000
74649  25.315  -19.343  8.628 0.0000000000
74651  19.794  -20.348  9.322 0.0000000000
74661  24.702  -19.785  7.354 0.0000000000
75763  26.734  -18.669  9.738 0.0000000000
75831  23.316  -18.413  5.743 0.0000000000
76844  21.250  -17.785  7.314 0.0000000000
77949  25.045  -16.735  5.378 0.0000000000
77965  25.009  -16.323  4.437 0.0000000000
78927  28.839  -15.070  10.209 0.0000000000
79016  24.906  -15.905  3.799 0.0000000000
79028  24.656  -15.289  3.617 0.0000000000
80087  28.136  -14.944  8.939 0.0000000000
80158  25.725  -14.658  5.081 0.0000000000
80181  25.398  -14.610  3.908 0.0000000000
80183  24.357  -14.436  3.563 0.0000000000
81370  24.003  -13.584  3.435 0.0000000000
82398  27.965  -12.975  8.064 0.0000000000
82466  25.255  -12.362  2.699 0.0000000000
83326  30.129  -11.401  9.811 0.0000000000
83372  27.720  -11.696  6.840 0.0000000000
84356  29.723  -10.565  7.434 0.0000000000
84367  27.993  -10.293  6.311 0.0000000000
84374  27.359  -10.409  5.803 0.0000000000
84398  23.838  -10.207  2.404 0.0000000000
85434  28.827  -9.350  5.897 0.0000000000
85465  26.289  -9.180  3.748 0.0000000000
85501  25.190  -9.056  1.684 0.0000000000
86438  27.931  -8.471  5.362 0.0000000000
86459  26.185  -8.578  3.375 0.0000000000
86478  25.115  -8.396  1.476 0.0000000000
86480  23.918  -7.954  1.661 0.0000000000
87427  23.411  -7.494  2.124 0.0000000000
88385  30.150  -6.083  6.638 0.0000000000
88403  30.085  -5.398  6.355 0.0000000000
88406  27.816  -7.123  4.845 0.0000000000
88442  25.241  -6.393  1.322 0.0000000000
89534  25.399  -5.624  1.791 0.0000000000
89547  24.539  -5.653  1.193 0.0000000000
90522  29.927  -4.713  6.015 0.0000000000
90536  29.362  -4.611  5.517 0.0000000000
91629  27.029  -3.841  3.454 0.0000000000
91648  24.265  -3.081  1.953 0.0000000000
91660  25.118  -3.948  1.293 0.0000000000
91662  24.367  -3.964  1.584 0.0000000000
92690  23.417  -1.798  2.661 0.0000000000
92726  25.540  -2.367  1.047 0.0000000000
92727  25.077  -2.049  1.011 0.0000000000
93733  29.803  -0.847  5.200 0.0000000000
93741  27.405  -1.522  3.186 0.0000000000
93742  23.544  -1.082  2.616 0.0000000000
93758  26.241  -1.507  0.831 0.0000000000
94736  27.598  -0.866  2.869 0.0000000000
94755  26.103  -0.793  0.348 0.0000000000
95702  31.853  -0.186  6.876 0.0000000000
95712  30.684  0.100  5.783 0.0000000000
95739  27.651  -0.183  2.502 0.0000000000
95758  24.733  0.654  1.386 0.0000000000
95768  26.641  1.036  0.038 0.0000000000
95769  26.126  0.837  -0.221 0.0000000000
95770  25.897  0.731  -0.126 0.0000000000
96816  26.627  1.720  -0.019 0.0000000000
96828  26.017  1.784  -0.624 0.0000000000
97869  26.331  2.255  -0.418 0.0000000000
97871  25.874  2.314  -0.424 0.0000000000
98993  25.754  4.066  0.215 0.0000000000
100027  25.562  4.568  0.649 0.0000000000
100034  26.376  4.570  -0.026 0.0000000000
145758  30.129  -12.139  10.285 0.0000000000
145766  29.269  -13.902  9.859 0.0000000000
145773  28.351  -13.570  8.580 0.0000000000
145778  28.110  -14.319  8.303 0.0000000000
145794  20.026  -18.851  8.875 0.0000000000
145797  20.319  -20.221  8.745 0.0000000000
145801  24.616  -18.491  6.099 0.0000000000
145802  20.718  -20.354  8.603 0.0000000000
145803  21.208  -19.601  7.920 0.0000000000
145805  24.292  -18.531  5.765 0.0000000000
145808  24.081  -19.925  6.327 0.0000000000
145809  23.864  -19.690  6.089 0.0000000000
145811  22.457  -20.178  6.743 0.0000000000
145812  22.669  -19.681  6.416 0.0000000000
145813  23.534  -20.401  6.610 0.0000000000
145814  23.209  -19.667  6.001 0.0000000000
145815  22.958  -20.438  6.517 0.0000000000
146594  19.001  -26.258  11.221 0.0000000000
146776  19.167  -22.233  11.259 0.0000000000
146782  18.434  -24.324  11.374 0.0000000000
146818  23.391  -19.984  6.107 0.0000000000
146908  19.407  -19.247  8.976 0.0000000000
147027  19.890  -20.132  9.051 0.0000000000
147972  20.957  -20.713  8.730 0.0000000000
148238  21.119  -19.127  7.897 0.0000000000
148694  25.808  3.220  0.046 0.0000000000
148885  24.421  -18.968  6.051 0.0000000000
149383  29.572  -13.339  10.091 0.0000000000
150744  24.293  -1.105  1.684 0.0000000000
151512  19.293  -22.478  10.193 0.0000000000
152775  18.797  -13.909  7.874 0.0000000000
153374  18.479  -24.988  10.990 0.0000000000
153509  19.478  -21.866  10.286 0.0000000000
153698  30.525  -2.004  5.786 0.0000000000
153706  25.142  -17.148  6.016 0.0000000000
153906  20.665  -19.105  8.413 0.0000000000
154684  26.383  -2.150  1.335 0.0000000000
157833  27.517  -11.004  6.374 0.0000000000
161686  29.396  0.949  4.482 0.0000000000
161994  25.086  -7.758  1.259 0.0000000000
163010  25.491  -11.433  2.717 0.0000000000
163438  24.848  -17.744  6.181 0.0000000000
163448  26.703  -10.006  4.744 0.0000000000
165727  25.377  -24.362  13.702 0.0000000000
166267  28.351  -21.720  13.718 0.0000000000
167522  18.193  -25.031  11.688 0.0000000000
167615  17.062  -25.652  12.723 0.0000000000
169913  22.122  -23.363  9.409 0.0000000000
170642  30.006  -10.054  7.039 0.0000000000
171052  19.857  -14.615  7.252 0.0000000000
171213  23.567  -10.728  2.826 0.0000000000
171664  23.494  -3.414  3.163 0.0000000000
174283  19.617  -19.731  9.226 0.0000000000
175961  26.193  -14.729  6.216 0.0000000000
176600  28.723  -1.287  4.608 0.0000000000
177337  25.140  -11.083  2.301 0.0000000000
