#!ascii label  , from subject sub2 vox2ras=TkReg
1336
21417  38.051  -69.093  17.325 0.3000000119
25750  36.533  -64.145  13.807 0.6000000238
29288  36.491  -60.431  15.644 0.6999999881
29289  35.976  -59.844  15.809 0.6999999881
173131  38.459  -68.461  16.819 0.4000000060
148016  35.942  -65.357  17.051 0.4000000060
166598  39.346  -68.201  15.682 0.5000000000
20496  40.221  -69.052  14.209 0.5000000000
24648  36.876  -64.412  12.893 0.6999999881
25731  37.101  -63.324  14.455 0.6999999881
25749  37.409  -63.443  13.714 0.5000000000
29296  37.333  -60.992  14.358 0.6000000238
28129  36.953  -61.297  15.342 0.6000000238
30488  36.375  -59.635  14.324 0.6999999881
30483  35.412  -59.317  15.409 0.6999999881
21426  38.689  -67.201  16.596 0.5000000000
148956  36.894  -65.618  15.506 0.4000000060
22469  39.194  -67.072  15.929 0.6000000238
22485  34.752  -67.105  14.075 0.4000000060
148873  34.618  -67.139  12.918 0.5000000000
22503  39.561  -66.392  14.451 0.6000000238
22506  33.961  -67.048  13.555 0.6000000238
24658  35.868  -65.956  12.224 0.6000000238
22502  39.923  -67.149  14.636 0.6000000238
25764  37.556  -63.994  12.297 0.6000000238
26942  37.614  -62.688  14.237 0.6000000238
29306  37.488  -60.792  13.402 0.6000000238
30507  36.130  -59.519  12.226 0.6999999881
29307  36.987  -60.155  13.917 0.6999999881
30508  35.614  -59.046  12.797 0.6999999881
30500  35.776  -59.175  13.713 0.6999999881
148024  34.997  -58.756  14.986 0.6999999881
31543  35.305  -58.304  12.450 0.6999999881
32558  35.417  -57.508  12.983 0.6999999881
32549  35.405  -57.810  13.887 0.6999999881
162241  35.236  -56.750  12.324 0.6999999881
22456  38.270  -66.328  16.948 0.5000000000
23514  37.627  -65.637  17.200 0.5000000000
23515  36.721  -65.340  17.566 0.5000000000
23542  35.541  -66.465  15.168 0.4000000060
22484  39.162  -66.284  15.309 0.5000000000
160543  35.124  -67.254  12.844 0.5000000000
23577  34.921  -66.759  12.639 0.6000000238
21464  40.359  -67.582  11.633 0.6000000238
22520  39.646  -66.285  13.434 0.5000000000
22543  39.483  -66.773  11.578 0.5000000000
25763  37.974  -63.222  12.345 0.6999999881
28164  38.135  -61.912  12.476 0.6000000238
25748  37.736  -63.390  12.974 0.6999999881
152008  36.662  -60.239  11.949 0.6000000238
177373  37.837  -61.420  12.387 0.6000000238
30510  35.572  -59.401  11.362 0.6000000238
29310  36.892  -59.993  12.930 0.6000000238
31549  34.378  -57.945  10.753 0.6000000238
31548  34.889  -58.244  11.522 0.6999999881
33647  35.579  -57.133  14.385 0.6999999881
32570  33.983  -57.355  10.216 0.6000000238
33652  35.602  -56.540  13.145 0.6999999881
164307  34.776  -56.914  11.630 0.6999999881
23541  36.047  -66.574  14.335 0.4000000060
23513  38.071  -65.711  16.528 0.5000000000
151151  37.473  -65.697  14.866 0.4000000060
22523  35.657  -67.250  12.584 0.5000000000
23583  36.398  -66.400  11.530 0.6000000238
23559  38.172  -65.729  14.347 0.4000000060
24657  36.902  -65.002  12.039 0.6000000238
23558  38.942  -65.847  14.647 0.4000000060
22521  37.764  -66.365  12.871 0.4000000060
171327  38.665  -66.473  11.927 0.4000000060
22544  38.250  -67.131  11.264 0.4000000060
25773  37.867  -63.578  11.645 0.6999999881
26974  38.017  -62.529  11.817 0.6000000238
28167  37.714  -61.561  11.741 0.6000000238
29317  35.535  -59.981  10.596 0.6000000238
29312  36.226  -60.452  11.104 0.6000000238
31553  34.191  -57.994  9.848 0.6000000238
34728  36.325  -55.020  13.650 0.6999999881
169473  35.333  -55.013  12.087 0.6999999881
34749  34.078  -55.659  10.678 0.6000000238
34748  34.743  -55.346  11.465 0.6000000238
23560  37.002  -66.350  13.919 0.4000000060
22534  36.421  -67.328  12.063 0.4000000060
147473  37.752  -64.228  10.875 0.6999999881
154636  37.260  -67.328  11.472 0.4000000060
22556  38.686  -67.306  10.792 0.5000000000
154242  37.666  -62.115  11.007 0.6999999881
167870  36.519  -61.497  10.101 0.6000000238
148500  34.799  -59.809  9.485 0.5000000000
153438  35.280  -60.425  9.813 0.6000000238
34722  36.253  -55.649  14.272 0.6999999881
33695  33.310  -55.835  8.815 0.6000000238
33679  33.485  -56.661  9.572 0.6000000238
34737  35.926  -54.996  12.837 0.8000000119
35749  36.460  -54.221  13.630 0.8000000119
33680  33.191  -55.907  9.122 0.6000000238
151968  33.635  -55.984  9.895 0.6000000238
23601  36.640  -67.217  10.567 0.5000000000
23589  36.387  -67.138  11.168 0.6000000238
22557  36.808  -67.801  10.313 0.5000000000
22588  37.392  -66.809  7.411 0.6999999881
22565  36.750  -67.954  9.584 0.4000000060
26985  37.717  -63.028  10.764 0.6999999881
28173  35.923  -61.837  9.335 0.6999999881
30518  34.686  -60.028  8.578 0.6000000238
29320  34.872  -60.694  9.081 0.6000000238
31572  34.282  -58.480  8.400 0.6000000238
36776  36.602  -53.502  13.702 0.6000000238
32580  33.473  -57.362  9.133 0.6000000238
35761  35.635  -54.352  12.142 0.6999999881
160992  36.316  -53.056  12.546 0.6999999881
34764  33.349  -55.069  9.477 0.6999999881
35788  32.730  -54.085  9.572 0.6999999881
35773  34.880  -54.509  11.336 0.6999999881
23617  36.960  -66.221  8.514 0.5000000000
149518  37.296  -66.041  9.816 0.6000000238
165423  37.260  -65.715  10.682 0.6000000238
172193  37.346  -65.308  7.408 0.6999999881
162805  36.862  -66.628  7.824 0.6000000238
25789  36.864  -64.083  9.255 0.6999999881
149172  38.240  -65.248  7.468 0.6999999881
22587  38.134  -67.020  7.188 0.6999999881
26993  37.113  -63.145  9.674 0.6999999881
26995  35.564  -62.085  8.488 0.6999999881
30528  35.062  -60.085  7.978 0.5000000000
29328  35.108  -60.847  8.298 0.6000000238
148359  36.659  -53.104  14.971 0.5000000000
32592  34.441  -57.745  8.266 0.6000000238
31571  34.984  -58.526  7.938 0.6000000238
37884  36.801  -52.113  13.624 0.6000000238
159623  36.801  -52.306  14.674 0.5000000000
34789  33.662  -55.791  8.532 0.6000000238
175457  33.924  -57.934  8.492 0.6000000238
37897  35.759  -52.818  11.789 0.6000000238
163340  36.628  -51.423  12.797 0.5000000000
40953  36.877  -49.952  12.766 0.5000000000
150621  33.877  -55.159  8.595 0.6999999881
34778  33.273  -55.019  8.815 0.6999999881
36814  31.682  -53.349  9.088 0.6999999881
36802  33.976  -53.056  10.500 0.6999999881
38899  34.967  -51.324  11.040 0.5000000000
36823  32.313  -53.456  7.949 0.6999999881
38915  32.986  -51.480  9.458 0.6000000238
24691  36.961  -65.005  8.831 0.6000000238
24709  36.813  -64.723  7.484 0.6999999881
24698  36.683  -64.870  7.867 0.6000000238
25807  38.725  -63.629  7.742 0.6999999881
175246  35.879  -63.569  7.967 0.6999999881
28181  35.529  -61.329  7.803 0.6999999881
27005  35.667  -62.087  7.834 0.6999999881
29327  35.890  -60.112  7.920 0.6000000238
38864  36.964  -51.472  14.389 0.4000000060
31570  36.078  -58.408  7.809 0.5000000000
39893  37.101  -50.087  13.441 0.4000000060
163409  34.939  -55.456  8.801 0.6000000238
33693  35.192  -56.259  8.595 0.6000000238
161236  35.573  -50.888  11.537 0.5000000000
39910  36.336  -50.640  12.230 0.5000000000
38900  34.089  -51.752  10.522 0.5000000000
153153  36.192  -49.735  10.983 0.4000000060
36822  33.568  -53.553  8.322 0.6000000238
38926  32.704  -51.533  7.940 0.6999999881
38927  32.089  -51.983  8.689 0.6000000238
39951  33.559  -50.525  8.437 0.5000000000
174640  37.629  -63.744  7.388 0.6000000238
27012  36.726  -63.106  7.298 0.6999999881
25809  36.232  -63.687  7.357 0.6999999881
27010  39.444  -62.928  8.154 0.6999999881
27011  38.484  -62.768  7.914 0.6999999881
27013  36.091  -62.893  7.551 0.6000000238
29326  36.690  -60.599  7.959 0.6000000238
33702  36.876  -57.109  8.249 0.6000000238
32590  37.062  -57.815  7.995 0.5000000000
33703  35.492  -57.198  8.348 0.6000000238
35800  35.717  -54.913  9.576 0.6000000238
34776  36.325  -55.857  9.294 0.6000000238
40956  36.943  -49.228  11.588 0.5000000000
41908  37.477  -48.633  12.158 0.4000000060
36812  35.199  -53.369  9.377 0.6000000238
41930  37.876  -48.195  10.109 0.4000000060
37933  33.864  -51.472  8.029 0.6000000238
164860  33.411  -50.802  8.051 0.5000000000
28187  37.519  -62.529  7.528 0.6999999881
28188  36.689  -62.257  7.425 0.6000000238
28177  39.859  -61.230  8.513 0.6999999881
29325  38.253  -60.886  8.447 0.6000000238
175116  37.350  -61.000  8.113 0.6000000238
29332  40.708  -60.516  7.883 0.6999999881
30527  36.955  -59.670  8.173 0.5000000000
34775  37.592  -55.886  9.546 0.6000000238
166525  37.801  -56.851  8.359 0.6000000238
166665  36.258  -56.621  8.754 0.6000000238
34763  37.001  -55.114  9.959 0.5000000000
36811  36.543  -53.175  10.213 0.6000000238
37922  35.412  -52.419  9.285 0.6000000238
38925  34.427  -50.776  7.955 0.5000000000
154588  39.722  -59.867  8.664 0.6999999881
30525  39.291  -59.029  8.720 0.6999999881
32589  38.540  -57.534  8.172 0.6000000238
33701  38.632  -56.913  8.225 0.5000000000
34761  39.048  -55.174  9.988 0.6000000238
34774  38.621  -55.829  9.439 0.6000000238
164127  38.076  -53.808  10.685 0.6000000238
37921  36.930  -52.233  10.259 0.6000000238
38924  36.279  -51.171  8.920 0.5000000000
19538  40.738  -69.174  8.585 0.5000000000
20548  39.127  -68.322  7.711 0.5000000000
20538  41.016  -68.814  7.776 0.5000000000
20547  40.149  -68.407  7.632 0.5000000000
22586  39.207  -67.192  7.347 0.6999999881
150807  40.701  -65.734  7.443 0.6999999881
22585  40.347  -66.746  7.519 0.5000000000
153108  41.059  -67.211  7.681 0.5000000000
149217  39.458  -65.108  7.627 0.6999999881
23625  39.790  -66.048  7.643 0.6999999881
171093  39.719  -64.151  7.721 0.6999999881
20478  39.164  -69.496  16.220 0.3000000119
30482  36.177  -59.727  15.129 0.6999999881
165086  37.386  -61.915  14.682 0.6000000238
31530  35.301  -58.611  14.201 0.6999999881
33641  35.960  -56.358  14.916 0.6999999881
21498  37.574  -68.236  7.946 0.6000000238
31559  33.858  -58.163  8.803 0.6000000238
35774  34.026  -53.860  10.474 0.6999999881
161673  36.599  -52.921  13.257 0.6000000238
37912  34.574  -52.520  10.966 0.6999999881
37896  36.304  -52.236  12.456 0.6000000238
36813  32.703  -53.194  9.624 0.6999999881
38875  36.959  -51.285  13.571 0.5000000000
39876  37.126  -50.605  14.009 0.5000000000
40963  34.342  -49.886  8.721 0.5000000000
29324  39.263  -60.723  8.754 0.6999999881
157473  37.114  -58.721  8.069 0.5000000000
36810  37.269  -53.759  10.538 0.6000000238
30526  38.095  -59.114  8.572 0.6000000238
34762  38.092  -55.227  10.090 0.6000000238
31568  38.846  -58.176  8.423 0.5000000000
24705  42.681  -64.320  6.706 0.6000000238
28191  45.733  -61.526  5.966 0.6000000238
29340  45.864  -60.294  5.799 0.4000000060
160282  43.752  -62.880  6.503 0.5000000000
25803  41.833  -63.852  6.783 0.6000000238
22488  32.817  -66.993  14.133 0.5000000000
30538  46.353  -59.781  5.849 0.4000000060
24650  34.631  -66.216  13.254 0.5000000000
24634  33.717  -65.787  14.299 0.5000000000
159883  44.803  -62.802  6.459 0.5000000000
31578  47.284  -58.209  6.043 0.4000000060
24633  34.730  -65.362  14.214 0.5000000000
24619  34.784  -64.584  15.052 0.5000000000
28192  45.085  -61.498  5.906 0.6000000238
25733  35.597  -64.240  14.881 0.5000000000
165500  42.782  -62.951  6.592 0.5000000000
25804  41.207  -64.173  7.011 0.6000000238
32596  48.712  -57.978  7.284 0.4000000060
31573  48.119  -58.219  7.798 0.4000000060
30540  45.289  -59.802  5.754 0.4000000060
24612  32.360  -64.632  15.455 0.5000000000
28193  43.974  -61.327  6.233 0.5000000000
170045  34.835  -64.068  15.818 0.5000000000
147653  33.621  -63.614  16.604 0.5000000000
27017  42.456  -62.253  6.728 0.6000000238
27018  41.868  -62.313  7.064 0.6000000238
158465  40.631  -63.846  7.399 0.6000000238
26928  37.006  -62.295  15.349 0.5000000000
26901  35.160  -62.532  17.428 0.5000000000
25694  33.792  -63.118  17.548 0.4000000060
28194  42.831  -61.435  6.527 0.5000000000
27016  43.339  -62.163  6.472 0.5000000000
28195  42.170  -61.487  6.826 0.6000000238
28185  41.593  -61.533  7.292 0.6000000238
27009  41.206  -62.386  7.515 0.6000000238
159432  41.324  -60.840  7.430 0.6000000238
27001  40.350  -62.652  8.119 0.6000000238
32604  47.273  -57.457  5.931 0.4000000060
32603  48.400  -57.381  6.401 0.4000000060
163689  35.687  -61.784  17.240 0.5000000000
26902  34.419  -62.742  17.750 0.5000000000
26891  32.397  -63.036  17.843 0.4000000060
28117  36.183  -61.488  16.737 0.6000000238
170665  33.929  -62.543  18.217 0.4000000060
160621  44.044  -58.975  6.168 0.6000000238
159206  43.071  -58.859  6.564 0.6000000238
177932  42.163  -59.246  6.899 0.6000000238
30531  41.768  -59.128  7.219 0.6000000238
32601  50.175  -57.676  7.327 0.4000000060
28107  35.221  -61.508  17.695 0.5000000000
158359  33.888  -61.901  18.691 0.4000000060
173982  31.902  -62.261  19.113 0.4000000060
161562  45.853  -57.668  6.024 0.6000000238
33720  46.834  -57.128  6.108 0.4000000060
33723  44.333  -57.372  6.402 0.6000000238
31586  45.005  -59.182  5.928 0.6000000238
30535  43.366  -59.720  6.417 0.5000000000
31582  42.893  -58.225  6.937 0.6000000238
32607  43.628  -57.760  6.688 0.5000000000
30532  41.067  -59.585  7.812 0.6000000238
32583  50.031  -58.041  8.289 0.4000000060
33718  48.248  -56.981  6.025 0.4000000060
30467  35.422  -60.014  17.042 0.6000000238
29265  34.537  -60.442  18.204 0.5000000000
28085  32.997  -61.149  19.500 0.5000000000
167316  31.584  -61.690  19.561 0.5000000000
33708  47.096  -56.489  6.423 0.4000000060
33707  47.889  -56.498  6.316 0.4000000060
33709  46.273  -56.515  6.583 0.5000000000
33711  44.464  -56.655  6.722 0.5000000000
34799  43.861  -56.216  7.511 0.5000000000
155805  42.333  -57.695  7.195 0.6000000238
164840  41.772  -57.743  7.315 0.6000000238
152738  40.425  -59.906  8.308 0.6000000238
35823  51.338  -55.342  6.579 0.4000000060
161549  49.870  -56.998  6.357 0.4000000060
34802  51.753  -55.813  6.944 0.4000000060
33706  51.495  -57.066  7.785 0.4000000060
31525  34.908  -58.272  15.409 0.6000000238
35815  51.432  -54.638  6.626 0.4000000060
34804  49.663  -56.545  6.010 0.4000000060
152025  34.333  -58.927  17.789 0.6000000238
30445  33.267  -59.708  19.416 0.5000000000
28075  32.150  -60.945  19.868 0.4000000060
35817  49.720  -55.068  7.007 0.4000000060
33710  45.373  -56.509  6.622 0.5000000000
34800  42.961  -56.417  7.694 0.6000000238
32600  41.097  -57.476  7.644 0.6000000238
31566  40.706  -58.182  7.909 0.6000000238
173952  52.804  -54.357  6.546 0.4000000060
32541  35.181  -57.619  15.577 0.6000000238
31517  34.743  -58.501  16.645 0.6000000238
154259  34.050  -58.836  18.380 0.5000000000
30429  31.326  -59.574  20.301 0.5000000000
36835  50.985  -53.967  7.287 0.4000000060
35818  48.732  -55.155  7.328 0.4000000060
34781  46.959  -55.321  7.804 0.5000000000
34783  45.166  -55.454  8.097 0.5000000000
33697  42.080  -56.463  7.731 0.5000000000
34801  52.454  -55.540  7.169 0.4000000060
32532  35.239  -57.320  16.366 0.6000000238
31501  34.251  -58.147  18.113 0.5000000000
31489  33.346  -58.232  19.250 0.5000000000
34782  46.083  -55.412  8.007 0.5000000000
34784  44.240  -55.539  8.161 0.4000000060
35811  43.729  -54.992  8.859 0.4000000060
33698  41.335  -56.612  7.892 0.4000000060
33699  40.586  -56.838  7.979 0.6000000238
33690  39.122  -56.407  8.717 0.4000000060
36842  53.861  -53.119  6.064 0.4000000060
36840  52.560  -53.931  6.469 0.4000000060
159064  35.717  -56.733  15.826 0.6000000238
148636  51.612  -53.192  7.257 0.4000000060
35743  36.473  -54.713  14.579 0.5000000000
33629  35.544  -56.415  16.752 0.5000000000
32514  34.423  -57.289  18.287 0.5000000000
32504  33.426  -57.313  19.235 0.4000000060
33619  35.179  -56.411  17.637 0.4000000060
163827  47.625  -53.763  8.613 0.5000000000
35792  45.975  -54.012  9.050 0.5000000000
35793  45.092  -54.118  9.247 0.6000000238
34770  42.110  -55.241  8.934 0.4000000060
34772  40.468  -55.721  9.349 0.4000000060
174784  44.046  -53.536  9.765 0.5000000000
36758  36.453  -53.920  15.275 0.5000000000
167934  35.901  -55.430  16.521 0.6000000238
148767  36.293  -53.990  16.083 0.4000000060
35798  40.862  -55.025  9.917 0.5000000000
34773  39.555  -55.785  9.372 0.5000000000
37932  45.470  -52.511  9.733 0.5000000000
35794  44.102  -54.127  9.373 0.5000000000
36821  42.802  -54.023  9.786 0.5000000000
35797  41.710  -54.768  9.675 0.5000000000
37944  52.729  -52.436  6.525 0.4000000060
37920  37.972  -52.457  10.668 0.5000000000
35799  39.952  -55.075  9.889 0.5000000000
147607  43.185  -52.774  10.394 0.5000000000
36804  43.980  -52.988  10.156 0.5000000000
154400  36.432  -53.150  15.870 0.4000000060
38897  39.457  -51.823  10.901 0.4000000060
37909  39.687  -52.402  11.038 0.4000000060
36808  38.941  -53.771  10.619 0.5000000000
147500  39.752  -53.730  10.668 0.5000000000
36806  41.486  -53.244  10.636 0.5000000000
36807  40.558  -53.560  10.716 0.5000000000
176431  42.142  -53.353  10.379 0.5000000000
37917  42.852  -51.654  10.637 0.5000000000
37918  41.426  -52.153  10.931 0.4000000060
26912  36.638  -62.118  16.165 0.5000000000
147379  35.490  -59.566  16.248 0.6000000238
25722  36.256  -63.430  15.435 0.6000000238
30475  35.011  -58.799  15.887 0.6000000238
22487  33.103  -67.093  14.083 0.5000000000
36770  36.584  -53.741  14.399 0.5000000000
31567  39.812  -58.185  8.347 0.6000000238
33700  39.629  -56.889  8.205 0.4000000060
24610  34.285  -63.933  16.199 0.5000000000
25707  36.217  -63.049  16.221 0.5000000000
26913  35.963  -62.462  16.824 0.5000000000
26890  34.602  -62.005  18.171 0.4000000060
163272  32.642  -62.466  18.735 0.4000000060
33722  45.185  -57.165  6.182 0.6000000238
28096  34.793  -61.168  18.121 0.6000000238
28084  33.665  -61.225  19.052 0.4000000060
34793  49.267  -55.864  6.510 0.4000000060
156643  35.002  -59.201  16.761 0.6000000238
30468  34.744  -59.652  17.589 0.6000000238
154520  33.749  -59.873  19.004 0.5000000000
28086  30.710  -61.522  19.440 0.5000000000
28098  30.315  -61.969  18.706 0.5000000000
29241  31.628  -60.270  20.161 0.5000000000
31508  34.535  -58.295  17.338 0.5000000000
158017  33.164  -59.004  19.539 0.5000000000
31502  33.863  -58.394  18.693 0.5000000000
35810  44.646  -54.879  8.799 0.5000000000
31490  32.656  -58.530  19.794 0.5000000000
36830  48.492  -53.616  8.423 0.5000000000
174257  35.848  -56.112  16.217 0.6000000238
34771  41.320  -55.547  9.225 0.3000000119
37919  40.573  -52.559  11.039 0.4000000060
9897  39.359  -78.771  21.279 0.3000000119
10754  38.658  -78.287  20.947 0.3000000119
10753  39.563  -78.274  20.792 0.3000000119
12517  40.073  -76.287  21.041 0.3000000119
11606  39.805  -77.127  20.979 0.3000000119
12516  40.625  -76.682  20.498 0.3000000119
14459  39.570  -74.528  21.376 0.3000000119
14470  40.376  -74.841  20.689 0.3000000119
154679  43.069  -74.325  18.057 0.3000000119
13453  41.670  -75.475  19.440 0.3000000119
147504  40.860  -74.157  20.545 0.3000000119
15432  40.255  -74.006  21.109 0.3000000119
14482  42.233  -74.655  19.139 0.3000000119
16447  43.399  -72.098  18.689 0.3000000119
15445  42.506  -73.587  19.120 0.3000000119
16437  42.330  -72.806  19.758 0.4000000060
155283  41.669  -72.987  20.328 0.4000000060
173625  41.476  -71.802  21.104 0.4000000060
17419  41.191  -71.203  21.421 0.3000000119
19430  44.615  -69.523  19.017 0.3000000119
18422  43.528  -70.210  19.334 0.4000000060
18423  42.938  -70.638  20.033 0.4000000060
16438  41.976  -72.090  20.443 0.4000000060
19429  45.549  -69.325  18.733 0.3000000119
18414  41.458  -70.442  21.220 0.4000000060
21404  47.028  -67.210  18.587 0.4000000060
20433  46.114  -68.182  18.846 0.4000000060
19415  41.589  -69.575  21.069 0.4000000060
20416  41.496  -68.520  20.795 0.3000000119
157126  45.011  -68.132  19.429 0.4000000060
19431  43.734  -69.305  19.518 0.3000000119
19413  43.013  -69.340  19.989 0.4000000060
22421  46.416  -66.753  18.448 0.4000000060
151482  42.972  -67.204  19.350 0.5000000000
19414  42.300  -69.372  20.559 0.4000000060
21452  40.320  -67.837  13.614 0.5000000000
22448  48.243  -66.528  16.937 0.4000000060
20415  42.424  -68.462  20.228 0.4000000060
159934  39.603  -70.015  16.154 0.3000000119
150298  40.500  -70.050  14.136 0.4000000060
21405  40.241  -67.679  18.405 0.3000000119
23518  33.402  -65.794  16.666 0.4000000060
23519  32.131  -65.617  16.927 0.4000000060
20526  38.601  -68.407  8.667 0.4000000060
20525  39.746  -68.616  8.512 0.4000000060
21465  39.668  -67.291  10.994 0.4000000060
22422  45.511  -66.862  18.686 0.4000000060
21387  44.403  -67.716  19.430 0.3000000119
21388  43.557  -67.608  19.503 0.5000000000
20516  40.575  -68.751  10.103 0.4000000060
20509  40.660  -68.712  11.159 0.4000000060
155173  46.607  -66.429  18.018 0.4000000060
20497  39.914  -69.235  14.937 0.4000000060
21367  42.159  -67.417  19.590 0.4000000060
19513  40.971  -70.603  12.348 0.5000000000
22426  41.670  -67.022  19.124 0.5000000000
18476  40.808  -71.008  14.028 0.4000000060
19492  40.093  -70.125  15.525 0.4000000060
22455  40.918  -67.178  17.939 0.3000000119
177436  40.981  -70.810  14.426 0.4000000060
23544  32.739  -66.657  14.458 0.4000000060
20541  38.309  -68.494  7.944 0.4000000060
153057  45.745  -66.393  18.045 0.4000000060
22423  44.607  -66.982  18.968 0.4000000060
19528  41.104  -69.792  9.624 0.4000000060
19519  41.030  -69.761  10.726 0.5000000000
22451  44.903  -66.417  17.423 0.4000000060
153853  43.904  -66.536  18.581 0.4000000060
19527  41.385  -70.798  10.504 0.5000000000
22464  46.281  -66.684  16.336 0.4000000060
22483  44.780  -67.071  16.071 0.4000000060
150104  44.015  -66.293  17.763 0.4000000060
22452  43.303  -66.352  17.178 0.5000000000
22467  42.714  -66.762  16.605 0.5000000000
155356  41.399  -70.149  9.063 0.4000000060
18503  41.873  -71.330  10.357 0.5000000000
21431  46.383  -68.602  14.540 0.4000000060
22468  41.881  -66.947  16.793 0.5000000000
18497  41.723  -71.400  11.386 0.4000000060
21423  41.607  -67.948  16.292 0.4000000060
19490  41.620  -70.057  15.233 0.4000000060
19498  41.251  -70.568  14.756 0.4000000060
17503  41.755  -71.542  12.950 0.4000000060
19544  41.312  -69.416  8.421 0.4000000060
21497  41.430  -68.507  7.825 0.3000000119
22466  44.049  -67.301  15.827 0.4000000060
21433  43.978  -68.365  15.130 0.4000000060
158373  41.927  -70.980  9.577 0.4000000060
26893  30.815  -62.662  18.038 0.4000000060
147717  45.232  -68.332  13.796 0.4000000060
20486  45.316  -68.676  14.474 0.4000000060
21434  43.197  -68.509  15.225 0.5000000000
20489  42.576  -69.182  15.091 0.5000000000
19537  42.339  -70.600  9.242 0.5000000000
17530  43.027  -72.901  10.675 0.4000000060
22500  43.453  -67.476  14.109 0.4000000060
157991  42.334  -69.952  14.716 0.4000000060
164734  41.666  -71.552  12.376 0.4000000060
165383  42.275  -71.374  12.866 0.4000000060
18496  43.263  -71.795  11.833 0.4000000060
166759  42.015  -66.610  7.886 0.4000000060
19543  42.077  -69.743  8.625 0.3000000119
20487  44.488  -68.623  14.509 0.4000000060
20488  43.416  -68.650  14.475 0.4000000060
159869  42.723  -68.918  8.639 0.3000000119
21451  42.689  -67.555  13.512 0.4000000060
149689  42.709  -68.466  13.120 0.4000000060
20495  42.929  -69.495  14.369 0.4000000060
20501  43.033  -69.753  13.673 0.5000000000
22501  42.801  -66.758  13.852 0.4000000060
147207  42.402  -67.310  12.082 0.4000000060
177814  42.761  -70.384  11.984 0.4000000060
19526  43.440  -70.916  11.799 0.4000000060
16554  43.929  -73.462  10.821 0.4000000060
151001  42.154  -65.572  7.645 0.4000000060
20508  42.628  -69.266  11.949 0.4000000060
160215  34.681  -74.212  23.419 0.3000000119
163955  44.056  -74.262  16.939 0.3000000119
174485  45.069  -70.976  17.800 0.3000000119
20453  47.149  -68.265  18.617 0.4000000060
22462  48.141  -66.546  16.158 0.4000000060
22481  46.753  -67.429  15.446 0.4000000060
21440  48.035  -68.634  14.111 0.4000000060
22498  45.902  -67.868  13.722 0.4000000060
171101  43.202  -68.213  8.522 0.3000000119
22574  42.963  -67.276  8.143 0.4000000060
21495  44.065  -67.995  8.738 0.4000000060
20536  44.069  -68.993  8.989 0.4000000060
22540  43.289  -66.471  11.120 0.4000000060
21472  43.126  -68.129  10.921 0.4000000060
20514  43.749  -69.134  10.841 0.4000000060
19525  44.677  -70.387  11.358 0.4000000060
19535  44.936  -70.632  10.173 0.3000000119
19536  43.613  -70.589  9.731 0.4000000060
154184  43.634  -67.328  10.762 0.4000000060
20502  40.510  -68.986  13.358 0.4000000060
23623  43.094  -65.650  7.428 0.4000000060
10755  37.633  -78.413  20.908 0.3000000119
148949  38.991  -76.006  21.818 0.3000000119
168751  34.263  -75.580  23.056 0.3000000119
14428  35.684  -74.256  23.165 0.3000000119
14469  41.293  -74.718  20.070 0.3000000119
15459  43.531  -73.506  17.892 0.3000000119
16439  41.315  -72.499  21.019 0.4000000060
17442  43.312  -71.285  19.225 0.3000000119
18430  44.655  -70.349  18.448 0.3000000119
17431  42.523  -71.270  20.210 0.4000000060
18424  42.239  -70.367  20.656 0.4000000060
19449  46.339  -69.976  18.136 0.3000000119
22435  48.387  -67.056  17.774 0.4000000060
154382  43.105  -66.607  18.833 0.4000000060
22440  41.661  -66.695  18.429 0.5000000000
21424  40.877  -68.706  16.682 0.3000000119
22439  42.442  -66.429  18.358 0.5000000000
21441  47.065  -68.846  14.072 0.4000000060
19511  42.622  -70.774  13.485 0.4000000060
167537  45.355  -71.707  12.112 0.4000000060
24702  45.922  -64.600  7.143 0.4000000060
173492  45.130  -65.134  6.970 0.4000000060
25801  47.701  -63.000  6.809 0.4000000060
155077  46.077  -62.042  6.456 0.3000000119
25812  45.116  -63.519  6.678 0.5000000000
24703  44.356  -65.025  6.808 0.4000000060
24704  43.414  -65.069  6.843 0.4000000060
26979  40.837  -62.437  11.578 0.3000000119
26983  41.105  -63.125  10.991 0.3000000119
31565  43.919  -59.261  8.786 0.3000000119
29330  45.053  -60.050  7.657 0.3000000119
31562  46.729  -58.705  7.726 0.3000000119
32597  47.798  -57.796  6.663 0.3000000119
28171  41.273  -61.475  9.562 0.3000000119
155095  41.919  -61.011  9.005 0.3000000119
30515  43.069  -59.177  8.973 0.3000000119
28161  42.629  -61.440  12.873 0.3000000119
28166  40.503  -61.586  11.388 0.3000000119
32586  46.188  -58.526  8.423 0.3000000119
32573  48.254  -57.859  8.652 0.3000000119
29319  41.308  -60.610  9.596 0.3000000119
31556  43.656  -58.323  9.206 0.3000000119
31554  45.422  -58.236  8.825 0.3000000119
31550  40.837  -58.636  10.539 0.3000000119
31558  41.599  -58.813  9.931 0.3000000119
169477  45.014  -56.717  9.795 0.3000000119
32579  41.975  -58.027  9.788 0.3000000119
33676  43.741  -56.595  10.130 0.3000000119
30512  40.445  -59.919  11.146 0.3000000119
32575  46.188  -57.722  9.034 0.3000000119
155410  48.529  -57.145  9.229 0.3000000119
32581  51.316  -57.515  8.462 0.3000000119
156036  41.956  -57.240  10.202 0.3000000119
33687  45.779  -56.852  9.637 0.3000000119
34769  49.774  -56.289  9.797 0.3000000119
33677  43.085  -56.193  10.505 0.3000000119
33675  45.362  -56.078  10.240 0.3000000119
33674  46.322  -56.270  10.088 0.3000000119
34756  46.835  -55.710  10.463 0.3000000119
34791  52.730  -55.616  7.802 0.3000000119
33683  50.113  -57.279  9.346 0.3000000119
33681  52.115  -56.337  8.808 0.3000000119
169487  53.481  -54.615  7.380 0.3000000119
36843  53.399  -52.894  6.134 0.3000000119
36841  54.136  -53.105  6.246 0.3000000119
37947  53.864  -52.454  5.860 0.3000000119
38942  53.501  -52.018  5.958 0.3000000119
27006  46.760  -62.358  7.164 0.3000000119
25802  46.304  -63.520  6.826 0.4000000060
31561  47.353  -58.418  7.418 0.3000000119
32572  49.392  -57.614  8.809 0.3000000119
24700  47.468  -64.527  7.610 0.5000000000
28169  40.536  -61.572  10.585 0.3000000119
31555  44.619  -58.192  9.071 0.3000000119
30520  44.805  -59.359  8.444 0.3000000119
174441  45.848  -59.934  7.176 0.3000000119
30530  46.401  -59.711  6.655 0.3000000119
30516  42.251  -59.355  9.361 0.3000000119
29314  40.770  -60.258  10.253 0.3000000119
32574  47.249  -57.789  8.903 0.3000000119
32577  43.626  -57.353  9.658 0.3000000119
34758  44.694  -55.735  10.601 0.3000000119
34742  46.599  -55.172  11.068 0.3000000119
33672  48.143  -56.340  9.765 0.3000000119
34746  42.313  -55.771  10.829 0.3000000119
34754  48.847  -55.912  10.117 0.3000000119
20535  45.110  -68.828  9.165 0.3000000119
20533  46.393  -68.185  9.405 0.4000000060
22551  48.793  -66.853  9.808 0.4000000060
145477  48.572  -67.481  9.901 0.4000000060
21494  45.237  -68.093  8.629 0.3000000119
23594  49.397  -66.624  9.942 0.4000000060
176596  47.312  -65.965  10.327 0.3000000119
21492  46.594  -67.836  8.900 0.4000000060
145478  49.135  -66.981  9.747 0.4000000060
159565  47.985  -65.878  9.317 0.3000000119
166194  46.085  -67.102  7.879 0.3000000119
22570  47.093  -66.508  8.441 0.4000000060
23608  48.778  -66.020  9.476 0.4000000060
22580  45.396  -66.327  7.605 0.3000000119
23619  47.143  -65.707  7.925 0.4000000060
24696  47.741  -64.802  8.157 0.4000000060
22572  45.234  -67.086  8.170 0.3000000119
23621  44.790  -65.796  7.067 0.3000000119
23622  43.999  -65.834  6.995 0.3000000119
22573  44.243  -67.143  8.230 0.3000000119
23616  47.719  -65.706  8.763 0.4000000060
21483  47.028  -67.896  9.596 0.4000000060
154406  47.460  -69.506  18.423 0.3000000119
174294  45.515  -68.450  10.281 0.3000000119
18420  46.788  -70.604  19.951 0.3000000119
18429  46.949  -70.604  18.784 0.3000000119
19427  48.074  -69.339  18.541 0.3000000119
21403  47.926  -67.547  18.412 0.3000000119
145479  46.939  -67.755  9.643 0.3000000119
174063  44.246  -68.309  10.398 0.3000000119
20412  48.880  -68.372  20.080 0.3000000119
162331  49.813  -67.781  18.299 0.3000000119
20432  49.260  -68.276  19.147 0.3000000119
21414  49.528  -67.711  17.703 0.3000000119
156966  48.597  -66.708  15.375 0.3000000119
21461  47.006  -67.625  9.749 0.3000000119
21365  48.189  -67.513  20.638 0.3000000119
21383  50.062  -67.158  19.102 0.3000000119
21364  49.008  -67.841  20.205 0.3000000119
20469  50.284  -67.613  17.889 0.3000000119
21382  50.459  -67.299  18.341 0.3000000119
166029  49.846  -66.539  15.897 0.3000000119
23489  49.596  -66.444  18.899 0.3000000119
23510  50.769  -66.407  17.479 0.3000000119
21421  50.537  -66.540  16.643 0.3000000119
150789  50.666  -66.419  16.976 0.3000000119
22496  48.645  -67.900  14.260 0.3000000119
21450  47.640  -68.568  13.725 0.3000000119
152897  44.928  -66.810  14.217 0.3000000119
22420  48.162  -66.327  19.789 0.3000000119
172517  49.159  -66.101  14.688 0.3000000119
22493  49.736  -65.525  14.858 0.3000000119
21439  48.585  -68.035  13.874 0.3000000119
22553  46.576  -66.985  10.456 0.3000000119
23511  50.114  -65.729  17.310 0.3000000119
23501  48.978  -65.865  18.574 0.3000000119
23525  50.499  -65.732  16.587 0.3000000119
23539  50.328  -65.125  15.289 0.3000000119
22516  48.960  -66.748  13.821 0.3000000119
23554  45.879  -66.271  13.921 0.3000000119
22530  42.292  -66.519  12.501 0.3000000119
22554  45.115  -66.717  10.583 0.3000000119
158352  46.513  -66.152  10.587 0.3000000119
19524  45.215  -70.405  10.947 0.3000000119
24617  50.225  -64.525  15.065 0.3000000119
173924  49.860  -65.099  13.472 0.3000000119
23573  46.760  -65.755  13.469 0.3000000119
154916  43.125  -65.887  14.242 0.3000000119
20470  49.584  -67.891  17.758 0.3000000119
19411  48.569  -69.035  19.749 0.3000000119
176192  48.579  -69.028  18.970 0.3000000119
10770  39.815  -77.898  20.655 0.3000000119
11595  39.107  -77.752  20.956 0.3000000119
11596  38.267  -77.664  20.989 0.3000000119
11605  40.459  -77.678  20.341 0.3000000119
13429  39.705  -75.525  21.284 0.3000000119
13441  41.011  -75.341  20.231 0.3000000119
13442  40.475  -75.738  20.625 0.3000000119
14481  42.781  -75.051  17.906 0.3000000119
15438  41.570  -73.807  19.969 0.3000000119
15439  40.921  -73.365  20.842 0.3000000119
16448  43.024  -72.759  18.795 0.3000000119
16539  45.325  -71.725  11.627 0.4000000060
16547  44.557  -72.896  11.191 0.4000000060
16548  44.108  -73.339  11.373 0.4000000060
16555  43.588  -73.568  10.877 0.4000000060
17432  41.816  -71.197  20.874 0.4000000060
17441  44.283  -71.025  18.352 0.3000000119
17443  42.716  -72.041  19.558 0.3000000119
17513  42.544  -71.474  11.684 0.4000000060
17518  45.232  -71.581  11.074 0.4000000060
17519  44.949  -72.141  10.844 0.4000000060
17520  42.661  -71.876  10.920 0.4000000060
17527  45.006  -71.598  10.613 0.4000000060
17528  44.362  -72.309  10.523 0.4000000060
17529  43.446  -73.042  10.461 0.4000000060
17531  42.495  -71.645  10.327 0.4000000060
18415  40.774  -70.473  21.651 0.4000000060
18428  47.421  -70.105  19.556 0.3000000119
18439  47.307  -70.128  18.705 0.3000000119
18474  42.078  -71.223  14.111 0.4000000060
18475  41.387  -71.090  14.297 0.4000000060
18483  42.047  -71.428  13.462 0.4000000060
18484  41.462  -71.457  13.589 0.4000000060
18489  42.545  -71.343  12.096 0.4000000060
18490  41.415  -71.478  12.872 0.4000000060
18491  41.108  -71.174  13.089 0.4000000060
18495  45.411  -71.250  11.512 0.4000000060
18500  45.316  -71.083  10.915 0.4000000060
18501  45.349  -70.923  11.823 0.4000000060
18502  44.409  -71.704  12.013 0.4000000060
18509  44.930  -71.218  10.350 0.3000000119
18510  43.991  -71.645  10.065 0.4000000060
18511  42.811  -71.745  10.009 0.5000000000
19428  48.018  -69.718  19.058 0.3000000119
19450  45.636  -70.131  18.165 0.3000000119
19491  40.767  -70.186  15.489 0.4000000060
19497  41.888  -70.675  14.621 0.4000000060
19499  40.644  -70.449  14.776 0.4000000060
19500  40.219  -69.901  14.753 0.3000000119
19504  42.509  -70.376  14.238 0.4000000060
19505  40.781  -70.293  13.279 0.4000000060
19509  48.066  -68.635  10.605 0.3000000119
19510  47.981  -68.890  10.723 0.3000000119
19512  41.266  -71.372  12.289 0.4000000060
19516  47.709  -68.708  10.385 0.3000000119
19517  45.460  -71.013  11.584 0.4000000060
19518  41.184  -70.816  11.480 0.5000000000
19523  48.102  -68.837  10.421 0.3000000119
19534  45.253  -70.742  10.773 0.3000000119
19542  43.249  -69.743  9.145 0.4000000060
20411  49.470  -67.762  19.472 0.3000000119
20414  43.156  -68.678  19.847 0.4000000060
20430  50.466  -67.499  18.073 0.3000000119
20431  49.942  -67.552  18.626 0.3000000119
20434  45.504  -68.505  19.097 0.4000000060
20435  44.707  -68.648  19.334 0.4000000060
20436  43.788  -68.388  19.641 0.3000000119
20451  48.889  -68.401  18.499 0.3000000119
20452  48.222  -68.839  18.373 0.3000000119
20454  46.495  -69.154  18.548 0.4000000060
20479  38.580  -69.633  16.819 0.3000000119
20490  41.735  -68.996  15.778 0.4000000060
20491  39.540  -69.402  15.583 0.3000000119
20500  43.442  -68.950  13.791 0.4000000060
20504  42.755  -69.463  12.779 0.4000000060
20505  40.854  -68.999  12.293 0.5000000000
20507  47.853  -68.649  10.414 0.3000000119
20513  46.071  -68.442  10.008 0.3000000119
20515  43.050  -69.773  11.382 0.4000000060
20517  39.648  -68.208  9.540 0.4000000060
20523  45.545  -69.005  9.784 0.4000000060
20524  44.898  -69.701  9.837 0.3000000119
20527  37.675  -68.364  8.500 0.4000000060
20534  45.760  -68.511  9.216 0.3000000119
20537  41.710  -68.965  8.192 0.3000000119
20539  39.928  -68.633  7.967 0.5000000000
20540  39.090  -68.521  8.051 0.5000000000
21352  47.785  -67.943  21.258 0.3000000119
21366  42.892  -67.923  19.763 0.5000000000
21368  41.709  -67.803  20.148 0.3000000119
21384  49.466  -67.362  19.561 0.3000000119
21385  46.252  -67.402  18.815 0.4000000060
21386  45.338  -67.628  19.159 0.4000000060
21389  41.209  -67.323  19.572 0.5000000000
21402  48.966  -68.037  18.140 0.3000000119
21412  50.686  -67.424  17.759 0.3000000119
21413  50.229  -67.556  17.536 0.3000000119
21415  41.151  -67.495  17.085 0.4000000060
21422  43.190  -67.604  15.819 0.4000000060
21425  38.885  -68.391  16.312 0.4000000060
21430  47.465  -68.511  14.617 0.4000000060
21432  44.732  -68.325  15.206 0.4000000060
21435  42.433  -68.227  15.698 0.5000000000
21442  45.922  -68.644  14.022 0.4000000060
21443  44.946  -68.721  13.967 0.4000000060
21444  43.961  -68.527  14.170 0.4000000060
21445  43.143  -67.843  13.875 0.4000000060
21446  40.064  -67.973  14.401 0.5000000000
21447  39.740  -68.086  15.059 0.5000000000
21456  40.473  -67.766  12.701 0.6000000238
21460  48.037  -68.250  10.422 0.3000000119
21462  42.800  -67.289  11.319 0.4000000060
21463  42.656  -68.131  11.643 0.4000000060
21466  37.204  -67.824  10.730 0.4000000060
21470  47.207  -67.031  10.087 0.4000000060
21471  44.717  -67.498  10.482 0.4000000060
21473  42.897  -68.811  11.291 0.4000000060
21474  40.056  -67.871  10.622 0.4000000060
21475  39.219  -67.567  10.243 0.4000000060
21476  37.872  -67.905  10.100 0.5000000000
21477  36.945  -68.125  9.881 0.4000000060
21482  48.001  -67.156  9.386 0.4000000060
21484  38.659  -67.959  9.548 0.5000000000
21485  37.552  -68.269  9.269 0.6000000238
21486  37.006  -68.164  8.882 0.6000000238
21491  47.136  -67.211  8.905 0.4000000060
21493  46.062  -68.011  8.435 0.4000000060
21496  42.254  -68.230  8.225 0.3000000119
21502  41.760  -67.684  7.896 0.4000000060
21503  40.901  -68.248  7.554 0.5000000000
21504  40.116  -67.787  7.402 0.5000000000
21505  39.189  -68.017  7.397 0.5000000000
21506  38.348  -68.161  7.492 0.4000000060
21507  37.773  -67.671  7.385 0.6999999881
22405  48.653  -67.068  20.035 0.3000000119
22417  50.528  -67.075  18.449 0.3000000119
22418  49.894  -66.978  18.946 0.3000000119
22419  49.134  -66.687  19.512 0.3000000119
22424  43.762  -67.029  19.192 0.4000000060
22425  42.334  -66.806  19.025 0.5000000000
22434  50.808  -66.805  18.083 0.3000000119
22436  47.252  -66.798  18.227 0.4000000060
22437  44.770  -66.502  18.316 0.4000000060
22438  43.188  -66.232  18.084 0.4000000060
22445  50.884  -66.947  17.537 0.3000000119
22446  50.269  -67.062  16.762 0.3000000119
22447  49.507  -67.161  17.067 0.4000000060
22449  47.305  -66.476  17.614 0.4000000060
22450  46.343  -66.306  17.323 0.4000000060
22453  42.412  -66.419  17.489 0.5000000000
22454  41.622  -66.753  17.574 0.5000000000
22457  37.832  -66.574  17.667 0.5000000000
22461  49.206  -66.738  16.205 0.3000000119
22463  47.270  -66.435  16.617 0.4000000060
22465  45.453  -66.586  16.684 0.4000000060
22470  38.660  -66.129  16.113 0.5000000000
22471  33.574  -66.758  14.961 0.4000000060
22472  32.831  -66.973  14.268 0.5000000000
22477  50.406  -65.821  15.778 0.3000000119
22478  49.849  -66.097  15.515 0.3000000119
22479  48.844  -66.390  14.943 0.3000000119
22480  48.196  -68.104  14.573 0.4000000060
22482  45.626  -67.767  15.395 0.4000000060
22494  49.218  -66.082  14.130 0.3000000119
22495  48.890  -67.193  14.101 0.3000000119
22497  46.902  -67.442  13.456 0.3000000119
22499  44.463  -68.114  13.907 0.4000000060
22504  35.777  -67.088  13.255 0.4000000060
22505  34.868  -67.249  13.316 0.4000000060
22507  33.107  -67.042  14.142 0.5000000000
22514  49.733  -65.253  13.977 0.3000000119
22515  49.350  -65.595  13.638 0.3000000119
22517  48.422  -66.769  13.482 0.3000000119
22518  42.410  -66.463  13.345 0.3000000119
22519  40.151  -66.930  13.983 0.6000000238
22522  36.603  -66.918  13.004 0.4000000060
22524  35.246  -67.097  12.572 0.5000000000
22531  40.198  -66.892  13.092 0.6000000238
22532  39.604  -66.414  12.499 0.5000000000
22533  37.828  -66.624  12.197 0.4000000060
22535  35.700  -67.194  12.153 0.5000000000
22541  42.611  -66.479  11.735 0.4000000060
22542  40.183  -66.905  12.271 0.5000000000
22545  36.585  -67.430  11.188 0.4000000060
22546  36.084  -67.261  11.757 0.6000000238
22552  47.177  -66.578  10.379 0.4000000060
22555  44.155  -66.570  10.706 0.3000000119
22564  47.878  -66.123  8.969 0.4000000060
22571  46.539  -67.282  8.368 0.4000000060
22575  37.115  -67.574  7.983 0.6999999881
22579  46.234  -66.124  7.696 0.3000000119
22581  44.540  -66.369  7.507 0.3000000119
22582  43.673  -66.370  7.662 0.3000000119
22583  42.752  -66.271  7.762 0.4000000060
22584  41.257  -66.178  7.581 0.5000000000
23490  48.555  -66.082  19.279 0.3000000119
23524  50.613  -65.863  16.201 0.3000000119
23526  37.442  -65.432  16.308 0.5000000000
23527  36.511  -65.436  16.411 0.4000000060
23530  32.977  -66.426  15.204 0.4000000060
23540  37.919  -65.519  15.787 0.5000000000
23557  42.668  -65.856  13.820 0.3000000119
23561  33.907  -66.709  13.604 0.5000000000
23570  49.914  -65.085  13.174 0.3000000119
23574  42.548  -65.508  13.351 0.3000000119
23575  38.794  -65.866  13.733 0.4000000060
23576  37.747  -66.117  13.580 0.4000000060
23582  38.839  -66.078  12.749 0.4000000060
23584  35.521  -67.047  12.066 0.6000000238
23595  48.063  -66.389  9.698 0.3000000119
23607  48.022  -65.136  8.917 0.4000000060
23612  36.753  -67.324  9.634 0.5000000000
23620  46.521  -65.084  7.525 0.4000000060
23624  41.385  -65.347  7.368 0.6999999881
23626  38.755  -66.132  7.549 0.6999999881
23627  37.680  -66.115  7.270 0.6999999881
23628  37.018  -65.894  7.359 0.6999999881
24604  50.535  -65.084  15.840 0.3000000119
24628  50.405  -64.139  14.303 0.3000000119
24632  35.537  -64.833  13.949 0.6000000238
24649  35.634  -65.387  13.041 0.5000000000
24664  49.688  -66.553  10.306 0.4000000060
24666  37.430  -64.711  11.492 0.6000000238
24674  49.510  -66.543  9.975 0.3000000119
24679  37.551  -64.807  10.093 0.6000000238
24695  48.118  -64.161  8.151 0.4000000060
24699  36.195  -64.004  8.110 0.6000000238
24701  47.070  -63.970  7.148 0.4000000060
24706  41.813  -64.680  7.093 0.6000000238
24707  40.465  -64.554  7.396 0.6000000238
24708  37.686  -64.411  7.393 0.6999999881
24710  36.286  -64.025  7.453 0.6000000238
24711  45.185  -64.357  6.843 0.4000000060
24712  44.457  -64.208  6.678 0.5000000000
24713  43.681  -64.355  6.629 0.4000000060
25684  33.200  -62.835  18.060 0.4000000060
25693  34.478  -63.283  17.103 0.5000000000
25708  35.297  -63.353  16.570 0.5000000000
25713  50.253  -63.998  14.655 0.3000000119
25721  36.846  -63.103  15.133 0.6000000238
25723  35.540  -63.714  15.691 0.5000000000
25732  36.366  -63.816  14.650 0.5000000000
25780  37.572  -63.828  10.230 0.8000000119
25798  35.989  -63.587  7.709 0.6999999881
25805  40.928  -63.177  7.507 0.6000000238
25806  40.021  -63.425  7.994 0.6999999881
25808  36.813  -63.870  7.264 0.6999999881
25810  47.901  -62.420  6.903 0.3000000119
25811  46.783  -62.714  6.917 0.3000000119
25813  44.133  -63.595  6.565 0.5000000000
25814  42.416  -63.580  6.631 0.6000000238
25815  41.961  -63.110  6.809 0.6000000238
26878  33.251  -61.876  19.149 0.4000000060
26879  32.451  -61.794  19.433 0.4000000060
26880  31.143  -62.245  18.968 0.5000000000
26927  37.253  -62.672  14.822 0.6000000238
26957  38.154  -62.626  12.729 0.6000000238
26958  37.973  -62.702  13.488 0.6000000238
26972  41.863  -62.402  12.394 0.3000000119
26973  41.197  -62.275  12.184 0.3000000119
26984  40.686  -62.299  10.817 0.3000000119
26986  37.069  -62.195  10.064 0.6999999881
26992  40.794  -61.925  10.116 0.3000000119
26994  36.155  -62.632  9.015 0.6999999881
27002  39.438  -62.165  8.343 0.6999999881
27003  38.302  -62.182  8.065 0.6999999881
27004  35.830  -62.974  8.060 0.6999999881
27014  45.499  -62.080  6.084 0.6000000238
27015  44.449  -62.129  6.202 0.5000000000
28097  34.264  -61.219  18.532 0.4000000060
28106  35.635  -60.940  17.158 0.5000000000
28116  36.543  -61.159  16.116 0.6000000238
28156  38.208  -62.044  13.087 0.6000000238
28157  37.806  -61.767  13.787 0.6000000238
28162  41.473  -61.383  12.767 0.3000000119
28163  40.818  -61.873  12.158 0.3000000119
28165  37.904  -61.422  12.932 0.6000000238
28168  36.986  -60.892  11.434 0.6000000238
28170  37.163  -61.502  10.806 0.6000000238
28172  40.658  -61.131  10.060 0.3000000119
28174  35.209  -61.412  8.836 0.6000000238
28178  38.808  -61.532  8.485 0.6999999881
28179  37.627  -61.707  7.871 0.6000000238
28180  36.620  -61.435  7.619 0.6000000238
28186  40.681  -61.613  7.898 0.6999999881
28189  35.952  -61.834  7.449 0.6000000238
28190  45.866  -61.146  6.114 0.3000000119
28196  45.499  -60.970  5.788 0.6000000238
29240  32.238  -60.152  20.000 0.5000000000
29242  30.856  -60.172  20.230 0.5000000000
29253  33.439  -60.481  19.280 0.5000000000
29254  32.793  -60.329  19.684 0.4000000060
29255  31.195  -60.942  19.978 0.5000000000
29266  33.994  -60.474  18.757 0.5000000000
29276  35.105  -60.591  17.679 0.6000000238
29283  36.030  -60.456  16.434 0.6999999881
29297  36.796  -60.321  14.809 0.6999999881
29309  37.444  -60.824  12.390 0.6000000238
29311  40.377  -60.665  11.686 0.3000000119
29313  36.051  -59.909  11.460 0.6000000238
29315  40.409  -60.864  10.782 0.3000000119
29316  35.683  -61.055  9.717 0.6000000238
29318  42.057  -60.148  9.202 0.3000000119
29323  40.034  -60.484  8.534 0.6999999881
29329  46.015  -60.600  6.911 0.3000000119
29331  41.568  -60.067  7.374 0.6000000238
29333  35.917  -61.022  7.602 0.6999999881
29334  35.403  -60.707  7.831 0.6999999881
29336  44.144  -60.458  6.125 0.5000000000
29337  43.145  -60.658  6.437 0.5000000000
29338  42.504  -60.158  6.705 0.6000000238
29339  41.986  -60.652  6.981 0.6000000238
29341  45.081  -60.388  5.745 0.6000000238
30428  31.954  -59.679  20.170 0.5000000000
30446  32.588  -59.471  19.857 0.5000000000
30456  34.179  -59.612  18.399 0.6000000238
30457  33.676  -59.090  18.984 0.5000000000
30489  35.535  -59.215  14.612 0.6999999881
30499  36.498  -59.650  13.596 0.6999999881
30511  40.858  -59.382  10.427 0.3000000119
30513  35.109  -59.192  10.484 0.6000000238
30514  34.547  -58.770  9.635 0.6000000238
30517  41.471  -59.744  9.788 0.3000000119
30519  34.312  -59.144  8.767 0.6000000238
30521  44.219  -59.944  8.419 0.3000000119
30522  43.417  -59.978  8.620 0.3000000119
30523  42.692  -59.807  8.907 0.3000000119
30524  40.371  -59.067  8.362 0.6000000238
30529  34.709  -59.289  8.205 0.6000000238
30534  44.505  -59.727  6.006 0.6000000238
30536  42.485  -59.386  6.731 0.6000000238
30537  42.132  -59.752  6.991 0.6000000238
30539  45.807  -59.502  5.742 0.4000000060
31536  35.430  -58.499  13.347 0.6999999881
31552  34.701  -58.501  10.630 0.6000000238
31557  42.560  -58.554  9.443 0.3000000119
31560  47.531  -58.149  8.365 0.3000000119
31563  45.568  -58.971  8.358 0.3000000119
31564  44.364  -58.750  8.843 0.3000000119
31569  37.946  -58.085  8.173 0.5000000000
31574  46.981  -58.969  6.557 0.3000000119
31575  45.660  -59.598  7.622 0.3000000119
31576  41.549  -58.283  7.403 0.6000000238
31577  41.156  -58.832  7.808 0.6000000238
31579  46.023  -58.344  5.853 0.4000000060
31580  44.720  -58.439  6.084 0.6000000238
31581  43.745  -58.313  6.407 0.5000000000
31583  42.301  -58.796  6.865 0.6000000238
31584  46.389  -59.170  5.727 0.4000000060
31585  45.592  -58.818  5.841 0.4000000060
32505  32.746  -57.633  19.691 0.4000000060
32515  33.917  -57.718  18.748 0.5000000000
32524  35.011  -57.108  17.157 0.5000000000
32525  34.598  -57.589  17.572 0.5000000000
32533  34.719  -57.795  16.808 0.6000000238
32542  34.826  -58.061  16.065 0.6000000238
32545  35.074  -57.942  14.750 0.6000000238
32564  35.069  -57.540  12.041 0.6999999881
32565  34.510  -57.472  11.203 0.6999999881
32567  42.929  -56.924  10.072 0.3000000119
32568  41.256  -57.982  10.341 0.3000000119
32571  50.328  -57.782  8.806 0.3000000119
32576  45.103  -57.513  9.396 0.3000000119
32578  42.779  -57.718  9.678 0.3000000119
32582  50.720  -57.931  8.432 0.4000000060
32584  49.114  -58.241  8.118 0.4000000060
32585  46.843  -58.271  8.477 0.3000000119
32587  40.198  -57.462  8.045 0.6000000238
32588  39.289  -57.442  8.199 0.5000000000
32591  35.444  -57.881  7.952 0.6000000238
32593  33.567  -57.269  8.537 0.6000000238
32594  50.998  -57.848  7.814 0.4000000060
32595  49.681  -58.080  7.695 0.4000000060
32598  43.017  -57.629  7.146 0.6000000238
32599  42.129  -58.227  7.086 0.6000000238
32602  49.302  -57.527  6.832 0.4000000060
32605  46.676  -57.841  5.803 0.4000000060
32606  45.110  -57.848  6.097 0.6000000238
33620  34.798  -56.974  17.819 0.5000000000
33660  35.433  -55.802  12.414 0.6999999881
33667  34.760  -56.172  11.595 0.6999999881
33668  34.176  -56.604  10.741 0.6000000238
33673  47.201  -56.351  9.873 0.3000000119
33682  50.865  -57.567  9.062 0.3000000119
33684  49.138  -56.763  9.531 0.3000000119
33685  47.696  -57.091  9.304 0.3000000119
33686  46.738  -56.995  9.434 0.3000000119
33688  44.372  -57.005  9.722 0.3000000119
33689  40.055  -56.378  8.716 0.4000000060
33691  38.189  -56.410  8.773 0.6000000238
33692  37.177  -56.543  9.002 0.6000000238
33694  33.257  -56.589  8.830 0.6000000238
33696  52.506  -56.131  8.302 0.3000000119
33704  34.124  -56.605  8.310 0.6000000238
33705  33.452  -56.421  8.544 0.6000000238
33712  43.502  -57.005  6.973 0.6000000238
33713  42.560  -57.068  7.316 0.6000000238
33714  52.169  -56.285  7.627 0.4000000060
33715  51.449  -56.425  7.201 0.4000000060
33716  50.690  -56.876  7.110 0.4000000060
33717  49.100  -57.061  5.949 0.4000000060
33719  47.505  -57.014  6.136 0.4000000060
33721  46.052  -57.159  6.110 0.6000000238
34715  36.082  -55.842  15.714 0.6000000238
34723  35.874  -56.428  13.974 0.6999999881
34729  35.952  -55.756  13.381 0.6999999881
34741  47.448  -55.220  10.769 0.3000000119
34755  48.076  -55.647  10.327 0.3000000119
34757  46.030  -55.610  10.714 0.3000000119
34759  43.911  -55.829  10.683 0.3000000119
34765  33.101  -55.165  8.944 0.6999999881
34777  34.292  -55.818  8.464 0.6000000238
34785  43.349  -55.667  8.236 0.5000000000
34786  42.501  -55.799  8.306 0.5000000000
34787  41.711  -55.976  8.420 0.4000000060
34788  40.919  -56.242  8.631 0.6000000238
34790  53.030  -55.064  7.300 0.4000000060
34792  50.349  -55.816  6.264 0.4000000060
34794  48.313  -55.860  6.702 0.4000000060
34795  47.433  -55.835  6.885 0.5000000000
34796  46.578  -55.862  7.103 0.5000000000
34797  45.683  -55.905  7.255 0.5000000000
34798  44.764  -55.990  7.319 0.5000000000
34803  50.968  -56.077  6.517 0.4000000060
34805  48.778  -56.587  6.115 0.4000000060
35723  36.023  -54.480  16.502 0.4000000060
35736  36.306  -54.850  15.684 0.5000000000
35760  36.245  -54.267  12.833 0.8000000119
35781  42.106  -53.986  10.104 0.5000000000
35782  41.201  -54.225  10.330 0.5000000000
35783  40.310  -54.372  10.363 0.5000000000
35784  39.436  -54.434  10.333 0.4000000060
35785  38.554  -54.494  10.395 0.5000000000
35786  37.595  -54.461  10.411 0.6000000238
35787  36.424  -54.144  10.068 0.6000000238
35789  32.470  -54.117  8.817 0.6999999881
35795  43.228  -54.393  9.336 0.5000000000
35796  42.492  -54.572  9.430 0.5000000000
35801  34.291  -54.605  8.788 0.6000000238
35802  33.207  -54.230  8.563 0.6999999881
35806  48.184  -54.479  8.099 0.5000000000
35807  47.305  -54.574  8.288 0.5000000000
35808  46.450  -54.673  8.480 0.5000000000
35809  45.567  -54.776  8.660 0.4000000060
35812  42.882  -55.076  8.833 0.4000000060
35813  53.892  -54.148  7.025 0.3000000119
35816  50.724  -54.922  6.717 0.4000000060
35819  47.836  -55.259  7.608 0.4000000060
35820  53.364  -54.452  6.741 0.4000000060
35821  52.664  -54.937  6.775 0.4000000060
35822  52.089  -54.668  6.599 0.4000000060
36787  36.437  -53.616  13.025 0.8000000119
36788  36.040  -53.634  12.258 0.6999999881
36800  39.969  -53.080  10.957 0.5000000000
36801  39.272  -53.062  10.855 0.5000000000
36805  42.673  -53.443  10.212 0.5000000000
36809  38.461  -53.085  10.773 0.6000000238
36818  45.527  -53.450  9.483 0.6000000238
36819  44.689  -53.307  9.717 0.5000000000
36820  43.437  -53.644  9.870 0.5000000000
36824  31.600  -53.228  8.419 0.6999999881
36831  47.139  -53.221  8.981 0.5000000000
36832  46.803  -53.883  8.811 0.5000000000
36834  51.821  -53.991  6.639 0.4000000060
36838  53.872  -53.748  6.436 0.4000000060
36839  53.297  -53.728  6.332 0.4000000060
37860  36.652  -52.496  15.406 0.4000000060
37872  36.762  -52.963  14.124 0.6000000238
37910  38.813  -52.249  10.854 0.4000000060
37911  35.208  -51.964  11.563 0.6000000238
37913  32.987  -52.297  9.857 0.6999999881
37915  44.570  -52.275  10.034 0.5000000000
37923  33.373  -52.503  7.880 0.6000000238
37924  31.780  -52.694  9.217 0.6999999881
37925  31.332  -52.741  8.697 0.6999999881
37934  31.977  -52.602  7.915 0.6999999881
37945  52.333  -53.290  6.719 0.4000000060
37946  54.256  -52.412  5.929 0.3000000119
38896  40.086  -51.758  11.065 0.4000000060
38898  35.874  -51.422  11.948 0.5000000000
38913  35.734  -51.586  9.126 0.6000000238
38914  33.779  -50.981  9.888 0.5000000000
38946  54.204  -51.573  5.598 0.3000000119
39894  36.949  -50.691  13.102 0.5000000000
39920  35.783  -50.297  11.321 0.5000000000
39921  34.875  -50.653  10.591 0.5000000000
39934  33.827  -50.413  9.265 0.5000000000
39935  33.016  -51.002  8.672 0.6000000238
39987  53.624  -51.057  5.621 0.3000000119
40952  37.047  -49.242  12.494 0.4000000060
40957  36.491  -49.811  11.957 0.5000000000
145480  47.290  -68.177  9.878 0.3000000119
146275  49.592  -66.652  9.781 0.4000000060
146303  48.761  -67.145  9.925 0.4000000060
146324  44.980  -72.385  11.916 0.4000000060
146396  49.547  -66.459  9.869 0.4000000060
146399  45.082  -72.162  11.351 0.4000000060
146404  45.523  -71.525  11.957 0.4000000060
146520  48.165  -68.415  10.559 0.4000000060
146581  48.555  -65.773  9.354 0.4000000060
147459  44.163  -66.578  16.778 0.4000000060
148685  32.538  -66.030  16.018 0.5000000000
148852  42.348  -67.383  12.917 0.4000000060
148901  41.325  -62.259  9.687 0.3000000119
148931  46.321  -59.130  7.564 0.3000000119
148955  36.820  -67.430  8.750 0.6000000238
148978  39.621  -67.057  15.225 0.6000000238
149271  51.473  -56.832  9.088 0.3000000119
149361  47.595  -66.420  13.242 0.3000000119
149649  40.997  -64.916  7.187 0.6999999881
149870  36.438  -60.974  10.598 0.6000000238
149886  42.517  -68.249  12.425 0.4000000060
150082  50.222  -64.473  15.462 0.3000000119
150382  44.507  -56.305  10.181 0.3000000119
150710  47.711  -66.880  15.500 0.4000000060
151013  37.685  -60.214  8.367 0.6000000238
151235  42.271  -52.650  10.614 0.5000000000
151258  38.479  -67.688  7.268 0.6999999881
151379  51.858  -56.715  8.337 0.3000000119
151843  38.726  -59.977  8.711 0.6999999881
152534  40.944  -69.803  11.592 0.4000000060
152849  34.318  -50.078  7.926 0.5000000000
152928  42.036  -51.668  10.835 0.4000000060
153048  40.334  -72.077  21.789 0.3000000119
153091  42.344  -65.869  12.809 0.3000000119
153107  36.197  -59.454  13.059 0.6999999881
153109  45.612  -65.540  7.319 0.3000000119
153687  44.279  -57.674  9.404 0.3000000119
153818  42.691  -70.537  12.530 0.4000000060
154087  44.927  -58.686  8.696 0.3000000119
154328  41.532  -62.992  7.073 0.6000000238
154439  47.544  -68.308  10.092 0.3000000119
154859  33.877  -54.796  10.509 0.6999999881
156088  50.780  -67.234  18.027 0.3000000119
156173  42.438  -60.862  6.642 0.5000000000
156207  45.251  -55.425  10.922 0.3000000119
156470  41.980  -66.449  17.950 0.5000000000
156662  52.893  -53.303  6.385 0.3000000119
156841  49.167  -66.490  9.723 0.3000000119
157501  35.431  -59.290  7.823 0.5000000000
158151  37.580  -63.244  7.428 0.6000000238
158196  35.466  -58.873  11.947 0.6999999881
158825  43.204  -63.641  6.547 0.5000000000
158837  47.848  -67.572  13.525 0.3000000119
159212  44.265  -57.898  6.235 0.6000000238
159323  41.689  -70.282  8.896 0.3000000119
159536  35.145  -53.541  11.331 0.6999999881
160369  36.068  -53.988  16.525 0.4000000060
160609  42.354  -67.426  16.242 0.5000000000
160697  43.340  -73.089  11.559 0.4000000060
160914  36.225  -57.624  7.963 0.6000000238
160915  37.843  -57.306  8.129 0.6000000238
161223  43.464  -66.784  16.420 0.4000000060
161464  47.974  -63.549  7.148 0.4000000060
161664  49.314  -65.662  17.876 0.3000000119
161699  34.255  -66.942  13.065 0.6000000238
161711  36.367  -55.506  15.053 0.6000000238
161724  32.854  -65.588  17.105 0.4000000060
162015  36.259  -59.237  7.842 0.5000000000
162238  52.076  -55.284  6.724 0.4000000060
162565  44.394  -60.583  8.161 0.3000000119
162600  45.891  -62.710  6.475 0.6000000238
162912  35.147  -58.847  11.232 0.6000000238
163001  35.505  -57.168  15.094 0.6999999881
163397  36.281  -63.409  8.624 0.6999999881
164204  40.447  -68.849  9.170 0.5000000000
164331  38.493  -65.690  15.224 0.5000000000
164760  47.536  -55.833  10.255 0.3000000119
165985  42.840  -70.002  20.182 0.4000000060
166655  37.564  -53.090  10.640 0.6000000238
167261  46.054  -66.766  10.660 0.3000000119
167347  48.182  -67.913  10.211 0.4000000060
167390  49.672  -66.592  10.242 0.4000000060
167420  44.543  -72.702  11.904 0.4000000060
167432  48.126  -67.773  10.071 0.4000000060
168082  45.160  -69.416  10.406 0.3000000119
168263  41.727  -57.118  7.428 0.6000000238
168337  50.405  -58.059  7.950 0.4000000060
168381  35.858  -60.547  10.349 0.6000000238
168487  41.274  -68.926  16.241 0.3000000119
168629  40.763  -51.696  11.020 0.4000000060
168652  47.852  -67.860  9.825 0.4000000060
168852  35.109  -54.161  9.427 0.6000000238
168968  42.646  -65.020  7.086 0.4000000060
169089  50.265  -66.235  18.181 0.3000000119
169392  46.834  -58.737  5.806 0.4000000060
169752  35.401  -61.536  8.230 0.6000000238
169771  48.158  -68.447  10.595 0.3000000119
169841  50.385  -66.717  18.530 0.3000000119
169950  42.043  -71.586  12.443 0.4000000060
170010  36.828  -65.678  7.653 0.6999999881
170031  46.688  -68.511  13.775 0.4000000060
170144  44.829  -60.943  5.824 0.6000000238
170275  32.790  -66.830  14.156 0.4000000060
170335  44.183  -68.980  19.427 0.3000000119
170651  48.031  -64.069  7.650 0.4000000060
171092  38.792  -64.477  7.634 0.6999999881
171324  50.621  -67.207  17.378 0.3000000119
171371  50.408  -64.867  16.123 0.3000000119
172353  47.798  -57.222  6.149 0.4000000060
172560  44.070  -69.848  19.109 0.3000000119
172940  46.599  -66.631  7.984 0.4000000060
173036  39.525  -76.389  21.403 0.3000000119
173214  41.389  -63.542  6.976 0.6000000238
173795  44.790  -66.598  16.753 0.4000000060
173962  47.969  -65.788  10.132 0.3000000119
174001  40.713  -68.847  7.972 0.5000000000
174885  41.970  -58.595  7.069 0.6000000238
174953  45.382  -58.339  5.999 0.6000000238
174997  41.159  -56.967  7.688 0.4000000060
175036  36.293  -54.642  13.233 0.8000000119
175255  45.583  -66.360  17.415 0.4000000060
175462  35.585  -57.072  13.687 0.6999999881
175632  46.171  -67.683  10.336 0.3000000119
175815  36.426  -64.030  7.345 0.6999999881
176045  43.941  -66.744  14.326 0.4000000060
176109  41.526  -70.744  9.733 0.4000000060
176516  32.718  -53.025  7.713 0.6999999881
176993  42.023  -73.308  19.851 0.4000000060
177155  40.345  -65.263  7.469 0.6999999881
177313  42.288  -67.901  19.957 0.4000000060
177486  36.675  -62.824  15.737 0.6000000238
177655  42.373  -56.508  10.441 0.3000000119
177662  34.658  -58.913  17.206 0.6000000238
177695  33.420  -62.350  18.638 0.4000000060
177767  50.291  -56.431  6.263 0.4000000060
