#!ascii label  , from subject sub2 vox2ras=TkReg
1712
3942  28.620  -89.174  11.518 0.5000000000
13486  28.582  -75.815  17.290 0.6000000238
12532  26.737  -76.551  18.627 0.6000000238
13471  27.478  -76.086  17.651 0.6999999881
12533  25.928  -76.614  18.818 0.6000000238
13521  27.535  -76.100  16.031 0.6999999881
12556  26.056  -76.455  17.914 0.6000000238
9358  30.494  -79.933  10.092 0.5000000000
9383  34.412  -80.386  9.334 0.6000000238
10043  33.945  -79.924  9.600 0.6000000238
9357  31.384  -79.798  10.148 0.5000000000
7978  34.898  -82.228  9.620 0.5000000000
8672  33.991  -81.397  9.535 0.4000000060
9384  32.458  -80.207  9.588 0.5000000000
9372  31.862  -79.948  9.698 0.6000000238
9279  27.157  -80.232  17.216 0.5000000000
7280  30.249  -84.442  12.344 0.4000000060
9960  28.334  -79.338  17.440 0.5000000000
9266  25.943  -80.149  18.173 0.5000000000
176674  28.078  -78.989  17.932 0.6000000238
11647  29.497  -77.255  17.611 0.6000000238
151289  30.185  -75.620  16.268 0.6000000238
13519  30.584  -75.487  15.666 0.6999999881
167302  28.874  -76.648  17.899 0.6000000238
13520  29.764  -75.440  15.490 0.6999999881
150941  30.766  -75.161  13.606 0.6000000238
161310  29.339  -75.516  14.452 0.6999999881
13573  30.888  -75.397  12.009 0.6000000238
13558  29.867  -75.460  13.017 0.6000000238
148651  28.692  -75.697  15.118 0.6999999881
13574  29.816  -75.375  12.132 0.6999999881
12557  25.190  -76.553  18.119 0.6000000238
9341  30.392  -80.117  12.338 0.5000000000
10036  32.270  -79.664  10.378 0.6000000238
10027  31.665  -79.772  11.359 0.5000000000
8669  36.248  -81.148  9.454 0.6000000238
10049  35.410  -80.053  9.115 0.6999999881
9371  32.834  -79.907  9.759 0.6000000238
7966  34.483  -82.731  9.998 0.4000000060
10832  30.499  -78.733  15.937 0.5000000000
9972  28.636  -79.751  16.715 0.5000000000
5210  28.914  -87.331  11.885 0.5000000000
10820  29.804  -78.689  16.704 0.5000000000
12608  32.390  -76.532  15.807 0.6999999881
10819  30.498  -78.197  16.677 0.6000000238
13517  32.651  -75.749  15.404 0.6999999881
12587  30.703  -76.318  16.658 0.6000000238
11656  30.666  -77.396  16.785 0.6000000238
13500  31.053  -75.753  16.081 0.6999999881
11646  30.061  -76.783  17.202 0.6000000238
13518  31.249  -75.442  15.366 0.6999999881
171701  32.319  -75.123  12.673 0.6000000238
14559  31.610  -74.984  13.701 0.6000000238
176591  31.518  -75.467  12.054 0.6000000238
13541  30.460  -75.275  14.748 0.6000000238
151824  32.106  -75.607  10.746 0.6000000238
155682  30.871  -75.131  11.092 0.6999999881
12590  25.000  -76.797  15.908 0.6999999881
152939  23.671  -76.451  17.331 0.5000000000
13559  28.927  -75.817  13.386 0.6999999881
12625  27.591  -76.566  14.561 0.6999999881
12575  24.920  -76.776  16.838 0.6000000238
149910  34.217  -79.366  11.434 0.5000000000
170867  32.253  -79.593  11.525 0.5000000000
154376  31.915  -79.564  12.342 0.5000000000
10033  36.026  -79.533  10.421 0.6999999881
166360  33.480  -79.535  11.015 0.6000000238
8660  36.688  -81.366  10.157 0.5000000000
9370  36.867  -80.477  9.975 0.6999999881
152307  36.544  -79.908  9.950 0.6999999881
10042  34.831  -79.835  9.480 0.6000000238
153472  34.074  -79.672  10.262 0.6000000238
146984  35.228  -81.866  11.195 0.4000000060
7945  35.845  -82.256  10.230 0.4000000060
8661  36.132  -82.036  9.747 0.5000000000
155245  31.349  -78.412  15.572 0.5000000000
175670  32.926  -76.864  15.728 0.5000000000
11670  32.617  -77.456  15.740 0.5000000000
10818  31.104  -78.012  16.350 0.5000000000
13538  33.754  -75.327  14.746 0.6000000238
11654  31.982  -77.082  16.116 0.5000000000
13556  33.746  -75.102  13.780 0.6999999881
13585  35.202  -75.498  11.666 0.6000000238
14568  33.785  -75.194  12.805 0.6999999881
14557  32.917  -74.953  14.242 0.6999999881
148126  34.533  -75.693  10.776 0.6000000238
13570  34.044  -75.598  11.859 0.6000000238
14579  32.990  -75.015  13.180 0.6999999881
13609  35.034  -75.369  8.249 0.6999999881
13586  33.431  -75.723  11.166 0.6000000238
13571  32.997  -75.373  12.146 0.6000000238
13615  33.781  -75.180  7.853 0.6000000238
147751  34.181  -75.602  8.720 0.6999999881
149584  32.852  -75.615  10.457 0.6999999881
14605  32.533  -74.752  7.936 0.6000000238
13616  32.946  -75.206  8.121 0.6000000238
13601  32.241  -75.430  9.765 0.6999999881
13488  24.047  -75.803  16.426 0.6000000238
13611  31.601  -75.299  9.091 0.6999999881
174793  26.156  -76.850  14.851 0.6999999881
12591  24.424  -76.366  16.270 0.6000000238
14612  31.283  -74.042  7.714 0.6999999881
13618  31.152  -74.952  8.697 0.6000000238
13612  30.723  -75.065  9.393 0.8000000119
13589  30.111  -75.050  11.247 0.6999999881
13576  28.338  -75.918  12.753 0.6999999881
12637  27.414  -76.712  13.870 0.6999999881
10025  33.332  -79.387  11.947 0.6000000238
9368  38.359  -79.782  10.725 0.6999999881
10032  37.151  -79.416  10.571 0.6999999881
10034  35.004  -79.536  10.302 0.6000000238
8645  38.129  -81.251  11.157 0.5000000000
9356  38.436  -80.640  10.864 0.6999999881
154277  36.306  -81.590  11.306 0.4000000060
168101  36.401  -81.806  10.369 0.5000000000
10851  32.507  -78.521  14.502 0.5000000000
10852  31.650  -78.751  14.719 0.5000000000
10830  32.788  -78.098  15.245 0.5000000000
12607  34.009  -76.369  15.474 0.6000000238
165854  36.046  -75.387  13.096 0.6000000238
13515  34.500  -75.847  15.106 0.6999999881
155621  33.186  -76.350  15.592 0.6999999881
13569  36.121  -75.446  12.131 0.6999999881
13537  34.522  -75.399  14.283 0.6999999881
148971  36.923  -75.738  9.897 0.6000000238
13584  36.476  -75.590  10.954 0.6000000238
172583  34.530  -75.309  12.532 0.6999999881
149445  35.850  -74.114  9.196 0.6999999881
14597  36.272  -74.949  8.694 0.6999999881
13598  36.466  -75.486  9.242 0.6999999881
14517  24.311  -74.960  17.065 0.6000000238
15558  35.135  -74.257  8.422 0.6000000238
15563  35.338  -74.760  8.050 0.6999999881
13599  35.145  -75.610  9.325 0.6999999881
17532  32.389  -71.882  8.218 0.6000000238
15566  33.144  -73.277  7.716 0.6000000238
15560  33.329  -73.286  8.529 0.6000000238
14608  34.468  -74.631  7.752 0.6000000238
14603  35.116  -74.856  7.858 0.6999999881
14534  24.468  -75.501  16.243 0.6000000238
165557  32.463  -72.949  7.352 0.6000000238
15570  33.593  -74.158  7.695 0.6000000238
165127  27.416  -75.710  12.888 0.6999999881
14561  26.126  -75.789  14.078 0.6000000238
12611  25.447  -76.490  15.368 0.6999999881
13503  24.700  -76.135  15.806 0.6000000238
16563  32.280  -72.038  7.303 0.5000000000
15572  31.766  -73.224  7.251 0.6000000238
15568  30.608  -74.028  8.139 0.8000000119
14599  29.532  -74.466  9.314 0.8000000119
13605  28.632  -74.968  10.670 0.8000000119
13591  28.390  -75.309  11.409 0.8000000119
178144  27.884  -76.238  13.072 0.6999999881
12638  26.850  -76.667  13.851 0.6999999881
14598  30.349  -74.719  8.997 0.8000000119
13604  29.476  -74.917  10.484 0.8000000119
10023  36.372  -79.276  11.364 0.6999999881
10876  35.674  -79.101  12.430 0.6999999881
171282  34.663  -79.123  12.486 0.6999999881
10011  32.283  -79.222  13.082 0.6000000238
9339  39.225  -80.102  12.133 0.6999999881
10010  33.131  -79.076  13.003 0.6000000238
8610  38.702  -80.672  12.506 0.6000000238
10863  32.627  -78.882  13.687 0.5000000000
148806  33.255  -78.563  13.948 0.5000000000
19462  19.765  -68.478  19.055 0.6000000238
11685  34.799  -77.671  14.758 0.5000000000
18434  19.682  -69.571  19.305 0.5000000000
11667  35.208  -76.973  15.071 0.5000000000
17460  22.306  -70.735  18.293 0.6000000238
13535  37.168  -75.956  13.956 0.6999999881
12605  35.348  -76.306  15.037 0.6000000238
13568  37.322  -75.593  11.405 0.6999999881
148453  36.090  -75.688  13.888 0.6999999881
16464  24.512  -72.505  18.476 0.6000000238
14593  37.800  -74.857  9.988 0.6999999881
13583  37.652  -75.627  10.300 0.6000000238
16541  35.181  -73.143  11.510 0.6999999881
15544  36.202  -73.419  10.970 0.6999999881
14596  37.058  -74.866  9.321 0.6999999881
15462  25.159  -73.829  17.991 0.6000000238
16463  25.231  -73.003  18.092 0.6000000238
15551  34.699  -73.751  9.589 0.6000000238
15556  36.594  -74.500  9.159 0.6999999881
15509  26.719  -74.036  15.689 0.6000000238
15464  23.696  -73.839  18.696 0.6000000238
16543  32.423  -72.754  11.211 0.6000000238
15552  33.512  -73.373  9.836 0.6000000238
14544  26.870  -74.303  14.712 0.6999999881
14545  26.239  -75.186  15.036 0.6000000238
14533  25.030  -75.337  15.962 0.6000000238
16556  32.714  -72.641  8.499 0.6000000238
14601  27.799  -73.982  9.909 0.6000000238
14595  27.457  -74.308  10.606 0.6000000238
14580  27.421  -74.865  12.257 0.6999999881
14570  27.198  -75.201  13.167 0.6000000238
13523  25.260  -75.889  15.212 0.6000000238
16557  29.069  -73.007  8.855 0.6000000238
164635  28.184  -74.581  10.232 0.8000000119
15569  30.038  -73.392  8.449 0.6000000238
14600  28.662  -74.261  9.592 0.6999999881
13592  27.891  -75.295  11.705 0.8000000119
10021  38.409  -78.955  11.417 0.6999999881
10875  37.492  -78.937  12.483 0.6999999881
9324  39.730  -79.567  13.451 0.6999999881
10030  38.639  -79.363  11.357 0.6999999881
10862  35.121  -78.770  13.418 0.6000000238
174629  34.660  -78.306  14.059 0.6000000238
20446  20.354  -67.898  19.364 0.6000000238
21377  19.047  -67.114  20.236 0.6000000238
166757  20.922  -68.839  18.473 0.6000000238
164266  19.841  -67.998  19.239 0.6000000238
19460  21.106  -69.280  18.316 0.5000000000
13552  38.513  -75.732  13.175 0.6999999881
11666  36.080  -76.870  14.895 0.6999999881
17470  22.436  -70.569  17.100 0.4000000060
18444  21.216  -69.839  18.304 0.5000000000
159065  38.722  -75.372  11.360 0.6999999881
13566  39.135  -75.392  12.189 0.8000000119
17459  23.161  -71.241  18.186 0.5000000000
13581  38.539  -75.245  10.952 0.6000000238
13553  37.098  -75.631  13.183 0.6999999881
17458  23.936  -71.741  17.938 0.6000000238
148176  37.216  -73.835  10.512 0.6999999881
15548  37.894  -74.364  10.381 0.6999999881
16510  26.260  -72.640  14.943 0.6999999881
16474  25.616  -72.686  17.250 0.6000000238
16530  34.082  -72.477  12.893 0.6999999881
16529  35.075  -72.693  12.559 0.6999999881
160587  25.896  -72.510  13.938 0.5000000000
15480  26.051  -73.410  17.040 0.6000000238
16532  32.693  -72.553  12.521 0.6000000238
162522  33.033  -72.760  11.885 0.6000000238
15545  34.315  -73.321  10.788 0.6999999881
155877  26.727  -73.426  15.235 0.6999999881
169764  32.300  -72.660  11.907 0.6000000238
16549  33.269  -73.101  11.066 0.6000000238
15546  26.716  -73.844  10.998 0.5000000000
15530  26.690  -73.209  13.569 0.6000000238
15553  32.742  -73.020  9.359 0.6000000238
16558  28.269  -72.531  9.226 0.6000000238
15554  27.074  -73.467  10.435 0.5000000000
15537  27.262  -74.202  12.533 0.6999999881
17538  28.903  -72.004  8.647 0.6000000238
10873  39.773  -78.750  12.793 0.6999999881
10874  38.623  -78.784  12.578 0.6999999881
10860  37.433  -78.486  13.439 0.6000000238
10849  35.547  -78.258  14.225 0.6000000238
20427  20.680  -67.719  20.166 0.4000000060
21360  19.499  -67.233  20.753 0.5000000000
11683  36.701  -77.423  14.431 0.6000000238
20463  21.787  -68.751  18.347 0.5000000000
21378  18.136  -66.946  20.375 0.6000000238
12622  38.468  -76.865  14.240 0.6999999881
12636  39.117  -76.045  13.808 0.6999999881
11684  35.804  -77.554  14.666 0.6000000238
18452  22.072  -70.113  17.046 0.5000000000
14577  39.395  -75.034  12.217 0.6999999881
155592  22.982  -70.986  15.811 0.4000000060
16506  34.471  -72.450  14.668 0.6999999881
15528  35.878  -72.854  13.707 0.6999999881
15527  36.783  -73.449  13.128 0.6999999881
17468  23.914  -71.504  16.831 0.6000000238
155757  33.889  -71.983  14.831 0.6999999881
16505  35.055  -72.488  14.005 0.6999999881
147258  36.752  -73.381  11.497 0.6999999881
15535  37.287  -73.601  12.076 0.6999999881
17491  23.965  -71.502  14.592 0.5000000000
17467  24.838  -71.921  16.687 0.5000000000
16518  33.257  -72.394  13.278 0.6000000238
175355  33.980  -72.344  13.586 0.6999999881
16517  34.654  -72.464  13.439 0.6999999881
16540  35.902  -73.015  11.900 0.6999999881
16511  24.881  -71.926  14.251 0.5000000000
16521  30.786  -72.115  13.647 0.5000000000
16509  31.583  -72.131  14.367 0.6000000238
16531  33.423  -72.597  12.519 0.6000000238
10859  39.595  -78.405  13.599 0.6999999881
153686  38.657  -78.286  13.444 0.6999999881
20406  20.288  -67.657  21.048 0.4000000060
12621  39.469  -76.921  14.772 0.6999999881
10847  37.489  -77.857  13.958 0.6999999881
20407  19.425  -67.532  21.470 0.4000000060
11681  39.218  -77.207  14.408 0.6999999881
159876  17.823  -67.685  21.598 0.6000000238
14555  39.259  -75.045  13.993 0.8000000119
12635  39.235  -75.924  14.184 0.6999999881
14541  37.495  -74.557  14.627 0.6000000238
14556  38.494  -74.549  13.777 0.6000000238
17423  17.164  -71.066  22.073 0.6000000238
15519  35.301  -72.987  14.576 0.6999999881
177505  36.441  -73.436  13.891 0.6999999881
15526  38.142  -74.116  12.736 0.6000000238
16494  33.881  -72.066  15.411 0.6000000238
17487  33.161  -71.327  15.661 0.6000000238
15435  17.235  -73.668  21.829 0.5000000000
17497  32.497  -71.695  15.092 0.6000000238
17496  33.298  -71.750  14.913 0.6999999881
17489  31.065  -71.207  15.917 0.5000000000
13512  39.516  -75.959  14.783 0.6999999881
20388  19.225  -68.106  22.300 0.4000000060
14540  38.605  -75.160  14.742 0.8000000119
20390  17.658  -68.439  21.883 0.5000000000
14542  36.747  -74.536  15.488 0.8000000119
165402  17.882  -70.755  22.404 0.4000000060
19386  18.602  -69.336  22.720 0.4000000060
16420  17.537  -72.174  22.156 0.4000000060
18404  17.548  -70.094  22.052 0.5000000000
175743  33.004  -71.655  16.662 0.6000000238
15507  34.579  -72.933  15.237 0.6000000238
15506  35.232  -73.614  15.471 0.6999999881
15409  18.176  -73.226  23.186 0.4000000060
17466  32.173  -70.609  17.316 0.6000000238
17475  33.443  -71.462  15.813 0.6000000238
14446  16.579  -74.786  22.641 0.4000000060
16433  17.045  -72.746  21.418 0.6000000238
17488  32.390  -70.986  16.013 0.6000000238
17478  31.804  -70.452  16.608 0.5000000000
18457  31.244  -70.046  17.092 0.5000000000
19360  19.128  -69.513  23.151 0.4000000060
13514  38.172  -75.494  15.709 0.8000000119
18388  18.817  -70.099  23.161 0.4000000060
14528  37.357  -75.136  16.086 0.6999999881
17412  18.024  -71.516  22.554 0.4000000060
15493  34.466  -73.809  16.696 0.6000000238
15505  35.897  -73.825  15.023 0.6999999881
16482  33.505  -71.964  16.190 0.6000000238
15494  33.577  -73.324  16.674 0.6000000238
15393  18.157  -73.327  24.087 0.4000000060
14434  17.059  -74.325  23.163 0.4000000060
18442  31.762  -70.198  17.783 0.6000000238
14435  16.282  -74.698  23.477 0.4000000060
18443  31.394  -69.787  18.270 0.4000000060
18387  19.396  -69.980  23.678 0.4000000060
14529  36.559  -74.858  16.537 0.6999999881
17402  19.125  -70.975  23.717 0.4000000060
167686  34.051  -73.891  17.416 0.6999999881
14531  35.165  -74.277  17.048 0.6000000238
16409  18.527  -72.600  23.662 0.4000000060
17456  32.125  -71.662  17.704 0.6000000238
16461  32.214  -72.687  18.194 0.6000000238
14419  16.846  -74.225  23.999 0.4000000060
167999  31.355  -70.586  18.584 0.6000000238
14420  15.979  -74.360  24.215 0.3000000119
18431  30.572  -69.642  19.758 0.4000000060
150431  30.926  -69.363  18.800 0.4000000060
19419  30.491  -68.999  20.336 0.4000000060
16397  18.534  -72.669  24.561 0.4000000060
16398  17.886  -73.145  24.939 0.4000000060
17444  31.270  -71.615  18.997 0.6000000238
18425  30.499  -70.532  20.072 0.6000000238
18416  30.373  -70.208  21.591 0.6000000238
20402  31.119  -68.303  21.504 0.4000000060
21349  31.776  -68.140  21.906 0.5000000000
22402  31.751  -67.011  21.448 0.4000000060
18378  12.656  -70.493  24.457 0.3000000119
22400  32.994  -66.577  21.348 0.4000000060
18348  19.566  -70.695  26.870 0.4000000060
18363  14.046  -70.459  26.049 0.3000000119
19346  10.773  -69.186  24.301 0.4000000060
18339  20.062  -70.134  27.276 0.4000000060
18341  18.245  -70.214  27.563 0.4000000060
19313  15.242  -69.975  26.672 0.3000000119
150373  15.850  -70.235  26.808 0.3000000119
19344  12.520  -69.688  24.453 0.3000000119
18364  13.319  -70.499  25.418 0.3000000119
19345  12.058  -69.494  24.034 0.3000000119
19303  18.715  -69.334  27.855 0.4000000060
19304  17.703  -69.453  27.687 0.4000000060
18342  17.361  -70.243  27.377 0.4000000060
19327  13.553  -69.664  25.889 0.3000000119
19328  12.819  -69.202  25.356 0.3000000119
23433  8.691  -66.076  25.453 0.4000000060
24518  7.592  -64.105  24.846 0.3000000119
25639  8.042  -63.168  23.902 0.3000000119
156370  12.284  -68.920  24.665 0.3000000119
20360  11.587  -68.773  24.413 0.3000000119
20326  17.195  -68.654  27.446 0.4000000060
19305  16.837  -69.449  27.231 0.4000000060
19312  15.957  -69.435  26.753 0.3000000119
162678  15.115  -69.174  26.430 0.3000000119
20339  14.194  -68.984  26.286 0.3000000119
21332  9.679  -66.867  24.822 0.3000000119
20351  12.554  -68.319  25.542 0.3000000119
23452  8.559  -64.933  24.731 0.3000000119
20359  11.856  -68.153  24.986 0.3000000119
23470  9.907  -65.387  22.234 0.4000000060
24548  8.655  -64.149  22.986 0.3000000119
162776  9.881  -65.116  21.714 0.3000000119
24560  8.885  -63.894  22.593 0.3000000119
20336  16.441  -68.631  26.882 0.4000000060
20337  15.700  -68.508  26.416 0.4000000060
20338  14.909  -68.394  26.170 0.3000000119
172713  10.048  -66.224  23.814 0.4000000060
20349  13.973  -68.147  26.148 0.3000000119
22376  10.524  -66.648  24.123 0.3000000119
23461  9.817  -65.563  23.072 0.4000000060
22384  10.345  -65.997  23.404 0.4000000060
24569  10.195  -64.624  21.253 0.3000000119
21305  16.268  -67.711  26.477 0.4000000060
21314  15.821  -66.954  25.983 0.4000000060
21315  15.042  -67.137  25.610 0.4000000060
176120  13.722  -66.440  25.399 0.4000000060
22362  12.966  -66.752  25.693 0.3000000119
23449  11.952  -65.823  24.723 0.3000000119
23450  11.134  -65.845  23.620 0.3000000119
24546  11.399  -64.926  23.299 0.3000000119
163046  11.414  -64.701  22.583 0.5000000000
23460  10.133  -65.576  22.662 0.4000000060
23469  10.090  -65.340  21.987 0.4000000060
171334  10.949  -64.165  19.891 0.3000000119
22359  16.277  -66.229  25.757 0.4000000060
22361  14.588  -66.475  25.277 0.4000000060
22373  14.039  -65.892  24.881 0.3000000119
24532  12.937  -64.848  23.975 0.3000000119
24544  13.431  -64.472  23.110 0.3000000119
25649  14.558  -63.764  21.947 0.3000000119
23432  12.881  -65.887  25.250 0.3000000119
23448  13.435  -65.328  24.573 0.3000000119
24545  12.255  -64.530  23.145 0.3000000119
24556  12.808  -64.005  22.165 0.3000000119
25650  13.633  -63.686  21.531 0.3000000119
24533  11.956  -65.066  24.064 0.3000000119
24566  11.872  -64.314  21.200 0.3000000119
24567  11.078  -64.584  20.427 0.3000000119
26874  11.398  -63.186  20.194 0.3000000119
23403  18.608  -65.609  27.242 0.3000000119
23419  17.433  -65.687  26.194 0.3000000119
23430  16.883  -65.556  25.452 0.3000000119
23445  16.531  -64.980  24.693 0.3000000119
25637  15.804  -63.884  23.156 0.3000000119
25661  15.157  -63.381  21.416 0.3000000119
23431  16.019  -65.704  25.118 0.3000000119
24531  15.197  -65.021  24.178 0.3000000119
24543  14.632  -64.757  23.619 0.3000000119
24554  14.779  -64.303  22.827 0.3000000119
25662  14.325  -63.438  20.934 0.3000000119
25663  13.375  -63.536  20.451 0.3000000119
174016  11.824  -64.226  20.351 0.3000000119
25672  13.074  -63.379  19.633 0.3000000119
24577  11.492  -64.169  19.917 0.3000000119
25674  11.485  -64.071  19.838 0.3000000119
23402  19.149  -65.030  27.648 0.3000000119
23429  17.547  -64.983  25.664 0.3000000119
160765  17.145  -64.837  25.081 0.3000000119
24529  16.568  -64.229  24.127 0.3000000119
25647  16.253  -63.358  22.730 0.3000000119
26861  14.801  -63.083  20.465 0.3000000119
25671  14.072  -63.342  19.855 0.3000000119
25679  12.941  -63.185  19.287 0.3000000119
28068  11.593  -62.033  20.681 0.3000000119
26849  15.947  -63.147  21.880 0.3000000119
162814  15.515  -62.798  21.091 0.3000000119
26885  14.173  -62.236  18.628 0.3000000119
26886  13.547  -62.487  18.821 0.3000000119
26887  12.812  -62.635  19.244 0.3000000119
28080  12.598  -61.646  19.554 0.3000000119
171251  16.362  -61.928  21.468 0.3000000119
26870  15.750  -62.093  20.772 0.3000000119
26871  15.005  -62.035  19.667 0.3000000119
155635  16.673  -62.064  22.234 0.3000000119
28078  16.167  -61.447  21.041 0.3000000119
28079  15.467  -61.436  20.168 0.3000000119
28090  14.827  -61.316  18.920 0.3000000119
28091  14.359  -61.423  18.374 0.3000000119
28092  13.944  -61.630  18.237 0.3000000119
29262  13.186  -60.918  19.048 0.3000000119
4567  28.778  -88.275  11.818 0.5000000000
5216  28.950  -86.403  11.293 0.5000000000
5903  29.327  -85.702  11.518 0.4000000060
13502  28.209  -75.666  16.495 0.6999999881
12588  26.588  -76.794  15.699 0.6999999881
7947  33.976  -82.943  10.294 0.4000000060
5897  29.501  -85.780  12.628 0.5000000000
11669  33.486  -77.085  15.561 0.5000000000
13600  33.852  -75.589  10.010 0.6000000238
13565  39.439  -75.217  12.761 0.8000000119
12623  37.163  -76.728  14.388 0.6999999881
14578  39.002  -74.547  12.094 0.6000000238
16516  35.372  -72.627  13.308 0.6999999881
152887  17.567  -73.051  22.056 0.4000000060
17479  30.513  -70.719  16.428 0.5000000000
17457  31.738  -71.122  18.133 0.6000000238
18448  31.510  -69.784  17.628 0.4000000060
15479  32.768  -73.179  17.846 0.6000000238
16451  30.870  -71.957  19.806 0.6000000238
15380  16.110  -73.260  25.168 0.3000000119
20403  30.662  -68.610  21.003 0.4000000060
171957  30.804  -68.943  21.594 0.4000000060
18340  19.189  -70.187  27.494 0.4000000060
22349  16.595  -66.772  26.314 0.3000000119
23418  18.093  -65.124  26.443 0.3000000119
14498  33.176  -74.054  19.315 0.5000000000
14496  34.605  -74.700  18.610 0.5000000000
14511  36.109  -74.943  17.217 0.6999999881
13483  36.590  -75.454  17.176 0.6999999881
12604  39.403  -76.198  15.253 0.6000000238
14514  34.079  -74.134  18.258 0.5000000000
14513  34.755  -74.374  17.722 0.6000000238
13482  37.225  -75.409  16.533 0.6000000238
9983  39.581  -78.905  14.654 0.6000000238
10019  39.881  -79.018  12.726 0.6000000238
160226  36.180  -75.828  17.711 0.6999999881
11653  38.002  -77.308  16.472 0.6000000238
10828  39.524  -78.221  14.838 0.6000000238
12569  36.700  -76.240  17.358 0.6999999881
11652  38.928  -76.845  15.736 0.6000000238
10858  39.770  -78.740  13.360 0.6000000238
15447  31.812  -73.351  19.929 0.5000000000
11631  35.337  -76.768  18.137 0.6999999881
10804  37.235  -77.721  17.008 0.6999999881
9967  38.349  -78.918  15.844 0.6000000238
9984  39.003  -79.424  15.210 0.6000000238
12551  34.794  -76.213  18.610 0.6000000238
12570  36.061  -76.485  17.781 0.6999999881
10829  39.217  -78.530  15.322 0.6000000238
13456  32.877  -75.410  19.670 0.6000000238
16432  30.544  -72.536  21.553 0.5000000000
15461  32.658  -73.435  18.790 0.5000000000
12552  33.966  -76.584  18.799 0.6999999881
10805  36.417  -78.039  17.251 0.6000000238
161911  39.206  -80.349  14.054 0.6000000238
17410  30.519  -71.444  22.838 0.5000000000
16440  31.286  -72.919  20.333 0.5000000000
19355  31.904  -69.878  23.267 0.5000000000
148131  30.394  -71.943  22.159 0.5000000000
20380  32.815  -68.720  22.361 0.4000000060
151910  24.875  -77.151  19.763 0.4000000060
12554  28.229  -76.317  18.046 0.4000000060
11618  26.553  -77.132  19.171 0.4000000060
11636  27.771  -77.482  18.720 0.5000000000
10797  28.336  -77.860  18.417 0.5000000000
10785  27.142  -77.849  19.095 0.5000000000
153667  30.375  -71.092  21.907 0.5000000000
10812  27.728  -78.547  18.495 0.5000000000
9268  24.257  -80.608  18.719 0.6000000238
19379  31.564  -69.366  22.648 0.4000000060
10810  29.388  -78.222  17.517 0.5000000000
9945  27.127  -79.269  18.479 0.5000000000
9267  25.117  -80.355  18.391 0.5000000000
152826  24.626  -77.838  20.145 0.5000000000
10786  26.362  -78.057  19.479 0.5000000000
10787  24.648  -78.581  20.019 0.5000000000
9929  26.052  -79.029  19.451 0.5000000000
153611  24.125  -79.164  19.906 0.5000000000
10798  26.882  -78.774  19.102 0.5000000000
9930  25.057  -79.330  19.646 0.5000000000
9948  24.907  -80.059  19.116 0.5000000000
19380  30.762  -69.567  22.165 0.5000000000
9947  25.622  -79.781  18.983 0.5000000000
20399  34.035  -68.578  21.582 0.4000000060
20381  32.059  -68.693  22.359 0.4000000060
20422  34.507  -68.004  21.085 0.4000000060
12577  23.233  -76.029  17.106 0.5000000000
172493  22.536  -78.882  20.053 0.5000000000
17433  30.542  -71.435  20.357 0.5000000000
20382  31.334  -68.824  22.062 0.4000000060
14518  23.508  -75.144  16.929 0.5000000000
14502  22.389  -74.424  17.565 0.5000000000
15496  21.290  -74.083  16.943 0.5000000000
13490  22.767  -75.439  17.049 0.5000000000
160128  33.687  -67.826  21.462 0.4000000060
14501  23.291  -74.484  17.805 0.5000000000
14503  21.597  -74.083  17.744 0.5000000000
15465  22.839  -73.927  18.767 0.5000000000
15467  20.960  -73.745  18.794 0.5000000000
15482  20.803  -73.819  17.574 0.5000000000
15497  20.700  -73.888  16.582 0.4000000060
15451  21.284  -73.298  19.775 0.5000000000
15468  20.029  -73.432  18.411 0.6000000238
16485  19.175  -72.893  16.755 0.6000000238
15449  23.212  -73.183  19.291 0.5000000000
16454  21.182  -72.457  20.203 0.5000000000
15452  20.256  -73.178  19.443 0.5000000000
16467  18.742  -72.278  18.497 0.6000000238
16477  18.542  -72.199  17.276 0.6000000238
16486  18.604  -72.110  15.993 0.6000000238
16497  19.152  -72.862  15.525 0.5000000000
16512  18.854  -72.233  13.914 0.5000000000
151200  18.896  -70.745  12.540 0.5000000000
16453  22.798  -72.459  19.603 0.5000000000
17448  21.425  -71.530  19.933 0.5000000000
17434  20.103  -71.312  20.049 0.5000000000
16457  18.952  -71.963  19.439 0.5000000000
17450  18.511  -71.020  19.629 0.6000000238
17461  18.302  -71.733  18.034 0.6000000238
17483  18.278  -71.327  16.242 0.6000000238
16498  18.621  -71.828  14.843 0.6000000238
17493  18.338  -70.643  14.818 0.5000000000
17473  16.035  -71.526  17.431 0.5000000000
18488  17.858  -69.573  12.865 0.5000000000
17446  23.163  -71.657  19.224 0.5000000000
148041  21.029  -70.453  19.431 0.5000000000
18426  19.573  -70.643  19.827 0.6000000238
163894  17.880  -69.523  19.417 0.6000000238
19443  17.118  -69.160  19.032 0.6000000238
18446  17.428  -70.151  18.386 0.6000000238
19463  16.619  -68.914  17.976 0.6000000238
17472  17.527  -70.356  17.133 0.6000000238
18454  17.119  -69.253  16.905 0.6000000238
17484  18.010  -70.065  15.666 0.6000000238
18463  17.740  -68.681  14.626 0.5000000000
18471  18.483  -69.491  13.377 0.5000000000
18472  17.842  -69.300  13.918 0.5000000000
19488  16.063  -68.084  14.472 0.5000000000
18473  17.003  -69.086  14.115 0.5000000000
169686  16.251  -69.666  14.875 0.5000000000
19441  18.737  -69.094  19.252 0.6000000238
19442  17.850  -68.371  19.300 0.6000000238
20466  16.077  -67.770  18.833 0.6000000238
21400  15.066  -67.471  18.665 0.6000000238
20474  15.826  -67.955  17.403 0.6000000238
20475  15.326  -67.716  16.604 0.6000000238
21401  14.751  -67.600  17.745 0.6000000238
20483  16.593  -67.428  14.844 0.5000000000
20485  15.182  -67.776  15.911 0.5000000000
19495  16.838  -67.991  14.620 0.5000000000
19477  14.510  -68.463  16.974 0.5000000000
19465  14.323  -69.156  18.004 0.6000000238
18464  15.798  -69.565  15.818 0.5000000000
17474  15.788  -70.569  17.013 0.5000000000
17464  15.416  -71.752  18.593 0.5000000000
14504  15.303  -74.519  18.321 0.5000000000
21411  15.792  -67.577  19.149 0.6000000238
160083  14.951  -68.383  19.590 0.6000000238
20450  14.524  -67.819  18.427 0.6000000238
19478  14.355  -68.226  17.403 0.6000000238
155679  14.856  -71.032  19.177 0.6000000238
16468  15.805  -72.794  18.592 0.5000000000
20428  16.036  -68.056  20.543 0.6000000238
18438  14.414  -69.327  18.825 0.6000000238
17452  15.123  -72.005  19.406 0.6000000238
14486  15.787  -74.149  19.389 0.5000000000
18417  16.856  -70.169  21.542 0.6000000238
19425  15.996  -69.153  20.760 0.6000000238
18418  16.170  -70.164  20.987 0.6000000238
18427  15.295  -70.051  20.317 0.6000000238
18437  14.731  -70.411  19.490 0.6000000238
168801  15.845  -73.288  20.012 0.5000000000
17424  16.417  -70.971  21.398 0.6000000238
154196  15.616  -71.758  20.530 0.6000000238
16434  16.302  -72.153  20.921 0.6000000238
165264  15.225  -72.087  20.007 0.6000000238
14473  16.313  -74.444  20.761 0.6000000238
156034  16.135  -75.359  21.290 0.5000000000
13416  16.255  -75.252  22.125 0.4000000060
11664  39.508  -77.684  14.752 0.6000000238
13499  37.859  -75.719  16.278 0.6999999881
16450  31.411  -72.540  19.540 0.5000000000
157626  31.072  -72.464  20.073 0.5000000000
18386  31.527  -70.681  23.660 0.5000000000
18402  31.137  -70.087  22.980 0.5000000000
160278  23.444  -79.820  19.616 0.6000000238
17451  18.001  -70.849  18.998 0.6000000238
18436  17.910  -70.239  19.282 0.6000000238
19487  17.259  -68.077  15.069 0.6000000238
19496  15.748  -67.593  14.939 0.5000000000
19426  15.384  -68.767  20.168 0.6000000238
19445  14.733  -69.259  19.593 0.6000000238
16444  15.858  -72.552  20.328 0.6000000238
15443  16.027  -74.041  20.158 0.6000000238
3359  28.901  -90.028  12.035 0.4000000060
4530  30.783  -88.789  14.462 0.5000000000
3899  31.573  -88.916  13.899 0.5000000000
3332  30.446  -89.235  13.522 0.4000000060
3927  29.820  -89.251  12.812 0.4000000060
3917  30.304  -88.844  13.089 0.4000000060
3928  29.189  -89.260  12.274 0.4000000060
3898  32.969  -88.155  14.520 0.5000000000
4508  32.016  -88.741  15.031 0.5000000000
5182  31.802  -87.709  13.575 0.5000000000
5183  30.574  -86.818  13.865 0.5000000000
5198  29.277  -87.286  12.987 0.4000000060
4527  33.736  -87.395  14.376 0.5000000000
5167  33.300  -86.853  14.110 0.5000000000
5168  31.443  -86.481  14.289 0.5000000000
5169  30.574  -85.718  14.213 0.5000000000
157670  29.413  -86.505  13.144 0.4000000060
160831  30.256  -85.171  13.761 0.4000000060
5166  34.234  -86.507  13.858 0.5000000000
159492  34.045  -86.181  13.760 0.5000000000
150594  33.920  -85.271  14.457 0.5000000000
5874  32.681  -86.060  14.398 0.5000000000
5875  31.379  -85.293  14.485 0.5000000000
167838  29.881  -85.104  13.080 0.4000000060
8611  37.985  -80.993  12.835 0.5000000000
8630  37.459  -81.399  11.923 0.4000000060
8631  36.400  -81.298  12.515 0.4000000060
8613  35.957  -81.144  13.504 0.4000000060
154751  35.292  -81.267  12.518 0.4000000060
8647  34.162  -81.951  11.251 0.4000000060
6600  32.381  -84.551  14.482 0.5000000000
8616  32.979  -81.915  12.556 0.4000000060
7931  32.320  -82.407  12.162 0.4000000060
7279  30.997  -83.852  11.656 0.4000000060
6599  33.483  -84.218  14.624 0.4000000060
7261  31.822  -83.422  14.236 0.5000000000
7271  30.700  -83.649  13.066 0.4000000060
6617  30.886  -83.829  13.969 0.4000000060
8594  37.625  -80.684  13.875 0.4000000060
8614  34.956  -81.303  13.775 0.4000000060
152549  34.268  -81.400  13.027 0.4000000060
6587  33.773  -84.336  15.041 0.4000000060
7919  32.672  -82.224  13.324 0.4000000060
7920  31.668  -82.488  13.006 0.4000000060
7248  33.625  -83.369  14.938 0.4000000060
7260  32.668  -82.948  14.247 0.4000000060
7906  33.010  -82.547  14.040 0.4000000060
7270  31.313  -83.103  13.520 0.4000000060
9326  38.601  -80.615  13.533 0.5000000000
171000  37.733  -80.404  15.339 0.4000000060
9302  36.779  -80.575  15.731 0.4000000060
9287  35.860  -80.815  16.017 0.4000000060
8576  35.332  -81.305  15.478 0.4000000060
8597  34.802  -81.611  14.724 0.4000000060
7890  34.194  -82.152  14.757 0.4000000060
8615  33.511  -81.787  13.222 0.4000000060
7239  33.346  -83.634  15.787 0.4000000060
7878  33.592  -82.799  15.629 0.4000000060
7918  33.549  -82.152  13.950 0.4000000060
9985  38.036  -79.774  15.626 0.5000000000
9986  37.189  -80.094  16.141 0.5000000000
9968  37.474  -79.320  16.359 0.6000000238
9286  36.340  -80.315  16.463 0.5000000000
8558  34.912  -81.065  16.335 0.4000000060
9289  34.149  -80.964  17.018 0.4000000060
8543  33.378  -81.565  17.099 0.4000000060
174901  32.170  -82.116  17.846 0.4000000060
9970  35.708  -79.823  16.978 0.4000000060
10806  35.608  -78.290  17.439 0.5000000000
9958  34.694  -79.523  17.384 0.4000000060
9276  34.091  -80.241  17.460 0.4000000060
10808  34.017  -78.864  17.737 0.5000000000
10795  32.492  -78.779  18.507 0.4000000060
171535  33.346  -80.037  17.863 0.4000000060
9265  31.830  -80.310  18.736 0.4000000060
11633  33.661  -77.474  18.513 0.6000000238
11632  34.526  -77.129  18.362 0.6000000238
10783  31.911  -78.115  19.047 0.5000000000
10784  31.220  -78.423  19.586 0.4000000060
13485  35.266  -75.013  18.189 0.5000000000
20447  18.921  -67.882  19.355 0.5000000000
21379  17.371  -67.131  20.182 0.5000000000
19409  17.174  -69.108  21.641 0.5000000000
21397  18.606  -67.223  19.823 0.5000000000
170501  16.602  -67.633  20.893 0.5000000000
21399  16.866  -67.464  19.632 0.5000000000
3914  31.888  -88.495  13.636 0.5000000000
3915  31.495  -88.724  13.553 0.5000000000
8595  36.616  -80.919  14.239 0.4000000060
8596  35.618  -81.235  14.538 0.4000000060
7891  33.826  -82.648  14.956 0.4000000060
9288  34.861  -80.371  16.978 0.4000000060
153856  34.080  -81.633  16.408 0.4000000060
7870  33.461  -82.262  16.467 0.4000000060
9969  36.695  -79.643  16.773 0.5000000000
9278  32.631  -80.563  18.107 0.4000000060
10807  34.817  -78.570  17.582 0.5000000000
11634  32.749  -77.804  18.655 0.6000000238
177646  32.010  -79.473  18.771 0.5000000000
11615  32.168  -77.263  19.161 0.5000000000
19399  37.169  -69.369  21.420 0.3000000119
19374  36.308  -69.835  22.295 0.3000000119
19375  35.498  -69.877  22.208 0.3000000119
19417  37.171  -69.431  20.240 0.3000000119
19432  37.700  -69.786  18.860 0.3000000119
20471  39.534  -69.656  17.386 0.3000000119
19467  39.505  -70.002  16.947 0.3000000119
18382  35.620  -70.829  23.344 0.3000000119
17398  34.495  -71.541  23.787 0.4000000060
17387  33.458  -71.615  24.123 0.4000000060
19373  37.199  -69.682  22.339 0.3000000119
17388  32.508  -71.717  24.322 0.4000000060
17399  33.879  -71.043  23.720 0.4000000060
16418  30.386  -72.728  22.404 0.4000000060
15440  31.420  -73.660  20.614 0.4000000060
20419  37.965  -68.982  20.406 0.3000000119
148031  34.870  -69.815  22.175 0.3000000119
18385  32.442  -70.374  23.748 0.4000000060
19469  38.284  -70.005  17.564 0.3000000119
19401  35.117  -69.548  21.558 0.3000000119
14416  32.622  -74.026  24.388 0.4000000060
13403  30.895  -75.216  23.400 0.4000000060
13444  30.703  -75.460  21.147 0.4000000060
176582  32.386  -75.198  20.029 0.4000000060
149315  34.939  -72.104  23.852 0.4000000060
16392  33.208  -72.381  24.253 0.4000000060
14418  30.921  -73.936  24.175 0.4000000060
161640  30.647  -74.704  21.447 0.4000000060
14471  31.265  -74.591  20.789 0.4000000060
18381  36.415  -70.813  23.261 0.3000000119
16394  31.561  -72.847  24.349 0.4000000060
15420  30.324  -73.493  22.692 0.4000000060
14483  33.375  -74.686  19.557 0.4000000060
164063  37.976  -69.415  21.994 0.3000000119
150015  30.361  -72.825  23.151 0.4000000060
14485  32.003  -74.124  20.213 0.4000000060
159352  38.754  -68.520  20.509 0.3000000119
17400  30.910  -71.444  23.631 0.4000000060
19354  32.815  -69.793  23.225 0.4000000060
12475  31.187  -75.917  23.197 0.4000000060
12518  30.974  -76.932  20.286 0.4000000060
13401  32.524  -75.431  23.619 0.4000000060
13402  31.626  -75.369  23.652 0.4000000060
170297  30.689  -75.653  22.829 0.4000000060
162025  30.861  -76.071  20.679 0.4000000060
16404  36.992  -71.951  23.541 0.3000000119
16407  34.617  -72.810  23.834 0.4000000060
19397  39.346  -69.177  21.677 0.3000000119
19398  38.565  -69.207  21.674 0.3000000119
13455  33.786  -75.162  19.360 0.4000000060
21391  39.603  -67.910  19.709 0.3000000119
11616  31.354  -77.585  19.603 0.4000000060
150414  30.684  -77.400  20.858 0.4000000060
19377  33.602  -68.929  22.156 0.3000000119
20421  35.329  -68.711  20.617 0.3000000119
19402  34.378  -69.345  21.910 0.3000000119
13469  34.842  -75.362  18.659 0.4000000060
13457  31.756  -75.895  20.030 0.4000000060
12553  33.062  -76.928  18.935 0.4000000060
10771  30.818  -78.001  20.278 0.4000000060
147986  34.750  -70.921  23.425 0.3000000119
19433  37.238  -69.596  19.254 0.3000000119
19481  39.210  -70.019  16.783 0.3000000119
15388  33.785  -72.976  24.078 0.4000000060
18384  33.338  -70.355  23.545 0.4000000060
15392  30.897  -73.168  24.123 0.4000000060
17389  31.594  -71.496  24.131 0.4000000060
14472  30.838  -73.934  21.309 0.4000000060
19353  33.638  -69.816  22.996 0.4000000060
15407  33.473  -73.773  24.030 0.4000000060
160505  30.506  -75.950  21.527 0.4000000060
14445  30.464  -74.966  22.677 0.4000000060
17396  36.138  -71.504  23.622 0.3000000119
177333  30.325  -74.157  22.930 0.4000000060
18398  37.478  -70.356  22.812 0.3000000119
170945  33.940  -74.189  23.623 0.4000000060
16406  35.410  -72.679  23.621 0.3000000119
163372  38.042  -70.880  22.988 0.3000000119
5134  26.783  -86.126  16.482 0.3000000119
4492  26.034  -87.371  16.484 0.3000000119
5843  28.281  -85.258  16.607 0.3000000119
5135  26.006  -86.435  16.925 0.3000000119
5151  27.451  -86.366  15.939 0.3000000119
5152  26.706  -86.867  16.170 0.3000000119
177959  29.279  -84.679  17.375 0.3000000119
6573  28.401  -84.649  17.339 0.3000000119
5822  27.515  -85.022  17.062 0.3000000119
5821  29.983  -85.068  17.016 0.3000000119
162993  28.914  -85.499  16.262 0.3000000119
4512  27.490  -87.248  15.429 0.3000000119
3901  30.263  -89.263  13.963 0.3000000119
6540  30.173  -84.477  19.469 0.3000000119
6542  28.706  -84.017  18.778 0.3000000119
5801  31.243  -85.461  18.519 0.3000000119
6572  29.881  -84.664  17.879 0.3000000119
6574  27.543  -84.613  17.728 0.3000000119
5150  28.910  -86.651  15.376 0.3000000119
4509  31.241  -88.374  15.084 0.3000000119
178372  30.187  -88.175  14.620 0.3000000119
5819  31.362  -85.828  17.874 0.3000000119
5860  29.294  -86.019  15.825 0.3000000119
5840  31.165  -85.944  17.215 0.3000000119
172799  31.541  -86.657  16.791 0.3000000119
177754  31.348  -86.960  16.129 0.3000000119
161510  30.416  -87.752  14.987 0.3000000119
4491  32.372  -88.300  15.741 0.3000000119
5872  35.564  -85.965  14.139 0.4000000060
4506  33.599  -88.079  15.118 0.4000000060
5072  25.721  -86.351  21.151 0.3000000119
162254  26.668  -87.875  21.018 0.3000000119
5802  26.448  -85.102  17.889 0.3000000119
5123  25.507  -86.709  17.597 0.3000000119
7209  28.218  -83.639  20.433 0.3000000119
7225  26.684  -83.946  20.189 0.3000000119
6528  25.742  -84.887  20.588 0.3000000119
155087  25.905  -86.718  20.463 0.3000000119
3830  26.889  -88.252  20.072 0.3000000119
160551  30.052  -84.445  21.033 0.3000000119
6543  26.833  -84.069  19.189 0.3000000119
6545  25.900  -84.889  19.738 0.3000000119
4435  25.883  -86.902  19.680 0.3000000119
4434  26.324  -87.416  20.271 0.3000000119
7231  27.772  -83.898  18.939 0.3000000119
6562  26.586  -84.625  18.490 0.3000000119
165695  25.759  -85.657  18.675 0.3000000119
4450  25.638  -87.005  18.898 0.3000000119
5803  26.088  -85.136  18.493 0.3000000119
5108  25.549  -86.387  18.332 0.3000000119
150143  28.096  -86.624  15.457 0.3000000119
4511  28.450  -87.325  15.021 0.3000000119
6541  29.329  -84.029  19.494 0.3000000119
5133  30.095  -86.189  16.049 0.3000000119
151908  25.440  -85.886  22.454 0.3000000119
3850  25.080  -88.663  18.506 0.3000000119
7223  28.430  -83.767  19.594 0.3000000119
6527  26.178  -84.364  21.020 0.3000000119
6563  26.229  -84.644  19.077 0.3000000119
5789  25.720  -85.582  19.450 0.3000000119
3841  25.767  -88.488  18.972 0.3000000119
4490  33.058  -88.464  15.919 0.3000000119
166770  35.359  -81.648  20.969 0.3000000119
7855  35.645  -82.849  20.841 0.3000000119
7219  34.601  -84.076  19.999 0.3000000119
6555  34.596  -84.992  18.664 0.4000000060
5800  34.062  -85.336  18.092 0.4000000060
167101  34.234  -85.413  16.466 0.3000000119
5839  33.947  -85.117  15.757 0.3000000119
7847  34.576  -81.892  21.036 0.3000000119
7857  33.327  -82.825  20.693 0.4000000060
162348  32.897  -83.874  19.582 0.4000000060
7221  32.376  -83.384  19.636 0.4000000060
6571  32.811  -84.414  17.610 0.3000000119
152364  31.557  -81.931  19.241 0.4000000060
7866  32.074  -82.763  18.031 0.4000000060
166556  32.528  -83.137  17.372 0.3000000119
8531  31.785  -81.889  18.399 0.3000000119
8503  37.494  -81.538  22.122 0.3000000119
8509  36.789  -81.572  21.550 0.3000000119
7218  35.721  -84.006  19.959 0.4000000060
6554  35.705  -84.960  18.374 0.4000000060
5799  35.031  -85.389  17.839 0.3000000119
5817  34.592  -85.477  17.203 0.3000000119
5837  35.400  -85.709  15.770 0.3000000119
9237  36.386  -80.793  21.112 0.3000000119
159015  35.635  -80.861  20.878 0.3000000119
157920  34.807  -81.072  20.973 0.3000000119
9238  34.150  -80.606  21.145 0.3000000119
7848  33.692  -82.133  21.032 0.3000000119
7858  32.360  -82.679  20.356 0.4000000060
170569  34.641  -79.266  21.068 0.3000000119
156127  33.780  -79.309  21.250 0.3000000119
158087  33.490  -80.955  21.285 0.3000000119
8513  32.279  -81.660  20.814 0.4000000060
7862  31.806  -82.719  19.528 0.4000000060
9902  32.829  -79.455  21.472 0.3000000119
8514  32.024  -80.753  21.075 0.4000000060
8524  31.396  -81.185  19.720 0.4000000060
10761  31.446  -78.759  21.393 0.3000000119
9905  31.172  -79.243  21.024 0.4000000060
9246  31.283  -80.421  20.170 0.4000000060
9254  31.413  -80.416  19.480 0.4000000060
11588  31.638  -77.222  22.405 0.3000000119
9917  30.951  -79.142  20.539 0.4000000060
150470  30.817  -78.119  21.124 0.3000000119
151348  39.281  -84.592  22.387 0.3000000119
6515  39.166  -84.518  21.588 0.3000000119
5773  38.832  -85.428  20.098 0.3000000119
5786  39.045  -85.393  19.063 0.3000000119
8502  38.294  -81.492  22.569 0.3000000119
7843  38.460  -82.948  21.925 0.3000000119
165242  38.389  -83.635  19.951 0.3000000119
5813  39.369  -84.226  17.787 0.3000000119
9898  38.406  -79.053  21.279 0.3000000119
9886  38.208  -79.937  22.065 0.3000000119
7192  38.018  -83.309  20.990 0.3000000119
7216  38.284  -83.669  19.305 0.3000000119
6535  37.983  -83.891  18.743 0.3000000119
6569  37.936  -84.573  17.342 0.3000000119
5815  37.745  -84.952  16.331 0.3000000119
5836  36.422  -85.989  15.146 0.3000000119
5145  36.459  -86.275  15.228 0.3000000119
4505  35.165  -87.314  15.253 0.3000000119
160670  37.567  -79.361  21.217 0.3000000119
10744  32.916  -77.977  21.901 0.3000000119
9903  31.962  -79.558  21.514 0.3000000119
11586  33.483  -77.376  22.311 0.3000000119
10760  32.320  -78.762  21.687 0.3000000119
12473  32.796  -76.180  23.286 0.3000000119
12474  31.926  -76.103  23.363 0.3000000119
11589  30.941  -76.983  22.264 0.3000000119
6497  40.178  -84.080  23.780 0.3000000119
159357  39.888  -83.390  22.832 0.3000000119
7183  39.253  -83.643  22.070 0.3000000119
6525  39.323  -84.710  20.364 0.3000000119
151361  39.098  -81.317  22.994 0.3000000119
7191  38.688  -83.649  21.245 0.3000000119
157510  33.749  -88.280  16.144 0.3000000119
6480  40.321  -84.195  24.882 0.3000000119
7182  40.490  -83.412  23.442 0.3000000119
7827  40.935  -82.640  23.424 0.3000000119
8501  40.023  -81.969  23.180 0.3000000119
7836  39.121  -82.455  22.770 0.3000000119
9228  39.138  -80.429  22.658 0.3000000119
7826  41.333  -82.979  24.001 0.3000000119
8488  41.811  -82.199  23.725 0.3000000119
9227  41.196  -80.940  22.759 0.3000000119
158489  40.031  -81.052  23.072 0.3000000119
4526  34.619  -87.066  14.403 0.3000000119
161881  35.199  -85.802  13.910 0.3000000119
5838  34.704  -85.473  15.159 0.3000000119
6570  33.280  -84.883  17.392 0.3000000119
7235  32.391  -83.675  17.892 0.4000000060
9927  31.112  -79.614  19.937 0.4000000060
13400  33.428  -75.470  23.354 0.3000000119
8510  36.083  -81.564  21.080 0.3000000119
7856  34.307  -82.697  20.831 0.3000000119
7854  36.227  -82.812  20.919 0.3000000119
7220  33.596  -84.009  19.797 0.4000000060
159581  33.749  -84.921  18.708 0.4000000060
6557  32.552  -84.239  18.468 0.4000000060
7859  31.667  -81.961  20.101 0.4000000060
165163  37.401  -80.095  21.689 0.3000000119
7853  37.006  -82.959  21.069 0.3000000119
6536  36.532  -84.383  18.965 0.3000000119
7217  36.942  -83.747  19.823 0.3000000119
6553  36.943  -84.805  17.760 0.4000000060
5816  35.541  -85.543  16.856 0.3000000119
151894  37.059  -79.112  20.939 0.3000000119
9899  36.389  -79.275  20.873 0.3000000119
9900  35.521  -79.298  20.897 0.3000000119
159477  32.753  -80.927  21.261 0.4000000060
11587  32.528  -77.341  22.401 0.3000000119
7214  39.522  -83.865  18.790 0.3000000119
7230  38.985  -83.620  18.303 0.3000000119
6567  38.890  -84.473  17.202 0.3000000119
12472  33.672  -76.190  23.025 0.3000000119
9962  26.770  -79.887  17.963 0.4000000060
3331  31.193  -89.022  13.701 0.4000000060
3358  30.272  -89.261  13.195 0.4000000060
3369  28.152  -89.752  11.317 0.5000000000
3885  32.074  -88.637  14.339 0.5000000000
3886  31.517  -88.842  14.424 0.5000000000
3900  31.082  -89.156  14.021 0.4000000060
3916  30.897  -88.961  13.440 0.5000000000
4424  26.107  -87.122  21.150 0.3000000119
4449  26.192  -87.674  19.398 0.3000000119
4463  25.325  -87.216  18.185 0.3000000119
4488  34.602  -87.990  16.382 0.3000000119
4493  25.427  -87.857  16.821 0.3000000119
4504  35.977  -86.701  15.140 0.3000000119
4507  32.714  -88.553  15.079 0.5000000000
4513  26.677  -87.756  15.785 0.3000000119
4525  35.560  -86.464  14.376 0.3000000119
4528  33.042  -87.273  14.248 0.5000000000
4529  32.269  -87.781  13.776 0.5000000000
4531  29.863  -88.714  14.378 0.3000000119
4533  27.985  -87.886  14.800 0.3000000119
4543  31.835  -88.288  13.431 0.5000000000
4544  29.800  -87.990  13.244 0.4000000060
4554  29.359  -88.375  12.618 0.4000000060
4578  28.463  -88.113  10.954 0.5000000000
5060  25.686  -86.693  22.027 0.3000000119
5084  25.696  -86.202  19.924 0.3000000119
5096  25.673  -86.263  19.143 0.3000000119
5132  30.821  -86.257  16.478 0.3000000119
5146  36.050  -86.240  14.692 0.3000000119
5147  31.616  -87.837  15.671 0.3000000119
5148  30.796  -87.059  15.615 0.3000000119
5149  29.855  -86.781  15.395 0.3000000119
5165  35.150  -86.159  13.837 0.5000000000
5184  29.772  -87.096  13.529 0.5000000000
5772  39.402  -85.066  19.661 0.3000000119
5777  25.669  -85.534  20.203 0.3000000119
5785  39.473  -84.671  18.665 0.3000000119
5796  39.101  -85.058  17.962 0.3000000119
5798  36.231  -85.298  17.232 0.3000000119
5818  33.743  -85.276  17.444 0.3000000119
5820  30.707  -85.295  17.732 0.3000000119
5823  26.958  -84.953  17.520 0.3000000119
5834  38.533  -84.875  16.684 0.3000000119
5841  30.618  -85.575  16.965 0.3000000119
5842  29.605  -85.539  16.392 0.3000000119
5844  27.458  -85.650  16.459 0.3000000119
5845  26.601  -85.509  17.108 0.3000000119
5858  35.431  -85.715  14.252 0.3000000119
5859  34.560  -85.308  14.218 0.5000000000
5861  28.326  -85.923  15.893 0.3000000119
5873  34.867  -85.904  13.876 0.3000000119
5887  29.814  -86.000  13.685 0.4000000060
6508  39.641  -84.532  23.309 0.3000000119
6526  29.789  -84.225  20.231 0.3000000119
6534  39.485  -84.372  19.211 0.3000000119
6537  35.189  -84.520  19.275 0.4000000060
6538  34.096  -84.578  19.332 0.4000000060
6539  33.091  -84.526  19.112 0.4000000060
6544  26.341  -84.344  19.667 0.3000000119
6551  39.174  -83.981  17.591 0.3000000119
6552  38.613  -83.986  17.804 0.3000000119
6556  33.156  -85.001  18.173 0.3000000119
6559  29.624  -84.338  18.701 0.3000000119
6560  28.107  -84.186  18.141 0.3000000119
6561  27.295  -84.322  18.402 0.3000000119
6568  38.626  -84.670  16.932 0.3000000119
6575  26.961  -84.704  17.994 0.3000000119
6578  33.330  -84.511  16.529 0.4000000060
6579  29.089  -85.023  16.772 0.3000000119
6601  31.294  -84.307  14.380 0.5000000000
6602  30.705  -84.744  14.183 0.5000000000
6618  30.364  -84.418  13.476 0.4000000060
6619  29.771  -85.118  11.853 0.4000000060
7160  40.882  -83.612  25.174 0.3000000119
7172  40.794  -83.596  24.341 0.3000000119
7190  38.966  -84.213  20.955 0.3000000119
7201  39.291  -84.040  19.643 0.3000000119
7202  38.750  -83.791  20.197 0.3000000119
7203  37.524  -83.473  20.352 0.3000000119
7204  36.032  -83.345  20.462 0.3000000119
7205  35.067  -83.320  20.558 0.3000000119
7206  33.980  -83.424  20.386 0.4000000060
7207  33.048  -83.396  20.122 0.4000000060
7208  29.050  -83.779  20.265 0.3000000119
7215  39.117  -83.618  19.061 0.3000000119
7222  32.116  -83.366  18.789 0.4000000060
7224  27.497  -83.711  19.800 0.3000000119
7228  39.615  -84.037  18.454 0.3000000119
7229  39.417  -83.829  18.259 0.3000000119
7240  32.790  -83.806  16.972 0.4000000060
7259  33.305  -83.016  14.588 0.4000000060
7269  32.067  -82.654  13.769 0.4000000060
7835  40.168  -82.806  23.064 0.3000000119
7837  38.109  -82.150  22.305 0.3000000119
7844  37.407  -82.393  21.731 0.3000000119
7845  36.511  -82.252  21.257 0.3000000119
7846  35.801  -82.257  21.009 0.3000000119
7849  32.877  -82.249  20.914 0.3000000119
7867  31.754  -82.562  18.797 0.4000000060
7871  32.683  -82.329  17.301 0.4000000060
7879  32.980  -83.019  16.565 0.3000000119
7905  33.631  -82.468  14.473 0.4000000060
7932  31.646  -83.065  11.922 0.4000000060
7946  34.913  -82.538  10.233 0.4000000060
7965  35.378  -82.371  9.814 0.5000000000
7967  33.582  -83.314  10.118 0.4000000060
7979  34.051  -82.799  9.902 0.5000000000
8500  41.018  -81.776  23.186 0.3000000119
8511  33.984  -81.390  21.198 0.3000000119
8512  33.150  -81.591  21.173 0.3000000119
8518  31.638  -81.090  20.498 0.4000000060
8532  31.514  -81.158  18.953 0.4000000060
8575  36.217  -80.911  15.194 0.4000000060
8577  34.602  -81.754  15.650 0.4000000060
8578  34.013  -82.217  15.679 0.4000000060
8612  37.056  -81.113  13.173 0.4000000060
8629  38.258  -81.174  11.957 0.5000000000
8632  34.419  -81.419  12.094 0.4000000060
8633  33.661  -81.588  12.289 0.4000000060
8644  38.642  -80.682  11.506 0.6000000238
8646  37.159  -81.508  10.880 0.5000000000
8659  37.562  -81.021  10.579 0.6999999881
8670  35.626  -81.640  9.331 0.6000000238
8671  34.876  -81.251  9.290 0.4000000060
9229  38.449  -80.779  22.591 0.3000000119
9230  37.730  -80.757  22.253 0.3000000119
9236  37.011  -80.786  21.742 0.3000000119
9239  33.382  -80.185  21.299 0.3000000119
9240  32.410  -80.199  21.383 0.3000000119
9241  31.606  -80.312  20.848 0.4000000060
9255  24.249  -79.925  19.395 0.5000000000
9264  31.949  -81.094  18.384 0.4000000060
9269  23.353  -81.103  18.844 0.6000000238
9277  33.371  -80.797  17.561 0.4000000060
9301  38.686  -80.199  14.904 0.5000000000
9312  39.425  -79.671  14.395 0.6000000238
9313  38.262  -80.518  14.504 0.5000000000
9314  37.257  -80.703  14.890 0.4000000060
9325  39.413  -80.223  13.087 0.6000000238
9340  30.906  -80.026  11.319 0.5000000000
9354  39.223  -79.428  12.120 0.6999999881
9355  38.851  -80.045  11.318 0.6999999881
9369  37.783  -80.324  10.464 0.6999999881
9380  36.096  -80.290  9.348 0.6999999881
9381  35.777  -80.714  9.106 0.6000000238
9382  35.166  -80.586  9.092 0.6000000238
9885  39.220  -79.545  21.955 0.3000000119
9901  34.195  -79.874  21.064 0.3000000119
9904  31.562  -79.642  21.168 0.4000000060
9916  31.233  -79.748  20.634 0.4000000060
9928  30.917  -78.810  20.075 0.4000000060
9931  23.264  -79.021  20.012 0.5000000000
9942  33.257  -79.198  17.947 0.4000000060
9943  32.613  -79.737  18.323 0.4000000060
9944  31.506  -79.649  19.288 0.5000000000
9946  26.436  -79.515  18.743 0.5000000000
9956  36.165  -78.980  17.133 0.5000000000
9957  35.398  -79.054  17.287 0.4000000060
9959  29.047  -79.046  17.166 0.5000000000
9961  27.608  -79.495  17.807 0.4000000060
9971  29.265  -79.455  16.373 0.5000000000
9973  27.934  -80.025  16.989 0.5000000000
9999  39.826  -79.027  13.720 0.6000000238
10009  40.107  -79.011  13.044 0.6000000238
10020  39.176  -79.150  12.159 0.6000000238
10022  37.583  -78.846  11.091 0.6999999881
10024  35.286  -79.299  11.402 0.5000000000
10026  32.604  -79.429  12.229 0.6000000238
10028  31.184  -79.824  12.369 0.5000000000
10031  38.119  -79.028  10.652 0.6999999881
10035  32.817  -79.530  11.201 0.6000000238
10040  37.496  -79.700  10.353 0.6999999881
10041  35.671  -79.821  9.545 0.6000000238
10044  33.168  -79.641  10.231 0.6000000238
10050  34.789  -80.037  9.251 0.6999999881
10745  31.942  -77.946  21.920 0.3000000119
10756  36.729  -78.537  20.989 0.3000000119
10759  33.339  -78.654  21.557 0.3000000119
10762  30.938  -78.805  21.008 0.4000000060
10793  34.245  -78.018  18.049 0.5000000000
10794  33.385  -78.351  18.189 0.5000000000
10796  31.708  -78.915  19.110 0.4000000060
10809  30.085  -77.822  17.207 0.6000000238
10811  28.569  -78.532  17.892 0.5000000000
10815  38.618  -77.928  15.872 0.6000000238
10816  37.764  -78.345  16.464 0.6000000238
10817  36.991  -78.743  16.918 0.6000000238
10831  32.112  -78.189  15.319 0.5000000000
10846  39.592  -78.462  14.217 0.6000000238
10848  36.496  -78.128  14.155 0.6000000238
10850  33.993  -78.170  14.360 0.5000000000
10861  36.294  -78.734  13.331 0.6000000238
10864  31.971  -79.054  13.901 0.5000000000
10872  40.026  -78.854  13.007 0.6000000238
10877  33.857  -79.170  12.500 0.6999999881
11600  31.187  -77.708  21.807 0.3000000119
11601  30.719  -77.249  21.534 0.4000000060
11617  27.177  -77.061  18.883 0.4000000060
11619  25.741  -77.165  19.486 0.4000000060
11635  28.361  -77.045  18.398 0.5000000000
11642  37.367  -76.757  17.006 0.6999999881
11643  36.650  -77.092  17.414 0.6999999881
11644  35.849  -77.377  17.629 0.6999999881
11645  35.044  -77.684  17.826 0.6000000238
11648  28.924  -77.612  18.072 0.5000000000
11655  31.312  -77.167  16.380 0.5000000000
11665  39.393  -77.636  15.248 0.6000000238
11668  34.374  -77.037  15.303 0.5000000000
11671  31.788  -77.719  16.000 0.5000000000
11680  39.377  -78.080  14.180 0.6999999881
11682  38.621  -77.618  14.016 0.6999999881
11686  33.884  -77.654  15.131 0.5000000000
12489  33.119  -76.779  22.802 0.3000000119
12490  32.205  -76.752  22.958 0.3000000119
12491  31.419  -76.580  22.857 0.3000000119
12492  30.784  -76.273  22.577 0.4000000060
12505  30.572  -76.489  21.862 0.4000000060
12519  30.593  -76.604  21.103 0.4000000060
12529  33.385  -76.025  19.167 0.6000000238
12530  32.465  -76.386  19.393 0.4000000060
12531  31.673  -76.812  19.638 0.5000000000
12534  25.070  -76.653  19.021 0.6000000238
12550  35.562  -75.812  18.250 0.6999999881
12555  27.578  -76.586  18.456 0.4000000060
12558  24.339  -76.616  18.051 0.6000000238
12568  37.283  -75.949  16.783 0.6999999881
12571  29.711  -75.865  16.979 0.6000000238
12572  29.368  -76.367  17.457 0.6000000238
12573  26.552  -76.511  16.646 0.6000000238
12574  25.660  -76.853  16.599 0.6000000238
12576  24.241  -76.557  16.977 0.6000000238
12583  38.712  -76.016  15.787 0.6000000238
12584  38.040  -76.381  16.375 0.6000000238
12585  31.786  -75.893  15.665 0.6999999881
12586  31.549  -76.421  16.148 0.6000000238
12589  25.744  -76.923  15.688 0.6999999881
12592  23.794  -76.129  16.661 0.6000000238
12603  39.545  -76.797  15.078 0.6000000238
12606  34.704  -76.495  15.258 0.6000000238
12609  28.029  -75.865  15.658 0.6999999881
12610  27.018  -76.950  15.081 0.6999999881
12624  36.116  -76.231  14.519 0.6999999881
12626  26.796  -76.873  14.277 0.6999999881
12627  26.238  -76.551  14.013 0.6999999881
12645  27.426  -76.342  13.397 0.6999999881
13431  30.389  -75.212  21.833 0.4000000060
13432  15.567  -76.002  21.320 0.5000000000
13443  31.281  -75.390  20.568 0.4000000060
13470  34.227  -75.688  18.972 0.6000000238
13472  26.937  -76.230  18.110 0.6999999881
13484  35.872  -75.304  17.707 0.6999999881
13487  26.619  -76.346  17.520 0.6000000238
13489  23.380  -75.597  16.866 0.6000000238
13501  29.062  -75.540  16.272 0.6999999881
13513  39.269  -75.739  15.139 0.6999999881
13516  33.568  -75.768  15.306 0.6000000238
13522  25.804  -76.319  14.650 0.6999999881
13532  39.309  -75.384  13.998 0.6999999881
13533  39.365  -75.540  14.496 0.8000000119
13534  38.149  -76.334  13.919 0.6999999881
13536  35.314  -75.743  14.564 0.6999999881
13539  32.373  -75.209  14.823 0.6999999881
13540  31.497  -75.157  14.530 0.6999999881
13542  28.306  -76.375  14.029 0.6999999881
13550  39.326  -75.372  13.390 0.6999999881
13551  39.175  -75.450  12.905 0.8000000119
13554  35.255  -75.407  13.710 0.6000000238
13555  34.495  -75.217  13.335 0.6999999881
13557  31.430  -75.191  12.728 0.6000000238
13560  27.995  -76.430  13.376 0.6999999881
13561  26.796  -76.225  13.549 0.6999999881
13567  38.179  -75.592  12.011 0.6999999881
13572  32.038  -75.489  12.044 0.6000000238
13575  28.816  -75.542  12.036 0.6999999881
13577  27.850  -75.794  12.627 0.6999999881
13582  38.304  -75.509  10.845 0.6999999881
13587  32.481  -75.680  11.384 0.6000000238
13588  31.650  -75.497  11.453 0.6000000238
13590  29.185  -75.209  11.307 0.8000000119
13596  38.134  -75.346  10.317 0.6000000238
13597  37.357  -75.392  9.620 0.6999999881
13602  31.332  -75.293  10.258 0.6999999881
13603  30.345  -75.051  10.285 0.8000000119
13606  27.879  -74.996  10.892 0.8000000119
13607  36.707  -75.247  8.946 0.6999999881
13608  35.869  -75.166  8.474 0.6999999881
13610  32.554  -75.371  8.727 0.6000000238
13613  29.872  -74.812  9.672 0.8000000119
13614  35.187  -75.051  7.882 0.6999999881
13617  32.064  -75.050  8.459 0.6000000238
13619  33.238  -74.972  7.773 0.6000000238
14417  31.691  -74.086  24.393 0.4000000060
14429  34.080  -74.836  23.374 0.3000000119
14430  33.193  -74.639  23.778 0.4000000060
14431  32.151  -74.736  24.070 0.4000000060
14432  31.230  -74.668  24.016 0.4000000060
14433  30.617  -74.443  23.531 0.4000000060
14461  30.396  -74.272  22.122 0.4000000060
14462  17.118  -74.236  22.370 0.4000000060
14463  16.714  -74.533  21.711 0.4000000060
14484  32.690  -74.561  19.882 0.4000000060
14497  33.933  -74.440  19.075 0.5000000000
14499  24.733  -74.322  17.884 0.6000000238
14500  24.089  -74.492  17.962 0.6000000238
14512  35.519  -74.728  17.501 0.6999999881
14515  25.861  -74.253  16.782 0.6000000238
14516  25.114  -74.581  17.205 0.6000000238
14519  22.844  -75.012  16.915 0.5000000000
14520  21.667  -74.469  16.976 0.5000000000
14530  35.751  -74.526  16.789 0.6999999881
14532  26.090  -74.665  15.890 0.6000000238
14543  35.881  -74.258  15.943 0.6000000238
14558  32.127  -74.957  14.167 0.6999999881
14560  26.971  -74.912  13.821 0.6000000238
14567  39.271  -74.673  12.961 0.6000000238
14569  32.227  -74.931  13.457 0.6000000238
14571  26.476  -75.916  13.657 0.6000000238
14581  27.019  -73.930  11.777 0.5000000000
14586  38.989  -75.206  11.535 0.6999999881
14587  38.850  -74.870  11.288 0.6000000238
14588  27.436  -74.650  11.402 0.6999999881
14592  38.394  -74.878  10.542 0.6999999881
14594  29.026  -74.664  9.966 0.8000000119
14602  35.501  -74.898  8.198 0.6999999881
14604  34.578  -75.043  7.695 0.6999999881
14606  30.827  -74.499  8.380 0.6999999881
14607  30.087  -74.268  8.720 0.8000000119
14609  33.817  -74.841  7.660 0.6000000238
14610  33.040  -74.475  7.656 0.6000000238
14611  32.199  -74.005  7.499 0.6000000238
15379  17.061  -73.360  25.188 0.4000000060
15389  32.946  -73.219  24.338 0.4000000060
15390  32.115  -73.402  24.462 0.4000000060
15391  31.393  -73.501  24.358 0.4000000060
15394  17.378  -73.691  24.465 0.4000000060
15395  16.528  -73.822  24.652 0.3000000119
15405  35.110  -73.456  23.487 0.3000000119
15406  34.270  -73.558  23.721 0.4000000060
15408  30.472  -73.558  23.551 0.4000000060
15410  17.579  -73.811  23.613 0.4000000060
15421  17.956  -72.956  22.524 0.4000000060
15422  17.610  -73.655  22.637 0.4000000060
15434  30.498  -73.351  21.859 0.4000000060
15436  16.717  -73.602  21.128 0.6000000238
15441  30.857  -73.130  21.030 0.5000000000
15442  16.275  -73.451  20.487 0.6000000238
15446  32.437  -73.750  19.583 0.5000000000
15448  23.945  -72.898  19.007 0.5000000000
15450  22.329  -73.315  19.542 0.5000000000
15460  33.421  -73.770  18.584 0.5000000000
15463  24.539  -73.625  18.452 0.6000000238
15466  21.899  -73.905  18.862 0.5000000000
15470  15.769  -73.727  18.465 0.5000000000
15478  33.435  -73.567  17.616 0.6000000238
15481  25.643  -73.644  17.547 0.6000000238
15483  19.948  -73.433  17.242 0.6000000238
15492  35.196  -74.018  16.315 0.6000000238
15495  26.402  -73.733  16.445 0.6000000238
15508  34.039  -73.004  15.920 0.6000000238
15516  37.253  -74.027  13.776 0.6000000238
15517  36.560  -73.989  14.509 0.6999999881
15518  36.008  -73.307  14.334 0.6999999881
15520  27.172  -73.895  14.058 0.6999999881
15521  26.824  -73.246  14.478 0.6999999881
15529  27.224  -74.046  13.309 0.6999999881
15534  38.311  -74.246  11.567 0.6000000238
15536  36.145  -72.918  12.617 0.6999999881
15538  26.586  -73.289  12.522 0.6000000238
15542  38.337  -74.455  10.825 0.6000000238
15543  37.746  -73.888  11.001 0.6999999881
15549  37.282  -74.407  9.858 0.6999999881
15550  36.553  -74.002  9.947 0.6999999881
15557  35.825  -74.643  8.521 0.6999999881
15559  34.231  -73.736  8.684 0.6000000238
15561  29.242  -73.942  9.010 0.6000000238
15562  28.405  -73.539  9.369 0.6000000238
15564  34.893  -74.490  7.906 0.6000000238
15565  34.093  -73.901  7.850 0.6000000238
15567  30.947  -73.324  7.666 0.6000000238
15571  32.851  -73.743  7.575 0.6000000238
16391  34.107  -72.138  24.098 0.4000000060
16393  32.357  -72.623  24.388 0.4000000060
16395  31.006  -72.275  24.067 0.4000000060
16405  36.171  -72.405  23.575 0.3000000119
16408  30.571  -72.167  23.415 0.4000000060
16419  18.232  -72.407  22.843 0.4000000060
16441  30.748  -72.328  20.612 0.5000000000
16442  20.649  -71.893  20.215 0.5000000000
16443  20.047  -71.973  20.130 0.5000000000
16445  15.679  -73.003  19.501 0.5000000000
16449  31.934  -73.060  19.040 0.5000000000
16452  23.458  -72.393  19.299 0.5000000000
16455  20.498  -72.602  20.060 0.5000000000
16456  19.699  -72.388  19.793 0.5000000000
16462  31.677  -72.208  18.549 0.6000000238
16465  23.880  -71.963  18.948 0.6000000238
16466  19.399  -72.791  19.019 0.5000000000
16472  33.003  -72.813  16.967 0.6000000238
16473  32.577  -72.219  17.354 0.6000000238
16475  24.829  -72.190  17.688 0.6000000238
16476  19.212  -72.949  17.923 0.6000000238
16483  26.170  -72.964  16.665 0.6000000238
16484  25.680  -72.345  16.342 0.6999999881
16495  26.458  -72.988  15.926 0.6999999881
16496  25.473  -72.147  15.356 0.5000000000
16507  33.570  -72.215  14.178 0.6999999881
16508  32.601  -72.251  14.098 0.6000000238
16513  18.767  -70.434  13.451 0.5000000000
16519  32.380  -72.434  13.148 0.6000000238
16520  31.638  -72.344  13.411 0.6000000238
16533  31.743  -72.514  12.419 0.6000000238
16542  34.037  -72.954  11.955 0.6999999881
16544  31.646  -72.558  11.462 0.6000000238
16550  32.554  -72.926  10.282 0.6000000238
16551  31.737  -72.512  10.523 0.6000000238
16559  27.661  -73.014  9.847 0.5000000000
16560  32.633  -72.400  7.726 0.6000000238
16564  31.579  -72.375  7.167 0.6000000238
17357  17.864  -70.927  27.134 0.4000000060
17376  13.846  -71.144  25.721 0.3000000119
17395  37.209  -71.025  23.231 0.3000000119
17397  35.265  -71.468  23.644 0.4000000060
17411  18.570  -71.735  23.285 0.4000000060
17422  30.457  -71.695  21.272 0.5000000000
17435  19.391  -71.443  19.884 0.5000000000
17436  18.979  -70.717  19.813 0.6000000238
17437  15.721  -70.996  20.786 0.6000000238
17438  15.141  -71.194  20.132 0.6000000238
17445  30.806  -71.097  19.466 0.6000000238
17447  22.328  -71.571  19.549 0.5000000000
17449  20.718  -71.155  19.948 0.5000000000
17462  17.869  -71.074  18.188 0.6000000238
17463  16.147  -72.439  17.624 0.5000000000
17465  32.639  -71.097  16.916 0.6000000238
17469  22.831  -70.912  16.652 0.4000000060
17471  18.068  -71.222  17.137 0.6000000238
17476  33.081  -71.063  16.271 0.6000000238
17477  32.404  -70.606  16.687 0.6000000238
17480  24.503  -71.731  15.603 0.5000000000
17481  23.612  -71.351  15.686 0.6000000238
17486  33.535  -71.659  15.392 0.6000000238
17494  18.167  -69.297  14.250 0.5000000000
17498  31.435  -71.679  15.216 0.5000000000
17507  18.537  -69.850  12.677 0.5000000000
17535  32.133  -71.118  7.887 0.5000000000
17537  29.583  -71.575  8.144 0.6000000238
18353  14.787  -70.528  26.383 0.3000000119
18375  32.948  -70.931  24.115 0.4000000060
18376  32.199  -70.949  24.191 0.4000000060
18383  34.170  -70.367  23.206 0.3000000119
18399  36.774  -70.246  22.856 0.3000000119
18400  35.967  -70.306  22.822 0.3000000119
18401  35.039  -70.319  22.812 0.3000000119
18403  18.244  -70.074  22.540 0.4000000060
18432  21.685  -70.551  18.981 0.6000000238
18433  20.287  -70.467  19.683 0.5000000000
18435  18.485  -70.205  19.602 0.6000000238
18445  20.596  -69.570  18.876 0.5000000000
18447  14.480  -70.105  18.829 0.6000000238
18449  30.833  -69.622  17.455 0.5000000000
18455  15.202  -69.469  17.028 0.5000000000
18456  31.927  -70.181  17.165 0.4000000060
18465  15.207  -68.156  15.809 0.5000000000
18481  18.131  -69.520  12.838 0.5000000000
18482  17.620  -69.522  13.273 0.5000000000
18487  18.229  -69.667  12.696 0.5000000000
19314  14.496  -69.806  26.339 0.3000000119
19343  12.898  -69.933  25.094 0.3000000119
19372  38.850  -69.789  22.201 0.3000000119
19376  34.337  -69.834  22.611 0.4000000060
19378  32.379  -69.286  22.783 0.5000000000
19385  19.130  -68.871  22.811 0.4000000060
19387  17.892  -69.203  22.282 0.4000000060
19403  30.475  -69.382  21.236 0.4000000060
19410  16.557  -69.385  21.217 0.6000000238
19416  37.551  -69.447  19.556 0.3000000119
19418  35.542  -69.325  20.879 0.3000000119
19435  30.693  -68.868  19.348 0.4000000060
19444  17.168  -67.684  19.324 0.6000000238
19446  14.470  -68.452  19.002 0.6000000238
19451  38.382  -70.066  17.876 0.3000000119
19452  37.905  -70.067  18.237 0.3000000119
19461  20.443  -68.917  18.670 0.6000000238
19464  16.383  -68.219  18.593 0.6000000238
19466  14.284  -68.428  18.211 0.6000000238
19468  38.888  -70.038  17.357 0.3000000119
19476  16.639  -67.920  15.969 0.6000000238
19480  40.004  -70.057  16.349 0.3000000119
19482  38.718  -70.007  17.166 0.3000000119
19489  14.645  -68.013  16.593 0.5000000000
20325  18.043  -68.577  27.777 0.4000000060
20350  13.304  -68.671  26.039 0.3000000119
20389  18.388  -68.411  22.277 0.5000000000
20396  38.619  -68.796  21.139 0.3000000119
20397  37.916  -69.124  21.195 0.3000000119
20398  34.792  -69.033  21.180 0.3000000119
20400  33.268  -68.226  21.885 0.4000000060
20401  32.504  -68.075  22.004 0.4000000060
20408  18.635  -67.564  21.663 0.4000000060
20409  17.079  -67.907  21.424 0.5000000000
20410  16.529  -68.417  21.141 0.6000000238
20418  39.649  -68.080  20.638 0.3000000119
20429  15.521  -67.899  19.824 0.6000000238
20438  38.145  -69.149  19.570 0.3000000119
20445  21.109  -68.500  18.729 0.6000000238
20448  18.105  -67.502  19.604 0.5000000000
20449  14.925  -67.789  19.181 0.6000000238
20457  38.207  -69.862  18.511 0.3000000119
20465  20.452  -68.464  18.920 0.6000000238
20467  15.326  -67.515  18.097 0.6000000238
20468  14.359  -67.895  17.723 0.6000000238
20476  14.609  -67.819  16.960 0.5000000000
20477  40.165  -69.717  16.849 0.3000000119
20484  15.918  -67.417  15.073 0.5000000000
20494  16.221  -67.426  14.532 0.5000000000
21295  16.837  -68.004  27.136 0.4000000060
21304  17.073  -67.276  26.864 0.4000000060
21306  15.423  -67.748  26.057 0.4000000060
21307  14.736  -67.744  25.917 0.3000000119
21316  13.992  -67.222  25.783 0.4000000060
21317  13.113  -67.711  25.939 0.3000000119
21356  32.926  -67.338  21.666 0.5000000000
21357  32.079  -67.407  21.762 0.4000000060
21358  31.487  -67.603  21.471 0.4000000060
21361  18.806  -67.060  20.916 0.5000000000
21362  18.113  -67.116  21.063 0.6000000238
21363  17.305  -67.215  20.825 0.5000000000
21373  30.997  -67.775  20.887 0.4000000060
21376  19.899  -67.417  20.137 0.4000000060
21380  16.379  -67.429  20.084 0.5000000000
21381  15.522  -67.622  19.359 0.6000000238
21396  19.452  -67.511  19.618 0.6000000238
21398  17.807  -67.200  19.826 0.5000000000
22347  17.993  -66.003  26.815 0.3000000119
22358  16.889  -66.118  26.084 0.3000000119
22360  15.459  -66.341  25.448 0.4000000060
22364  8.985  -67.011  25.586 0.3000000119
22375  10.835  -66.457  23.835 0.3000000119
22383  10.449  -65.812  23.257 0.4000000060
22401  32.306  -66.775  21.446 0.4000000060
23446  15.779  -65.269  24.556 0.3000000119
23451  9.428  -65.727  24.356 0.4000000060
23458  13.886  -64.912  23.763 0.3000000119
23459  10.544  -65.271  22.485 0.4000000060
23462  9.035  -64.769  23.495 0.3000000119
24483  18.603  -64.850  27.013 0.3000000119
24530  15.896  -64.664  24.165 0.3000000119
24534  8.168  -63.852  23.827 0.3000000119
24535  7.399  -63.104  24.493 0.3000000119
24541  16.025  -64.148  23.723 0.3000000119
24542  15.365  -64.435  23.518 0.3000000119
24547  9.381  -64.799  22.492 0.3000000119
24555  13.971  -64.172  22.472 0.3000000119
24557  11.069  -64.771  21.525 0.4000000060
24558  10.446  -64.865  21.345 0.4000000060
24559  9.545  -64.356  21.964 0.3000000119
24568  10.722  -64.542  20.505 0.3000000119
24578  10.997  -64.458  19.952 0.3000000119
25638  8.468  -63.490  23.295 0.3000000119
25648  15.418  -63.729  22.403 0.3000000119
25651  12.663  -63.868  20.959 0.3000000119
25664  12.342  -63.759  20.044 0.3000000119
25665  10.362  -64.125  20.811 0.3000000119
25673  12.168  -63.654  19.756 0.3000000119
25678  13.736  -62.891  19.207 0.3000000119
25680  12.228  -63.418  19.655 0.3000000119
26848  16.511  -62.748  22.423 0.3000000119
26860  16.208  -62.492  21.616 0.3000000119
26872  14.529  -62.640  19.465 0.3000000119
26873  12.073  -62.392  19.908 0.3000000119
26875  10.713  -63.595  20.552 0.3000000119
26884  14.625  -61.991  18.847 0.3000000119
28093  13.269  -61.974  18.826 0.3000000119
147238  33.091  -75.325  15.035 0.6999999881
147408  34.294  -72.341  14.155 0.6999999881
148061  34.428  -75.300  7.957 0.6999999881
148286  34.013  -76.802  22.652 0.3000000119
148407  29.201  -86.456  12.144 0.5000000000
148586  35.781  -75.601  10.296 0.6000000238
148637  30.984  -88.222  13.469 0.5000000000
148688  33.157  -75.566  9.287 0.6999999881
149683  25.496  -87.808  18.639 0.3000000119
150040  31.763  -72.172  24.333 0.4000000060
150044  39.203  -85.146  20.522 0.3000000119
150652  34.191  -81.712  13.942 0.4000000060
150751  37.634  -77.308  14.269 0.6999999881
150841  30.629  -75.320  12.656 0.6000000238
151078  33.501  -75.433  8.313 0.6000000238
151175  36.645  -79.073  12.204 0.6999999881
151226  30.439  -75.759  22.161 0.4000000060
151537  30.289  -70.807  20.992 0.5000000000
151741  31.239  -79.092  19.628 0.5000000000
152285  34.057  -78.722  13.406 0.6000000238
152770  30.612  -70.512  22.485 0.5000000000
153055  32.347  -71.712  7.635 0.5000000000
153089  16.761  -71.735  21.521 0.6000000238
153231  30.239  -85.676  16.561 0.3000000119
153682  35.244  -75.266  12.793 0.6999999881
155352  30.305  -69.930  20.682 0.6000000238
155616  31.949  -74.949  20.283 0.4000000060
156063  26.155  -84.459  20.235 0.3000000119
156066  27.654  -75.269  12.167 0.6999999881
156166  29.120  -75.651  12.630 0.6999999881
156176  36.875  -75.538  12.435 0.6999999881
156334  33.423  -80.263  9.542 0.5000000000
156549  30.899  -70.163  19.141 0.6000000238
156629  18.387  -71.527  18.876 0.6000000238
157198  36.849  -79.913  21.011 0.3000000119
157557  36.700  -83.312  20.579 0.3000000119
157831  11.909  -64.406  22.183 0.5000000000
157882  34.664  -73.536  15.887 0.6999999881
158478  32.526  -81.468  17.788 0.4000000060
158940  34.639  -74.078  8.053 0.6000000238
159380  32.072  -72.411  9.367 0.6000000238
159568  31.649  -74.578  8.109 0.6999999881
159936  39.786  -84.079  22.623 0.3000000119
160568  17.645  -69.167  15.721 0.6000000238
160884  15.148  -70.525  18.152 0.6000000238
161484  34.386  -74.995  19.066 0.4000000060
161487  39.706  -79.427  12.741 0.6999999881
161662  21.975  -72.526  20.058 0.5000000000
161704  16.490  -72.878  20.804 0.6000000238
162088  33.299  -78.151  14.851 0.5000000000
162097  25.662  -86.113  20.551 0.3000000119
162322  31.927  -75.473  15.209 0.6999999881
162368  35.614  -72.024  23.773 0.3000000119
162496  38.062  -70.099  22.516 0.3000000119
162540  14.175  -64.567  23.136 0.3000000119
162627  30.400  -72.221  22.832 0.4000000060
162929  33.848  -69.426  22.475 0.4000000060
162997  27.553  -75.965  16.745 0.6999999881
163436  30.636  -72.808  23.690 0.4000000060
163566  20.749  -69.872  26.854 0.4000000060
163790  34.304  -87.775  15.498 0.4000000060
163882  33.191  -69.317  22.680 0.3000000119
164047  36.786  -85.447  15.840 0.3000000119
165388  18.448  -70.872  22.928 0.4000000060
165481  37.583  -84.398  18.202 0.3000000119
165764  33.006  -83.763  14.379 0.4000000060
165855  35.442  -73.611  10.364 0.6999999881
166253  38.971  -68.332  19.952 0.3000000119
166414  25.878  -85.119  19.057 0.3000000119
166450  35.007  -80.137  20.906 0.3000000119
166531  16.193  -67.485  15.713 0.5000000000
166686  31.193  -83.092  12.738 0.4000000060
166747  23.588  -76.596  18.164 0.5000000000
167140  28.248  -75.564  12.101 0.6999999881
167177  35.141  -82.442  20.926 0.3000000119
167286  25.394  -78.197  19.822 0.5000000000
167730  37.649  -74.997  15.385 0.6999999881
168053  16.521  -70.210  27.018 0.4000000060
168207  35.666  -87.402  15.938 0.3000000119
168978  39.544  -75.087  13.168 0.8000000119
169150  36.026  -80.061  20.730 0.3000000119
169225  11.421  -69.478  23.897 0.3000000119
169521  32.499  -83.967  19.154 0.4000000060
169996  21.555  -70.137  17.784 0.5000000000
170171  30.543  -71.579  15.153 0.5000000000
170200  33.065  -72.855  8.082 0.6000000238
170747  14.442  -70.996  26.133 0.3000000119
170801  29.013  -84.286  17.977 0.3000000119
171427  31.999  -72.565  7.060 0.6000000238
171742  30.829  -78.581  20.601 0.3000000119
171765  10.737  -64.351  20.160 0.3000000119
171891  25.836  -85.764  17.797 0.3000000119
171973  31.876  -80.115  21.266 0.4000000060
172305  33.894  -79.592  17.675 0.4000000060
172530  33.646  -85.063  16.830 0.3000000119
172611  36.551  -69.550  21.680 0.3000000119
172655  29.868  -75.332  13.854 0.6000000238
172824  15.121  -62.532  20.299 0.3000000119
172836  33.223  -77.724  15.346 0.5000000000
172843  32.382  -87.226  14.119 0.5000000000
173152  32.364  -88.124  14.029 0.5000000000
173298  12.602  -65.340  24.624 0.3000000119
173320  16.133  -71.519  21.043 0.6000000238
173446  14.981  -71.360  19.681 0.6000000238
173919  39.279  -68.533  21.130 0.3000000119
174264  24.641  -76.644  17.453 0.6000000238
174452  16.003  -75.123  20.677 0.6000000238
174623  35.543  -80.506  16.576 0.4000000060
174648  19.056  -70.106  19.623 0.6000000238
175375  30.865  -70.801  23.179 0.5000000000
175392  34.390  -76.232  22.802 0.3000000119
176083  30.984  -75.330  12.460 0.6000000238
176276  37.639  -75.461  16.218 0.6000000238
176313  33.992  -71.582  23.943 0.4000000060
177358  39.310  -84.173  21.839 0.3000000119
177431  15.322  -64.135  22.947 0.3000000119
177566  12.373  -66.428  25.291 0.3000000119
177643  15.612  -72.671  20.017 0.5000000000
177998  33.341  -83.519  10.312 0.4000000060
178093  36.708  -71.319  23.433 0.3000000119
178274  30.577  -76.043  21.099 0.4000000060
