#!ascii label  , from subject sub2 vox2ras=TkReg
326
80086  28.744  -14.557  9.585 0.0000000000
67511  26.522  -26.179  13.778 0.0000000000
85449  26.785  -9.180  4.636 0.0000000000
96817  26.145  1.581  -0.538 0.0000000000
66377  24.355  -27.621  15.840 0.0000000000
88405  28.447  -6.665  5.240 0.0000000000
163173  28.399  -3.887  4.726 0.0000000000
76829  26.187  -17.369  8.796 0.0000000000
73443  26.594  -20.460  11.327 0.0000000000
76748  28.991  -17.211  11.902 0.0000000000
152316  29.829  -11.957  9.839 0.0000000000
80040  30.772  -14.754  12.454 0.0000000000
82431  27.348  -12.316  6.711 0.0000000000
85421  29.693  -9.493  6.631 0.0000000000
157736  26.029  -2.039  0.806 0.0000000000
94728  28.414  -0.992  4.137 0.0000000000
68588  28.138  -24.548  14.249 0.0000000000
89519  27.461  -5.361  4.014 0.0000000000
90565  26.511  -4.425  3.188 0.0000000000
77877  27.534  -16.198  9.276 0.0000000000
76773  27.688  -17.697  10.413 0.0000000000
78905  28.876  -15.822  10.350 0.0000000000
67512  24.976  -26.282  14.818 0.0000000000
83396  26.926  -11.175  5.732 0.0000000000
83370  29.005  -10.831  7.272 0.0000000000
85423  28.610  -9.777  5.973 0.0000000000
89494  29.549  -5.357  5.801 0.0000000000
87379  30.118  -6.838  6.842 0.0000000000
150438  25.314  0.874  0.554 0.0000000000
93759  24.436  -1.839  1.576 0.0000000000
95756  26.472  0.127  0.361 0.0000000000
163014  29.593  3.193  4.064 0.0000000000
97844  29.860  2.489  4.500 0.0000000000
95738  28.483  0.470  3.492 0.0000000000
96782  29.843  1.182  5.000 0.0000000000
94719  29.678  -0.127  5.088 0.0000000000
73441  28.276  -20.392  13.174 0.0000000000
72124  27.166  -22.197  13.328 0.0000000000
65213  23.370  -27.596  15.477 0.0000000000
87392  27.714  -7.842  5.044 0.0000000000
88416  27.273  -6.889  4.213 0.0000000000
89506  28.417  -5.320  4.750 0.0000000000
91597  29.258  -3.591  5.248 0.0000000000
73465  26.077  -20.261  10.425 0.0000000000
74614  26.922  -19.156  10.252 0.0000000000
75714  27.776  -19.111  11.373 0.0000000000
74588  29.292  -18.878  13.020 0.0000000000
145767  29.059  -13.150  9.645 0.0000000000
80053  29.779  -14.509  10.879 0.0000000000
148298  30.603  -13.168  11.400 0.0000000000
161191  27.596  -14.916  8.163 0.0000000000
81324  26.890  -13.473  6.787 0.0000000000
145779  28.002  -13.759  7.958 0.0000000000
169499  28.852  -12.055  8.397 0.0000000000
84336  30.058  -11.020  8.010 0.0000000000
172952  30.997  -9.206  8.634 0.0000000000
86427  28.873  -8.137  6.160 0.0000000000
154484  30.578  -7.620  7.725 0.0000000000
92705  25.922  -2.624  1.308 0.0000000000
96805  27.710  1.333  1.800 0.0000000000
95747  27.715  0.529  2.083 0.0000000000
93747  27.112  -1.305  2.521 0.0000000000
92674  26.791  -2.939  3.065 0.0000000000
92667  28.027  -2.491  4.317 0.0000000000
92656  29.372  -2.448  5.006 0.0000000000
69719  25.644  -23.864  13.568 0.0000000000
72148  26.374  -21.314  11.970 0.0000000000
78884  29.611  -15.690  11.555 0.0000000000
173504  30.326  -17.959  13.400 0.0000000000
176460  26.059  -4.914  2.923 0.0000000000
90578  25.824  -4.328  2.486 0.0000000000
78929  27.950  -15.650  9.333 0.0000000000
77876  28.156  -16.218  9.950 0.0000000000
78928  28.456  -15.396  9.711 0.0000000000
64106  23.399  -28.862  15.778 0.0000000000
84375  26.756  -10.525  5.218 0.0000000000
160095  27.876  -9.832  5.812 0.0000000000
85436  27.266  -9.713  5.293 0.0000000000
91587  30.243  -4.008  6.237 0.0000000000
90521  30.484  -4.735  6.572 0.0000000000
95782  25.993  1.322  -0.489 0.0000000000
95757  25.397  -0.003  0.651 0.0000000000
94756  25.722  -0.838  0.425 0.0000000000
149325  26.030  -0.054  0.025 0.0000000000
96790  29.636  1.692  4.403 0.0000000000
96781  30.488  1.397  5.456 0.0000000000
72146  28.901  -21.303  13.934 0.0000000000
68574  23.980  -24.837  13.345 0.0000000000
87401  26.746  -7.473  3.991 0.0000000000
88417  26.538  -6.924  3.610 0.0000000000
170108  27.748  -4.822  4.115 0.0000000000
89507  27.965  -5.250  4.352 0.0000000000
90552  28.159  -4.680  4.506 0.0000000000
90537  28.731  -4.576  5.031 0.0000000000
97865  25.385  2.431  0.753 0.0000000000
75764  25.900  -18.775  9.106 0.0000000000
75787  26.374  -17.964  9.263 0.0000000000
76772  28.231  -17.400  11.209 0.0000000000
75713  27.910  -18.263  11.306 0.0000000000
151286  28.435  -18.927  12.274 0.0000000000
153927  28.603  -18.046  12.155 0.0000000000
64105  24.201  -29.023  15.488 0.0000000000
145763  29.599  -12.547  9.860 0.0000000000
81254  30.089  -13.084  10.565 0.0000000000
145754  30.601  -12.354  11.004 0.0000000000
145781  26.982  -15.548  8.035 0.0000000000
83387  27.164  -11.833  6.247 0.0000000000
82418  27.195  -12.845  6.958 0.0000000000
81323  27.445  -13.384  7.484 0.0000000000
82417  27.718  -12.431  7.386 0.0000000000
145770  28.480  -12.684  8.575 0.0000000000
82416  28.367  -12.216  7.960 0.0000000000
84365  29.555  -10.179  6.710 0.0000000000
150999  29.528  -11.119  7.818 0.0000000000
84355  30.123  -10.202  7.823 0.0000000000
84335  30.360  -10.530  8.547 0.0000000000
85410  30.167  -9.362  7.514 0.0000000000
87391  28.268  -7.722  5.531 0.0000000000
86437  28.599  -8.731  5.726 0.0000000000
88387  28.964  -7.114  5.886 0.0000000000
87368  30.054  -7.772  7.103 0.0000000000
86414  30.892  -7.991  8.340 0.0000000000
173225  25.599  -1.878  0.737 0.0000000000
92707  24.672  -2.572  1.479 0.0000000000
91675  25.116  -2.698  1.198 0.0000000000
92706  25.343  -3.059  1.332 0.0000000000
98971  29.241  3.098  3.301 0.0000000000
96804  28.223  1.992  2.373 0.0000000000
95746  28.322  1.062  2.758 0.0000000000
95731  28.569  -0.062  4.231 0.0000000000
94735  28.078  -0.313  3.430 0.0000000000
94729  27.948  -1.092  3.473 0.0000000000
92687  26.746  -2.025  2.571 0.0000000000
93736  27.969  -1.698  3.837 0.0000000000
92673  27.328  -2.288  3.548 0.0000000000
93735  28.506  -1.748  4.392 0.0000000000
94718  30.234  -0.394  5.464 0.0000000000
93723  29.628  -1.549  5.123 0.0000000000
93722  30.244  -1.299  5.583 0.0000000000
154709  30.030  -2.139  5.382 0.0000000000
69720  24.969  -23.992  13.149 0.0000000000
73444  25.872  -20.998  10.951 0.0000000000
70936  27.625  -22.836  14.070 0.0000000000
69737  27.793  -23.563  14.574 0.0000000000
69718  26.396  -23.906  14.235 0.0000000000
80052  30.177  -14.554  11.620 0.0000000000
164767  29.788  -15.044  11.370 0.0000000000
78883  30.139  -15.290  12.055 0.0000000000
88429  26.179  -6.215  3.214 0.0000000000
89520  26.617  -5.317  3.451 0.0000000000
90564  27.236  -4.650  3.737 0.0000000000
163777  27.685  -4.073  4.187 0.0000000000
77878  27.062  -16.654  9.153 0.0000000000
76800  26.794  -17.264  9.254 0.0000000000
77856  27.525  -17.006  9.704 0.0000000000
77855  28.043  -16.958  10.412 0.0000000000
77839  28.781  -16.570  10.831 0.0000000000
67513  24.429  -26.600  14.919 0.0000000000
65231  25.032  -28.889  14.747 0.0000000000
66376  25.124  -27.546  15.235 0.0000000000
65230  25.558  -28.487  13.744 0.0000000000
83325  30.748  -10.833  10.151 0.0000000000
145755  30.586  -11.537  10.604 0.0000000000
83371  28.337  -11.594  7.406 0.0000000000
83386  28.204  -10.897  6.842 0.0000000000
84366  28.883  -10.272  6.466 0.0000000000
85422  29.247  -9.759  6.162 0.0000000000
88404  29.179  -6.139  5.593 0.0000000000
88386  29.605  -6.594  6.268 0.0000000000
167898  29.700  -5.912  6.154 0.0000000000
89468  30.642  -5.499  6.900 0.0000000000
93771  25.338  -1.448  0.669 0.0000000000
93770  25.879  -1.451  0.548 0.0000000000
159587  29.386  2.281  3.680 0.0000000000
171413  28.833  1.074  3.419 0.0000000000
95737  28.938  0.681  4.037 0.0000000000
95730  29.173  0.222  4.642 0.0000000000
93734  29.023  -0.763  4.880 0.0000000000
95723  29.609  0.551  4.951 0.0000000000
95722  30.178  0.512  5.396 0.0000000000
73442  27.211  -20.717  12.431 0.0000000000
147947  27.992  -21.148  13.263 0.0000000000
70954  28.127  -22.287  13.912 0.0000000000
66357  22.133  -26.013  13.475 0.0000000000
67493  23.682  -25.298  13.538 0.0000000000
67492  24.463  -25.028  13.744 0.0000000000
67491  25.493  -24.856  14.016 0.0000000000
85448  27.512  -8.984  5.151 0.0000000000
86447  27.296  -8.371  4.845 0.0000000000
87400  27.249  -7.629  4.534 0.0000000000
88428  27.013  -6.129  3.893 0.0000000000
88415  27.902  -6.081  4.531 0.0000000000
159537  28.656  -5.922  4.995 0.0000000000
89495  28.991  -5.334  5.257 0.0000000000
171661  29.761  -4.059  5.744 0.0000000000
91596  29.994  -3.384  5.783 0.0000000000
96812  24.990  1.474  1.077 0.0000000000
96818  25.646  1.539  -0.062 0.0000000000
97870  26.053  2.135  -0.652 0.0000000000
74634  26.234  -19.447  9.863 0.0000000000
74591  26.781  -19.745  10.673 0.0000000000
76799  27.168  -17.922  9.731 0.0000000000
75738  27.380  -18.618  10.433 0.0000000000
74590  27.391  -19.848  11.706 0.0000000000
74589  28.138  -19.542  12.477 0.0000000000
73412  29.131  -19.763  13.415 0.0000000000
73440  29.035  -20.626  13.642 0.0000000000
145769  28.754  -13.764  9.280 0.0000000000
80069  29.295  -14.515  10.285 0.0000000000
145762  29.790  -13.900  10.390 0.0000000000
81240  30.186  -13.861  11.094 0.0000000000
147374  30.557  -13.891  11.948 0.0000000000
82325  31.195  -12.499  11.838 0.0000000000
81227  30.952  -13.292  12.161 0.0000000000
154326  31.233  -13.973  12.597 0.0000000000
77906  26.980  -16.135  8.664 0.0000000000
78957  27.524  -15.555  8.740 0.0000000000
159370  27.080  -14.049  7.211 0.0000000000
145783  27.587  -14.244  7.738 0.0000000000
161032  28.467  -14.264  8.884 0.0000000000
169122  28.632  -13.078  9.118 0.0000000000
82397  29.037  -12.372  9.097 0.0000000000
83327  29.629  -11.808  9.330 0.0000000000
83349  28.969  -11.544  7.890 0.0000000000
83348  29.487  -11.570  8.425 0.0000000000
83347  30.038  -11.192  8.845 0.0000000000
84317  30.510  -10.710  9.323 0.0000000000
84316  31.065  -10.207  9.637 0.0000000000
85435  28.155  -9.252  5.580 0.0000000000
85433  29.169  -9.091  6.106 0.0000000000
87380  29.514  -7.490  6.476 0.0000000000
86416  29.906  -8.720  7.082 0.0000000000
86404  30.701  -8.864  8.242 0.0000000000
151695  25.646  -3.508  1.795 0.0000000000
97864  26.971  2.315  0.411 0.0000000000
96810  27.553  2.224  1.464 0.0000000000
96811  27.184  1.525  0.754 0.0000000000
95755  27.225  0.698  0.964 0.0000000000
94750  27.179  -0.065  1.469 0.0000000000
94743  26.580  -0.717  1.128 0.0000000000
173052  28.049  0.335  2.897 0.0000000000
94742  27.157  -0.757  2.061 0.0000000000
93748  26.702  -1.420  1.718 0.0000000000
92688  26.307  -2.828  2.024 0.0000000000
91647  26.333  -3.622  2.676 0.0000000000
91628  27.432  -3.168  3.895 0.0000000000
91613  27.975  -3.327  4.477 0.0000000000
170616  28.996  -1.683  4.825 0.0000000000
92666  28.741  -2.282  4.661 0.0000000000
91612  28.658  -3.007  4.736 0.0000000000
92655  29.821  -2.820  5.397 0.0000000000
92654  30.336  -2.646  5.799 0.0000000000
68573  24.738  -24.573  13.556 0.0000000000
70955  25.284  -22.389  11.654 0.0000000000
72125  26.603  -21.924  12.667 0.0000000000
70937  26.503  -22.566  13.198 0.0000000000
70938  25.645  -22.774  12.458 0.0000000000
69738  26.016  -23.271  13.347 0.0000000000
68572  26.090  -24.503  14.181 0.0000000000
78904  29.332  -15.238  10.797 0.0000000000
78885  29.245  -15.999  10.950 0.0000000000
161925  29.347  -16.432  11.711 0.0000000000
78868  30.645  -15.598  12.873 0.0000000000
77825  30.069  -16.216  12.505 0.0000000000
76747  29.740  -17.119  12.612 0.0000000000
75712  29.670  -18.101  12.893 0.0000000000
68570  27.325  -24.217  14.804 0.0000000000
68571  26.784  -24.582  14.789 0.0000000000
69740  24.575  -23.615  12.397 0.0000000000
70953  28.774  -22.162  13.917 0.0000000000
72126  25.956  -22.102  12.168 0.0000000000
72147  27.294  -21.562  13.037 0.0000000000
74613  27.264  -19.287  10.811 0.0000000000
75763  26.734  -18.669  9.738 0.0000000000
78927  28.839  -15.070  10.209 0.0000000000
80087  28.136  -14.944  8.939 0.0000000000
82398  27.965  -12.975  8.064 0.0000000000
83326  30.129  -11.401  9.811 0.0000000000
83372  27.720  -11.696  6.840 0.0000000000
84334  30.756  -10.146  8.995 0.0000000000
84356  29.723  -10.565  7.434 0.0000000000
84367  27.993  -10.293  6.311 0.0000000000
84374  27.359  -10.409  5.803 0.0000000000
85395  30.584  -9.687  8.418 0.0000000000
85434  28.827  -9.350  5.897 0.0000000000
86415  30.382  -8.382  7.639 0.0000000000
86426  29.502  -8.489  6.592 0.0000000000
86438  27.931  -8.471  5.362 0.0000000000
88385  30.150  -6.083  6.638 0.0000000000
88403  30.085  -5.398  6.355 0.0000000000
88406  27.816  -7.123  4.845 0.0000000000
90522  29.927  -4.713  6.015 0.0000000000
90536  29.362  -4.611  5.517 0.0000000000
91629  27.029  -3.841  3.454 0.0000000000
91648  24.265  -3.081  1.953 0.0000000000
91661  24.880  -3.416  1.294 0.0000000000
92726  25.540  -2.367  1.047 0.0000000000
92727  25.077  -2.049  1.011 0.0000000000
93733  29.803  -0.847  5.200 0.0000000000
93741  27.405  -1.522  3.186 0.0000000000
93758  26.241  -1.507  0.831 0.0000000000
94736  27.598  -0.866  2.869 0.0000000000
94755  26.103  -0.793  0.348 0.0000000000
95739  27.651  -0.183  2.502 0.0000000000
95758  24.733  0.654  1.386 0.0000000000
95768  26.641  1.036  0.038 0.0000000000
95769  26.126  0.837  -0.221 0.0000000000
95770  25.897  0.731  -0.126 0.0000000000
96816  26.627  1.720  -0.019 0.0000000000
96828  26.017  1.784  -0.624 0.0000000000
97869  26.331  2.255  -0.418 0.0000000000
97871  25.874  2.314  -0.424 0.0000000000
145758  30.129  -12.139  10.285 0.0000000000
145766  29.269  -13.902  9.859 0.0000000000
145773  28.351  -13.570  8.580 0.0000000000
145778  28.110  -14.319  8.303 0.0000000000
147361  24.651  -0.252  1.581 0.0000000000
149383  29.572  -13.339  10.091 0.0000000000
153698  30.525  -2.004  5.786 0.0000000000
154684  26.383  -2.150  1.335 0.0000000000
157833  27.517  -11.004  6.374 0.0000000000
161686  29.396  0.949  4.482 0.0000000000
165727  25.377  -24.362  13.702 0.0000000000
166267  28.351  -21.720  13.718 0.0000000000
170642  30.006  -10.054  7.039 0.0000000000
176600  28.723  -1.287  4.608 0.0000000000
