#!ascii label  , from subject sub2 vox2ras=TkReg
1957
106930  -44.769  4.129  52.265 0.0000000000
102446  -48.035  0.003  38.890 0.0000000000
116954  -55.577  15.786  49.620 0.0000000000
176099  -53.677  5.393  46.714 0.0000000000
102305  -52.380  -0.974  54.943 0.0000000000
108871  -51.106  6.907  40.975 0.0000000000
116256  -51.283  14.931  34.169 0.0000000000
119463  -40.706  18.236  30.831 0.0000000000
99494  -45.765  -3.592  59.419 0.0000000000
104237  -49.042  1.707  48.755 0.0000000000
107030  -51.127  3.830  43.780 0.0000000000
108824  -47.146  6.557  45.754 0.0000000000
116150  -46.447  15.132  42.513 0.0000000000
117039  -53.517  16.148  41.349 0.0000000000
188035  -44.306  13.532  37.056 0.0000000000
115331  -42.517  13.115  30.573 0.0000000000
120258  -44.633  19.462  31.359 0.0000000000
105260  -48.968  2.456  34.492 0.0000000000
106926  -48.066  5.189  55.094 0.0000000000
111646  -49.835  9.335  50.347 0.0000000000
105091  -55.073  2.592  50.105 0.0000000000
105084  -52.484  2.723  51.331 0.0000000000
104187  -48.273  -1.486  52.393 0.0000000000
101376  -48.473  -2.663  54.377 0.0000000000
103366  -55.339  1.534  38.711 0.0000000000
108906  -55.759  6.016  36.257 0.0000000000
113400  -52.355  12.034  44.809 0.0000000000
114327  -55.701  12.070  39.575 0.0000000000
113484  -55.335  11.841  34.829 0.0000000000
113505  -48.484  11.556  33.975 0.0000000000
114364  -41.189  12.410  35.006 0.0000000000
103261  -45.600  0.864  50.395 0.0000000000
106011  -47.671  3.197  47.224 0.0000000000
175109  -45.295  4.913  48.914 0.0000000000
117851  -41.491  16.465  40.184 0.0000000000
115206  -44.674  13.744  39.387 0.0000000000
117864  -41.305  16.281  37.304 0.0000000000
118635  -41.673  17.319  34.509 0.0000000000
103370  -48.601  1.126  36.912 0.0000000000
106911  -49.635  4.718  56.474 0.0000000000
109749  -51.932  7.639  54.719 0.0000000000
104188  -52.821  1.223  53.176 0.0000000000
104196  -50.486  0.130  52.114 0.0000000000
102318  -50.243  -1.120  53.458 0.0000000000
167686  -47.423  -3.311  56.838 0.0000000000
103238  -43.090  -0.075  53.438 0.0000000000
105948  -43.713  3.158  55.661 0.0000000000
105035  -41.729  2.180  56.447 0.0000000000
170666  -56.371  3.134  44.927 0.0000000000
107046  -50.631  4.739  41.840 0.0000000000
105192  -52.892  2.674  41.630 0.0000000000
107061  -53.059  4.396  39.679 0.0000000000
106115  -55.447  3.240  37.699 0.0000000000
108887  -54.722  6.714  39.056 0.0000000000
113350  -53.685  11.842  50.016 0.0000000000
177008  -50.971  10.985  47.441 0.0000000000
114273  -54.350  12.750  46.814 0.0000000000
116225  -52.160  14.830  37.678 0.0000000000
117050  -56.140  15.222  40.384 0.0000000000
117085  -55.075  15.711  35.924 0.0000000000
114355  -56.497  12.297  35.668 0.0000000000
116280  -54.133  15.055  32.324 0.0000000000
115264  -52.182  13.370  34.190 0.0000000000
115337  -50.049  13.438  31.487 0.0000000000
117146  -39.996  15.259  28.955 0.0000000000
114405  -41.255  12.094  31.051 0.0000000000
116261  -38.076  14.414  32.729 0.0000000000
115257  -37.266  13.421  35.376 0.0000000000
117874  -38.878  16.715  35.023 0.0000000000
105997  -50.713  3.337  48.225 0.0000000000
107005  -52.675  4.544  45.499 0.0000000000
106026  -50.419  3.710  46.311 0.0000000000
107027  -48.954  4.873  44.074 0.0000000000
174907  -48.862  7.014  43.245 0.0000000000
116110  -51.447  14.640  45.471 0.0000000000
116999  -54.645  16.366  45.181 0.0000000000
117024  -50.457  15.559  42.415 0.0000000000
116197  -49.270  14.050  39.160 0.0000000000
115248  -48.130  13.829  35.922 0.0000000000
115298  -46.888  13.666  32.339 0.0000000000
115275  -43.036  13.801  34.348 0.0000000000
117124  -40.847  15.511  31.480 0.0000000000
118677  -42.606  18.666  28.119 0.0000000000
106156  -48.931  4.218  33.106 0.0000000000
106928  -46.087  4.657  53.868 0.0000000000
108787  -46.594  6.773  51.579 0.0000000000
109752  -49.125  7.195  53.246 0.0000000000
112501  -53.092  10.323  52.352 0.0000000000
162725  -54.567  14.190  52.869 0.0000000000
115080  -50.922  13.932  52.627 0.0000000000
115114  -51.913  13.741  48.933 0.0000000000
107909  -56.740  6.400  48.617 0.0000000000
107884  -56.178  5.663  51.068 0.0000000000
106945  -53.093  4.289  49.896 0.0000000000
105088  -50.672  2.183  50.291 0.0000000000
103256  -48.971  -0.166  51.043 0.0000000000
101380  -51.508  -1.894  56.777 0.0000000000
178394  -47.767  -2.566  59.545 0.0000000000
100440  -49.941  -2.459  56.716 0.0000000000
102296  -50.016  -2.149  55.021 0.0000000000
104154  -47.755  -1.550  53.919 0.0000000000
170380  -45.083  2.000  53.276 0.0000000000
163635  -50.094  -0.138  40.231 0.0000000000
163327  -55.172  2.251  43.447 0.0000000000
102433  -54.777  -0.165  40.595 0.0000000000
103363  -51.412  0.876  38.829 0.0000000000
105237  -51.435  2.612  37.043 0.0000000000
106139  -52.854  3.811  35.908 0.0000000000
108028  -54.059  5.797  33.114 0.0000000000
110753  -47.495  8.479  48.141 0.0000000000
111677  -49.178  9.954  44.997 0.0000000000
111701  -50.458  9.600  42.082 0.0000000000
175785  -55.434  14.321  43.685 0.0000000000
114313  -54.440  12.937  41.468 0.0000000000
111713  -53.749  9.865  39.820 0.0000000000
111742  -56.202  9.238  38.911 0.0000000000
184304  -56.401  8.962  34.199 0.0000000000
110859  -54.147  8.510  35.428 0.0000000000
113537  -45.739  11.623  30.115 0.0000000000
113501  -43.968  11.368  33.817 0.0000000000
113478  -42.760  11.136  36.551 0.0000000000
113462  -39.809  11.980  37.461 0.0000000000
114332  -37.277  12.086  37.887 0.0000000000
105080  -44.501  2.546  51.027 0.0000000000
105096  -45.144  2.799  49.793 0.0000000000
106938  -44.671  4.314  51.044 0.0000000000
117856  -41.425  16.261  38.704 0.0000000000
119431  -43.199  19.207  35.399 0.0000000000
159849  -48.468  0.684  37.575 0.0000000000
103232  -52.665  0.086  54.046 0.0000000000
103239  -51.730  0.194  53.365 0.0000000000
102319  -51.321  -0.562  53.809 0.0000000000
102311  -42.211  -0.572  54.027 0.0000000000
104170  -42.046  0.811  54.393 0.0000000000
173712  -55.417  5.787  46.337 0.0000000000
107945  -55.271  5.509  45.767 0.0000000000
107972  -50.847  5.462  41.269 0.0000000000
107047  -51.278  4.517  41.079 0.0000000000
107976  -51.523  5.545  40.640 0.0000000000
107985  -53.691  5.166  39.248 0.0000000000
108879  -52.635  6.721  39.799 0.0000000000
115107  -55.073  13.923  49.883 0.0000000000
114246  -54.311  12.527  48.818 0.0000000000
182902  -55.520  14.315  48.454 0.0000000000
116247  -51.849  14.978  35.749 0.0000000000
117074  -54.052  15.457  37.351 0.0000000000
187054  -53.267  15.514  35.187 0.0000000000
117093  -54.665  15.471  33.973 0.0000000000
117110  -52.400  15.073  32.733 0.0000000000
115340  -52.050  14.198  31.404 0.0000000000
116276  -50.002  14.157  32.275 0.0000000000
117906  -40.048  16.648  29.420 0.0000000000
117129  -38.781  14.817  30.862 0.0000000000
117898  -39.344  16.272  31.759 0.0000000000
117888  -38.509  15.660  33.403 0.0000000000
118642  -39.671  17.131  33.617 0.0000000000
105113  -49.466  2.360  48.275 0.0000000000
106014  -50.540  3.523  47.312 0.0000000000
105124  -48.999  2.744  47.431 0.0000000000
106986  -47.018  4.844  46.410 0.0000000000
107000  -48.066  4.577  45.614 0.0000000000
107944  -47.712  5.311  45.424 0.0000000000
107960  -49.021  5.598  43.472 0.0000000000
108849  -48.215  6.557  44.375 0.0000000000
172956  -49.171  14.836  44.373 0.0000000000
116995  -50.720  15.498  44.022 0.0000000000
116152  -48.169  15.145  42.160 0.0000000000
115216  -44.332  13.649  37.897 0.0000000000
115209  -47.090  13.766  39.173 0.0000000000
115219  -47.320  13.662  38.236 0.0000000000
115235  -48.282  13.773  37.345 0.0000000000
155593  -45.982  13.529  36.385 0.0000000000
178745  -45.829  13.492  35.438 0.0000000000
115259  -43.489  13.696  35.718 0.0000000000
119449  -42.675  18.422  32.895 0.0000000000
117891  -41.324  16.524  33.133 0.0000000000
163436  -42.417  17.643  30.947 0.0000000000
118667  -42.290  17.499  28.400 0.0000000000
177305  -43.828  18.877  29.119 0.0000000000
105268  -49.272  3.103  33.806 0.0000000000
107868  -46.862  5.104  54.291 0.0000000000
162663  -47.750  6.398  53.523 0.0000000000
107875  -48.082  6.154  54.148 0.0000000000
111622  -53.944  9.290  54.372 0.0000000000
110732  -51.897  8.801  53.494 0.0000000000
112495  -54.291  10.591  53.409 0.0000000000
113329  -54.579  12.225  52.730 0.0000000000
114204  -54.666  12.851  53.933 0.0000000000
115089  -49.393  13.264  52.258 0.0000000000
176031  -51.676  14.116  50.897 0.0000000000
114245  -50.174  12.815  48.876 0.0000000000
115122  -49.958  13.056  47.293 0.0000000000
114269  -48.248  12.406  46.590 0.0000000000
105114  -54.675  3.238  48.413 0.0000000000
106953  -56.638  5.520  48.966 0.0000000000
106932  -55.240  4.447  52.062 0.0000000000
105972  -53.423  3.717  51.169 0.0000000000
163402  -53.872  4.852  50.005 0.0000000000
105979  -53.064  3.881  50.529 0.0000000000
187721  -51.864  3.440  49.957 0.0000000000
105083  -51.587  2.289  51.175 0.0000000000
164238  -49.183  -1.160  52.469 0.0000000000
159076  -49.319  -0.468  51.690 0.0000000000
104195  -48.463  -1.274  52.084 0.0000000000
99496  -47.250  -2.815  59.123 0.0000000000
99503  -48.325  -3.088  56.758 0.0000000000
156639  -49.482  -2.619  55.833 0.0000000000
101378  -49.889  -2.390  55.707 0.0000000000
102295  -49.409  -2.455  54.841 0.0000000000
103215  -49.606  -2.305  54.962 0.0000000000
102294  -49.082  -2.084  54.245 0.0000000000
105054  -45.107  3.071  54.178 0.0000000000
105046  -45.104  3.002  54.377 0.0000000000
102415  -49.707  -0.582  41.125 0.0000000000
156773  -52.033  4.138  44.923 0.0000000000
106044  -54.373  4.012  44.499 0.0000000000
106055  -52.607  3.556  43.656 0.0000000000
105207  -55.488  2.019  40.132 0.0000000000
104294  -56.339  1.011  41.336 0.0000000000
103354  -55.314  0.811  39.423 0.0000000000
103352  -52.644  0.382  39.735 0.0000000000
104318  -53.145  1.265  38.368 0.0000000000
104316  -51.179  1.439  38.025 0.0000000000
104328  -52.827  1.821  37.664 0.0000000000
107086  -55.603  4.448  37.286 0.0000000000
106126  -54.520  3.404  36.485 0.0000000000
107106  -55.103  4.538  35.117 0.0000000000
107116  -53.762  4.955  34.270 0.0000000000
108030  -55.397  6.115  33.771 0.0000000000
109769  -47.864  7.735  51.235 0.0000000000
109773  -46.959  7.890  49.797 0.0000000000
110751  -48.811  9.004  49.569 0.0000000000
113390  -51.527  11.516  45.959 0.0000000000
175859  -49.588  10.377  46.194 0.0000000000
112544  -50.461  10.927  44.919 0.0000000000
111682  -49.374  9.506  43.605 0.0000000000
112550  -51.103  11.165  43.153 0.0000000000
117817  -54.627  16.444  43.702 0.0000000000
117810  -55.690  16.336  44.783 0.0000000000
117828  -55.674  16.507  42.470 0.0000000000
115212  -56.198  13.380  39.929 0.0000000000
115187  -55.931  13.617  41.473 0.0000000000
161329  -55.413  12.446  40.497 0.0000000000
113433  -53.263  11.321  40.528 0.0000000000
112578  -54.885  11.010  39.714 0.0000000000
174767  -55.401  9.054  39.361 0.0000000000
112591  -56.004  10.442  39.038 0.0000000000
114372  -56.365  12.262  34.192 0.0000000000
163137  -56.741  10.550  34.288 0.0000000000
112638  -56.224  10.973  34.194 0.0000000000
111771  -55.899  9.104  33.951 0.0000000000
111760  -54.613  9.977  35.519 0.0000000000
110853  -53.570  8.999  36.465 0.0000000000
113471  -53.617  11.347  36.451 0.0000000000
114383  -49.807  12.234  33.987 0.0000000000
179414  -50.432  12.440  35.881 0.0000000000
115317  -44.997  13.398  31.489 0.0000000000
115334  -45.927  13.196  30.380 0.0000000000
114425  -44.299  12.222  29.636 0.0000000000
114394  -40.818  12.402  32.932 0.0000000000
113512  -42.621  11.610  32.427 0.0000000000
169850  -42.641  11.775  34.278 0.0000000000
112633  -44.064  10.894  35.445 0.0000000000
113487  -41.915  12.136  35.525 0.0000000000
154815  -41.305  11.836  36.784 0.0000000000
114350  -40.019  12.343  36.006 0.0000000000
116229  -36.764  14.645  35.881 0.0000000000
114338  -37.516  12.573  36.827 0.0000000000
115227  -36.736  13.936  37.392 0.0000000000
115215  -36.502  13.617  38.600 0.0000000000
103274  -47.434  0.842  49.680 0.0000000000
105111  -47.724  2.169  48.228 0.0000000000
105098  -46.350  2.082  49.130 0.0000000000
106009  -45.814  3.815  48.087 0.0000000000
107919  -46.090  5.398  47.489 0.0000000000
116178  -45.705  14.209  40.741 0.0000000000
116192  -42.580  14.710  39.445 0.0000000000
116207  -42.713  14.430  38.633 0.0000000000
116219  -41.890  14.818  37.439 0.0000000000
116242  -42.264  14.289  36.154 0.0000000000
118627  -41.681  17.589  35.528 0.0000000000
119444  -43.267  19.125  34.511 0.0000000000
104336  -48.867  1.606  36.019 0.0000000000
106922  -48.938  4.688  55.942 0.0000000000
107871  -49.282  5.896  55.009 0.0000000000
163156  -51.008  6.296  55.409 0.0000000000
104198  -52.454  1.583  52.511 0.0000000000
104210  -52.047  1.928  51.820 0.0000000000
103247  -51.222  0.309  52.858 0.0000000000
103246  -50.213  -0.684  52.872 0.0000000000
104176  -48.833  -1.774  53.104 0.0000000000
156620  -46.446  -3.266  58.053 0.0000000000
99516  -46.631  -3.575  55.323 0.0000000000
154389  -44.834  0.967  53.096 0.0000000000
105045  -44.314  2.649  54.406 0.0000000000
105052  -43.365  2.001  54.054 0.0000000000
105043  -42.257  2.534  55.613 0.0000000000
106053  -50.971  3.821  43.062 0.0000000000
106066  -52.198  3.312  42.809 0.0000000000
106074  -52.163  3.213  41.897 0.0000000000
105205  -53.331  2.711  40.931 0.0000000000
105218  -55.466  2.707  39.465 0.0000000000
173925  -55.511  2.741  38.288 0.0000000000
107063  -55.139  4.227  38.961 0.0000000000
107987  -55.298  5.172  38.499 0.0000000000
108895  -55.809  5.951  38.000 0.0000000000
173151  -52.022  10.805  50.184 0.0000000000
111655  -50.138  9.846  49.045 0.0000000000
112522  -52.315  11.309  48.681 0.0000000000
113379  -52.542  11.620  47.140 0.0000000000
114271  -53.046  12.292  45.886 0.0000000000
117055  -52.954  15.560  39.882 0.0000000000
117845  -55.289  16.388  40.833 0.0000000000
117057  -54.988  16.244  38.986 0.0000000000
116213  -55.687  15.221  38.357 0.0000000000
115222  -55.955  14.039  38.099 0.0000000000
160611  -55.948  11.940  38.302 0.0000000000
115251  -55.953  13.687  35.910 0.0000000000
116258  -55.313  14.319  34.288 0.0000000000
115267  -54.954  13.718  34.240 0.0000000000
115265  -53.124  13.144  34.979 0.0000000000
173380  -52.659  13.730  32.909 0.0000000000
114398  -51.037  13.005  32.546 0.0000000000
113530  -49.086  12.187  32.193 0.0000000000
115330  -40.762  13.318  29.838 0.0000000000
113533  -42.034  12.179  29.945 0.0000000000
114421  -40.093  12.721  30.294 0.0000000000
114403  -39.653  12.674  32.162 0.0000000000
114392  -38.751  12.808  33.643 0.0000000000
114362  -39.481  12.490  35.198 0.0000000000
115272  -37.709  13.409  34.166 0.0000000000
117097  -37.295  14.700  34.496 0.0000000000
117872  -37.642  15.759  35.792 0.0000000000
157529  -52.062  4.287  47.401 0.0000000000
106991  -53.276  5.026  46.117 0.0000000000
106989  -51.293  3.946  46.881 0.0000000000
106988  -51.260  4.044  46.123 0.0000000000
155390  -51.125  3.950  44.938 0.0000000000
106012  -48.886  3.277  46.638 0.0000000000
106034  -49.122  3.945  45.539 0.0000000000
107016  -49.750  4.369  44.090 0.0000000000
107028  -49.573  4.921  43.350 0.0000000000
107966  -49.620  5.697  42.686 0.0000000000
108864  -50.121  6.546  41.879 0.0000000000
116091  -53.862  15.291  47.765 0.0000000000
162540  -55.321  15.994  47.399 0.0000000000
116971  -53.346  15.357  46.110 0.0000000000
117009  -52.371  15.679  43.774 0.0000000000
180990  -51.843  15.707  41.942 0.0000000000
116180  -47.831  14.336  40.693 0.0000000000
173844  -50.224  14.585  40.506 0.0000000000
116184  -51.941  15.132  40.235 0.0000000000
116210  -50.522  14.340  38.083 0.0000000000
174922  -49.872  14.320  36.464 0.0000000000
116244  -49.909  14.453  34.973 0.0000000000
115281  -48.731  13.950  33.792 0.0000000000
155977  -47.229  13.702  34.489 0.0000000000
115278  -45.425  13.693  33.478 0.0000000000
182674  -43.528  13.472  32.929 0.0000000000
116240  -41.415  14.728  35.017 0.0000000000
116274  -41.169  14.590  33.186 0.0000000000
156322  -40.831  14.407  31.711 0.0000000000
117141  -40.923  15.944  28.690 0.0000000000
118671  -40.888  16.828  28.456 0.0000000000
119468  -41.582  18.531  28.635 0.0000000000
106931  -45.249  4.608  52.740 0.0000000000
107882  -45.423  5.609  51.698 0.0000000000
107879  -46.200  5.758  52.848 0.0000000000
109757  -47.941  7.219  52.298 0.0000000000
109765  -49.000  7.871  52.044 0.0000000000
109747  -50.134  7.106  54.161 0.0000000000
109760  -50.063  8.081  53.014 0.0000000000
111642  -50.557  9.353  51.645 0.0000000000
112509  -53.419  10.948  51.639 0.0000000000
164790  -54.724  13.549  51.361 0.0000000000
116066  -55.109  15.085  50.777 0.0000000000
115065  -53.112  14.248  54.291 0.0000000000
116927  -53.651  15.149  53.218 0.0000000000
116071  -53.275  14.971  50.780 0.0000000000
116079  -53.369  14.898  49.105 0.0000000000
115124  -51.647  13.747  47.614 0.0000000000
115151  -50.043  13.922  45.670 0.0000000000
116122  -47.586  14.638  43.948 0.0000000000
106992  -56.077  4.856  46.806 0.0000000000
107921  -55.121  6.298  47.574 0.0000000000
106943  -57.395  5.072  51.273 0.0000000000
105989  -56.864  4.707  49.779 0.0000000000
108796  -56.445  6.532  49.392 0.0000000000
107898  -54.385  5.570  48.974 0.0000000000
106960  -53.554  5.099  48.524 0.0000000000
105999  -51.971  3.946  49.004 0.0000000000
105101  -50.979  3.087  49.035 0.0000000000
104226  -50.045  1.744  49.845 0.0000000000
104208  -50.302  0.791  51.289 0.0000000000
103257  -49.593  0.477  50.891 0.0000000000
103264  -48.361  0.405  50.276 0.0000000000
103254  -46.690  -0.917  51.315 0.0000000000
100420  -49.929  -2.257  58.914 0.0000000000
100426  -47.807  -2.694  58.504 0.0000000000
100428  -49.405  -2.535  57.932 0.0000000000
100429  -50.325  -2.404  57.777 0.0000000000
100441  -50.739  -2.342  56.956 0.0000000000
161097  -51.365  -1.734  55.863 0.0000000000
101389  -51.324  -1.186  54.549 0.0000000000
102312  -50.363  -1.435  53.998 0.0000000000
103231  -49.131  -2.026  53.681 0.0000000000
104164  -47.912  -1.098  53.203 0.0000000000
105062  -44.563  2.494  52.800 0.0000000000
179924  -45.562  3.712  53.941 0.0000000000
106924  -46.387  4.347  54.547 0.0000000000
106919  -46.645  4.173  55.222 0.0000000000
106920  -47.359  4.151  55.839 0.0000000000
102414  -48.734  -0.930  41.183 0.0000000000
102429  -49.145  -0.434  40.437 0.0000000000
103348  -48.884  0.264  39.282 0.0000000000
107021  -55.082  4.710  44.936 0.0000000000
106058  -55.768  2.965  44.332 0.0000000000
105167  -54.423  1.937  42.446 0.0000000000
104295  -56.814  0.732  41.921 0.0000000000
102420  -55.229  -0.306  41.261 0.0000000000
103340  -51.987  -0.016  40.307 0.0000000000
103350  -50.747  0.453  39.548 0.0000000000
103361  -49.498  0.588  38.739 0.0000000000
186494  -49.768  1.352  37.359 0.0000000000
104325  -50.221  1.845  36.815 0.0000000000
105248  -50.079  2.311  35.622 0.0000000000
105252  -54.043  2.936  36.942 0.0000000000
106124  -52.256  3.467  36.463 0.0000000000
105262  -50.789  3.009  35.479 0.0000000000
106149  -51.101  3.816  34.602 0.0000000000
107122  -51.167  5.001  33.751 0.0000000000
169147  -51.605  6.404  33.563 0.0000000000
108790  -45.552  6.314  50.537 0.0000000000
109775  -45.938  6.629  48.888 0.0000000000
109778  -46.604  7.252  46.925 0.0000000000
111659  -49.135  9.927  47.784 0.0000000000
110760  -47.784  8.836  46.358 0.0000000000
109809  -47.690  7.587  45.137 0.0000000000
110788  -48.757  8.209  43.664 0.0000000000
109825  -49.521  8.015  42.579 0.0000000000
109832  -50.615  8.000  41.648 0.0000000000
116100  -55.737  15.611  46.909 0.0000000000
115153  -55.186  13.754  45.711 0.0000000000
114292  -53.875  13.184  44.256 0.0000000000
168875  -56.339  14.827  42.397 0.0000000000
115177  -54.535  13.554  42.707 0.0000000000
114299  -52.188  12.268  43.329 0.0000000000
113425  -51.766  11.458  41.662 0.0000000000
112575  -52.016  9.854  40.656 0.0000000000
110821  -51.737  8.233  40.499 0.0000000000
110834  -53.867  8.392  39.594 0.0000000000
177817  -56.299  7.575  37.380 0.0000000000
112617  -56.845  10.616  36.900 0.0000000000
166150  -56.839  9.049  35.847 0.0000000000
109877  -56.250  7.792  34.717 0.0000000000
108920  -55.550  7.065  33.308 0.0000000000
109882  -53.949  7.615  33.434 0.0000000000
170513  -52.127  12.502  36.441 0.0000000000
115321  -48.388  13.354  31.611 0.0000000000
114415  -46.679  12.600  30.843 0.0000000000
113527  -46.553  11.597  31.725 0.0000000000
113535  -43.705  11.676  30.219 0.0000000000
156076  -45.432  11.161  32.414 0.0000000000
179232  -45.942  10.688  33.349 0.0000000000
112634  -44.784  10.497  35.193 0.0000000000
112623  -44.648  10.215  35.989 0.0000000000
111747  -43.854  9.587  37.576 0.0000000000
114348  -38.094  12.307  36.381 0.0000000000
113461  -38.748  11.872  37.778 0.0000000000
121139  -42.031  20.005  30.067 0.0000000000
120246  -40.934  19.738  32.216 0.0000000000
119441  -40.224  18.758  34.331 0.0000000000
118619  -39.359  17.679  36.021 0.0000000000
117863  -38.111  16.671  37.132 0.0000000000
105071  -44.425  2.568  51.803 0.0000000000
105976  -44.641  3.528  50.764 0.0000000000
105970  -44.568  3.534  51.581 0.0000000000
103359  -47.911  0.282  37.988 0.0000000000
102314  -52.754  -0.361  54.573 0.0000000000
102313  -52.113  -0.514  54.269 0.0000000000
154462  -41.649  -0.956  54.419 0.0000000000
171451  -54.990  6.033  46.755 0.0000000000
107946  -55.840  5.431  46.034 0.0000000000
175733  -54.437  5.577  46.116 0.0000000000
183294  -51.167  6.171  40.937 0.0000000000
108878  -51.758  6.589  40.449 0.0000000000
107977  -52.231  5.796  39.971 0.0000000000
115108  -55.541  14.978  49.668 0.0000000000
115116  -55.332  14.089  49.119 0.0000000000
168358  -55.661  15.048  48.899 0.0000000000
116246  -51.577  15.048  34.901 0.0000000000
183212  -52.385  15.381  35.038 0.0000000000
117100  -52.116  15.431  33.969 0.0000000000
160017  -51.656  15.017  33.329 0.0000000000
116265  -51.560  14.707  32.280 0.0000000000
174030  -50.916  14.746  33.425 0.0000000000
118660  -40.383  17.394  30.167 0.0000000000
117905  -39.511  16.109  30.365 0.0000000000
118659  -39.894  16.867  30.979 0.0000000000
117889  -39.208  16.361  32.947 0.0000000000
118651  -39.731  17.080  32.387 0.0000000000
105112  -48.591  2.154  48.128 0.0000000000
107934  -47.096  5.664  45.968 0.0000000000
178573  -47.512  4.929  45.917 0.0000000000
171436  -47.484  6.030  45.399 0.0000000000
107953  -47.940  5.846  44.866 0.0000000000
108841  -47.618  6.763  45.051 0.0000000000
116139  -48.062  15.144  43.592 0.0000000000
117022  -48.633  15.431  42.993 0.0000000000
155242  -47.292  15.073  42.326 0.0000000000
155371  -45.394  13.493  37.833 0.0000000000
155891  -46.189  13.539  37.738 0.0000000000
115233  -46.447  13.552  37.071 0.0000000000
115232  -45.765  13.518  37.171 0.0000000000
176885  -45.218  13.440  35.959 0.0000000000
115245  -43.904  13.596  36.452 0.0000000000
120248  -44.106  19.350  32.113 0.0000000000
119457  -42.726  18.289  31.752 0.0000000000
119465  -43.405  18.663  31.352 0.0000000000
119470  -43.443  18.622  30.121 0.0000000000
120268  -44.251  19.189  30.279 0.0000000000
104341  -47.933  1.519  34.649 0.0000000000
104350  -48.271  2.138  34.130 0.0000000000
104357  -47.832  2.400  33.396 0.0000000000
106925  -47.307  4.707  55.036 0.0000000000
107869  -47.684  5.471  54.559 0.0000000000
107870  -48.472  5.730  54.762 0.0000000000
111632  -54.786  10.304  54.821 0.0000000000
111631  -54.340  10.034  54.021 0.0000000000
112496  -54.842  10.950  54.188 0.0000000000
113316  -54.671  11.997  53.721 0.0000000000
114194  -54.511  12.573  54.557 0.0000000000
114244  -49.438  12.519  48.550 0.0000000000
114255  -49.315  12.578  47.581 0.0000000000
104228  -54.284  2.118  49.886 0.0000000000
105987  -55.142  3.943  48.966 0.0000000000
105988  -55.859  4.544  49.388 0.0000000000
105971  -52.731  3.339  50.825 0.0000000000
105090  -51.933  2.998  50.588 0.0000000000
167973  -47.370  -0.672  52.240 0.0000000000
169832  -47.463  -0.621  52.566 0.0000000000
99495  -46.546  -3.166  59.089 0.0000000000
100439  -48.846  -2.946  55.673 0.0000000000
101377  -49.100  -2.605  54.767 0.0000000000
158330  -49.006  -2.271  54.166 0.0000000000
105037  -45.509  2.133  54.390 0.0000000000
104162  -44.825  2.281  53.898 0.0000000000
186366  -52.643  -0.600  41.852 0.0000000000
107018  -51.409  3.900  44.455 0.0000000000
107019  -52.173  3.854  44.251 0.0000000000
104310  -55.630  1.649  39.620 0.0000000000
103355  -55.575  1.497  39.389 0.0000000000
166712  -53.393  0.738  39.079 0.0000000000
103365  -54.098  1.145  38.541 0.0000000000
187827  -54.580  1.439  38.237 0.0000000000
168421  -55.674  5.247  37.143 0.0000000000
107095  -55.426  4.354  36.506 0.0000000000
107107  -55.328  4.727  35.550 0.0000000000
108018  -55.316  5.100  34.289 0.0000000000
163226  -55.522  5.554  35.075 0.0000000000
110741  -49.353  8.836  50.917 0.0000000000
110745  -47.958  8.276  50.537 0.0000000000
182593  -49.245  9.085  50.131 0.0000000000
113399  -51.654  11.584  45.148 0.0000000000
113398  -50.881  11.262  45.404 0.0000000000
113404  -51.018  11.342  44.746 0.0000000000
165066  -50.627  11.015  44.355 0.0000000000
113411  -51.067  11.327  44.013 0.0000000000
117826  -54.397  16.447  42.780 0.0000000000
117827  -55.215  16.590  43.096 0.0000000000
181669  -55.043  16.636  42.381 0.0000000000
114323  -55.997  12.819  40.109 0.0000000000
114322  -55.692  12.419  40.220 0.0000000000
186434  -55.427  11.923  40.044 0.0000000000
113434  -55.131  11.761  40.140 0.0000000000
113435  -55.517  11.592  39.631 0.0000000000
112590  -55.607  10.633  39.283 0.0000000000
113444  -55.667  11.244  39.253 0.0000000000
114371  -55.631  12.726  34.400 0.0000000000
113494  -56.395  11.776  34.028 0.0000000000
111765  -55.694  10.070  34.320 0.0000000000
112628  -55.105  10.848  35.182 0.0000000000
112627  -54.146  10.642  36.164 0.0000000000
180026  -54.437  11.385  35.821 0.0000000000
113519  -49.144  11.903  33.354 0.0000000000
113506  -48.975  11.739  34.635 0.0000000000
171851  -48.220  11.369  34.643 0.0000000000
115332  -43.407  13.041  30.780 0.0000000000
159032  -44.309  13.083  30.804 0.0000000000
178403  -42.833  12.586  30.051 0.0000000000
114381  -41.238  12.406  33.921 0.0000000000
114382  -42.078  12.115  33.628 0.0000000000
114365  -41.986  12.262  34.599 0.0000000000
113488  -42.612  11.757  35.167 0.0000000000
113477  -41.047  12.204  35.976 0.0000000000
114363  -40.428  12.406  35.360 0.0000000000
117080  -36.453  15.021  36.674 0.0000000000
115242  -36.732  14.246  36.529 0.0000000000
104222  -46.842  1.297  49.486 0.0000000000
181963  -46.014  1.559  49.562 0.0000000000
106951  -45.308  4.272  49.135 0.0000000000
171490  -45.530  3.813  48.681 0.0000000000
106958  -45.523  4.428  48.433 0.0000000000
106972  -45.885  4.546  47.722 0.0000000000
107918  -45.640  5.285  48.298 0.0000000000
116175  -42.880  14.648  40.236 0.0000000000
117044  -42.075  15.094  39.953 0.0000000000
156118  -41.392  16.685  38.073 0.0000000000
117061  -41.686  15.539  38.544 0.0000000000
181598  -41.671  15.304  37.859 0.0000000000
116220  -42.494  14.368  37.749 0.0000000000
160890  -41.441  15.420  37.158 0.0000000000
117072  -41.219  15.895  36.574 0.0000000000
118620  -41.497  17.454  36.504 0.0000000000
165619  -43.979  19.627  35.047 0.0000000000
163655  -42.713  18.672  34.886 0.0000000000
120226  -43.948  19.625  34.125 0.0000000000
103369  -47.824  0.575  37.132 0.0000000000
103378  -47.949  1.087  36.271 0.0000000000
107864  -49.650  5.350  55.728 0.0000000000
107853  -50.224  5.165  56.297 0.0000000000
103248  -52.071  0.862  52.950 0.0000000000
102323  -51.006  -0.256  53.303 0.0000000000
176664  -45.041  -1.132  52.200 0.0000000000
176493  -44.290  -0.462  52.489 0.0000000000
154227  -44.501  0.032  53.054 0.0000000000
104183  -43.783  1.125  52.983 0.0000000000
105061  -43.811  1.590  53.219 0.0000000000
104172  -43.383  1.428  53.603 0.0000000000
104160  -42.046  1.752  54.936 0.0000000000
107038  -50.687  4.178  42.499 0.0000000000
106065  -51.384  3.639  42.362 0.0000000000
107039  -51.013  4.067  41.799 0.0000000000
106085  -52.603  3.799  40.245 0.0000000000
106084  -51.891  3.914  40.713 0.0000000000
106086  -53.958  2.858  40.239 0.0000000000
106098  -53.557  3.611  39.879 0.0000000000
106099  -54.855  3.409  39.595 0.0000000000
107062  -54.156  4.246  39.368 0.0000000000
172287  -53.933  6.053  39.225 0.0000000000
174081  -54.666  4.867  38.961 0.0000000000
107986  -54.649  5.677  38.913 0.0000000000
173728  -55.627  6.039  38.230 0.0000000000
172759  -55.247  6.120  38.594 0.0000000000
113349  -52.837  11.306  50.092 0.0000000000
112517  -52.200  11.111  49.427 0.0000000000
113359  -52.998  11.503  49.303 0.0000000000
114257  -54.127  12.504  47.803 0.0000000000
113371  -53.237  11.789  47.759 0.0000000000
113380  -53.368  12.095  46.817 0.0000000000
114272  -53.751  12.524  46.161 0.0000000000
116212  -52.322  14.885  38.641 0.0000000000
117056  -54.004  15.727  39.490 0.0000000000
117073  -53.079  15.237  38.057 0.0000000000
117084  -54.390  15.573  36.336 0.0000000000
117064  -55.101  16.168  37.945 0.0000000000
117065  -55.285  15.964  37.575 0.0000000000
116226  -55.657  15.081  37.222 0.0000000000
115236  -55.877  13.914  36.928 0.0000000000
116236  -55.615  14.697  35.954 0.0000000000
116268  -54.489  15.231  32.985 0.0000000000
117094  -55.068  15.197  34.187 0.0000000000
116257  -54.773  14.750  33.561 0.0000000000
115284  -55.108  14.020  34.193 0.0000000000
115283  -54.543  14.467  33.449 0.0000000000
174873  -53.893  14.288  33.156 0.0000000000
115303  -53.246  14.403  32.458 0.0000000000
115339  -51.502  13.955  31.265 0.0000000000
183962  -51.341  13.812  31.347 0.0000000000
184153  -50.823  13.171  32.002 0.0000000000
163618  -49.673  12.906  31.595 0.0000000000
115355  -39.986  13.933  29.602 0.0000000000
115346  -40.397  13.335  29.828 0.0000000000
182533  -39.805  13.877  29.750 0.0000000000
116273  -38.514  14.278  31.595 0.0000000000
116285  -38.894  13.703  31.204 0.0000000000
175333  -38.399  13.784  32.304 0.0000000000
114402  -39.083  12.830  32.762 0.0000000000
115292  -38.433  13.254  32.938 0.0000000000
115273  -38.073  13.192  33.654 0.0000000000
115291  -37.780  13.769  33.363 0.0000000000
117880  -38.521  16.071  34.436 0.0000000000
117098  -37.721  15.250  33.973 0.0000000000
117090  -37.731  15.508  34.901 0.0000000000
117089  -37.066  15.020  35.346 0.0000000000
117873  -38.335  16.255  35.364 0.0000000000
106015  -51.329  3.798  47.806 0.0000000000
107003  -50.763  3.914  45.529 0.0000000000
105122  -47.302  2.796  47.821 0.0000000000
167582  -48.359  3.028  47.067 0.0000000000
106023  -48.066  3.530  46.611 0.0000000000
107001  -48.638  4.306  45.360 0.0000000000
107002  -49.184  4.265  44.844 0.0000000000
155411  -50.191  3.984  44.832 0.0000000000
108856  -48.656  6.390  43.662 0.0000000000
108857  -49.158  6.394  43.014 0.0000000000
184749  -49.868  6.104  42.201 0.0000000000
108863  -49.640  6.558  42.395 0.0000000000
116098  -52.666  14.710  46.573 0.0000000000
116099  -53.577  15.296  46.955 0.0000000000
116111  -52.375  14.882  45.759 0.0000000000
117008  -50.973  15.720  43.204 0.0000000000
187535  -51.513  15.642  43.689 0.0000000000
157035  -51.851  15.842  43.147 0.0000000000
163056  -52.840  15.952  43.160 0.0000000000
117025  -51.404  15.744  42.500 0.0000000000
115195  -45.102  13.954  40.237 0.0000000000
154911  -47.160  14.443  40.964 0.0000000000
115197  -47.151  14.101  40.196 0.0000000000
115210  -47.870  13.819  38.901 0.0000000000
116196  -48.535  14.069  39.641 0.0000000000
180117  -49.390  14.335  40.105 0.0000000000
116167  -51.023  14.950  40.990 0.0000000000
116182  -50.106  14.324  39.584 0.0000000000
116198  -51.661  14.673  39.281 0.0000000000
155358  -49.920  14.185  38.697 0.0000000000
184277  -47.812  13.654  36.781 0.0000000000
116222  -49.160  14.162  37.134 0.0000000000
115249  -49.244  14.199  36.348 0.0000000000
180982  -49.680  14.292  35.835 0.0000000000
116232  -49.013  14.107  35.628 0.0000000000
115263  -48.439  13.914  34.975 0.0000000000
115262  -47.683  13.704  35.274 0.0000000000
156965  -45.006  13.471  34.957 0.0000000000
156964  -45.839  13.579  34.416 0.0000000000
115277  -44.646  13.631  34.057 0.0000000000
115296  -44.532  13.649  32.940 0.0000000000
115294  -42.822  13.602  33.426 0.0000000000
117875  -41.078  15.958  35.365 0.0000000000
116241  -41.643  14.672  35.716 0.0000000000
117882  -40.926  15.943  34.422 0.0000000000
182644  -41.352  16.402  31.955 0.0000000000
117890  -40.932  15.921  33.544 0.0000000000
117123  -40.858  15.270  32.838 0.0000000000
116275  -41.405  13.880  32.417 0.0000000000
117131  -40.540  14.757  30.309 0.0000000000
117907  -41.283  16.199  30.168 0.0000000000
118673  -42.679  18.426  28.062 0.0000000000
118666  -41.849  16.731  28.427 0.0000000000
118672  -41.824  17.403  28.369 0.0000000000
119467  -41.122  17.664  28.383 0.0000000000
119473  -41.728  18.197  28.143 0.0000000000
105274  -46.802  2.732  32.704 0.0000000000
107119  -48.415  4.673  33.081 0.0000000000
107873  -45.800  5.058  53.209 0.0000000000
107878  -45.572  5.321  52.490 0.0000000000
108784  -47.864  6.792  52.867 0.0000000000
109758  -48.595  7.297  52.655 0.0000000000
109764  -48.304  7.615  51.877 0.0000000000
108776  -50.596  6.628  54.748 0.0000000000
108775  -49.762  6.447  54.523 0.0000000000
109748  -50.970  7.372  54.435 0.0000000000
111629  -52.558  9.334  53.373 0.0000000000
110731  -50.886  8.436  53.258 0.0000000000
110737  -51.200  9.069  52.739 0.0000000000
186617  -50.841  9.237  52.245 0.0000000000
111643  -51.356  9.627  52.106 0.0000000000
112508  -52.520  10.442  51.598 0.0000000000
114213  -54.624  13.288  52.984 0.0000000000
176204  -54.454  12.001  51.813 0.0000000000
115092  -54.690  13.853  52.084 0.0000000000
115093  -54.826  14.294  51.216 0.0000000000
166409  -54.697  14.655  51.896 0.0000000000
115090  -50.396  13.560  51.995 0.0000000000
115072  -51.620  14.194  53.850 0.0000000000
116045  -52.186  14.680  53.443 0.0000000000
163896  -53.146  14.794  53.686 0.0000000000
116053  -52.101  14.736  52.954 0.0000000000
115105  -51.823  13.775  49.839 0.0000000000
116070  -52.506  14.595  51.116 0.0000000000
115098  -52.507  14.423  50.324 0.0000000000
162448  -53.348  14.975  49.961 0.0000000000
115106  -52.558  14.320  49.461 0.0000000000
115115  -52.565  14.232  48.629 0.0000000000
171812  -52.007  13.787  48.242 0.0000000000
115133  -48.874  12.942  46.050 0.0000000000
164776  -50.268  13.515  46.588 0.0000000000
115150  -49.232  13.708  45.428 0.0000000000
115162  -48.806  14.176  44.750 0.0000000000
115161  -47.954  13.987  44.499 0.0000000000
104247  -53.612  1.741  47.604 0.0000000000
106961  -56.322  5.632  48.065 0.0000000000
106017  -55.757  4.833  47.626 0.0000000000
107908  -56.512  6.020  47.717 0.0000000000
180213  -56.213  6.158  47.406 0.0000000000
108808  -55.863  6.449  48.359 0.0000000000
106940  -55.190  5.155  51.263 0.0000000000
106941  -56.737  5.313  51.955 0.0000000000
107885  -56.871  5.649  51.379 0.0000000000
106948  -57.334  5.276  50.301 0.0000000000
107893  -56.714  6.143  50.433 0.0000000000
107902  -57.189  6.105  49.674 0.0000000000
107892  -56.124  6.254  50.047 0.0000000000
106952  -54.480  5.401  49.696 0.0000000000
155131  -53.665  4.954  49.376 0.0000000000
106959  -52.763  4.383  48.968 0.0000000000
105977  -51.250  2.907  49.919 0.0000000000
105100  -50.525  2.426  49.446 0.0000000000
104209  -51.130  1.432  51.638 0.0000000000
103265  -49.044  0.379  50.493 0.0000000000
102337  -48.489  -0.010  50.743 0.0000000000
102329  -47.690  -0.126  50.627 0.0000000000
103255  -48.106  -0.635  51.018 0.0000000000
101381  -52.221  -1.420  56.063 0.0000000000
183845  -47.638  -2.540  60.298 0.0000000000
100405  -48.314  -2.351  60.295 0.0000000000
100406  -49.190  -2.193  59.727 0.0000000000
180775  -47.050  -3.187  57.605 0.0000000000
159832  -47.123  -2.982  58.324 0.0000000000
99502  -47.697  -2.971  57.609 0.0000000000
155698  -49.143  -2.791  56.775 0.0000000000
100427  -48.501  -2.748  57.709 0.0000000000
101379  -50.597  -2.173  55.986 0.0000000000
101385  -50.864  -1.736  55.193 0.0000000000
160824  -50.394  -1.702  54.507 0.0000000000
103214  -48.686  -1.753  54.125 0.0000000000
103223  -48.692  -1.791  53.993 0.0000000000
103230  -47.953  -1.965  52.956 0.0000000000
105055  -46.109  2.179  54.315 0.0000000000
156570  -46.314  1.058  52.725 0.0000000000
181770  -44.789  3.039  53.409 0.0000000000
105957  -44.898  3.399  53.201 0.0000000000
172840  -45.504  3.363  54.381 0.0000000000
105044  -43.307  2.641  54.846 0.0000000000
105949  -44.558  3.194  55.456 0.0000000000
105943  -46.243  3.698  56.393 0.0000000000
105951  -46.419  3.838  55.681 0.0000000000
178178  -46.969  3.815  56.300 0.0000000000
105944  -47.649  3.928  56.684 0.0000000000
101464  -48.613  -1.554  41.974 0.0000000000
101474  -49.394  -1.032  41.898 0.0000000000
102416  -50.786  -0.476  41.032 0.0000000000
102439  -49.327  -0.057  39.857 0.0000000000
107006  -53.743  5.013  45.399 0.0000000000
106057  -54.725  3.120  44.101 0.0000000000
105181  -52.769  2.730  42.382 0.0000000000
105165  -52.824  2.963  43.127 0.0000000000
105182  -53.444  2.204  42.057 0.0000000000
169251  -56.068  0.501  41.176 0.0000000000
102421  -56.131  -0.022  41.476 0.0000000000
166159  -56.042  -0.321  41.819 0.0000000000
177068  -53.310  -0.330  41.022 0.0000000000
102432  -53.889  0.032  40.556 0.0000000000
103351  -51.700  0.443  39.631 0.0000000000
103349  -49.816  0.332  39.393 0.0000000000
103362  -50.387  0.834  38.600 0.0000000000
174948  -49.669  0.912  38.018 0.0000000000
104326  -50.987  1.919  37.214 0.0000000000
105236  -50.775  2.396  36.599 0.0000000000
105249  -50.328  2.242  36.173 0.0000000000
105241  -55.251  2.533  37.584 0.0000000000
105240  -54.570  2.338  37.368 0.0000000000
175584  -54.866  2.954  37.024 0.0000000000
106140  -53.991  3.952  35.960 0.0000000000
106125  -53.477  3.386  36.461 0.0000000000
105250  -51.325  3.180  36.265 0.0000000000
106138  -51.611  3.642  35.516 0.0000000000
106137  -50.818  3.364  34.907 0.0000000000
107103  -52.409  4.218  35.280 0.0000000000
108027  -52.829  5.572  33.519 0.0000000000
173940  -51.349  5.624  33.602 0.0000000000
108039  -52.872  6.315  32.956 0.0000000000
108782  -45.958  6.267  51.684 0.0000000000
107890  -45.210  5.677  50.877 0.0000000000
108791  -46.027  6.634  51.024 0.0000000000
110749  -47.363  8.335  49.173 0.0000000000
109772  -46.450  7.391  49.628 0.0000000000
110752  -46.824  7.901  48.424 0.0000000000
170431  -46.408  7.280  47.842 0.0000000000
110756  -46.896  7.971  47.461 0.0000000000
173713  -50.886  10.670  48.242 0.0000000000
111654  -49.516  9.776  48.550 0.0000000000
112519  -49.703  10.199  47.916 0.0000000000
111672  -49.079  10.047  45.854 0.0000000000
111664  -49.191  10.150  46.581 0.0000000000
110761  -48.061  9.010  45.721 0.0000000000
110768  -47.663  8.264  45.594 0.0000000000
110769  -48.110  8.774  45.063 0.0000000000
180472  -48.388  8.294  44.359 0.0000000000
111676  -48.595  9.219  44.622 0.0000000000
111692  -49.838  9.480  42.771 0.0000000000
110789  -49.255  8.673  43.140 0.0000000000
110802  -50.151  8.982  42.245 0.0000000000
109826  -50.106  8.314  42.113 0.0000000000
110809  -50.566  8.842  41.741 0.0000000000
117794  -55.452  16.142  46.509 0.0000000000
116973  -55.544  15.831  47.474 0.0000000000
116986  -55.764  16.016  46.306 0.0000000000
117000  -56.037  15.899  44.470 0.0000000000
116127  -55.889  15.376  44.899 0.0000000000
115164  -55.481  14.512  44.435 0.0000000000
114293  -54.362  13.243  45.012 0.0000000000
115163  -54.773  13.784  44.098 0.0000000000
117049  -55.863  16.058  40.764 0.0000000000
117040  -56.202  15.992  41.578 0.0000000000
162550  -56.279  15.283  41.254 0.0000000000
114314  -55.281  12.901  41.224 0.0000000000
115179  -55.779  14.085  42.129 0.0000000000
161913  -54.233  13.294  42.222 0.0000000000
114307  -53.597  13.197  42.896 0.0000000000
114306  -52.683  12.532  42.607 0.0000000000
113418  -51.718  11.862  42.640 0.0000000000
113419  -52.883  12.411  41.752 0.0000000000
112576  -52.988  10.377  40.279 0.0000000000
112566  -52.168  10.983  40.766 0.0000000000
185385  -52.835  9.634  40.113 0.0000000000
111711  -51.621  9.022  40.778 0.0000000000
111712  -52.310  9.028  40.249 0.0000000000
110833  -52.704  8.323  39.882 0.0000000000
111725  -53.304  9.090  39.789 0.0000000000
111728  -55.860  9.301  39.171 0.0000000000
110836  -55.640  8.515  39.071 0.0000000000
110844  -55.950  8.573  38.765 0.0000000000
110845  -56.264  8.666  38.346 0.0000000000
159285  -56.177  12.080  37.065 0.0000000000
113472  -56.398  11.239  37.702 0.0000000000
113485  -56.721  11.487  36.196 0.0000000000
111767  -56.587  9.499  34.531 0.0000000000
111761  -56.968  9.888  35.888 0.0000000000
110865  -56.533  8.598  35.006 0.0000000000
109868  -56.368  7.674  36.103 0.0000000000
109885  -55.952  7.837  33.832 0.0000000000
110871  -56.261  8.530  34.060 0.0000000000
180772  -55.039  8.758  34.110 0.0000000000
109883  -54.961  7.626  32.936 0.0000000000
110869  -54.562  8.203  33.888 0.0000000000
109881  -52.888  7.509  33.964 0.0000000000
109867  -53.265  7.935  35.726 0.0000000000
114369  -52.735  12.814  35.985 0.0000000000
115250  -52.072  13.047  35.589 0.0000000000
114351  -49.663  12.103  36.108 0.0000000000
114341  -50.750  12.148  36.830 0.0000000000
115280  -47.844  13.882  33.470 0.0000000000
115300  -48.521  13.847  32.499 0.0000000000
115299  -47.684  13.691  32.372 0.0000000000
114427  -45.858  12.250  29.313 0.0000000000
115335  -46.500  12.940  30.633 0.0000000000
113539  -46.939  12.205  31.246 0.0000000000
113538  -46.327  11.929  30.411 0.0000000000
113523  -41.903  11.828  30.578 0.0000000000
113534  -42.703  11.935  30.177 0.0000000000
179978  -42.799  11.611  31.182 0.0000000000
172686  -43.342  11.553  33.117 0.0000000000
113514  -44.318  11.409  32.571 0.0000000000
113502  -44.943  10.876  33.553 0.0000000000
112644  -46.237  10.524  34.245 0.0000000000
113490  -44.434  10.916  34.565 0.0000000000
113479  -43.204  11.318  35.713 0.0000000000
112622  -43.676  10.595  36.263 0.0000000000
112609  -44.139  9.872  36.790 0.0000000000
112621  -43.249  10.270  37.112 0.0000000000
183869  -42.678  10.787  37.152 0.0000000000
113463  -40.977  11.708  37.554 0.0000000000
159803  -40.355  11.634  38.082 0.0000000000
114361  -38.375  12.501  35.478 0.0000000000
114349  -39.061  12.416  36.114 0.0000000000
114360  -37.691  12.698  35.825 0.0000000000
114337  -37.046  12.941  37.528 0.0000000000
114339  -37.929  12.083  37.294 0.0000000000
113450  -37.891  11.733  38.138 0.0000000000
121112  -40.778  20.673  32.422 0.0000000000
119448  -40.421  18.811  33.536 0.0000000000
120225  -40.267  19.616  34.133 0.0000000000
181394  -39.762  19.200  35.803 0.0000000000
158824  -38.647  17.090  36.840 0.0000000000
104202  -44.645  1.565  50.908 0.0000000000
104213  -45.519  1.513  50.026 0.0000000000
162334  -44.757  2.916  50.401 0.0000000000
105983  -44.925  3.531  50.062 0.0000000000
107897  -45.064  4.896  49.684 0.0000000000
157067  -41.411  16.709  39.403 0.0000000000
185839  -41.687  17.726  37.764 0.0000000000
119420  -41.910  18.121  36.365 0.0000000000
119422  -43.038  19.227  36.186 0.0000000000
120211  -43.966  19.705  36.111 0.0000000000
120218  -44.738  19.997  35.389 0.0000000000
106912  -50.408  4.783  56.890 0.0000000000
107854  -50.941  5.401  56.548 0.0000000000
103241  -53.150  0.768  53.815 0.0000000000
103240  -52.439  0.520  53.494 0.0000000000
102320  -52.094  -0.063  53.761 0.0000000000
103237  -42.450  0.081  53.879 0.0000000000
102310  -41.670  -0.130  54.357 0.0000000000
106993  -56.168  4.781  46.339 0.0000000000
107009  -56.104  4.772  45.787 0.0000000000
107022  -55.837  4.418  45.175 0.0000000000
107054  -52.100  4.685  40.211 0.0000000000
107984  -52.766  5.192  39.657 0.0000000000
173882  -53.057  5.956  39.441 0.0000000000
108886  -53.642  6.789  39.443 0.0000000000
114237  -54.820  12.980  50.168 0.0000000000
113360  -53.649  12.026  49.148 0.0000000000
114247  -54.904  13.118  49.363 0.0000000000
114258  -55.080  13.312  48.416 0.0000000000
115126  -55.556  13.989  47.768 0.0000000000
116235  -52.017  14.902  36.677 0.0000000000
117083  -52.911  15.121  37.069 0.0000000000
163115  -52.789  15.209  36.024 0.0000000000
159617  -54.626  15.632  35.482 0.0000000000
175244  -54.901  15.512  34.926 0.0000000000
117092  -54.210  15.594  34.671 0.0000000000
117102  -54.100  15.509  33.502 0.0000000000
117111  -53.269  15.062  32.265 0.0000000000
115324  -52.677  14.490  31.962 0.0000000000
116266  -52.551  14.604  31.883 0.0000000000
116278  -51.645  14.239  31.397 0.0000000000
180221  -50.066  13.983  31.604 0.0000000000
117913  -39.785  16.011  29.118 0.0000000000
117138  -39.177  14.778  30.167 0.0000000000
117130  -39.340  15.352  29.955 0.0000000000
117122  -39.006  15.485  31.194 0.0000000000
117121  -38.456  14.941  31.910 0.0000000000
117108  -37.872  14.957  33.299 0.0000000000
162766  -38.279  15.100  32.763 0.0000000000
168872  -39.078  16.396  33.810 0.0000000000
117881  -39.277  16.840  34.442 0.0000000000
105125  -49.929  3.006  47.797 0.0000000000
106013  -49.687  3.307  46.909 0.0000000000
106974  -47.166  3.978  46.904 0.0000000000
106987  -47.720  4.259  46.202 0.0000000000
107015  -48.354  4.899  44.865 0.0000000000
107959  -48.489  5.634  44.202 0.0000000000
116109  -50.575  14.471  45.190 0.0000000000
116126  -51.111  15.028  44.745 0.0000000000
116124  -49.692  15.305  44.040 0.0000000000
181902  -49.337  15.437  43.391 0.0000000000
117023  -49.512  15.477  42.703 0.0000000000
115205  -44.305  13.733  38.772 0.0000000000
115208  -46.280  13.630  39.146 0.0000000000
115217  -45.857  13.523  38.452 0.0000000000
115218  -46.621  13.596  38.344 0.0000000000
115211  -48.589  13.846  38.659 0.0000000000
115221  -48.771  13.847  37.922 0.0000000000
161666  -47.542  13.615  37.521 0.0000000000
115234  -47.113  13.543  36.956 0.0000000000
115247  -46.710  13.529  36.347 0.0000000000
155362  -46.981  13.577  35.538 0.0000000000
186232  -46.399  13.523  35.779 0.0000000000
154891  -42.970  13.876  35.115 0.0000000000
118636  -42.044  17.785  34.053 0.0000000000
118644  -41.666  17.210  33.626 0.0000000000
118645  -42.162  17.825  33.259 0.0000000000
118654  -42.256  17.772  32.156 0.0000000000
161790  -41.766  17.092  30.972 0.0000000000
118661  -41.825  16.650  29.155 0.0000000000
163444  -42.744  18.044  30.170 0.0000000000
119469  -42.822  18.247  29.120 0.0000000000
119474  -43.452  18.719  27.876 0.0000000000
105275  -47.668  3.132  33.144 0.0000000000
105276  -48.460  3.530  33.252 0.0000000000
158809  -46.512  5.504  53.593 0.0000000000
107874  -47.281  5.903  53.929 0.0000000000
108780  -48.557  6.689  53.489 0.0000000000
110725  -52.413  8.336  54.335 0.0000000000
109755  -51.394  8.085  54.036 0.0000000000
110733  -52.895  9.027  54.016 0.0000000000
111630  -53.351  9.572  53.617 0.0000000000
111638  -53.631  10.127  53.135 0.0000000000
112502  -53.891  10.687  52.584 0.0000000000
112503  -54.407  11.296  53.134 0.0000000000
187468  -54.668  12.665  53.401 0.0000000000
116047  -54.437  14.504  53.418 0.0000000000
114226  -49.976  13.148  51.272 0.0000000000
115091  -51.322  13.954  51.843 0.0000000000
115097  -50.751  13.575  51.118 0.0000000000
115104  -51.014  13.407  50.230 0.0000000000
115113  -51.046  13.277  49.182 0.0000000000
157979  -51.337  13.466  48.292 0.0000000000
114256  -50.058  12.833  48.015 0.0000000000
114270  -48.912  12.559  46.852 0.0000000000
184087  -53.593  2.115  48.345 0.0000000000
105102  -53.834  2.430  48.964 0.0000000000
106001  -55.757  4.812  48.599 0.0000000000
106962  -56.757  6.141  48.432 0.0000000000
106939  -54.307  4.461  51.296 0.0000000000
106947  -54.549  5.132  50.472 0.0000000000
106946  -53.663  4.445  50.579 0.0000000000
105986  -52.272  3.875  49.575 0.0000000000
105978  -52.473  3.651  50.227 0.0000000000
105089  -51.227  2.500  50.633 0.0000000000
104207  -48.202  -1.034  51.764 0.0000000000
104206  -47.118  -0.948  51.618 0.0000000000
104194  -47.494  -0.590  51.702 0.0000000000
105048  -45.985  1.253  53.259 0.0000000000
101475  -50.257  -0.819  41.809 0.0000000000
102417  -51.658  -0.530  41.276 0.0000000000
154879  -51.534  -0.301  40.747 0.0000000000
155233  -53.030  4.484  44.854 0.0000000000
106043  -53.287  4.047  44.367 0.0000000000
106056  -53.572  3.218  43.733 0.0000000000
105193  -53.599  2.304  41.467 0.0000000000
104285  -54.331  1.812  41.659 0.0000000000
104293  -55.379  1.486  41.028 0.0000000000
103342  -55.752  1.017  40.248 0.0000000000
164858  -54.717  0.219  39.961 0.0000000000
103341  -53.635  0.408  39.890 0.0000000000
103364  -52.399  0.838  38.970 0.0000000000
104317  -52.117  1.364  38.216 0.0000000000
104327  -51.825  1.927  37.504 0.0000000000
105238  -52.361  2.566  37.212 0.0000000000
176957  -55.597  3.823  37.707 0.0000000000
106127  -55.084  3.501  36.607 0.0000000000
106142  -55.159  4.149  36.152 0.0000000000
106141  -54.849  4.011  35.932 0.0000000000
107105  -54.551  4.446  35.089 0.0000000000
107104  -53.387  4.372  35.272 0.0000000000
108017  -54.974  4.874  33.975 0.0000000000
108029  -55.065  5.766  33.250 0.0000000000
109762  -47.207  7.302  51.388 0.0000000000
109767  -46.599  7.195  50.861 0.0000000000
109768  -47.258  7.724  50.569 0.0000000000
110744  -47.470  8.263  49.983 0.0000000000
110750  -48.240  8.899  48.806 0.0000000000
112532  -51.146  11.271  46.701 0.0000000000
112531  -50.487  10.802  46.759 0.0000000000
113389  -50.695  11.071  46.065 0.0000000000
112537  -49.694  10.422  45.618 0.0000000000
112543  -49.887  10.495  44.948 0.0000000000
163279  -49.093  9.545  44.263 0.0000000000
180059  -50.160  10.592  44.287 0.0000000000
112549  -50.539  10.783  43.653 0.0000000000
112556  -50.489  10.368  42.697 0.0000000000
117808  -54.584  16.376  44.563 0.0000000000
117809  -55.197  16.554  45.115 0.0000000000
159958  -55.236  16.506  44.385 0.0000000000
117011  -55.871  16.124  43.975 0.0000000000
117012  -56.193  15.751  43.289 0.0000000000
116201  -56.289  14.206  40.153 0.0000000000
116185  -56.458  14.332  40.974 0.0000000000
115199  -56.296  13.510  40.630 0.0000000000
114315  -55.736  12.986  40.984 0.0000000000
114321  -54.753  12.373  40.717 0.0000000000
158528  -53.648  12.300  41.031 0.0000000000
162894  -54.299  11.613  40.283 0.0000000000
112577  -53.986  10.750  39.913 0.0000000000
111726  -54.587  9.228  39.605 0.0000000000
112588  -54.760  10.146  39.579 0.0000000000
167890  -55.765  9.971  39.297 0.0000000000
111743  -56.372  9.783  38.788 0.0000000000
113507  -56.413  12.201  34.173 0.0000000000
113496  -56.730  11.767  34.580 0.0000000000
112640  -56.701  11.237  34.093 0.0000000000
112639  -56.621  11.114  33.992 0.0000000000
111766  -56.345  10.115  34.020 0.0000000000
175294  -56.020  8.384  33.830 0.0000000000
110860  -54.955  9.280  34.834 0.0000000000
171237  -54.277  9.221  35.903 0.0000000000
111759  -53.815  9.795  36.402 0.0000000000
165072  -51.211  13.066  33.803 0.0000000000
114368  -51.242  12.974  35.128 0.0000000000
114367  -50.481  12.618  34.629 0.0000000000
114366  -49.703  12.225  35.201 0.0000000000
115297  -46.072  13.669  32.479 0.0000000000
115319  -46.535  13.397  31.373 0.0000000000
115349  -45.638  12.653  29.498 0.0000000000
114426  -45.261  12.191  29.296 0.0000000000
155301  -41.251  12.170  32.070 0.0000000000
113511  -41.890  11.732  31.819 0.0000000000
114396  -42.145  11.818  32.810 0.0000000000
113500  -42.632  11.721  33.391 0.0000000000
184945  -43.185  11.546  33.937 0.0000000000
113489  -43.458  11.406  34.760 0.0000000000
113464  -42.055  11.334  37.313 0.0000000000
163983  -41.951  11.780  36.369 0.0000000000
113476  -40.478  12.121  36.740 0.0000000000
115256  -36.833  13.988  35.733 0.0000000000
115243  -37.194  13.361  36.173 0.0000000000
115228  -37.062  13.394  36.889 0.0000000000
114331  -36.874  12.727  38.272 0.0000000000
181965  -36.688  13.532  37.975 0.0000000000
165763  -36.226  14.422  38.069 0.0000000000
104223  -47.759  1.191  49.252 0.0000000000
104236  -48.190  1.606  48.689 0.0000000000
104235  -47.305  1.775  48.889 0.0000000000
105110  -46.897  2.472  48.512 0.0000000000
105097  -45.670  2.705  49.165 0.0000000000
106010  -46.444  3.201  48.094 0.0000000000
167172  -46.359  3.924  47.492 0.0000000000
106973  -46.414  4.689  47.041 0.0000000000
107933  -46.551  5.565  46.744 0.0000000000
108823  -46.703  6.434  46.458 0.0000000000
116162  -45.849  14.630  41.612 0.0000000000
116177  -44.495  14.327  40.948 0.0000000000
116194  -44.239  14.061  40.106 0.0000000000
116193  -43.923  13.958  39.368 0.0000000000
116191  -42.109  15.080  39.046 0.0000000000
176145  -43.213  14.329  39.369 0.0000000000
116208  -43.591  13.953  38.657 0.0000000000
116221  -43.233  13.943  37.915 0.0000000000
115229  -42.906  13.968  37.272 0.0000000000
115244  -43.009  13.842  36.504 0.0000000000
116230  -41.752  14.763  36.625 0.0000000000
171691  -41.187  15.716  35.956 0.0000000000
161802  -41.306  16.665  34.959 0.0000000000
119430  -42.441  18.525  35.703 0.0000000000
119443  -42.582  18.445  33.999 0.0000000000
163447  -43.291  18.973  33.551 0.0000000000
120236  -44.033  19.385  33.178 0.0000000000
176863  -44.836  19.752  32.173 0.0000000000
104342  -48.584  1.968  35.099 0.0000000000
106921  -48.133  4.683  55.591 0.0000000000
107863  -48.767  5.243  55.353 0.0000000000
108768  -50.172  6.015  55.157 0.0000000000
108777  -51.459  6.936  55.065 0.0000000000
107866  -51.419  6.033  56.186 0.0000000000
108769  -51.980  6.577  55.732 0.0000000000
109750  -52.974  7.970  55.141 0.0000000000
105075  -52.862  2.311  52.081 0.0000000000
104197  -51.567  1.135  52.358 0.0000000000
168189  -45.744  -3.539  58.485 0.0000000000
180647  -45.688  -3.545  57.645 0.0000000000
158740  -46.524  -3.426  57.131 0.0000000000
99511  -46.467  -3.587  56.231 0.0000000000
187062  -46.941  -3.468  56.588 0.0000000000
99512  -47.222  -3.501  55.975 0.0000000000
104161  -44.724  1.440  53.652 0.0000000000
104173  -43.955  2.015  53.716 0.0000000000
105053  -43.849  2.107  53.867 0.0000000000
104171  -42.749  1.561  54.230 0.0000000000
105051  -42.702  2.198  54.716 0.0000000000
105947  -42.856  3.139  55.934 0.0000000000
106054  -51.706  3.618  43.324 0.0000000000
106073  -51.600  3.706  41.420 0.0000000000
161227  -52.450  3.296  41.013 0.0000000000
105206  -54.402  2.170  40.851 0.0000000000
106087  -55.054  2.643  40.128 0.0000000000
104320  -55.666  2.108  38.947 0.0000000000
104331  -55.417  2.135  38.259 0.0000000000
168949  -55.562  2.781  38.882 0.0000000000
106100  -55.420  3.443  38.879 0.0000000000
106109  -55.543  3.518  38.277 0.0000000000
107064  -55.455  4.261  38.373 0.0000000000
107993  -55.564  5.127  38.067 0.0000000000
108001  -55.650  5.132  37.757 0.0000000000
108900  -55.826  5.936  37.492 0.0000000000
112511  -51.187  10.180  50.196 0.0000000000
111651  -50.389  9.705  49.777 0.0000000000
112516  -51.539  10.667  49.539 0.0000000000
112521  -51.527  10.916  48.848 0.0000000000
113369  -51.625  11.149  48.089 0.0000000000
173708  -53.079  11.634  48.536 0.0000000000
113370  -52.446  11.442  47.930 0.0000000000
113378  -51.751  11.356  47.346 0.0000000000
177890  -51.891  11.510  46.694 0.0000000000
158868  -52.449  11.809  46.330 0.0000000000
114283  -53.013  12.375  45.148 0.0000000000
117047  -53.773  15.977  40.421 0.0000000000
117844  -54.522  16.371  41.009 0.0000000000
117048  -54.815  16.299  40.005 0.0000000000
183067  -55.278  16.248  39.475 0.0000000000
157161  -55.342  16.096  38.768 0.0000000000
116200  -55.841  15.202  39.422 0.0000000000
116214  -55.956  14.114  39.173 0.0000000000
114333  -55.939  12.819  39.044 0.0000000000
172243  -55.809  11.915  38.871 0.0000000000
114344  -55.919  12.917  37.714 0.0000000000
114354  -56.085  12.962  36.461 0.0000000000
115252  -56.306  13.040  35.289 0.0000000000
116248  -55.459  14.778  34.870 0.0000000000
115268  -55.804  13.792  34.951 0.0000000000
114387  -56.172  12.856  34.434 0.0000000000
114386  -56.170  12.651  34.290 0.0000000000
114385  -55.797  13.116  34.366 0.0000000000
165494  -54.313  12.961  34.978 0.0000000000
115282  -53.223  13.727  33.614 0.0000000000
115302  -52.442  13.873  31.845 0.0000000000
160381  -51.909  13.401  32.706 0.0000000000
114384  -50.513  12.653  33.504 0.0000000000
114397  -50.008  12.525  32.582 0.0000000000
113518  -48.394  11.689  33.096 0.0000000000
179120  -41.823  12.885  29.903 0.0000000000
114423  -41.406  12.701  29.941 0.0000000000
114422  -40.510  12.650  29.979 0.0000000000
114412  -40.567  12.420  30.604 0.0000000000
115329  -39.455  13.725  30.334 0.0000000000
114411  -39.872  12.656  31.162 0.0000000000
114404  -40.470  12.417  31.840 0.0000000000
161289  -40.369  12.491  33.759 0.0000000000
114379  -39.559  12.569  34.168 0.0000000000
114378  -38.645  12.664  34.600 0.0000000000
114377  -37.854  12.937  34.894 0.0000000000
116260  -37.573  14.474  33.666 0.0000000000
116251  -37.291  13.999  34.192 0.0000000000
116239  -36.988  14.196  35.057 0.0000000000
117081  -36.913  15.316  36.199 0.0000000000
117866  -37.486  16.046  36.642 0.0000000000
164619  -52.903  4.844  46.995 0.0000000000
106990  -52.168  4.395  46.358 0.0000000000
107004  -51.678  4.166  45.559 0.0000000000
106025  -49.447  3.624  46.122 0.0000000000
106024  -48.569  3.889  45.984 0.0000000000
106035  -49.851  3.811  45.486 0.0000000000
107017  -50.630  4.017  44.258 0.0000000000
107029  -50.350  4.246  43.375 0.0000000000
107037  -50.138  4.875  42.601 0.0000000000
107971  -50.221  5.653  41.948 0.0000000000
108870  -50.631  6.326  41.376 0.0000000000
171128  -50.571  7.160  41.481 0.0000000000
116085  -54.199  15.461  48.649 0.0000000000
116964  -55.556  15.995  48.265 0.0000000000
169385  -54.500  15.664  47.336 0.0000000000
116972  -54.580  15.878  46.516 0.0000000000
116984  -54.136  15.823  45.583 0.0000000000
116982  -52.035  15.204  45.016 0.0000000000
116997  -52.765  15.544  44.507 0.0000000000
116998  -53.838  15.844  44.813 0.0000000000
117010  -53.568  15.955  43.950 0.0000000000
117027  -53.349  16.166  42.372 0.0000000000
117038  -52.572  15.877  41.696 0.0000000000
116163  -46.795  14.703  41.640 0.0000000000
167776  -48.226  14.655  41.356 0.0000000000
117036  -49.703  15.225  41.820 0.0000000000
186004  -48.207  14.194  40.205 0.0000000000
116166  -49.521  14.672  41.007 0.0000000000
117037  -50.498  15.278  41.643 0.0000000000
160869  -51.168  15.496  41.777 0.0000000000
117045  -51.872  15.471  41.246 0.0000000000
117046  -52.743  15.727  40.796 0.0000000000
116199  -52.394  15.093  39.419 0.0000000000
116211  -51.453  14.533  38.341 0.0000000000
116209  -49.580  14.155  37.910 0.0000000000
116223  -50.155  14.362  37.225 0.0000000000
116224  -51.197  14.550  37.265 0.0000000000
116234  -50.686  14.517  36.419 0.0000000000
116233  -50.342  14.476  35.717 0.0000000000
116254  -49.879  14.348  33.641 0.0000000000
116243  -49.189  14.141  34.640 0.0000000000
115279  -47.089  13.796  33.374 0.0000000000
115261  -46.484  13.569  35.003 0.0000000000
177382  -46.594  13.663  34.175 0.0000000000
165009  -46.317  13.722  33.412 0.0000000000
166145  -45.370  13.631  32.492 0.0000000000
115316  -43.905  13.327  31.887 0.0000000000
115315  -42.757  13.336  32.079 0.0000000000
115258  -42.770  13.953  35.761 0.0000000000
116253  -42.141  14.205  35.325 0.0000000000
167123  -42.415  14.025  34.693 0.0000000000
116262  -41.347  14.720  34.213 0.0000000000
115274  -42.256  13.940  33.984 0.0000000000
115293  -42.029  13.674  32.931 0.0000000000
115314  -41.822  13.432  31.509 0.0000000000
116286  -40.610  13.875  30.195 0.0000000000
117140  -40.303  15.200  29.238 0.0000000000
117147  -40.532  15.791  28.778 0.0000000000
117914  -41.454  16.328  28.490 0.0000000000
117148  -41.156  16.178  28.559 0.0000000000
117919  -40.220  15.926  28.718 0.0000000000
118664  -40.343  16.516  28.611 0.0000000000
118665  -40.502  17.149  28.691 0.0000000000
157558  -40.678  17.806  29.316 0.0000000000
171197  -44.732  4.389  51.667 0.0000000000
107877  -45.011  4.880  52.055 0.0000000000
187764  -45.896  5.901  52.233 0.0000000000
108783  -46.485  6.330  52.287 0.0000000000
108779  -46.997  6.318  53.109 0.0000000000
108788  -47.264  6.877  52.195 0.0000000000
109763  -47.718  7.360  51.807 0.0000000000
110740  -48.613  8.244  51.243 0.0000000000
108774  -48.920  6.326  54.320 0.0000000000
108781  -49.376  6.851  53.863 0.0000000000
109753  -49.746  7.455  53.479 0.0000000000
109754  -50.514  7.757  53.740 0.0000000000
109759  -49.376  7.665  52.764 0.0000000000
110735  -49.664  8.250  52.250 0.0000000000
110742  -49.879  8.781  51.637 0.0000000000
111641  -50.017  9.199  51.045 0.0000000000
112507  -51.855  10.448  50.956 0.0000000000
112512  -52.652  10.965  50.879 0.0000000000
112513  -53.437  11.483  50.787 0.0000000000
113340  -54.014  11.630  51.353 0.0000000000
113351  -54.318  12.393  50.447 0.0000000000
115099  -54.856  13.731  50.666 0.0000000000
115100  -55.204  14.706  50.406 0.0000000000
116949  -55.266  15.644  50.269 0.0000000000
116041  -53.783  14.446  54.033 0.0000000000
116046  -54.058  14.769  53.652 0.0000000000
116055  -54.244  14.963  53.261 0.0000000000
116063  -52.124  14.540  51.783 0.0000000000
116064  -53.085  15.028  51.730 0.0000000000
116941  -53.893  15.385  51.913 0.0000000000
156344  -54.560  15.553  51.098 0.0000000000
116948  -54.723  15.743  50.331 0.0000000000
116080  -54.463  15.716  49.665 0.0000000000
116084  -53.183  14.742  48.234 0.0000000000
116089  -52.096  14.195  47.074 0.0000000000
115123  -50.728  13.343  47.547 0.0000000000
115135  -51.221  13.855  46.825 0.0000000000
115152  -50.873  14.115  45.991 0.0000000000
116108  -49.684  14.414  44.903 0.0000000000
116123  -48.392  14.714  44.190 0.0000000000
116138  -47.287  15.128  43.441 0.0000000000
165265  -46.072  14.973  43.634 0.0000000000
105127  -54.776  2.961  47.466 0.0000000000
105128  -55.401  3.347  46.924 0.0000000000
106027  -55.866  4.084  46.793 0.0000000000
106979  -56.137  5.480  46.965 0.0000000000
108825  -55.618  6.145  47.013 0.0000000000
107920  -54.346  5.816  47.059 0.0000000000
107901  -57.043  6.173  49.029 0.0000000000
107891  -55.286  5.799  49.878 0.0000000000
107900  -55.798  6.348  49.566 0.0000000000
108801  -55.831  6.488  49.082 0.0000000000
107907  -55.077  6.244  48.605 0.0000000000
107906  -54.339  5.725  48.055 0.0000000000
106977  -53.575  5.258  47.543 0.0000000000
106976  -52.783  4.654  47.973 0.0000000000
106975  -52.009  4.144  48.333 0.0000000000
105998  -51.420  3.647  48.642 0.0000000000
105985  -51.605  3.514  49.371 0.0000000000
164394  -50.265  2.687  48.622 0.0000000000
105099  -49.823  2.009  49.038 0.0000000000
104225  -49.346  1.427  49.501 0.0000000000
104216  -50.791  1.886  51.016 0.0000000000
104215  -50.181  1.380  50.605 0.0000000000
104214  -49.525  1.069  50.232 0.0000000000
103276  -48.891  0.844  49.889 0.0000000000
104224  -48.584  1.237  49.290 0.0000000000
103275  -48.135  0.784  49.720 0.0000000000
102336  -46.582  -0.130  50.440 0.0000000000
102328  -45.815  0.075  50.533 0.0000000000
103252  -45.251  0.207  51.000 0.0000000000
104203  -44.691  0.742  51.443 0.0000000000
105072  -44.364  2.000  52.279 0.0000000000
100407  -49.904  -1.978  60.274 0.0000000000
100408  -50.665  -2.122  59.539 0.0000000000
100418  -48.608  -2.455  58.906 0.0000000000
100419  -49.289  -2.358  58.838 0.0000000000
100421  -50.718  -2.297  58.521 0.0000000000
100430  -51.151  -2.250  57.752 0.0000000000
101386  -51.774  -1.434  55.312 0.0000000000
162306  -49.868  -1.812  54.119 0.0000000000
104175  -48.142  -1.599  52.749 0.0000000000
161364  -47.729  -1.388  54.395 0.0000000000
103213  -48.080  -1.722  53.977 0.0000000000
104153  -47.992  -0.412  54.662 0.0000000000
105073  -44.506  1.758  52.828 0.0000000000
105963  -44.627  3.152  52.462 0.0000000000
105956  -44.931  3.956  52.867 0.0000000000
106927  -45.436  4.237  53.345 0.0000000000
106909  -48.268  4.305  56.297 0.0000000000
106910  -48.956  4.398  56.576 0.0000000000
105932  -47.617  4.008  57.648 0.0000000000
105933  -48.502  4.113  57.203 0.0000000000
155485  -49.349  4.377  57.121 0.0000000000
101482  -47.998  -1.356  40.751 0.0000000000
102428  -48.369  -0.747  40.353 0.0000000000
180938  -48.672  -0.269  39.852 0.0000000000
186243  -48.367  -0.118  39.435 0.0000000000
107007  -54.735  5.227  45.336 0.0000000000
107020  -54.072  4.700  44.889 0.0000000000
106045  -55.418  3.932  44.668 0.0000000000
105153  -56.377  2.620  44.487 0.0000000000
166960  -54.211  2.598  43.286 0.0000000000
104286  -55.515  1.387  41.841 0.0000000000
103329  -57.050  0.153  42.401 0.0000000000
102418  -53.313  -0.477  41.659 0.0000000000
102430  -52.096  -0.351  40.806 0.0000000000
103339  -51.120  0.095  40.322 0.0000000000
103360  -48.789  0.547  38.308 0.0000000000
103371  -49.116  1.036  37.504 0.0000000000
104315  -50.382  1.408  37.676 0.0000000000
104324  -49.402  1.500  36.789 0.0000000000
104337  -49.759  1.926  36.112 0.0000000000
104343  -49.382  2.152  35.369 0.0000000000
104329  -53.970  1.775  37.912 0.0000000000
105239  -53.470  2.419  37.292 0.0000000000
105251  -52.913  2.977  36.856 0.0000000000
168707  -51.809  3.162  36.910 0.0000000000
167151  -50.652  2.628  35.998 0.0000000000
165097  -50.297  2.615  35.339 0.0000000000
105261  -49.750  2.532  34.867 0.0000000000
105269  -50.190  3.060  34.601 0.0000000000
106147  -49.769  3.717  33.688 0.0000000000
107114  -51.669  4.406  34.522 0.0000000000
107113  -50.792  4.425  33.929 0.0000000000
107121  -49.834  4.665  33.441 0.0000000000
108036  -50.234  5.239  33.634 0.0000000000
107881  -44.909  5.000  51.317 0.0000000000
107889  -44.937  5.027  50.554 0.0000000000
158245  -45.139  5.843  49.992 0.0000000000
109766  -46.068  6.961  50.252 0.0000000000
108795  -45.515  6.301  49.327 0.0000000000
108799  -45.714  6.088  48.625 0.0000000000
108806  -45.979  5.961  48.010 0.0000000000
108807  -46.306  6.376  47.374 0.0000000000
163375  -46.931  7.136  46.225 0.0000000000
111650  -49.566  9.442  49.475 0.0000000000
111649  -48.983  9.346  48.937 0.0000000000
110754  -48.106  9.122  47.852 0.0000000000
112524  -49.484  10.228  47.274 0.0000000000
175718  -48.841  9.839  47.091 0.0000000000
110757  -47.526  8.666  47.189 0.0000000000
109779  -47.193  7.959  46.468 0.0000000000
109799  -47.334  7.383  45.674 0.0000000000
109810  -48.046  7.431  44.581 0.0000000000
109818  -48.537  7.365  43.867 0.0000000000
109819  -48.944  7.758  43.132 0.0000000000
111681  -48.818  8.947  43.889 0.0000000000
173995  -49.303  7.198  42.699 0.0000000000
162289  -49.955  7.411  42.067 0.0000000000
109833  -51.119  7.713  41.092 0.0000000000
116965  -55.715  15.874  48.322 0.0000000000
115127  -55.703  14.852  47.322 0.0000000000
115136  -55.322  13.623  46.758 0.0000000000
116112  -55.960  15.647  45.924 0.0000000000
115137  -55.706  14.717  46.354 0.0000000000
114285  -54.439  13.039  45.974 0.0000000000
114284  -53.691  12.652  45.472 0.0000000000
177855  -53.610  12.746  44.846 0.0000000000
114291  -53.109  12.559  44.377 0.0000000000
117837  -55.180  16.582  41.684 0.0000000000
117028  -56.359  15.586  42.675 0.0000000000
184131  -56.367  15.087  42.917 0.0000000000
116168  -56.056  14.249  41.938 0.0000000000
116153  -56.138  14.596  42.623 0.0000000000
115171  -54.967  13.953  43.187 0.0000000000
115170  -54.168  13.502  43.473 0.0000000000
114301  -53.523  13.033  43.725 0.0000000000
113406  -52.314  12.168  44.077 0.0000000000
113412  -51.644  11.765  43.621 0.0000000000
112557  -51.243  10.909  42.271 0.0000000000
113426  -52.594  11.790  41.251 0.0000000000
112565  -51.476  10.476  41.397 0.0000000000
111702  -51.123  9.503  41.358 0.0000000000
110810  -51.128  8.542  41.202 0.0000000000
109840  -51.554  7.394  40.619 0.0000000000
109841  -52.224  7.477  40.130 0.0000000000
109847  -53.207  7.582  39.649 0.0000000000
109848  -54.321  7.624  39.389 0.0000000000
110835  -54.975  8.434  39.409 0.0000000000
108901  -56.007  6.787  37.844 0.0000000000
108907  -56.149  6.776  36.928 0.0000000000
113456  -55.984  11.132  38.714 0.0000000000
112604  -56.400  10.448  38.294 0.0000000000
164855  -56.480  9.260  38.395 0.0000000000
112629  -56.958  10.928  35.161 0.0000000000
111754  -56.701  9.801  37.713 0.0000000000
110854  -56.787  8.973  37.350 0.0000000000
109855  -56.382  8.252  37.721 0.0000000000
108913  -56.168  6.988  35.731 0.0000000000
186779  -55.813  6.795  34.566 0.0000000000
108918  -54.705  6.575  32.546 0.0000000000
109884  -55.556  7.708  33.351 0.0000000000
109891  -54.301  7.141  32.663 0.0000000000
109890  -53.109  7.230  33.037 0.0000000000
114370  -53.477  12.670  35.807 0.0000000000
113483  -53.010  12.139  36.485 0.0000000000
114352  -51.334  12.605  36.173 0.0000000000
114343  -52.244  11.872  36.971 0.0000000000
115301  -49.273  14.056  32.732 0.0000000000
115322  -49.377  13.688  31.714 0.0000000000
159786  -49.231  13.223  31.357 0.0000000000
115320  -47.321  13.340  31.535 0.0000000000
115336  -47.520  13.057  31.484 0.0000000000
114416  -48.649  13.061  31.350 0.0000000000
114407  -48.846  12.757  31.505 0.0000000000
113529  -48.184  12.116  32.175 0.0000000000
184546  -47.761  11.517  32.936 0.0000000000
114424  -43.247  12.302  29.861 0.0000000000
113544  -43.504  12.035  29.840 0.0000000000
113536  -44.853  11.595  30.134 0.0000000000
113513  -43.359  11.505  32.136 0.0000000000
113524  -44.005  11.538  31.241 0.0000000000
113525  -45.088  11.444  31.276 0.0000000000
113515  -46.100  11.126  32.324 0.0000000000
113516  -46.673  10.991  32.742 0.0000000000
113503  -46.783  10.742  33.669 0.0000000000
112637  -46.865  10.757  34.628 0.0000000000
112636  -46.133  10.371  35.036 0.0000000000
112635  -45.398  10.254  35.439 0.0000000000
112624  -45.404  10.019  36.091 0.0000000000
111758  -45.096  9.706  36.724 0.0000000000
113453  -41.622  11.304  38.033 0.0000000000
182459  -39.651  12.276  36.657 0.0000000000
114340  -38.843  12.197  36.943 0.0000000000
171213  -37.033  12.091  38.919 0.0000000000
120259  -45.438  19.966  31.654 0.0000000000
119488  -43.453  18.848  27.167 0.0000000000
120276  -42.851  19.129  27.695 0.0000000000
120275  -42.260  18.718  28.160 0.0000000000
120266  -41.897  19.198  29.153 0.0000000000
120255  -41.169  19.099  31.296 0.0000000000
121124  -41.687  20.475  31.143 0.0000000000
120247  -41.265  20.117  31.606 0.0000000000
119456  -40.709  18.759  32.336 0.0000000000
118643  -40.205  17.903  32.991 0.0000000000
118634  -40.080  18.018  33.978 0.0000000000
118633  -39.689  17.510  34.412 0.0000000000
119429  -40.101  19.211  35.042 0.0000000000
119428  -39.741  18.364  35.548 0.0000000000
118625  -38.916  16.939  35.711 0.0000000000
117867  -38.324  16.539  36.283 0.0000000000
102317  -42.879  -0.612  53.555 0.0000000000
102409  -56.642  -0.134  42.077 0.0000000000
102419  -54.127  -0.284  41.114 0.0000000000
102422  -56.639  0.275  41.743 0.0000000000
102431  -52.845  -0.098  40.518 0.0000000000
102434  -55.461  0.280  40.611 0.0000000000
103245  -43.982  0.066  52.632 0.0000000000
103251  -45.104  1.438  50.478 0.0000000000
103263  -47.538  0.416  50.093 0.0000000000
103343  -56.254  0.899  41.287 0.0000000000
103353  -54.444  0.660  39.176 0.0000000000
104182  -43.036  0.876  53.629 0.0000000000
104184  -44.307  0.913  52.667 0.0000000000
104192  -44.048  0.559  52.647 0.0000000000
104221  -45.552  2.106  49.637 0.0000000000
104287  -56.832  1.122  42.047 0.0000000000
104288  -57.173  0.758  42.531 0.0000000000
104303  -55.674  1.329  40.332 0.0000000000
104319  -54.937  1.121  38.569 0.0000000000
104330  -55.023  1.728  37.971 0.0000000000
104349  -47.703  1.682  33.567 0.0000000000
105087  -44.927  2.122  50.299 0.0000000000
105103  -54.704  2.971  49.336 0.0000000000
105104  -55.436  3.505  49.710 0.0000000000
105109  -46.194  2.741  48.710 0.0000000000
105123  -48.092  2.577  47.563 0.0000000000
105126  -54.039  2.496  48.015 0.0000000000
105166  -53.443  2.542  42.796 0.0000000000
105208  -55.616  2.090  39.485 0.0000000000
105253  -55.215  3.158  37.183 0.0000000000
105267  -48.443  2.803  33.622 0.0000000000
105984  -45.333  3.479  49.309 0.0000000000
105990  -57.258  4.720  50.116 0.0000000000
105996  -45.788  3.275  48.644 0.0000000000
106000  -55.221  4.152  48.278 0.0000000000
106016  -55.205  3.827  47.623 0.0000000000
106028  -56.256  4.067  46.241 0.0000000000
106036  -56.310  4.035  45.809 0.0000000000
106046  -56.103  3.627  44.835 0.0000000000
106128  -55.426  3.739  37.037 0.0000000000
106148  -50.437  3.773  34.156 0.0000000000
106155  -48.149  4.062  33.046 0.0000000000
106942  -56.973  5.309  52.074 0.0000000000
106944  -44.859  4.260  50.341 0.0000000000
106950  -45.115  4.097  49.726 0.0000000000
106954  -57.137  5.491  49.628 0.0000000000
106978  -56.170  5.492  47.360 0.0000000000
107008  -55.574  5.078  45.458 0.0000000000
107074  -55.634  4.340  37.954 0.0000000000
107115  -52.646  4.799  34.514 0.0000000000
107123  -51.899  5.242  33.812 0.0000000000
107865  -50.530  5.751  55.911 0.0000000000
107883  -55.432  5.622  50.532 0.0000000000
107886  -57.099  5.429  51.629 0.0000000000
107894  -57.127  5.787  50.694 0.0000000000
107899  -55.158  6.029  49.337 0.0000000000
107905  -45.257  5.610  49.109 0.0000000000
107910  -56.984  6.483  49.130 0.0000000000
107935  -55.990  5.848  46.682 0.0000000000
107936  -56.256  5.887  47.180 0.0000000000
107947  -56.051  5.390  46.496 0.0000000000
108009  -55.542  4.988  36.348 0.0000000000
108037  -50.856  5.398  33.643 0.0000000000
108038  -51.939  6.125  33.343 0.0000000000
108792  -56.681  6.496  49.657 0.0000000000
108793  -56.938  6.493  49.480 0.0000000000
108797  -56.759  6.574  49.181 0.0000000000
108800  -46.067  6.622  48.249 0.0000000000
108802  -56.561  6.529  48.902 0.0000000000
108809  -56.441  6.361  48.210 0.0000000000
108810  -56.470  6.190  47.854 0.0000000000
108889  -55.824  6.908  38.219 0.0000000000
108919  -55.211  6.536  32.832 0.0000000000
108927  -52.380  6.825  33.180 0.0000000000
108928  -53.541  6.761  32.714 0.0000000000
108929  -55.111  7.149  32.646 0.0000000000
109738  -52.500  7.265  55.438 0.0000000000
109771  -45.976  6.860  49.471 0.0000000000
109776  -46.335  7.229  48.808 0.0000000000
109861  -56.627  8.323  36.638 0.0000000000
110726  -53.489  8.624  54.749 0.0000000000
110736  -50.423  8.738  52.403 0.0000000000
110746  -48.681  8.679  50.361 0.0000000000
110748  -46.778  7.782  49.165 0.0000000000
110779  -47.952  8.086  44.919 0.0000000000
110801  -49.751  8.699  42.538 0.0000000000
110870  -55.495  8.230  33.615 0.0000000000
111623  -54.591  9.725  54.825 0.0000000000
111636  -51.972  9.469  52.842 0.0000000000
111637  -52.792  9.807  52.938 0.0000000000
111644  -52.272  9.933  52.225 0.0000000000
111647  -50.517  9.619  50.699 0.0000000000
111648  -51.184  9.908  51.210 0.0000000000
111653  -48.732  9.514  48.286 0.0000000000
111657  -48.216  9.282  47.056 0.0000000000
111658  -48.610  9.579  47.628 0.0000000000
111663  -48.517  9.527  46.291 0.0000000000
111671  -48.539  9.455  45.407 0.0000000000
111683  -49.913  10.194  43.493 0.0000000000
111727  -55.416  9.692  39.401 0.0000000000
111729  -56.014  9.865  39.156 0.0000000000
111772  -56.259  9.078  34.052 0.0000000000
112484  -54.794  10.749  55.119 0.0000000000
112515  -50.822  10.300  49.131 0.0000000000
112520  -50.205  10.238  48.398 0.0000000000
112525  -50.227  10.503  47.533 0.0000000000
112530  -49.861  10.450  46.747 0.0000000000
112538  -50.301  10.793  45.523 0.0000000000
112548  -49.560  10.091  44.253 0.0000000000
112564  -50.855  10.222  41.907 0.0000000000
112589  -55.391  10.427  39.419 0.0000000000
112643  -45.413  10.521  34.495 0.0000000000
113328  -54.211  11.374  52.159 0.0000000000
113341  -54.377  12.269  51.153 0.0000000000
113405  -51.684  11.678  44.432 0.0000000000
113443  -55.159  11.139  39.633 0.0000000000
113495  -56.564  11.662  34.034 0.0000000000
113504  -47.672  11.187  33.938 0.0000000000
113517  -47.266  11.057  33.104 0.0000000000
113526  -45.944  11.425  31.308 0.0000000000
113528  -47.279  11.771  32.232 0.0000000000
113542  -42.363  12.410  29.856 0.0000000000
113543  -42.687  12.246  29.884 0.0000000000
113545  -44.605  11.901  29.644 0.0000000000
113546  -45.526  11.883  29.477 0.0000000000
113547  -46.009  11.922  29.549 0.0000000000
114220  -54.614  12.865  51.865 0.0000000000
114228  -54.688  12.916  50.939 0.0000000000
114236  -54.316  12.440  49.678 0.0000000000
114243  -48.729  12.221  48.253 0.0000000000
114300  -52.917  12.624  43.549 0.0000000000
114342  -51.555  12.082  36.997 0.0000000000
114353  -54.175  12.184  35.841 0.0000000000
114373  -56.465  12.421  34.670 0.0000000000
114380  -40.386  12.475  34.586 0.0000000000
114393  -39.783  12.552  33.063 0.0000000000
114395  -41.597  12.121  32.865 0.0000000000
114399  -51.628  13.548  31.700 0.0000000000
114406  -47.711  12.693  31.572 0.0000000000
114413  -41.242  12.188  30.130 0.0000000000
114414  -46.157  12.369  29.799 0.0000000000
114417  -49.447  13.150  31.355 0.0000000000
114418  -50.064  13.380  31.487 0.0000000000
115064  -52.236  13.879  54.339 0.0000000000
115066  -53.895  13.791  54.392 0.0000000000
115073  -52.405  14.454  53.961 0.0000000000
115074  -54.339  14.199  53.941 0.0000000000
115075  -54.478  13.392  54.257 0.0000000000
115081  -51.745  14.412  52.509 0.0000000000
115117  -55.659  15.012  48.111 0.0000000000
115125  -52.420  14.139  47.847 0.0000000000
115134  -49.497  12.990  46.740 0.0000000000
115154  -55.617  14.654  45.356 0.0000000000
115172  -55.762  14.412  43.000 0.0000000000
115178  -55.285  13.807  42.448 0.0000000000
115185  -54.967  13.337  41.968 0.0000000000
115186  -55.560  13.486  41.670 0.0000000000
115188  -56.265  13.800  41.329 0.0000000000
115196  -45.942  13.872  40.002 0.0000000000
115198  -56.020  13.144  40.818 0.0000000000
115207  -45.500  13.630  39.268 0.0000000000
115220  -48.028  13.724  38.076 0.0000000000
115230  -43.595  13.707  37.187 0.0000000000
115231  -44.998  13.415  37.206 0.0000000000
115246  -44.697  13.460  36.523 0.0000000000
115260  -44.374  13.534  35.732 0.0000000000
115266  -54.030  13.777  34.147 0.0000000000
115276  -43.912  13.649  34.825 0.0000000000
115285  -55.690  13.345  34.415 0.0000000000
115295  -43.762  13.629  33.811 0.0000000000
115304  -54.111  14.773  32.524 0.0000000000
115311  -39.163  13.197  31.906 0.0000000000
115312  -39.596  13.124  30.701 0.0000000000
115313  -41.224  13.619  30.844 0.0000000000
115318  -45.811  13.505  31.651 0.0000000000
115323  -51.965  14.005  31.327 0.0000000000
115325  -53.645  14.868  32.138 0.0000000000
115333  -45.049  12.990  30.122 0.0000000000
115338  -50.774  13.703  31.396 0.0000000000
115345  -39.482  14.377  29.951 0.0000000000
115347  -44.048  12.650  30.051 0.0000000000
115348  -44.961  12.534  29.585 0.0000000000
115350  -46.035  12.679  29.673 0.0000000000
116044  -51.390  14.282  53.209 0.0000000000
116054  -52.765  15.064  53.072 0.0000000000
116056  -54.451  14.825  52.813 0.0000000000
116065  -53.954  15.586  51.044 0.0000000000
116072  -53.990  15.636  50.384 0.0000000000
116073  -55.521  15.511  49.993 0.0000000000
116081  -55.707  15.708  49.344 0.0000000000
116086  -55.757  15.775  48.618 0.0000000000
116090  -52.928  14.667  47.406 0.0000000000
116092  -55.757  15.713  47.853 0.0000000000
116097  -51.767  14.358  46.262 0.0000000000
116121  -46.770  14.680  43.752 0.0000000000
116125  -50.234  14.957  44.558 0.0000000000
116137  -46.608  15.231  43.278 0.0000000000
116140  -48.852  15.239  43.803 0.0000000000
116141  -55.847  15.044  43.882 0.0000000000
116151  -47.061  15.291  42.927 0.0000000000
116154  -56.221  15.020  43.266 0.0000000000
116164  -47.578  14.716  41.545 0.0000000000
116165  -48.874  14.887  41.570 0.0000000000
116169  -56.305  14.573  41.710 0.0000000000
116176  -43.673  14.428  40.715 0.0000000000
116179  -46.454  14.264  40.725 0.0000000000
116181  -48.662  14.409  40.677 0.0000000000
116183  -50.990  14.561  39.968 0.0000000000
116195  -47.783  14.016  39.795 0.0000000000
116206  -42.059  14.904  38.214 0.0000000000
116231  -42.367  14.333  36.964 0.0000000000
116245  -50.819  14.693  34.938 0.0000000000
116252  -41.785  14.331  34.608 0.0000000000
116255  -50.575  14.638  34.273 0.0000000000
116263  -41.660  14.198  33.615 0.0000000000
116264  -50.599  14.503  32.662 0.0000000000
116267  -54.459  14.921  32.816 0.0000000000
116277  -50.824  14.272  31.708 0.0000000000
116279  -53.643  14.889  32.128 0.0000000000
116287  -50.908  13.861  31.348 0.0000000000
116292  -38.961  14.283  30.673 0.0000000000
116293  -40.207  14.123  29.646 0.0000000000
116296  -39.853  14.543  29.441 0.0000000000
116297  -40.089  14.881  29.277 0.0000000000
116932  -53.320  15.215  52.588 0.0000000000
116933  -54.080  15.266  52.762 0.0000000000
116942  -54.385  15.164  51.971 0.0000000000
116953  -55.379  15.948  49.682 0.0000000000
116958  -55.242  16.017  48.962 0.0000000000
116959  -55.641  15.844  48.997 0.0000000000
116963  -54.959  15.905  48.095 0.0000000000
116983  -53.056  15.435  45.293 0.0000000000
116985  -55.075  16.416  45.767 0.0000000000
116996  -51.725  15.440  44.294 0.0000000000
117007  -50.089  15.562  43.324 0.0000000000
117026  -52.279  15.913  42.485 0.0000000000
117035  -48.962  15.304  42.254 0.0000000000
117054  -41.613  15.791  39.492 0.0000000000
117062  -53.131  15.338  39.012 0.0000000000
117063  -54.095  15.622  38.491 0.0000000000
117075  -55.120  16.020  36.905 0.0000000000
117076  -55.256  15.695  36.485 0.0000000000
117082  -41.369  15.258  36.268 0.0000000000
117086  -55.250  15.401  35.372 0.0000000000
117091  -41.240  15.228  35.515 0.0000000000
117099  -41.109  15.277  34.748 0.0000000000
117101  -53.174  15.361  33.189 0.0000000000
117109  -40.990  15.287  33.861 0.0000000000
117112  -53.972  15.261  32.514 0.0000000000
117113  -54.117  15.141  32.370 0.0000000000
117132  -40.742  15.555  29.817 0.0000000000
117139  -39.609  14.973  29.498 0.0000000000
117801  -55.588  16.302  45.666 0.0000000000
117818  -55.344  16.498  43.763 0.0000000000
117819  -55.762  16.355  43.382 0.0000000000
117820  -56.128  16.215  42.836 0.0000000000
117829  -56.210  16.159  42.211 0.0000000000
117836  -54.344  16.401  41.917 0.0000000000
117838  -55.770  16.352  41.598 0.0000000000
117868  -41.266  16.647  36.622 0.0000000000
117876  -41.275  16.760  35.849 0.0000000000
117883  -41.200  16.584  34.048 0.0000000000
117897  -38.749  15.661  32.358 0.0000000000
117899  -41.038  15.909  32.693 0.0000000000
117920  -40.808  16.292  28.501 0.0000000000
117921  -41.444  16.333  28.624 0.0000000000
118614  -38.517  17.424  37.438 0.0000000000
118616  -41.434  17.234  37.403 0.0000000000
118618  -38.912  17.190  36.358 0.0000000000
118626  -39.421  17.446  35.146 0.0000000000
118652  -40.291  17.712  31.695 0.0000000000
118653  -41.762  17.152  32.594 0.0000000000
118662  -42.236  17.186  29.338 0.0000000000
119412  -41.951  18.069  38.115 0.0000000000
119421  -42.537  18.758  36.831 0.0000000000
119440  -39.923  18.196  34.773 0.0000000000
119442  -42.140  18.087  34.782 0.0000000000
119450  -43.335  18.857  32.501 0.0000000000
119464  -41.155  18.468  29.804 0.0000000000
119478  -43.162  18.799  27.340 0.0000000000
119479  -44.240  18.960  27.741 0.0000000000
119489  -43.709  18.803  27.322 0.0000000000
120219  -45.340  20.279  35.511 0.0000000000
120235  -40.567  19.933  33.138 0.0000000000
120256  -41.592  19.414  30.309 0.0000000000
120257  -43.991  18.997  31.116 0.0000000000
120285  -42.859  18.931  27.548 0.0000000000
120286  -42.986  18.964  27.157 0.0000000000
120287  -43.606  19.127  27.273 0.0000000000
121125  -42.266  20.805  30.833 0.0000000000
154186  -44.519  -0.570  52.239 0.0000000000
155057  -41.432  15.892  37.947 0.0000000000
155331  -55.391  16.244  40.120 0.0000000000
155397  -52.506  14.883  52.474 0.0000000000
155594  -45.362  13.448  36.677 0.0000000000
156762  -53.829  15.408  35.740 0.0000000000
157210  -50.804  14.355  39.010 0.0000000000
157316  -55.667  16.023  39.774 0.0000000000
157384  -46.869  13.571  37.643 0.0000000000
158518  -53.551  12.899  41.986 0.0000000000
159982  -45.029  13.548  38.584 0.0000000000
161138  -41.566  17.443  38.326 0.0000000000
161614  -55.965  5.087  51.758 0.0000000000
161721  -42.499  11.665  35.894 0.0000000000
162086  -51.123  14.701  35.634 0.0000000000
162757  -50.649  13.129  48.366 0.0000000000
162839  -50.120  10.647  46.145 0.0000000000
164149  -46.987  3.427  47.504 0.0000000000
164408  -41.172  16.195  36.074 0.0000000000
164880  -53.745  16.211  43.203 0.0000000000
165935  -37.352  13.573  34.708 0.0000000000
165952  -48.083  8.593  49.741 0.0000000000
166248  -47.728  15.350  42.936 0.0000000000
166796  -48.577  13.963  36.554 0.0000000000
167333  -52.198  12.118  41.969 0.0000000000
168615  -54.534  13.795  53.598 0.0000000000
168687  -43.172  18.594  28.910 0.0000000000
170272  -41.177  15.926  29.039 0.0000000000
170343  -53.956  11.954  50.740 0.0000000000
171024  -55.099  13.924  44.890 0.0000000000
171985  -45.580  6.492  49.917 0.0000000000
172706  -48.936  4.984  33.010 0.0000000000
173117  -56.003  16.100  45.402 0.0000000000
173240  -46.796  0.643  49.943 0.0000000000
173471  -45.198  14.345  41.091 0.0000000000
174786  -47.971  13.817  34.422 0.0000000000
175397  -39.962  13.177  29.875 0.0000000000
175645  -56.983  6.329  49.972 0.0000000000
175683  -39.830  15.503  29.118 0.0000000000
176065  -55.562  16.355  44.082 0.0000000000
176102  -55.008  13.183  47.519 0.0000000000
177256  -44.774  -0.809  52.175 0.0000000000
177443  -50.202  14.927  41.214 0.0000000000
177574  -52.336  11.921  45.522 0.0000000000
179639  -53.656  12.082  48.426 0.0000000000
179790  -51.126  2.892  36.621 0.0000000000
180120  -49.577  13.426  46.105 0.0000000000
180540  -45.013  0.982  50.800 0.0000000000
180827  -43.646  0.634  53.011 0.0000000000
181190  -46.585  13.889  39.847 0.0000000000
181466  -38.140  12.929  34.187 0.0000000000
181649  -56.032  15.583  43.764 0.0000000000
181792  -56.386  15.411  42.021 0.0000000000
181908  -53.124  3.242  40.449 0.0000000000
181921  -54.822  15.188  51.117 0.0000000000
182171  -51.816  10.083  51.616 0.0000000000
183073  -43.998  1.527  53.128 0.0000000000
183200  -43.580  14.276  39.959 0.0000000000
183285  -43.707  18.799  27.270 0.0000000000
183437  -49.301  8.391  51.615 0.0000000000
183477  -53.182  15.550  34.289 0.0000000000
183483  -41.348  16.935  38.752 0.0000000000
183703  -45.581  6.136  51.172 0.0000000000
183764  -50.548  4.930  33.607 0.0000000000
183918  -47.391  13.609  36.164 0.0000000000
185370  -45.224  13.598  34.244 0.0000000000
185459  -55.885  6.337  47.668 0.0000000000
185568  -49.197  13.947  38.449 0.0000000000
185912  -49.683  14.902  44.468 0.0000000000
186319  -51.377  14.700  36.322 0.0000000000
186911  -41.700  14.479  35.167 0.0000000000
187073  -53.575  15.303  36.539 0.0000000000
187556  -46.638  7.470  50.230 0.0000000000
187596  -54.839  12.493  35.039 0.0000000000
188442  -49.849  4.539  56.987 0.0000000000
