#!ascii label  , from subject sub2 vox2ras=TkReg
1611
48930  -18.658  -48.189  90.815 0.0000000000
73510  -49.835  -27.616  82.410 0.0000000000
87707  -53.436  -15.882  74.011 0.0000000000
75698  -49.572  -25.560  68.394 0.0000000000
67877  -46.472  -32.875  83.025 0.0000000000
81205  -52.295  -19.922  71.193 0.0000000000
71624  -55.741  -28.897  63.774 0.0000000000
74757  -49.677  -26.405  59.338 0.0000000000
67945  -53.242  -32.493  78.127 0.0000000000
76670  -54.912  -24.850  75.161 0.0000000000
81108  -51.163  -20.843  78.715 0.0000000000
51107  -21.738  -46.070  97.384 0.0000000000
51131  -27.018  -46.746  94.811 0.0000000000
51162  -31.401  -47.669  91.766 0.0000000000
53509  -33.934  -43.457  92.390 0.0000000000
60353  -37.277  -38.045  90.033 0.0000000000
56861  -43.274  -40.584  85.645 0.0000000000
61701  -49.678  -37.516  81.035 0.0000000000
71556  -57.840  -29.343  70.097 0.0000000000
75797  -50.584  -24.911  57.210 0.0000000000
70320  -51.305  -29.782  79.818 0.0000000000
160912  -51.964  -26.032  78.733 0.0000000000
76623  -50.557  -24.751  80.427 0.0000000000
155646  -24.204  -45.937  92.771 0.0000000000
52360  -24.885  -45.963  96.450 0.0000000000
62820  -40.568  -36.801  88.915 0.0000000000
59198  -39.793  -39.594  88.499 0.0000000000
61602  -42.901  -38.251  85.932 0.0000000000
70285  -48.252  -30.790  82.894 0.0000000000
64132  -47.385  -34.696  81.419 0.0000000000
66705  -49.446  -32.581  80.220 0.0000000000
169158  -51.502  -35.955  80.015 0.0000000000
81149  -53.674  -20.525  75.049 0.0000000000
75641  -56.910  -25.923  72.193 0.0000000000
80175  -56.151  -21.580  71.862 0.0000000000
79017  -50.951  -23.254  69.940 0.0000000000
72629  -53.375  -28.414  68.562 0.0000000000
70483  -51.769  -30.715  68.458 0.0000000000
162021  -50.020  -31.715  67.775 0.0000000000
66931  -55.702  -32.711  65.656 0.0000000000
172062  -51.961  -30.185  64.129 0.0000000000
65342  -44.118  -35.115  82.947 0.0000000000
182100  -55.239  -20.863  68.675 0.0000000000
167127  -52.615  -28.511  61.446 0.0000000000
69385  -54.639  -31.888  62.772 0.0000000000
71665  -52.730  -29.503  58.437 0.0000000000
66814  -52.106  -32.985  76.784 0.0000000000
167183  -54.154  -27.869  77.428 0.0000000000
78923  -52.614  -22.802  76.528 0.0000000000
47869  -19.747  -48.958  93.369 0.0000000000
46900  -26.624  -50.632  95.591 0.0000000000
51151  -29.025  -46.716  92.662 0.0000000000
46912  -27.065  -50.492  92.986 0.0000000000
46933  -30.120  -49.936  90.490 0.0000000000
47880  -33.335  -50.137  90.770 0.0000000000
52427  -35.740  -45.210  91.216 0.0000000000
59138  -34.262  -39.179  92.205 0.0000000000
58002  -35.529  -39.831  87.192 0.0000000000
61655  -46.204  -37.019  84.174 0.0000000000
58090  -45.998  -39.509  82.310 0.0000000000
55783  -46.837  -41.606  82.032 0.0000000000
58127  -49.856  -40.853  79.942 0.0000000000
61753  -50.813  -36.896  78.333 0.0000000000
75667  -54.626  -25.002  69.991 0.0000000000
74703  -51.911  -26.299  64.196 0.0000000000
74692  -47.758  -26.973  65.886 0.0000000000
48904  -17.891  -48.665  92.429 0.0000000000
71414  -50.762  -29.370  81.263 0.0000000000
179610  -51.497  -27.201  80.899 0.0000000000
74514  -50.342  -26.365  81.883 0.0000000000
61621  -41.309  -37.285  86.257 0.0000000000
62842  -41.668  -37.687  86.898 0.0000000000
62875  -42.838  -36.938  85.564 0.0000000000
71391  -49.515  -29.467  82.724 0.0000000000
67892  -48.535  -31.894  81.640 0.0000000000
70318  -49.507  -30.586  81.228 0.0000000000
69119  -50.249  -31.143  79.711 0.0000000000
81174  -54.952  -20.429  73.548 0.0000000000
83386  -54.234  -18.793  73.379 0.0000000000
75681  -49.844  -25.005  69.042 0.0000000000
73632  -51.305  -27.615  68.378 0.0000000000
73631  -50.501  -27.786  68.091 0.0000000000
70482  -50.955  -30.836  68.086 0.0000000000
174889  -49.367  -28.685  67.316 0.0000000000
65621  -56.564  -34.239  66.268 0.0000000000
65632  -54.464  -33.851  64.842 0.0000000000
63142  -55.145  -35.631  64.863 0.0000000000
75770  -52.276  -25.708  60.261 0.0000000000
72702  -50.903  -27.896  60.983 0.0000000000
70551  -53.468  -30.610  62.422 0.0000000000
71643  -51.197  -29.819  61.400 0.0000000000
68156  -52.838  -32.391  61.811 0.0000000000
71658  -49.830  -28.956  59.804 0.0000000000
73717  -50.986  -27.331  57.779 0.0000000000
66783  -53.126  -33.310  77.537 0.0000000000
69173  -53.745  -30.769  77.145 0.0000000000
70346  -53.623  -30.136  78.027 0.0000000000
77737  -51.136  -23.747  79.292 0.0000000000
76656  -52.253  -25.049  77.842 0.0000000000
78902  -51.430  -22.521  78.078 0.0000000000
81119  -51.839  -20.057  77.397 0.0000000000
83331  -51.297  -18.789  78.229 0.0000000000
160123  -20.897  -48.896  94.103 0.0000000000
48842  -22.113  -47.695  97.477 0.0000000000
51120  -25.721  -46.287  96.252 0.0000000000
50028  -30.750  -47.405  90.197 0.0000000000
50000  -29.723  -47.183  92.413 0.0000000000
47860  -27.447  -49.147  93.755 0.0000000000
48925  -28.769  -48.494  91.319 0.0000000000
47887  -28.440  -49.278  90.785 0.0000000000
47876  -30.915  -48.932  92.386 0.0000000000
51206  -35.661  -47.051  89.523 0.0000000000
48940  -36.031  -48.295  89.704 0.0000000000
53510  -34.699  -43.806  92.348 0.0000000000
168793  -37.436  -36.967  91.155 0.0000000000
180976  -35.870  -36.865  92.066 0.0000000000
60344  -35.642  -37.780  91.005 0.0000000000
59139  -34.982  -40.304  91.935 0.0000000000
60364  -34.812  -39.225  90.160 0.0000000000
57977  -34.710  -40.244  89.066 0.0000000000
60380  -35.905  -38.977  88.792 0.0000000000
56841  -41.417  -40.584  87.064 0.0000000000
58023  -39.300  -40.305  86.481 0.0000000000
56872  -40.838  -41.036  86.016 0.0000000000
55716  -43.131  -41.008  84.971 0.0000000000
65285  -45.376  -35.507  83.820 0.0000000000
169510  -46.212  -35.321  82.996 0.0000000000
62920  -47.917  -36.528  80.900 0.0000000000
61698  -46.923  -37.163  81.448 0.0000000000
60469  -48.455  -38.894  81.524 0.0000000000
58077  -46.898  -40.733  81.906 0.0000000000
58094  -49.270  -39.992  81.631 0.0000000000
59282  -50.616  -39.990  80.966 0.0000000000
66745  -52.589  -33.818  78.723 0.0000000000
61743  -52.057  -37.361  78.908 0.0000000000
64197  -52.041  -35.001  78.430 0.0000000000
64217  -51.576  -34.864  77.523 0.0000000000
52401  -22.536  -45.934  93.478 0.0000000000
51130  -20.833  -46.498  96.484 0.0000000000
47834  -19.327  -49.120  95.293 0.0000000000
73556  -54.944  -27.430  75.810 0.0000000000
73566  -55.261  -26.503  74.226 0.0000000000
74649  -57.573  -26.779  70.826 0.0000000000
83420  -53.388  -17.922  71.371 0.0000000000
81207  -54.195  -20.687  71.751 0.0000000000
79003  -53.303  -22.281  71.146 0.0000000000
167602  -54.670  -32.538  69.234 0.0000000000
163848  -54.924  -30.777  69.033 0.0000000000
171798  -50.347  -30.226  63.575 0.0000000000
73675  -51.790  -27.768  63.781 0.0000000000
73672  -49.448  -27.818  63.491 0.0000000000
75728  -49.605  -25.985  65.141 0.0000000000
73670  -47.683  -27.967  63.768 0.0000000000
70512  -46.837  -30.057  65.766 0.0000000000
79174  -51.079  -22.380  58.015 0.0000000000
76852  -49.831  -25.259  58.116 0.0000000000
80346  -51.412  -21.598  57.064 0.0000000000
80355  -52.315  -21.088  56.176 0.0000000000
70344  -52.298  -30.658  78.983 0.0000000000
71429  -52.949  -29.238  78.755 0.0000000000
72472  -51.976  -28.391  79.828 0.0000000000
173354  -51.354  -25.012  79.564 0.0000000000
78870  -50.609  -22.601  79.871 0.0000000000
52386  -23.427  -45.924  93.953 0.0000000000
52346  -22.965  -45.903  97.308 0.0000000000
177213  -27.354  -46.025  92.927 0.0000000000
60355  -39.177  -37.706  89.384 0.0000000000
60367  -38.369  -38.908  89.228 0.0000000000
60370  -40.522  -38.034  89.126 0.0000000000
59201  -41.840  -39.190  88.140 0.0000000000
59217  -43.510  -39.133  86.032 0.0000000000
67861  -47.940  -32.077  82.805 0.0000000000
65304  -47.337  -34.173  82.138 0.0000000000
66684  -48.213  -33.374  82.175 0.0000000000
65345  -48.253  -33.701  81.275 0.0000000000
64161  -49.350  -35.029  80.018 0.0000000000
62923  -50.915  -36.923  80.523 0.0000000000
65387  -50.471  -34.350  79.551 0.0000000000
66726  -51.216  -33.053  79.307 0.0000000000
154863  -22.963  -45.826  92.168 0.0000000000
78941  -54.400  -22.748  75.302 0.0000000000
76676  -55.856  -25.204  74.120 0.0000000000
78971  -55.577  -22.394  74.137 0.0000000000
78993  -56.494  -23.594  71.917 0.0000000000
178828  -56.953  -24.517  70.572 0.0000000000
80182  -51.695  -20.993  70.222 0.0000000000
77841  -52.458  -23.699  70.579 0.0000000000
74668  -51.802  -26.161  69.228 0.0000000000
175539  -52.868  -29.817  68.552 0.0000000000
70513  -55.567  -30.592  65.311 0.0000000000
71604  -54.143  -29.894  64.934 0.0000000000
68128  -53.724  -32.387  64.887 0.0000000000
68126  -52.029  -32.544  64.103 0.0000000000
73509  -49.058  -27.094  82.592 0.0000000000
72455  -48.245  -28.767  82.326 0.0000000000
87749  -54.032  -15.220  72.859 0.0000000000
84470  -53.542  -17.579  69.459 0.0000000000
82323  -53.263  -19.086  68.950 0.0000000000
180899  -53.363  -20.933  68.666 0.0000000000
79047  -51.687  -22.527  68.409 0.0000000000
72676  -54.547  -28.572  62.285 0.0000000000
70542  -56.048  -30.165  63.789 0.0000000000
69353  -57.029  -30.939  64.789 0.0000000000
68102  -58.223  -32.689  66.196 0.0000000000
72706  -49.909  -28.157  58.613 0.0000000000
70578  -51.831  -30.880  59.342 0.0000000000
67991  -52.634  -31.505  76.276 0.0000000000
167314  -54.092  -29.002  76.400 0.0000000000
75611  -54.447  -26.158  76.224 0.0000000000
74559  -52.898  -27.150  78.024 0.0000000000
75605  -53.208  -25.491  76.840 0.0000000000
77766  -53.601  -23.583  75.940 0.0000000000
80124  -53.088  -21.461  75.758 0.0000000000
83350  -52.490  -18.899  76.122 0.0000000000
77723  -49.251  -23.774  80.242 0.0000000000
78867  -49.328  -22.133  79.679 0.0000000000
83338  -50.005  -18.891  78.368 0.0000000000
48906  -19.108  -48.711  92.238 0.0000000000
47870  -20.254  -48.955  92.615 0.0000000000
45847  -24.197  -51.573  95.542 0.0000000000
173642  -28.386  -45.003  90.076 0.0000000000
53506  -28.002  -45.984  92.736 0.0000000000
186408  -27.430  -47.171  94.319 0.0000000000
45855  -27.875  -50.974  94.654 0.0000000000
45911  -29.652  -51.642  89.947 0.0000000000
165532  -31.506  -51.251  90.537 0.0000000000
57912  -33.947  -40.369  93.582 0.0000000000
61531  -34.245  -37.424  92.879 0.0000000000
56748  -34.753  -40.969  92.675 0.0000000000
56749  -35.974  -41.527  92.206 0.0000000000
169198  -36.582  -42.452  91.336 0.0000000000
59215  -38.277  -39.632  87.697 0.0000000000
64081  -43.716  -36.245  84.340 0.0000000000
61623  -44.551  -38.251  85.345 0.0000000000
59241  -44.794  -38.989  84.792 0.0000000000
62901  -46.307  -36.111  82.662 0.0000000000
174409  -45.459  -38.338  82.797 0.0000000000
58062  -44.430  -40.540  84.034 0.0000000000
56890  -44.978  -40.948  83.299 0.0000000000
54622  -45.145  -42.197  82.541 0.0000000000
58134  -48.192  -40.539  79.066 0.0000000000
60503  -51.467  -38.245  80.060 0.0000000000
59305  -50.610  -39.191  79.456 0.0000000000
60524  -48.115  -38.806  78.547 0.0000000000
61751  -49.216  -37.331  78.011 0.0000000000
188065  -18.564  -49.050  93.823 0.0000000000
163015  -54.876  -20.040  72.517 0.0000000000
77844  -55.660  -23.659  70.751 0.0000000000
172985  -56.733  -27.404  69.525 0.0000000000
73615  -54.700  -27.406  68.856 0.0000000000
72613  -56.021  -28.663  69.056 0.0000000000
69286  -56.650  -31.865  70.647 0.0000000000
79050  -54.921  -22.285  68.401 0.0000000000
76773  -50.562  -24.043  67.488 0.0000000000
72652  -53.435  -28.699  64.603 0.0000000000
74705  -54.213  -26.437  64.622 0.0000000000
182201  -52.524  -25.133  65.943 0.0000000000
167352  -49.688  -25.265  66.628 0.0000000000
75705  -48.906  -26.202  67.223 0.0000000000
185832  -48.200  -29.634  66.671 0.0000000000
50026  -17.794  -47.887  90.570 0.0000000000
72457  -50.727  -28.649  81.843 0.0000000000
172862  -51.132  -27.810  81.548 0.0000000000
174210  -50.526  -27.261  82.032 0.0000000000
61637  -40.599  -37.279  85.554 0.0000000000
62874  -42.109  -37.263  85.954 0.0000000000
62888  -42.464  -36.705  84.439 0.0000000000
70304  -49.604  -30.193  82.047 0.0000000000
71404  -50.239  -29.443  82.065 0.0000000000
186610  -49.884  -30.138  80.770 0.0000000000
84395  -53.253  -16.995  74.608 0.0000000000
162230  -53.521  -17.865  74.612 0.0000000000
84408  -53.617  -16.986  73.984 0.0000000000
75699  -50.031  -25.787  68.894 0.0000000000
74681  -49.693  -26.268  68.377 0.0000000000
71585  -50.082  -29.050  67.760 0.0000000000
72638  -49.894  -28.176  67.726 0.0000000000
64362  -57.004  -35.153  66.690 0.0000000000
64373  -55.557  -35.253  65.307 0.0000000000
75778  -50.226  -25.175  59.287 0.0000000000
73710  -50.470  -27.182  60.459 0.0000000000
177565  -50.469  -28.590  60.995 0.0000000000
158869  -50.029  -28.098  60.586 0.0000000000
72701  -49.981  -28.856  60.519 0.0000000000
73713  -49.581  -27.158  59.316 0.0000000000
66765  -53.485  -32.805  77.849 0.0000000000
67947  -53.196  -31.509  77.399 0.0000000000
70345  -53.204  -30.695  78.297 0.0000000000
78884  -51.136  -22.845  79.186 0.0000000000
78885  -51.523  -23.721  78.368 0.0000000000
168577  -51.043  -21.593  78.918 0.0000000000
81109  -51.250  -20.318  78.172 0.0000000000
82151  -51.140  -19.587  78.249 0.0000000000
170695  -21.224  -46.762  97.285 0.0000000000
175016  -21.460  -47.363  97.448 0.0000000000
51121  -26.128  -46.522  96.052 0.0000000000
49962  -25.977  -47.090  96.488 0.0000000000
50016  -31.423  -47.673  91.593 0.0000000000
51172  -30.865  -47.216  91.582 0.0000000000
50001  -30.858  -47.695  92.354 0.0000000000
48911  -29.149  -47.812  91.913 0.0000000000
48912  -30.296  -48.172  92.400 0.0000000000
47875  -29.870  -48.580  91.711 0.0000000000
48896  -31.360  -48.458  92.621 0.0000000000
163920  -34.150  -44.280  91.779 0.0000000000
52446  -34.616  -45.178  91.079 0.0000000000
52425  -34.616  -44.827  91.373 0.0000000000
51173  -35.018  -45.316  91.036 0.0000000000
53527  -34.594  -44.494  91.779 0.0000000000
61566  -37.686  -37.448  90.304 0.0000000000
61565  -36.820  -37.529  90.798 0.0000000000
60352  -36.157  -38.160  90.231 0.0000000000
60351  -35.149  -38.508  90.379 0.0000000000
60365  -35.637  -38.630  89.582 0.0000000000
177823  -35.295  -39.111  89.201 0.0000000000
60366  -36.633  -38.513  89.387 0.0000000000
56843  -42.422  -40.476  86.373 0.0000000000
56858  -41.590  -40.862  86.474 0.0000000000
56859  -42.328  -40.759  86.022 0.0000000000
56873  -41.815  -41.046  85.633 0.0000000000
56874  -43.195  -40.755  85.424 0.0000000000
66635  -45.329  -33.925  83.622 0.0000000000
66636  -46.528  -33.410  83.095 0.0000000000
61700  -48.636  -37.539  81.022 0.0000000000
60487  -47.783  -38.011  81.200 0.0000000000
188402  -48.611  -38.217  81.279 0.0000000000
179370  -48.672  -39.654  81.632 0.0000000000
60470  -49.280  -39.242  81.592 0.0000000000
59274  -50.039  -39.776  81.523 0.0000000000
182329  -49.797  -38.913  81.392 0.0000000000
66746  -53.115  -33.196  78.388 0.0000000000
64174  -52.243  -34.683  78.601 0.0000000000
171978  -53.188  -33.835  78.235 0.0000000000
166946  -53.000  -34.238  77.924 0.0000000000
52370  -22.252  -45.953  95.731 0.0000000000
52369  -21.405  -46.255  96.033 0.0000000000
51119  -20.982  -46.369  96.877 0.0000000000
48840  -20.708  -48.028  96.842 0.0000000000
74601  -55.194  -26.582  75.360 0.0000000000
167849  -55.107  -27.167  75.192 0.0000000000
74602  -55.418  -26.378  74.498 0.0000000000
72597  -58.070  -28.541  70.027 0.0000000000
160699  -57.553  -28.984  70.540 0.0000000000
71545  -57.267  -29.934  70.945 0.0000000000
69268  -56.607  -31.630  71.339 0.0000000000
82270  -52.525  -19.279  71.258 0.0000000000
81206  -53.075  -20.030  71.742 0.0000000000
80171  -52.824  -21.565  71.294 0.0000000000
72669  -55.709  -28.524  64.159 0.0000000000
178764  -49.740  -29.884  63.274 0.0000000000
72666  -50.078  -28.515  63.270 0.0000000000
73671  -48.521  -27.848  63.562 0.0000000000
180225  -51.662  -30.487  79.356 0.0000000000
71422  -52.305  -29.179  79.297 0.0000000000
71421  -51.736  -29.178  79.896 0.0000000000
74523  -51.272  -26.371  80.984 0.0000000000
75569  -51.332  -25.906  80.385 0.0000000000
75579  -51.138  -25.227  80.154 0.0000000000
77726  -50.845  -23.811  79.674 0.0000000000
77725  -50.611  -24.015  79.961 0.0000000000
53521  -27.428  -45.987  92.663 0.0000000000
62840  -40.658  -36.916  88.072 0.0000000000
163378  -40.027  -36.668  88.684 0.0000000000
62793  -38.988  -36.867  89.574 0.0000000000
61576  -40.336  -37.255  89.327 0.0000000000
60356  -39.971  -37.553  89.377 0.0000000000
61577  -41.129  -37.613  88.958 0.0000000000
62843  -42.253  -37.928  86.095 0.0000000000
60371  -42.189  -38.458  87.968 0.0000000000
60382  -42.300  -38.696  87.073 0.0000000000
59216  -42.644  -39.272  86.644 0.0000000000
60391  -43.443  -38.573  85.842 0.0000000000
69067  -48.041  -31.674  82.808 0.0000000000
169770  -48.084  -32.648  82.450 0.0000000000
67878  -48.177  -32.132  82.581 0.0000000000
66686  -48.643  -32.476  81.148 0.0000000000
186497  -48.411  -33.073  81.497 0.0000000000
66704  -48.856  -33.328  80.549 0.0000000000
65365  -48.646  -34.301  80.379 0.0000000000
65386  -49.442  -34.201  79.786 0.0000000000
178893  -50.181  -35.018  79.702 0.0000000000
66724  -49.756  -33.415  79.740 0.0000000000
70331  -50.797  -30.417  79.674 0.0000000000
67909  -50.677  -32.050  79.206 0.0000000000
69130  -51.335  -31.272  79.117 0.0000000000
67921  -51.742  -32.468  79.075 0.0000000000
155342  -23.817  -45.985  92.182 0.0000000000
52402  -23.388  -45.840  92.967 0.0000000000
80133  -54.187  -21.530  75.101 0.0000000000
78970  -54.882  -22.435  74.772 0.0000000000
80134  -54.730  -21.744  74.734 0.0000000000
80153  -55.864  -21.666  72.699 0.0000000000
181619  -56.062  -22.139  72.980 0.0000000000
156576  -56.423  -22.660  71.824 0.0000000000
76740  -57.059  -24.354  70.828 0.0000000000
77845  -56.588  -23.861  70.854 0.0000000000
79018  -51.319  -22.720  70.358 0.0000000000
182791  -51.759  -23.813  70.525 0.0000000000
76734  -51.281  -24.296  70.162 0.0000000000
71577  -51.671  -29.133  68.278 0.0000000000
72628  -51.934  -28.326  68.407 0.0000000000
70484  -52.604  -30.556  68.608 0.0000000000
69302  -53.207  -31.222  68.733 0.0000000000
68082  -52.299  -32.764  68.825 0.0000000000
69335  -55.300  -31.383  65.510 0.0000000000
160561  -54.369  -31.855  65.379 0.0000000000
68129  -54.380  -32.506  65.190 0.0000000000
68142  -51.187  -32.415  63.801 0.0000000000
73508  -48.676  -27.872  82.553 0.0000000000
82307  -52.527  -18.929  69.404 0.0000000000
82325  -55.530  -19.581  68.868 0.0000000000
81240  -54.289  -20.852  68.584 0.0000000000
172993  -51.972  -21.865  68.727 0.0000000000
80204  -53.752  -21.556  68.408 0.0000000000
74753  -52.201  -26.426  60.589 0.0000000000
73697  -53.115  -27.640  61.266 0.0000000000
73698  -54.103  -27.461  61.436 0.0000000000
72689  -53.694  -28.314  61.760 0.0000000000
71633  -54.692  -29.361  62.691 0.0000000000
71632  -53.807  -29.143  62.207 0.0000000000
156556  -54.075  -31.231  62.625 0.0000000000
69370  -55.212  -30.812  63.098 0.0000000000
158955  -56.609  -31.314  63.889 0.0000000000
68130  -57.378  -31.771  65.123 0.0000000000
68144  -56.826  -32.298  63.902 0.0000000000
168200  -57.770  -32.533  65.125 0.0000000000
68143  -55.972  -32.435  63.351 0.0000000000
68173  -51.866  -32.044  60.951 0.0000000000
76853  -50.074  -25.013  57.704 0.0000000000
74761  -49.792  -26.571  58.252 0.0000000000
74764  -50.394  -26.394  57.697 0.0000000000
72716  -51.429  -28.244  57.972 0.0000000000
182414  -51.347  -28.985  58.368 0.0000000000
66813  -51.323  -33.093  76.524 0.0000000000
67989  -51.768  -32.387  76.229 0.0000000000
67990  -52.408  -32.236  76.529 0.0000000000
71447  -53.941  -29.141  77.160 0.0000000000
71457  -54.013  -29.950  76.830 0.0000000000
166286  -54.348  -28.438  76.729 0.0000000000
172544  -54.877  -27.264  76.419 0.0000000000
179474  -54.565  -26.889  76.785 0.0000000000
74547  -52.288  -26.926  78.719 0.0000000000
73533  -52.753  -27.777  78.471 0.0000000000
166910  -52.624  -26.355  77.982 0.0000000000
78904  -52.602  -23.688  76.833 0.0000000000
76657  -52.769  -24.859  77.081 0.0000000000
77757  -53.060  -24.006  76.606 0.0000000000
172085  -53.380  -24.518  76.389 0.0000000000
78924  -53.281  -23.184  76.124 0.0000000000
80113  -53.339  -22.414  75.910 0.0000000000
80112  -52.545  -21.809  76.370 0.0000000000
83340  -52.117  -18.868  76.942 0.0000000000
82197  -52.230  -19.454  76.764 0.0000000000
186203  -19.589  -48.852  92.655 0.0000000000
48877  -22.167  -48.618  95.359 0.0000000000
52347  -23.588  -46.096  97.068 0.0000000000
51109  -23.969  -46.338  96.980 0.0000000000
47824  -24.545  -50.125  96.136 0.0000000000
46895  -24.886  -50.762  96.039 0.0000000000
46898  -24.230  -51.378  95.511 0.0000000000
45850  -25.773  -51.247  95.752 0.0000000000
53562  -28.766  -45.165  90.114 0.0000000000
53543  -28.582  -45.423  91.789 0.0000000000
170094  -27.602  -47.277  93.710 0.0000000000
48871  -28.071  -48.425  94.983 0.0000000000
48881  -27.791  -47.841  94.160 0.0000000000
47859  -27.185  -49.714  93.143 0.0000000000
172530  -27.486  -50.322  93.938 0.0000000000
45854  -27.544  -51.432  94.577 0.0000000000
45862  -27.907  -51.189  94.217 0.0000000000
183856  -27.344  -51.935  94.162 0.0000000000
47896  -29.092  -49.883  90.312 0.0000000000
45880  -27.542  -51.065  91.308 0.0000000000
46947  -28.746  -50.653  90.198 0.0000000000
45910  -28.884  -51.326  90.048 0.0000000000
46948  -29.546  -50.670  90.022 0.0000000000
47907  -34.340  -49.767  89.870 0.0000000000
47879  -32.541  -49.380  91.391 0.0000000000
46922  -32.675  -49.975  91.271 0.0000000000
46935  -31.747  -50.371  91.073 0.0000000000
46936  -32.185  -50.412  91.063 0.0000000000
45882  -33.020  -50.512  90.940 0.0000000000
50019  -36.000  -46.550  89.730 0.0000000000
159313  -35.709  -49.223  89.607 0.0000000000
187953  -35.923  -45.676  90.599 0.0000000000
50020  -36.259  -46.889  89.583 0.0000000000
52447  -36.215  -45.480  90.488 0.0000000000
61544  -34.872  -37.129  92.315 0.0000000000
60323  -34.125  -38.223  92.641 0.0000000000
57913  -34.373  -40.240  92.922 0.0000000000
181133  -34.687  -40.415  92.287 0.0000000000
161717  -35.161  -41.571  92.577 0.0000000000
57924  -34.844  -40.364  92.002 0.0000000000
57951  -34.978  -40.249  91.464 0.0000000000
56774  -37.013  -40.977  91.778 0.0000000000
56761  -36.873  -41.661  91.320 0.0000000000
54536  -36.845  -43.164  90.814 0.0000000000
59194  -35.046  -39.927  87.859 0.0000000000
57987  -34.832  -40.842  88.824 0.0000000000
58001  -35.016  -40.501  87.526 0.0000000000
59182  -39.128  -39.186  88.815 0.0000000000
59181  -38.254  -39.279  88.541 0.0000000000
59197  -39.048  -39.601  88.224 0.0000000000
64099  -43.834  -35.950  83.867 0.0000000000
64117  -44.208  -35.344  83.597 0.0000000000
62879  -45.889  -36.687  83.932 0.0000000000
62878  -45.290  -36.753  84.286 0.0000000000
169068  -45.352  -37.292  84.406 0.0000000000
60402  -44.695  -38.556  85.468 0.0000000000
60417  -45.471  -37.965  84.759 0.0000000000
182302  -46.794  -35.119  81.809 0.0000000000
64118  -46.363  -35.654  82.574 0.0000000000
64131  -46.738  -35.692  81.707 0.0000000000
60467  -46.141  -38.494  81.816 0.0000000000
61669  -45.785  -37.400  82.586 0.0000000000
59255  -45.074  -39.105  83.033 0.0000000000
166757  -45.593  -40.030  82.748 0.0000000000
58063  -45.173  -40.472  83.179 0.0000000000
58076  -46.181  -40.734  82.485 0.0000000000
56903  -46.929  -40.888  81.835 0.0000000000
55760  -46.449  -41.492  82.395 0.0000000000
160803  -45.966  -42.175  82.394 0.0000000000
56956  -50.119  -41.427  80.659 0.0000000000
56977  -48.878  -40.864  79.854 0.0000000000
62933  -51.025  -36.235  80.329 0.0000000000
61703  -51.251  -37.570  80.406 0.0000000000
61715  -51.871  -37.546  80.052 0.0000000000
61742  -51.633  -37.164  78.720 0.0000000000
60528  -51.654  -38.198  79.064 0.0000000000
60539  -50.278  -38.062  78.606 0.0000000000
60525  -49.049  -38.736  78.638 0.0000000000
60538  -49.515  -38.065  78.292 0.0000000000
60537  -48.671  -38.077  78.184 0.0000000000
187094  -50.271  -36.776  77.987 0.0000000000
65463  -51.434  -34.495  76.995 0.0000000000
64216  -50.933  -35.138  77.167 0.0000000000
65462  -50.548  -34.515  76.861 0.0000000000
47846  -19.599  -49.189  94.761 0.0000000000
47845  -18.882  -49.319  94.995 0.0000000000
47868  -19.011  -48.908  93.128 0.0000000000
48905  -18.536  -48.751  92.534 0.0000000000
174048  -56.602  -25.403  72.885 0.0000000000
74626  -56.298  -26.562  72.712 0.0000000000
74637  -56.743  -26.575  72.228 0.0000000000
85496  -53.956  -16.415  72.572 0.0000000000
84422  -54.010  -17.174  73.274 0.0000000000
77843  -54.510  -23.658  70.612 0.0000000000
77829  -55.051  -22.894  70.882 0.0000000000
76738  -55.127  -24.362  70.403 0.0000000000
75668  -55.768  -25.107  70.159 0.0000000000
74672  -55.963  -26.625  69.536 0.0000000000
183043  -53.159  -26.757  68.880 0.0000000000
74670  -53.628  -26.297  69.185 0.0000000000
73635  -54.080  -27.878  68.693 0.0000000000
70472  -55.639  -30.161  69.190 0.0000000000
69285  -56.201  -31.947  69.959 0.0000000000
183166  -56.688  -30.013  69.521 0.0000000000
66890  -56.044  -33.351  71.410 0.0000000000
77877  -52.351  -23.640  67.568 0.0000000000
76774  -51.874  -24.131  67.183 0.0000000000
158652  -53.105  -30.231  64.537 0.0000000000
71603  -53.536  -29.463  64.683 0.0000000000
71622  -52.700  -29.403  64.299 0.0000000000
74716  -51.429  -26.911  63.850 0.0000000000
74717  -52.307  -27.042  63.942 0.0000000000
74704  -52.667  -26.453  64.156 0.0000000000
75733  -54.653  -25.768  64.919 0.0000000000
75721  -53.870  -25.394  65.385 0.0000000000
75715  -54.124  -25.059  66.131 0.0000000000
162030  -52.971  -25.404  65.271 0.0000000000
74697  -48.747  -26.444  65.100 0.0000000000
75718  -50.160  -25.505  65.697 0.0000000000
75717  -49.282  -25.724  66.101 0.0000000000
75711  -49.112  -25.654  66.992 0.0000000000
73648  -48.018  -27.209  66.521 0.0000000000
72643  -48.120  -28.044  66.684 0.0000000000
72642  -47.710  -28.653  66.273 0.0000000000
71415  -51.197  -29.244  80.510 0.0000000000
181362  -51.522  -28.663  80.386 0.0000000000
72465  -51.272  -28.664  81.112 0.0000000000
73518  -51.042  -26.844  81.603 0.0000000000
75567  -50.179  -25.368  81.137 0.0000000000
62861  -40.926  -37.142  87.108 0.0000000000
62841  -41.475  -37.186  87.666 0.0000000000
62862  -41.682  -37.377  86.764 0.0000000000
62863  -42.181  -37.491  86.030 0.0000000000
62864  -43.010  -37.222  85.633 0.0000000000
172009  -48.689  -30.334  83.075 0.0000000000
69084  -48.506  -31.422  82.525 0.0000000000
69085  -49.013  -30.906  82.070 0.0000000000
69104  -48.945  -31.237  81.437 0.0000000000
67893  -49.045  -31.800  80.828 0.0000000000
67908  -49.726  -31.835  79.915 0.0000000000
161657  -50.015  -30.515  80.365 0.0000000000
70319  -50.579  -29.891  80.525 0.0000000000
82225  -53.467  -19.553  74.959 0.0000000000
81173  -54.553  -20.347  74.183 0.0000000000
82238  -53.904  -19.545  74.373 0.0000000000
82239  -54.393  -19.566  73.744 0.0000000000
81183  -55.060  -20.527  72.805 0.0000000000
76755  -50.522  -24.520  69.631 0.0000000000
75663  -51.000  -24.946  69.846 0.0000000000
75682  -50.515  -25.302  69.450 0.0000000000
72627  -51.153  -28.443  68.174 0.0000000000
159372  -51.311  -29.954  68.113 0.0000000000
69300  -51.459  -31.721  68.397 0.0000000000
71576  -50.859  -29.204  68.019 0.0000000000
70493  -50.353  -30.012  67.811 0.0000000000
70492  -49.568  -30.443  67.458 0.0000000000
66932  -56.211  -33.398  65.904 0.0000000000
66930  -54.789  -33.042  65.225 0.0000000000
170073  -55.766  -34.439  65.583 0.0000000000
64388  -54.967  -34.719  64.975 0.0000000000
162228  -51.513  -26.252  60.430 0.0000000000
73696  -52.048  -27.803  61.099 0.0000000000
70564  -52.962  -29.884  62.065 0.0000000000
71644  -52.174  -29.421  61.610 0.0000000000
159414  -51.911  -30.332  61.718 0.0000000000
69383  -52.998  -31.580  62.331 0.0000000000
69384  -53.594  -32.236  62.413 0.0000000000
70562  -51.277  -30.685  61.221 0.0000000000
69394  -51.546  -31.459  61.066 0.0000000000
70576  -50.521  -30.201  60.084 0.0000000000
78011  -51.404  -23.520  56.658 0.0000000000
75785  -50.929  -25.689  57.221 0.0000000000
74765  -51.451  -26.519  57.412 0.0000000000
73718  -52.104  -27.366  57.581 0.0000000000
70586  -53.386  -30.238  58.629 0.0000000000
171251  -52.661  -33.585  77.333 0.0000000000
67971  -52.878  -32.101  77.123 0.0000000000
67972  -53.080  -32.033  77.360 0.0000000000
70359  -53.783  -30.403  77.477 0.0000000000
170921  -53.791  -28.950  77.549 0.0000000000
75594  -51.604  -25.305  78.945 0.0000000000
75595  -52.127  -25.541  78.267 0.0000000000
77738  -51.436  -24.393  78.771 0.0000000000
78903  -51.994  -23.254  77.345 0.0000000000
80095  -52.001  -22.174  77.132 0.0000000000
80111  -52.052  -21.175  76.991 0.0000000000
80094  -51.463  -21.313  77.724 0.0000000000
82174  -51.671  -19.384  77.968 0.0000000000
84358  -51.331  -18.384  77.933 0.0000000000
47855  -19.915  -49.092  94.102 0.0000000000
185573  -20.291  -48.991  94.064 0.0000000000
47836  -20.616  -48.887  95.381 0.0000000000
48866  -21.299  -48.787  95.891 0.0000000000
48867  -22.145  -48.644  96.398 0.0000000000
46897  -26.472  -49.948  95.908 0.0000000000
48894  -27.687  -48.087  93.261 0.0000000000
50007  -28.419  -47.423  92.581 0.0000000000
48910  -28.135  -48.120  92.110 0.0000000000
47874  -27.831  -48.906  91.571 0.0000000000
46919  -27.269  -50.505  92.072 0.0000000000
47888  -29.485  -49.150  90.862 0.0000000000
47889  -30.533  -49.345  91.391 0.0000000000
50046  -35.631  -47.984  89.524 0.0000000000
47908  -35.127  -49.721  89.780 0.0000000000
51190  -35.713  -46.276  89.873 0.0000000000
51174  -35.532  -45.803  90.409 0.0000000000
53528  -35.210  -44.584  91.712 0.0000000000
62787  -37.752  -36.200  91.170 0.0000000000
62781  -37.267  -35.898  91.944 0.0000000000
61559  -37.290  -36.647  91.768 0.0000000000
61557  -35.212  -37.439  91.721 0.0000000000
60332  -34.409  -38.047  91.915 0.0000000000
57966  -34.985  -40.498  90.665 0.0000000000
59195  -35.168  -39.497  88.613 0.0000000000
157709  -35.663  -39.452  87.958 0.0000000000
57990  -40.310  -40.110  87.997 0.0000000000
58005  -39.674  -40.201  87.333 0.0000000000
58006  -40.456  -40.442  87.292 0.0000000000
58024  -40.196  -40.672  86.636 0.0000000000
55714  -42.043  -41.382  84.962 0.0000000000
55736  -42.601  -41.192  84.530 0.0000000000
66658  -44.700  -33.733  83.225 0.0000000000
65322  -44.668  -34.659  83.485 0.0000000000
66634  -44.960  -33.932  83.776 0.0000000000
65286  -45.850  -35.461  83.573 0.0000000000
64101  -46.116  -36.280  83.707 0.0000000000
64146  -47.455  -35.527  81.083 0.0000000000
62919  -47.285  -36.636  81.308 0.0000000000
61699  -47.734  -37.190  81.098 0.0000000000
60468  -47.273  -38.845  81.459 0.0000000000
59271  -46.771  -39.489  81.721 0.0000000000
58091  -46.754  -40.121  81.901 0.0000000000
59272  -47.758  -39.759  81.660 0.0000000000
58092  -47.677  -40.599  81.650 0.0000000000
56917  -47.925  -41.004  81.522 0.0000000000
56928  -49.677  -41.348  81.485 0.0000000000
56939  -50.078  -41.633  81.182 0.0000000000
58119  -50.375  -40.794  80.853 0.0000000000
65389  -51.842  -34.358  79.294 0.0000000000
62945  -51.808  -36.097  79.629 0.0000000000
64173  -51.998  -35.068  79.072 0.0000000000
62960  -51.884  -36.742  78.756 0.0000000000
62981  -51.396  -36.289  78.344 0.0000000000
62980  -50.536  -36.215  77.859 0.0000000000
156159  -51.591  -35.283  78.101 0.0000000000
65464  -52.341  -34.208  77.496 0.0000000000
156077  -21.725  -46.140  93.771 0.0000000000
52368  -20.828  -46.545  95.435 0.0000000000
51118  -20.640  -46.742  96.470 0.0000000000
47835  -19.984  -48.988  95.274 0.0000000000
74638  -57.267  -26.490  71.598 0.0000000000
72557  -56.896  -27.615  71.812 0.0000000000
72581  -57.438  -28.175  70.934 0.0000000000
83421  -53.776  -17.730  71.907 0.0000000000
159713  -54.246  -19.724  72.181 0.0000000000
82272  -53.744  -18.654  72.093 0.0000000000
80172  -53.807  -21.527  71.401 0.0000000000
76737  -54.020  -24.337  70.346 0.0000000000
70471  -54.093  -30.957  68.864 0.0000000000
185783  -54.325  -29.308  68.705 0.0000000000
71620  -51.047  -29.790  63.805 0.0000000000
71621  -51.782  -29.251  63.876 0.0000000000
72667  -50.966  -28.937  63.523 0.0000000000
73674  -51.017  -27.448  63.594 0.0000000000
74715  -50.473  -26.865  63.875 0.0000000000
162737  -50.226  -26.242  64.456 0.0000000000
74714  -49.478  -26.634  64.356 0.0000000000
74701  -48.612  -26.855  64.520 0.0000000000
73655  -47.460  -27.602  64.525 0.0000000000
72646  -47.245  -28.266  65.621 0.0000000000
177936  -50.216  -24.627  58.750 0.0000000000
76845  -49.873  -25.187  58.598 0.0000000000
78004  -50.479  -23.595  57.905 0.0000000000
188080  -50.675  -23.316  57.429 0.0000000000
78010  -50.830  -23.433  56.993 0.0000000000
80347  -51.756  -21.302  56.696 0.0000000000
187013  -51.176  -22.905  56.707 0.0000000000
161133  -51.876  -22.802  56.279 0.0000000000
69142  -52.789  -31.234  78.616 0.0000000000
182716  -52.822  -30.475  78.734 0.0000000000
70333  -52.624  -29.890  78.989 0.0000000000
72473  -52.550  -28.507  78.986 0.0000000000
74536  -51.952  -27.045  79.505 0.0000000000
73526  -51.814  -27.511  80.084 0.0000000000
76636  -51.295  -24.520  79.285 0.0000000000
78871  -50.833  -23.053  79.720 0.0000000000
78883  -50.780  -22.223  79.722 0.0000000000
52358  -22.785  -45.816  96.604 0.0000000000
158631  -23.218  -45.851  95.711 0.0000000000
156848  -24.342  -45.909  95.560 0.0000000000
178467  -25.318  -46.027  95.698 0.0000000000
52373  -25.855  -46.184  95.084 0.0000000000
52374  -26.409  -46.345  94.953 0.0000000000
52390  -26.636  -46.531  94.209 0.0000000000
54521  -33.445  -43.074  92.426 0.0000000000
61561  -38.295  -36.326  90.104 0.0000000000
169435  -38.386  -37.425  89.748 0.0000000000
60354  -38.262  -38.169  89.601 0.0000000000
179169  -37.662  -38.498  89.451 0.0000000000
60368  -39.108  -38.696  89.194 0.0000000000
60369  -39.857  -38.399  89.154 0.0000000000
59184  -40.528  -38.993  88.968 0.0000000000
61578  -41.705  -38.065  88.472 0.0000000000
59185  -41.256  -38.592  88.726 0.0000000000
59200  -41.114  -39.475  88.459 0.0000000000
57992  -41.509  -39.849  87.683 0.0000000000
178338  -42.459  -40.283  86.466 0.0000000000
58025  -42.935  -40.359  86.036 0.0000000000
67860  -47.343  -32.679  82.780 0.0000000000
66637  -47.218  -33.416  82.803 0.0000000000
66638  -47.709  -33.361  82.362 0.0000000000
66661  -48.185  -33.228  81.847 0.0000000000
65344  -47.862  -33.942  81.658 0.0000000000
66685  -48.349  -32.694  81.769 0.0000000000
65364  -47.910  -34.625  80.825 0.0000000000
64147  -48.314  -35.771  80.617 0.0000000000
62921  -49.031  -36.696  80.684 0.0000000000
61702  -50.523  -37.513  80.831 0.0000000000
62922  -50.173  -36.658  80.633 0.0000000000
64162  -51.109  -35.431  79.838 0.0000000000
66706  -50.259  -32.645  79.557 0.0000000000
66725  -50.711  -33.543  79.463 0.0000000000
159476  -51.470  -33.834  79.354 0.0000000000
66727  -51.971  -33.538  79.145 0.0000000000
67933  -52.525  -32.865  78.851 0.0000000000
155515  -22.587  -45.985  94.609 0.0000000000
155683  -54.531  -24.043  75.388 0.0000000000
183047  -55.366  -24.619  74.617 0.0000000000
77799  -55.288  -23.669  74.569 0.0000000000
165725  -55.717  -23.157  74.058 0.0000000000
76707  -56.525  -24.519  72.855 0.0000000000
80143  -55.688  -21.904  73.600 0.0000000000
77820  -56.410  -23.722  72.624 0.0000000000
157146  -56.955  -25.034  72.023 0.0000000000
168111  -57.236  -24.970  71.161 0.0000000000
74657  -57.441  -26.592  70.176 0.0000000000
73618  -57.532  -27.391  69.842 0.0000000000
81223  -51.986  -20.384  70.689 0.0000000000
79002  -52.387  -22.289  70.999 0.0000000000
77826  -51.913  -23.057  70.715 0.0000000000
76735  -52.058  -24.342  70.360 0.0000000000
166072  -53.112  -27.503  68.642 0.0000000000
74682  -51.505  -26.835  68.760 0.0000000000
165774  -52.646  -28.149  68.505 0.0000000000
71578  -53.597  -29.364  68.611 0.0000000000
69294  -53.906  -31.888  68.871 0.0000000000
181346  -56.168  -29.921  64.948 0.0000000000
71606  -55.778  -29.558  64.903 0.0000000000
70528  -54.840  -30.259  65.255 0.0000000000
70527  -53.879  -30.671  64.931 0.0000000000
69350  -52.762  -31.469  64.587 0.0000000000
66945  -54.055  -33.119  64.789 0.0000000000
68127  -52.808  -32.272  64.511 0.0000000000
186351  -51.677  -30.959  64.179 0.0000000000
69369  -51.078  -31.429  63.940 0.0000000000
69368  -50.283  -31.052  63.643 0.0000000000
73500  -49.063  -27.163  82.614 0.0000000000
163639  -49.973  -27.059  82.114 0.0000000000
74511  -49.212  -26.533  81.743 0.0000000000
69101  -45.913  -31.534  81.949 0.0000000000
181107  -47.229  -30.537  82.233 0.0000000000
166392  -47.978  -30.157  82.606 0.0000000000
72444  -48.260  -29.230  82.602 0.0000000000
164431  -48.689  -28.854  83.032 0.0000000000
72445  -48.854  -27.955  83.036 0.0000000000
87748  -53.170  -14.863  73.150 0.0000000000
86628  -53.813  -15.458  73.528 0.0000000000
87760  -53.953  -14.534  71.938 0.0000000000
86640  -54.492  -14.941  71.526 0.0000000000
84464  -54.024  -16.471  70.369 0.0000000000
84463  -53.454  -17.092  70.067 0.0000000000
83432  -52.878  -17.829  69.949 0.0000000000
82306  -52.082  -19.401  69.728 0.0000000000
174499  -51.703  -20.779  69.733 0.0000000000
80194  -51.385  -21.466  69.724 0.0000000000
81239  -52.605  -20.590  69.000 0.0000000000
80203  -51.896  -21.176  69.205 0.0000000000
79046  -50.902  -22.697  68.940 0.0000000000
77866  -50.412  -23.461  68.827 0.0000000000
76772  -49.981  -24.055  68.298 0.0000000000
72690  -54.533  -27.933  61.930 0.0000000000
162923  -55.166  -28.727  62.673 0.0000000000
172325  -55.886  -29.512  63.905 0.0000000000
70543  -56.363  -29.943  64.479 0.0000000000
70515  -56.811  -30.680  65.184 0.0000000000
70552  -54.445  -30.278  62.759 0.0000000000
159873  -56.680  -30.467  64.244 0.0000000000
68114  -56.865  -32.278  66.048 0.0000000000
66920  -57.136  -33.188  66.508 0.0000000000
180493  -57.583  -34.666  67.326 0.0000000000
68158  -54.050  -32.929  62.526 0.0000000000
74760  -49.592  -26.437  58.772 0.0000000000
71663  -50.055  -29.036  59.134 0.0000000000
71660  -50.598  -29.866  59.439 0.0000000000
72715  -50.476  -28.014  58.120 0.0000000000
71664  -50.853  -29.447  58.788 0.0000000000
69171  -53.239  -31.301  76.871 0.0000000000
70387  -53.364  -30.290  75.956 0.0000000000
71471  -53.631  -29.634  75.894 0.0000000000
72503  -54.569  -28.101  76.172 0.0000000000
74587  -54.947  -26.731  76.099 0.0000000000
185004  -54.384  -25.582  75.890 0.0000000000
167421  -53.152  -29.958  78.493 0.0000000000
73538  -53.537  -27.714  77.782 0.0000000000
74560  -53.486  -26.917  77.608 0.0000000000
75604  -52.670  -25.604  77.572 0.0000000000
174166  -53.278  -26.270  77.322 0.0000000000
74574  -53.992  -26.730  77.230 0.0000000000
75610  -53.910  -26.181  76.784 0.0000000000
76661  -53.894  -25.299  76.179 0.0000000000
76665  -53.929  -24.208  75.775 0.0000000000
77767  -54.179  -23.327  75.520 0.0000000000
80125  -53.874  -21.992  75.539 0.0000000000
172814  -53.591  -21.215  75.377 0.0000000000
81132  -52.450  -20.577  76.373 0.0000000000
81148  -52.981  -20.482  75.585 0.0000000000
82215  -52.941  -19.541  75.447 0.0000000000
86598  -52.783  -16.474  74.683 0.0000000000
75554  -49.635  -25.839  81.620 0.0000000000
76622  -50.032  -24.736  80.627 0.0000000000
188089  -49.525  -23.630  80.205 0.0000000000
78857  -50.068  -22.998  79.969 0.0000000000
78868  -49.856  -22.236  79.818 0.0000000000
80066  -50.082  -21.581  79.748 0.0000000000
81100  -50.292  -21.012  79.444 0.0000000000
82149  -50.542  -19.464  78.521 0.0000000000
84349  -50.911  -18.240  78.671 0.0000000000
87726  -52.688  -15.300  73.625 0.0000000000
48918  -18.421  -48.491  91.764 0.0000000000
48919  -19.273  -48.545  91.405 0.0000000000
47884  -19.845  -48.803  91.950 0.0000000000
173688  -22.445  -45.958  97.499 0.0000000000
174506  -22.904  -47.164  97.245 0.0000000000
53542  -27.829  -45.682  91.940 0.0000000000
184609  -27.868  -45.974  92.677 0.0000000000
52376  -26.957  -46.671  94.147 0.0000000000
49985  -27.407  -47.128  94.760 0.0000000000
46901  -27.203  -49.889  95.313 0.0000000000
180013  -27.826  -48.594  94.343 0.0000000000
159837  -27.463  -50.797  95.006 0.0000000000
45853  -26.799  -51.357  95.197 0.0000000000
45870  -27.093  -51.295  92.484 0.0000000000
163097  -31.400  -49.133  92.644 0.0000000000
46920  -31.452  -49.513  91.867 0.0000000000
46934  -31.140  -50.179  91.018 0.0000000000
46949  -30.486  -50.855  90.218 0.0000000000
47892  -34.757  -50.065  90.243 0.0000000000
177181  -33.482  -40.908  94.044 0.0000000000
56737  -33.842  -41.367  93.537 0.0000000000
61532  -34.959  -36.600  92.669 0.0000000000
60313  -34.091  -38.487  93.364 0.0000000000
169540  -34.320  -40.924  93.188 0.0000000000
55597  -34.199  -42.395  93.034 0.0000000000
54522  -34.761  -42.876  92.738 0.0000000000
53511  -35.414  -43.126  92.347 0.0000000000
53529  -35.667  -43.948  92.049 0.0000000000
57938  -36.193  -40.843  91.938 0.0000000000
56760  -36.910  -41.319  91.957 0.0000000000
171012  -36.307  -43.770  91.305 0.0000000000
52428  -36.379  -44.811  91.027 0.0000000000
60381  -37.446  -39.028  89.002 0.0000000000
59196  -36.785  -39.269  88.239 0.0000000000
59213  -36.247  -39.532  87.280 0.0000000000
58004  -38.751  -40.057  87.101 0.0000000000
58003  -37.764  -39.977  86.932 0.0000000000
59228  -36.840  -39.819  86.792 0.0000000000
62889  -43.181  -36.267  84.233 0.0000000000
155102  -43.068  -36.530  84.897 0.0000000000
62865  -43.803  -37.323  85.245 0.0000000000
64082  -44.378  -36.207  84.267 0.0000000000
62877  -44.470  -36.802  84.602 0.0000000000
61622  -43.810  -38.049  85.513 0.0000000000
60401  -44.122  -38.629  85.623 0.0000000000
59229  -44.262  -39.064  85.682 0.0000000000
58027  -44.116  -39.706  85.634 0.0000000000
64103  -46.525  -34.981  82.461 0.0000000000
64102  -46.146  -36.103  83.023 0.0000000000
62900  -46.408  -36.475  83.691 0.0000000000
62909  -46.178  -36.710  82.275 0.0000000000
60452  -45.747  -37.448  83.643 0.0000000000
59254  -44.762  -38.998  83.879 0.0000000000
168810  -44.478  -39.769  84.138 0.0000000000
58043  -43.651  -40.444  85.375 0.0000000000
56876  -44.024  -40.831  84.592 0.0000000000
161750  -43.690  -41.192  84.375 0.0000000000
55738  -44.189  -41.329  83.832 0.0000000000
56901  -45.828  -41.015  82.669 0.0000000000
54609  -44.657  -41.841  83.093 0.0000000000
60490  -50.881  -38.332  80.688 0.0000000000
59283  -50.970  -39.142  80.467 0.0000000000
59298  -51.006  -39.723  79.861 0.0000000000
61729  -52.063  -37.803  79.632 0.0000000000
59299  -51.124  -38.777  79.477 0.0000000000
58136  -50.086  -39.937  79.768 0.0000000000
62978  -48.884  -36.496  77.735 0.0000000000
63001  -50.050  -35.909  77.483 0.0000000000
63000  -49.427  -35.853  77.392 0.0000000000
75626  -55.899  -25.797  74.032 0.0000000000
84409  -53.803  -17.119  73.397 0.0000000000
83399  -54.495  -18.836  73.022 0.0000000000
81195  -55.213  -20.675  72.392 0.0000000000
81208  -55.259  -20.718  71.986 0.0000000000
79005  -55.548  -22.139  71.257 0.0000000000
77830  -56.004  -22.881  71.050 0.0000000000
76739  -56.273  -24.435  70.537 0.0000000000
74673  -57.048  -26.629  69.755 0.0000000000
73617  -57.585  -28.161  69.559 0.0000000000
77827  -52.848  -22.991  70.833 0.0000000000
75666  -53.566  -24.923  69.916 0.0000000000
74671  -54.756  -26.565  69.114 0.0000000000
72612  -55.189  -28.149  68.781 0.0000000000
171214  -55.627  -27.354  69.037 0.0000000000
73616  -56.423  -28.086  69.210 0.0000000000
71566  -57.433  -29.467  69.646 0.0000000000
71567  -57.683  -29.575  69.865 0.0000000000
80205  -55.124  -21.551  68.512 0.0000000000
79049  -54.149  -22.273  68.269 0.0000000000
176279  -51.746  -23.097  67.897 0.0000000000
181106  -49.761  -24.497  67.797 0.0000000000
72654  -55.131  -28.972  64.971 0.0000000000
169413  -54.864  -28.222  64.790 0.0000000000
73659  -54.609  -27.344  64.691 0.0000000000
73657  -52.831  -27.840  64.174 0.0000000000
180537  -53.856  -26.963  64.454 0.0000000000
74706  -55.152  -26.691  64.717 0.0000000000
76787  -54.495  -24.602  66.754 0.0000000000
76786  -53.583  -24.737  66.765 0.0000000000
75719  -51.033  -25.512  65.392 0.0000000000
75713  -51.856  -24.990  66.195 0.0000000000
76784  -51.301  -24.612  66.763 0.0000000000
76783  -50.103  -24.698  67.067 0.0000000000
76782  -49.503  -25.075  67.488 0.0000000000
75706  -49.362  -25.574  67.709 0.0000000000
167345  -49.115  -27.765  67.463 0.0000000000
159371  -49.046  -30.015  66.998 0.0000000000
70491  -48.885  -30.788  67.114 0.0000000000
160844  -47.717  -29.606  66.413 0.0000000000
70502  -48.300  -30.118  66.749 0.0000000000
68091  -49.548  -32.202  67.526 0.0000000000
44810  -27.654  -51.643  94.040 0.0000000000
44840  -28.615  -52.213  90.374 0.0000000000
45848  -24.791  -51.514  96.085 0.0000000000
45849  -25.056  -51.364  95.824 0.0000000000
45881  -32.403  -50.166  91.200 0.0000000000
45892  -28.214  -51.262  90.454 0.0000000000
45893  -31.252  -50.945  90.664 0.0000000000
46894  -24.316  -50.962  95.801 0.0000000000
46906  -27.705  -50.504  94.481 0.0000000000
46932  -28.237  -50.277  90.618 0.0000000000
46937  -34.406  -50.483  90.238 0.0000000000
47822  -20.133  -48.526  96.000 0.0000000000
47839  -27.848  -49.411  95.106 0.0000000000
47847  -21.181  -48.858  94.946 0.0000000000
47861  -31.098  -48.718  92.717 0.0000000000
47863  -32.007  -49.042  92.692 0.0000000000
47867  -18.212  -48.923  93.144 0.0000000000
47873  -27.335  -49.720  92.282 0.0000000000
47886  -27.685  -49.907  91.345 0.0000000000
47890  -33.172  -49.714  90.869 0.0000000000
47891  -34.008  -50.121  90.278 0.0000000000
47897  -34.710  -50.014  90.191 0.0000000000
47898  -35.277  -49.895  89.848 0.0000000000
48858  -22.136  -48.422  97.060 0.0000000000
48893  -27.512  -48.892  92.653 0.0000000000
48895  -30.618  -47.996  92.498 0.0000000000
48917  -17.553  -48.274  91.770 0.0000000000
48939  -33.545  -49.732  90.431 0.0000000000
48954  -35.493  -48.920  89.612 0.0000000000
49957  -20.863  -47.500  97.112 0.0000000000
49958  -22.135  -46.468  97.625 0.0000000000
49959  -23.568  -46.878  97.148 0.0000000000
49984  -27.210  -47.066  95.169 0.0000000000
49991  -28.109  -46.772  92.987 0.0000000000
49998  -27.869  -47.396  93.367 0.0000000000
49999  -28.483  -47.036  92.841 0.0000000000
50002  -31.555  -48.214  92.306 0.0000000000
50008  -29.479  -47.387  92.415 0.0000000000
50029  -31.412  -47.903  90.595 0.0000000000
50031  -35.822  -47.348  89.771 0.0000000000
50032  -36.086  -47.624  89.626 0.0000000000
51106  -20.617  -46.911  96.805 0.0000000000
51122  -26.777  -46.772  95.366 0.0000000000
51132  -27.216  -46.906  94.424 0.0000000000
51142  -27.464  -47.123  93.877 0.0000000000
51153  -30.676  -47.265  92.046 0.0000000000
51154  -31.340  -47.689  91.954 0.0000000000
51161  -30.874  -47.292  91.621 0.0000000000
51163  -35.458  -45.502  90.851 0.0000000000
51175  -36.059  -46.056  89.861 0.0000000000
51188  -30.809  -47.206  91.130 0.0000000000
51189  -34.983  -45.659  90.631 0.0000000000
52345  -22.241  -45.858  97.181 0.0000000000
52348  -24.441  -46.092  96.863 0.0000000000
52357  -21.367  -46.004  96.911 0.0000000000
52359  -23.772  -45.920  96.632 0.0000000000
52362  -26.214  -46.324  95.552 0.0000000000
52375  -26.701  -46.597  95.063 0.0000000000
52389  -26.519  -46.401  94.149 0.0000000000
52391  -27.148  -46.452  93.313 0.0000000000
52426  -35.098  -45.075  91.414 0.0000000000
53495  -26.681  -46.405  93.503 0.0000000000
53504  -26.702  -46.262  93.230 0.0000000000
53505  -27.251  -46.140  93.005 0.0000000000
53522  -27.905  -45.778  92.444 0.0000000000
53523  -28.432  -45.636  92.346 0.0000000000
53560  -28.214  -45.386  91.077 0.0000000000
53561  -28.895  -45.236  90.915 0.0000000000
54512  -33.694  -42.785  92.781 0.0000000000
54531  -36.008  -43.148  91.826 0.0000000000
54608  -43.811  -41.577  83.372 0.0000000000
54610  -45.539  -41.834  82.710 0.0000000000
54621  -44.350  -41.920  82.549 0.0000000000
54623  -46.351  -41.752  82.434 0.0000000000
54624  -46.592  -42.043  82.263 0.0000000000
54637  -46.614  -42.190  82.054 0.0000000000
55596  -33.514  -42.044  93.265 0.0000000000
55609  -34.816  -42.193  92.932 0.0000000000
55610  -35.354  -42.297  92.517 0.0000000000
55623  -36.082  -42.335  92.087 0.0000000000
55702  -42.828  -40.770  85.526 0.0000000000
55715  -42.414  -41.014  85.295 0.0000000000
55717  -43.832  -40.997  84.630 0.0000000000
55718  -44.315  -41.093  83.964 0.0000000000
55737  -43.384  -41.356  83.832 0.0000000000
55739  -44.887  -41.467  83.245 0.0000000000
55740  -45.757  -41.430  82.672 0.0000000000
55761  -46.682  -41.531  82.220 0.0000000000
55762  -47.020  -41.208  81.800 0.0000000000
56738  -34.463  -41.637  93.103 0.0000000000
56840  -40.937  -40.819  86.906 0.0000000000
56842  -41.904  -40.482  86.711 0.0000000000
56860  -42.831  -40.576  85.811 0.0000000000
56875  -43.452  -40.798  85.183 0.0000000000
56902  -46.605  -41.211  82.260 0.0000000000
56938  -49.769  -41.966  80.960 0.0000000000
57925  -35.549  -40.912  92.083 0.0000000000
57952  -36.232  -40.840  91.783 0.0000000000
57986  -34.854  -40.502  88.213 0.0000000000
57988  -39.066  -39.946  87.715 0.0000000000
57989  -39.567  -39.982  88.036 0.0000000000
57991  -41.024  -40.043  88.019 0.0000000000
57993  -41.844  -39.670  87.318 0.0000000000
58007  -41.017  -40.435  87.507 0.0000000000
58008  -41.453  -40.309  87.292 0.0000000000
58009  -41.855  -40.205  86.841 0.0000000000
58010  -43.045  -39.883  86.220 0.0000000000
58026  -43.656  -40.236  85.991 0.0000000000
58044  -43.864  -40.113  84.860 0.0000000000
58093  -49.412  -40.653  81.640 0.0000000000
58108  -50.149  -40.759  81.398 0.0000000000
59116  -33.890  -39.517  93.967 0.0000000000
59117  -34.129  -39.441  93.359 0.0000000000
59128  -34.258  -39.493  92.710 0.0000000000
59183  -39.845  -39.143  88.926 0.0000000000
59199  -40.458  -39.620  88.582 0.0000000000
59202  -42.189  -39.196  87.375 0.0000000000
59214  -37.264  -39.547  87.466 0.0000000000
59230  -44.781  -39.022  85.569 0.0000000000
59273  -48.459  -40.273  81.661 0.0000000000
59290  -50.767  -39.913  80.339 0.0000000000
59291  -51.182  -39.037  79.929 0.0000000000
60343  -34.763  -38.207  91.180 0.0000000000
60390  -42.797  -38.729  86.333 0.0000000000
60416  -45.033  -38.433  85.108 0.0000000000
60434  -45.228  -38.321  84.601 0.0000000000
60435  -45.733  -37.692  84.481 0.0000000000
60485  -46.228  -37.514  81.809 0.0000000000
60486  -46.831  -38.029  81.433 0.0000000000
60488  -49.287  -38.370  81.343 0.0000000000
60489  -50.106  -38.247  81.171 0.0000000000
60515  -51.570  -38.239  79.490 0.0000000000
60516  -52.096  -37.931  79.118 0.0000000000
60526  -49.963  -38.635  78.898 0.0000000000
60527  -50.927  -38.534  79.013 0.0000000000
61546  -36.662  -36.481  92.152 0.0000000000
61558  -36.589  -37.165  91.704 0.0000000000
61560  -37.974  -36.826  90.278 0.0000000000
61567  -38.799  -37.066  89.579 0.0000000000
61568  -39.796  -37.235  89.822 0.0000000000
61587  -41.477  -37.484  88.451 0.0000000000
61588  -42.101  -37.912  88.060 0.0000000000
61589  -42.103  -38.266  87.398 0.0000000000
61600  -42.016  -38.148  87.137 0.0000000000
61601  -42.201  -38.347  86.586 0.0000000000
61639  -45.151  -37.891  85.022 0.0000000000
61640  -45.652  -37.524  84.297 0.0000000000
61654  -40.948  -37.178  84.870 0.0000000000
61716  -52.037  -37.084  79.742 0.0000000000
61730  -52.134  -37.299  79.260 0.0000000000
61741  -51.026  -37.683  78.769 0.0000000000
61752  -50.102  -37.383  78.164 0.0000000000
62794  -39.706  -37.327  89.703 0.0000000000
62800  -39.169  -36.884  89.384 0.0000000000
62801  -40.139  -36.950  89.250 0.0000000000
62802  -40.990  -36.985  89.055 0.0000000000
62821  -41.229  -37.061  88.418 0.0000000000
62822  -41.680  -37.493  87.848 0.0000000000
62844  -43.162  -37.748  85.665 0.0000000000
62866  -44.565  -37.554  84.792 0.0000000000
62876  -43.582  -36.673  85.003 0.0000000000
62890  -46.472  -36.496  83.801 0.0000000000
62891  -46.473  -36.372  83.582 0.0000000000
62910  -46.637  -36.336  81.763 0.0000000000
62932  -50.340  -35.807  80.168 0.0000000000
62934  -51.575  -36.763  80.176 0.0000000000
62961  -52.030  -36.559  78.928 0.0000000000
62962  -51.972  -35.702  79.012 0.0000000000
62979  -49.763  -36.559  77.788 0.0000000000
62982  -51.817  -35.940  78.688 0.0000000000
62983  -51.900  -35.603  78.747 0.0000000000
64083  -45.119  -36.185  84.124 0.0000000000
64084  -45.715  -36.201  83.875 0.0000000000
64100  -44.475  -35.530  83.890 0.0000000000
64119  -46.638  -34.942  82.224 0.0000000000
64145  -47.165  -36.108  81.348 0.0000000000
64148  -49.305  -35.847  80.395 0.0000000000
64163  -51.716  -35.205  79.558 0.0000000000
64183  -52.182  -34.709  78.442 0.0000000000
64194  -50.521  -35.608  77.447 0.0000000000
64195  -51.085  -35.563  77.707 0.0000000000
64196  -52.144  -34.579  77.995 0.0000000000
64374  -56.173  -35.250  65.858 0.0000000000
65284  -44.937  -35.591  83.949 0.0000000000
65301  -45.580  -34.649  83.596 0.0000000000
65302  -46.338  -34.356  83.186 0.0000000000
65303  -46.905  -34.098  82.619 0.0000000000
65323  -47.559  -34.106  81.934 0.0000000000
65388  -51.325  -34.497  79.494 0.0000000000
65412  -52.145  -34.524  79.052 0.0000000000
65413  -52.601  -34.275  78.578 0.0000000000
65433  -52.914  -34.197  78.201 0.0000000000
65465  -53.124  -34.264  77.574 0.0000000000
65612  -57.376  -34.055  66.868 0.0000000000
65613  -57.880  -33.929  67.592 0.0000000000
65620  -55.268  -33.719  65.380 0.0000000000
66662  -48.201  -32.922  82.094 0.0000000000
66764  -53.377  -33.290  78.072 0.0000000000
66782  -53.401  -33.823  77.857 0.0000000000
66799  -51.847  -33.782  76.900 0.0000000000
66800  -53.279  -33.584  77.540 0.0000000000
66921  -57.971  -33.195  66.882 0.0000000000
67862  -48.006  -31.977  82.965 0.0000000000
67876  -45.831  -32.678  83.016 0.0000000000
67879  -48.338  -32.048  82.078 0.0000000000
67934  -52.907  -32.241  78.507 0.0000000000
67946  -53.341  -32.354  77.966 0.0000000000
67957  -53.016  -32.325  77.479 0.0000000000
67958  -53.301  -31.487  77.221 0.0000000000
67970  -52.721  -32.892  77.274 0.0000000000
67973  -53.504  -30.931  76.794 0.0000000000
68046  -56.325  -32.183  71.615 0.0000000000
68076  -53.704  -32.808  68.932 0.0000000000
68101  -57.670  -32.588  66.269 0.0000000000
68112  -55.031  -32.203  65.585 0.0000000000
68113  -56.094  -31.745  65.608 0.0000000000
68115  -57.499  -32.017  65.738 0.0000000000
68131  -57.905  -32.577  65.712 0.0000000000
68145  -57.136  -31.427  64.465 0.0000000000
68159  -55.004  -32.643  62.940 0.0000000000
68174  -52.402  -32.323  61.194 0.0000000000
69066  -47.666  -31.878  82.716 0.0000000000
69082  -46.756  -32.137  82.568 0.0000000000
69083  -48.257  -31.523  82.802 0.0000000000
69103  -48.644  -31.430  81.831 0.0000000000
69118  -49.512  -31.154  80.573 0.0000000000
69141  -52.256  -31.692  78.860 0.0000000000
69150  -53.189  -31.557  78.182 0.0000000000
69151  -53.319  -31.844  78.106 0.0000000000
69152  -53.592  -30.860  77.401 0.0000000000
69161  -53.682  -30.776  77.146 0.0000000000
69172  -53.561  -30.973  76.647 0.0000000000
69188  -53.088  -30.796  76.104 0.0000000000
69297  -56.806  -31.246  69.954 0.0000000000
69301  -52.333  -31.430  68.636 0.0000000000
69308  -48.772  -31.803  67.047 0.0000000000
69309  -49.492  -31.321  67.471 0.0000000000
69336  -56.308  -30.927  65.326 0.0000000000
69337  -56.982  -31.198  65.192 0.0000000000
69349  -51.989  -31.702  64.226 0.0000000000
69351  -53.575  -31.532  64.929 0.0000000000
69352  -54.565  -31.055  65.262 0.0000000000
69371  -55.662  -31.599  63.222 0.0000000000
69372  -56.973  -30.777  64.464 0.0000000000
69395  -52.160  -31.783  61.593 0.0000000000
70284  -47.823  -31.054  82.681 0.0000000000
70286  -48.731  -30.983  83.000 0.0000000000
70287  -49.165  -30.416  82.862 0.0000000000
70305  -49.967  -29.860  81.227 0.0000000000
70332  -52.016  -29.857  79.410 0.0000000000
70358  -53.528  -30.788  78.015 0.0000000000
70370  -54.072  -30.593  77.072 0.0000000000
70379  -54.437  -30.569  77.065 0.0000000000
70388  -53.806  -29.968  76.822 0.0000000000
70446  -57.078  -30.949  70.947 0.0000000000
70460  -57.081  -31.074  70.448 0.0000000000
70461  -57.393  -30.198  70.320 0.0000000000
70473  -56.515  -30.634  69.593 0.0000000000
70474  -57.295  -30.367  69.893 0.0000000000
70485  -53.448  -30.318  68.671 0.0000000000
70486  -54.415  -30.003  68.829 0.0000000000
70514  -56.406  -30.249  65.091 0.0000000000
70516  -56.930  -30.668  64.978 0.0000000000
70525  -52.398  -30.920  64.451 0.0000000000
70526  -53.097  -30.973  64.749 0.0000000000
70529  -56.813  -30.369  64.790 0.0000000000
70540  -49.006  -29.961  63.176 0.0000000000
70541  -49.564  -30.580  63.365 0.0000000000
70561  -50.638  -30.174  60.816 0.0000000000
70563  -52.491  -30.904  62.019 0.0000000000
70574  -51.139  -30.897  60.491 0.0000000000
70584  -51.336  -30.161  59.081 0.0000000000
71388  -47.638  -29.695  82.204 0.0000000000
71389  -48.481  -29.815  82.985 0.0000000000
71390  -48.960  -29.584  83.160 0.0000000000
71430  -53.492  -29.292  78.050 0.0000000000
71439  -53.737  -29.716  77.542 0.0000000000
71472  -53.908  -29.439  76.520 0.0000000000
71544  -56.990  -29.008  71.221 0.0000000000
71565  -56.307  -29.351  69.288 0.0000000000
71583  -48.553  -29.179  66.812 0.0000000000
71584  -49.508  -29.569  67.360 0.0000000000
71592  -46.694  -29.358  65.131 0.0000000000
71593  -47.168  -29.103  65.772 0.0000000000
71594  -55.702  -29.994  65.116 0.0000000000
71605  -55.058  -29.582  65.175 0.0000000000
71607  -55.939  -29.415  64.535 0.0000000000
71619  -50.291  -29.433  63.362 0.0000000000
71623  -55.295  -29.870  63.255 0.0000000000
71634  -55.428  -29.141  63.193 0.0000000000
71642  -50.497  -29.332  61.053 0.0000000000
71645  -53.083  -29.056  61.734 0.0000000000
71655  -50.203  -29.562  60.315 0.0000000000
71659  -50.215  -29.527  59.739 0.0000000000
72446  -49.186  -28.668  83.064 0.0000000000
72447  -49.928  -28.505  82.565 0.0000000000
72456  -48.618  -28.270  82.876 0.0000000000
72464  -48.056  -28.630  81.808 0.0000000000
72466  -51.592  -28.035  80.682 0.0000000000
72480  -53.189  -28.509  78.280 0.0000000000
72481  -53.766  -28.422  77.701 0.0000000000
72488  -54.163  -28.355  77.293 0.0000000000
72512  -54.254  -28.658  76.013 0.0000000000
72513  -54.722  -27.683  75.749 0.0000000000
72614  -57.164  -28.722  69.387 0.0000000000
72615  -58.052  -28.842  69.635 0.0000000000
72626  -50.499  -28.544  67.982 0.0000000000
72630  -54.264  -28.704  68.665 0.0000000000
72637  -48.741  -28.240  67.052 0.0000000000
72651  -47.057  -28.275  64.174 0.0000000000
72653  -54.363  -28.602  64.862 0.0000000000
72655  -55.601  -28.962  64.621 0.0000000000
72668  -52.370  -28.584  64.054 0.0000000000
72677  -55.635  -28.483  62.999 0.0000000000
72678  -56.001  -28.109  63.487 0.0000000000
72688  -51.346  -28.780  61.304 0.0000000000
72700  -49.623  -28.392  60.038 0.0000000000
72704  -49.602  -28.162  59.349 0.0000000000
72707  -50.595  -28.689  58.461 0.0000000000
72708  -52.167  -28.860  58.230 0.0000000000
73501  -49.287  -27.887  82.908 0.0000000000
73517  -48.960  -27.150  81.906 0.0000000000
73527  -52.165  -27.715  79.248 0.0000000000
73543  -54.166  -27.288  77.332 0.0000000000
73544  -54.566  -27.664  76.935 0.0000000000
73549  -54.779  -27.636  76.331 0.0000000000
73557  -55.232  -26.985  75.201 0.0000000000
73587  -56.494  -27.001  72.242 0.0000000000
73588  -57.036  -27.052  71.878 0.0000000000
73595  -57.475  -27.303  71.266 0.0000000000
73603  -57.795  -27.571  70.253 0.0000000000
73630  -49.607  -27.116  67.963 0.0000000000
73633  -52.166  -27.553  68.601 0.0000000000
73634  -53.894  -27.086  68.909 0.0000000000
73642  -48.505  -27.459  67.039 0.0000000000
73647  -47.652  -27.730  66.098 0.0000000000
73651  -47.411  -27.536  65.374 0.0000000000
73656  -48.120  -27.321  64.179 0.0000000000
73658  -53.874  -27.826  64.619 0.0000000000
73673  -50.310  -27.664  63.513 0.0000000000
73709  -49.639  -27.659  59.976 0.0000000000
73711  -51.557  -27.019  60.721 0.0000000000
73715  -49.686  -27.335  58.742 0.0000000000
73716  -50.104  -27.339  58.154 0.0000000000
74512  -49.392  -26.580  81.880 0.0000000000
74513  -49.745  -26.418  81.986 0.0000000000
74521  -48.945  -26.170  81.350 0.0000000000
74522  -50.785  -26.152  81.463 0.0000000000
74535  -51.640  -26.611  80.117 0.0000000000
74546  -51.852  -26.470  79.302 0.0000000000
74612  -55.956  -26.292  73.596 0.0000000000
74656  -57.163  -26.064  69.987 0.0000000000
74667  -50.877  -26.035  69.125 0.0000000000
74669  -52.720  -26.166  69.172 0.0000000000
74683  -52.432  -26.828  68.837 0.0000000000
74688  -48.441  -26.744  66.875 0.0000000000
74689  -49.309  -26.236  67.855 0.0000000000
74693  -48.165  -26.695  66.326 0.0000000000
74695  -47.887  -26.881  65.049 0.0000000000
74696  -48.239  -26.475  65.784 0.0000000000
74702  -51.020  -26.238  64.271 0.0000000000
74713  -48.989  -27.246  63.938 0.0000000000
74738  -52.599  -26.986  60.861 0.0000000000
74751  -49.962  -26.774  59.828 0.0000000000
74758  -50.078  -25.968  59.603 0.0000000000
74763  -49.803  -25.762  57.954 0.0000000000
75556  -50.369  -25.783  81.532 0.0000000000
75568  -50.849  -25.598  80.984 0.0000000000
75580  -51.585  -25.765  79.589 0.0000000000
75615  -54.843  -25.829  75.588 0.0000000000
75625  -55.379  -25.667  74.765 0.0000000000
75633  -56.253  -25.705  73.588 0.0000000000
75642  -57.192  -25.672  71.587 0.0000000000
75653  -57.313  -25.881  70.882 0.0000000000
75664  -51.687  -24.922  69.940 0.0000000000
75665  -52.572  -24.899  69.914 0.0000000000
75669  -56.935  -25.103  70.135 0.0000000000
75670  -57.153  -25.690  70.291 0.0000000000
75683  -51.285  -25.503  69.620 0.0000000000
75684  -52.149  -25.547  69.617 0.0000000000
75685  -53.119  -25.546  69.524 0.0000000000
75686  -54.143  -25.681  69.571 0.0000000000
75687  -55.283  -25.782  69.635 0.0000000000
75688  -56.467  -25.876  69.867 0.0000000000
75710  -48.640  -26.200  66.474 0.0000000000
75712  -50.852  -25.140  66.187 0.0000000000
75714  -53.274  -25.097  66.053 0.0000000000
75720  -51.924  -25.382  65.460 0.0000000000
75729  -50.595  -25.787  64.883 0.0000000000
75730  -51.520  -25.754  64.718 0.0000000000
75731  -52.575  -25.825  64.586 0.0000000000
75732  -53.573  -25.805  64.777 0.0000000000
75777  -49.660  -25.768  59.057 0.0000000000
75782  -49.685  -25.745  58.445 0.0000000000
75784  -50.282  -25.537  57.515 0.0000000000
75798  -51.344  -24.981  56.913 0.0000000000
76621  -49.608  -24.775  80.703 0.0000000000
76635  -50.991  -24.495  79.862 0.0000000000
76647  -51.694  -24.981  78.546 0.0000000000
76666  -54.406  -24.945  75.648 0.0000000000
76690  -56.272  -24.823  73.572 0.0000000000
76691  -56.628  -24.266  72.154 0.0000000000
76721  -56.994  -24.366  71.409 0.0000000000
76722  -56.580  -23.934  71.739 0.0000000000
76736  -52.998  -24.287  70.252 0.0000000000
76766  -50.016  -24.288  69.002 0.0000000000
76771  -49.604  -24.826  68.304 0.0000000000
76785  -52.530  -24.700  66.598 0.0000000000
76846  -50.666  -24.386  59.202 0.0000000000
76862  -50.971  -24.203  56.899 0.0000000000
77710  -49.469  -24.052  80.415 0.0000000000
77711  -49.959  -23.859  80.265 0.0000000000
77712  -50.314  -23.927  80.159 0.0000000000
77724  -49.578  -23.048  79.931 0.0000000000
77749  -51.809  -24.571  78.069 0.0000000000
77750  -52.434  -24.431  77.316 0.0000000000
77782  -54.757  -23.259  75.056 0.0000000000
77800  -55.761  -24.193  74.056 0.0000000000
77814  -56.163  -23.646  73.425 0.0000000000
77815  -56.497  -23.787  72.135 0.0000000000
77828  -53.900  -22.949  70.814 0.0000000000
77831  -56.307  -23.144  71.331 0.0000000000
77832  -56.745  -23.832  71.133 0.0000000000
77839  -50.860  -23.894  70.010 0.0000000000
77840  -51.312  -23.529  70.365 0.0000000000
77842  -53.431  -23.663  70.568 0.0000000000
77859  -50.532  -23.780  69.536 0.0000000000
77867  -51.000  -23.052  68.232 0.0000000000
77868  -52.589  -23.010  67.924 0.0000000000
77869  -53.616  -22.904  68.090 0.0000000000
77876  -51.298  -23.523  67.670 0.0000000000
77878  -53.352  -23.657  67.668 0.0000000000
77988  -50.487  -23.949  58.553 0.0000000000
78001  -50.719  -23.129  58.308 0.0000000000
78858  -50.358  -23.113  79.937 0.0000000000
78869  -50.436  -22.274  79.844 0.0000000000
78940  -53.905  -22.746  75.628 0.0000000000
78957  -54.360  -22.220  75.243 0.0000000000
78983  -55.950  -22.559  73.549 0.0000000000
78991  -56.327  -22.798  72.716 0.0000000000
78992  -56.484  -23.279  72.125 0.0000000000
79001  -51.755  -22.285  70.728 0.0000000000
79004  -54.419  -22.209  71.146 0.0000000000
79006  -56.314  -21.943  72.158 0.0000000000
79007  -56.443  -23.398  71.613 0.0000000000
79034  -51.069  -22.404  69.710 0.0000000000
79045  -50.785  -23.144  69.411 0.0000000000
79048  -52.669  -22.322  68.321 0.0000000000
79183  -50.865  -22.761  57.122 0.0000000000
79191  -51.334  -22.149  56.745 0.0000000000
80067  -50.575  -21.561  79.700 0.0000000000
80082  -50.728  -21.474  79.605 0.0000000000
80152  -55.373  -21.216  73.179 0.0000000000
80163  -56.043  -21.477  72.153 0.0000000000
80173  -54.939  -21.452  71.544 0.0000000000
80174  -55.848  -21.478  71.658 0.0000000000
80183  -52.008  -21.442  70.844 0.0000000000
80202  -51.336  -21.955  69.097 0.0000000000
81101  -50.635  -20.974  79.286 0.0000000000
81162  -54.449  -20.978  74.650 0.0000000000
81163  -55.107  -21.234  74.109 0.0000000000
81196  -55.550  -21.207  72.391 0.0000000000
81209  -55.800  -21.209  71.988 0.0000000000
81222  -51.762  -20.124  70.046 0.0000000000
81233  -52.043  -20.245  69.499 0.0000000000
81241  -54.902  -20.145  68.844 0.0000000000
81242  -55.802  -20.414  68.802 0.0000000000
81369  -51.777  -20.923  57.108 0.0000000000
81380  -52.195  -20.479  56.667 0.0000000000
82131  -49.829  -20.198  79.051 0.0000000000
82132  -50.505  -20.277  78.739 0.0000000000
82150  -50.872  -19.389  78.412 0.0000000000
82175  -52.000  -19.256  77.460 0.0000000000
82214  -52.540  -19.727  75.999 0.0000000000
82250  -54.677  -19.633  73.143 0.0000000000
82261  -54.750  -19.686  72.774 0.0000000000
82271  -53.263  -18.913  71.699 0.0000000000
82290  -52.053  -19.366  70.504 0.0000000000
82322  -52.559  -19.676  69.212 0.0000000000
82474  -52.767  -19.922  56.305 0.0000000000
83311  -50.607  -18.837  78.537 0.0000000000
83312  -50.894  -18.590  78.674 0.0000000000
83313  -50.997  -18.766  78.461 0.0000000000
83329  -50.733  -18.238  78.588 0.0000000000
83330  -51.033  -18.342  78.610 0.0000000000
83332  -51.822  -18.821  77.697 0.0000000000
83385  -53.890  -18.743  74.090 0.0000000000
83410  -54.469  -18.755  72.916 0.0000000000
83419  -52.637  -18.380  70.698 0.0000000000
83431  -52.367  -18.604  69.897 0.0000000000
83439  -52.923  -18.279  69.395 0.0000000000
83448  -53.755  -18.211  68.932 0.0000000000
84450  -53.514  -17.002  70.975 0.0000000000
85469  -53.158  -16.537  74.431 0.0000000000
85479  -53.672  -16.247  73.996 0.0000000000
85480  -53.875  -16.207  73.733 0.0000000000
85488  -53.932  -16.336  73.270 0.0000000000
86616  -53.789  -15.846  73.771 0.0000000000
86617  -54.184  -16.029  73.647 0.0000000000
86629  -53.976  -15.732  73.548 0.0000000000
86633  -54.060  -15.554  72.657 0.0000000000
87706  -52.844  -15.827  74.196 0.0000000000
87727  -52.904  -15.068  73.975 0.0000000000
87728  -53.749  -15.487  73.524 0.0000000000
87761  -54.111  -14.860  72.219 0.0000000000
88828  -53.610  -14.520  72.280 0.0000000000
155878  -56.317  -29.923  64.814 0.0000000000
156119  -53.609  -15.223  73.304 0.0000000000
156385  -29.097  -45.405  91.775 0.0000000000
157953  -51.430  -21.862  70.311 0.0000000000
158352  -55.441  -31.994  69.442 0.0000000000
158762  -48.891  -26.889  67.441 0.0000000000
159785  -43.873  -39.639  86.042 0.0000000000
159963  -42.339  -36.936  85.210 0.0000000000
160177  -53.725  -14.863  72.676 0.0000000000
160720  -56.893  -31.380  65.522 0.0000000000
161062  -58.004  -28.167  69.702 0.0000000000
161191  -34.834  -39.912  88.587 0.0000000000
161246  -50.385  -40.573  80.265 0.0000000000
162232  -50.669  -22.004  79.835 0.0000000000
162753  -55.272  -21.935  74.313 0.0000000000
163738  -49.140  -22.936  79.694 0.0000000000
164068  -57.393  -32.325  64.512 0.0000000000
164492  -19.204  -49.095  94.167 0.0000000000
164494  -20.286  -49.049  94.659 0.0000000000
164571  -43.456  -40.865  85.078 0.0000000000
164654  -55.078  -27.155  75.985 0.0000000000
165035  -56.166  -22.163  71.552 0.0000000000
165587  -27.659  -47.570  94.582 0.0000000000
165995  -45.295  -38.329  83.731 0.0000000000
166395  -53.976  -29.837  77.117 0.0000000000
166481  -48.862  -27.608  82.797 0.0000000000
166804  -48.747  -40.747  81.555 0.0000000000
167284  -42.211  -39.828  86.730 0.0000000000
167900  -53.966  -20.227  74.585 0.0000000000
168255  -52.600  -29.003  68.469 0.0000000000
168357  -53.882  -29.834  62.459 0.0000000000
169116  -50.435  -39.066  81.046 0.0000000000
169163  -52.113  -29.856  68.482 0.0000000000
169184  -50.985  -28.126  63.428 0.0000000000
169425  -53.180  -27.038  64.124 0.0000000000
169642  -52.104  -32.188  68.664 0.0000000000
169802  -35.901  -46.007  90.253 0.0000000000
169831  -52.178  -31.738  75.993 0.0000000000
170152  -51.055  -30.603  63.947 0.0000000000
170304  -49.445  -29.241  63.146 0.0000000000
170368  -47.539  -40.348  81.699 0.0000000000
170526  -44.293  -39.445  85.111 0.0000000000
170824  -53.347  -20.167  68.844 0.0000000000
170897  -52.782  -21.497  68.629 0.0000000000
170947  -54.471  -14.372  71.324 0.0000000000
170998  -50.558  -23.332  79.886 0.0000000000
171046  -53.604  -33.862  64.536 0.0000000000
171229  -53.337  -26.330  64.364 0.0000000000
171280  -56.474  -26.137  72.872 0.0000000000
171474  -50.447  -26.759  68.516 0.0000000000
171759  -56.118  -30.815  63.647 0.0000000000
172196  -52.012  -21.836  56.198 0.0000000000
172417  -35.148  -46.151  89.585 0.0000000000
172533  -53.856  -17.915  73.689 0.0000000000
172628  -54.152  -18.049  73.159 0.0000000000
172655  -52.531  -20.722  71.259 0.0000000000
173111  -55.273  -22.938  74.556 0.0000000000
173157  -53.243  -20.917  71.530 0.0000000000
173459  -50.541  -24.128  57.477 0.0000000000
173942  -54.196  -18.070  73.085 0.0000000000
174046  -47.829  -32.615  82.688 0.0000000000
174060  -44.943  -39.685  83.374 0.0000000000
174591  -36.732  -40.951  92.079 0.0000000000
174857  -57.137  -24.998  70.566 0.0000000000
175005  -45.897  -33.912  83.418 0.0000000000
175265  -54.323  -29.175  64.951 0.0000000000
175489  -50.018  -32.990  79.662 0.0000000000
176267  -49.724  -23.538  80.155 0.0000000000
177027  -34.218  -43.114  92.703 0.0000000000
177030  -21.484  -46.215  94.822 0.0000000000
177629  -53.118  -17.558  70.539 0.0000000000
178960  -46.406  -40.361  82.270 0.0000000000
179034  -35.887  -44.551  91.550 0.0000000000
179345  -51.579  -28.523  63.704 0.0000000000
179433  -50.134  -24.546  58.098 0.0000000000
180235  -48.873  -26.114  65.715 0.0000000000
180645  -50.758  -20.258  78.516 0.0000000000
180889  -49.664  -26.109  58.328 0.0000000000
180970  -45.054  -34.761  83.758 0.0000000000
181206  -54.080  -29.252  76.999 0.0000000000
181398  -57.349  -26.692  69.929 0.0000000000
181611  -37.649  -39.378  88.072 0.0000000000
181671  -53.020  -33.044  77.429 0.0000000000
181866  -54.463  -21.717  68.423 0.0000000000
183125  -49.746  -27.218  63.784 0.0000000000
183130  -52.032  -37.891  78.913 0.0000000000
183325  -25.537  -47.368  96.975 0.0000000000
183425  -53.398  -22.112  68.292 0.0000000000
183697  -54.100  -30.384  76.853 0.0000000000
184156  -36.670  -38.952  88.846 0.0000000000
184434  -37.564  -39.243  88.470 0.0000000000
184579  -50.088  -41.193  80.261 0.0000000000
184755  -48.615  -35.081  80.339 0.0000000000
184892  -26.177  -46.256  95.430 0.0000000000
185011  -54.943  -24.059  74.984 0.0000000000
185055  -27.885  -51.352  94.405 0.0000000000
185656  -48.959  -30.999  82.764 0.0000000000
185687  -34.131  -43.974  92.032 0.0000000000
186187  -35.084  -38.963  89.719 0.0000000000
186548  -52.150  -34.117  79.057 0.0000000000
186687  -33.997  -41.892  93.284 0.0000000000
186886  -41.807  -38.564  88.385 0.0000000000
186938  -22.025  -45.904  96.540 0.0000000000
187181  -51.962  -31.025  79.093 0.0000000000
187231  -52.022  -24.055  77.541 0.0000000000
187242  -51.780  -31.092  61.574 0.0000000000
187377  -53.344  -33.818  77.669 0.0000000000
187386  -19.855  -48.814  95.597 0.0000000000
187584  -50.573  -23.562  68.073 0.0000000000
187707  -52.010  -36.614  79.322 0.0000000000
187771  -50.494  -27.972  82.163 0.0000000000
187899  -49.812  -40.331  81.662 0.0000000000
188176  -51.038  -26.652  60.503 0.0000000000
