#!ascii label  , from subject sub2 vox2ras=TkReg
423
93725  -18.117  -9.022  1.569 0.0000000000
88464  -16.161  -14.684  4.625 0.0000000000
90559  -22.049  -13.133  3.373 0.0000000000
188095  -18.791  -18.529  5.111 0.0000000000
107392  -21.978  5.140  0.408 0.0000000000
153745  -21.147  0.779  1.357 0.0000000000
181089  -14.109  -3.663  3.191 0.0000000000
80830  -17.469  -21.817  7.331 0.0000000000
86296  -17.558  -16.448  4.273 0.0000000000
84074  -16.057  -18.890  5.911 0.0000000000
106443  -21.494  3.270  1.505 0.0000000000
102750  -16.573  -0.450  0.741 0.0000000000
94808  -15.382  -8.885  3.468 0.0000000000
97006  -13.493  -6.175  4.274 0.0000000000
98102  -16.106  -6.081  1.825 0.0000000000
99087  -18.604  -4.324  -0.104 0.0000000000
179057  -20.239  -6.343  0.409 0.0000000000
94833  -22.066  -8.652  1.624 0.0000000000
90557  -14.444  -12.335  4.889 0.0000000000
91645  -17.728  -11.701  2.641 0.0000000000
91657  -20.544  -11.359  1.574 0.0000000000
88478  -18.765  -14.359  2.665 0.0000000000
86299  -20.058  -16.046  4.017 0.0000000000
86262  -21.432  -17.012  6.646 0.0000000000
154477  -13.182  -1.997  3.633 0.0000000000
100899  -17.081  -2.097  0.453 0.0000000000
176460  -20.636  -1.430  0.951 0.0000000000
81872  -15.656  -20.136  6.691 0.0000000000
82976  -17.759  -20.081  5.764 0.0000000000
85150  -15.941  -17.815  5.750 0.0000000000
170546  -15.125  -18.277  6.475 0.0000000000
103693  -16.377  0.510  1.125 0.0000000000
102729  -14.610  -0.341  2.372 0.0000000000
94820  -16.722  -8.684  2.275 0.0000000000
95889  -15.770  -7.645  2.622 0.0000000000
162992  -17.300  -7.644  1.479 0.0000000000
170332  -17.408  -6.223  0.909 0.0000000000
94837  -18.844  -7.541  0.661 0.0000000000
95909  -21.206  -7.274  0.889 0.0000000000
168893  -20.165  -8.923  0.826 0.0000000000
89521  -15.744  -13.885  5.001 0.0000000000
90571  -15.793  -12.087  4.017 0.0000000000
89534  -17.142  -13.583  3.792 0.0000000000
89544  -18.405  -13.449  2.629 0.0000000000
88476  -17.664  -14.151  3.444 0.0000000000
85169  -18.209  -17.565  4.351 0.0000000000
86313  -18.793  -16.088  3.690 0.0000000000
85170  -18.864  -17.521  4.433 0.0000000000
86284  -20.982  -16.062  5.564 0.0000000000
85153  -19.915  -17.836  5.632 0.0000000000
107390  -19.616  4.795  -0.366 0.0000000000
107403  -19.244  5.377  -0.459 0.0000000000
109218  -21.703  6.360  0.202 0.0000000000
110152  -22.380  7.765  0.373 0.0000000000
108302  -23.434  5.877  1.667 0.0000000000
105550  -21.267  2.027  1.294 0.0000000000
99052  -13.985  -4.495  3.388 0.0000000000
153848  -13.158  -3.721  3.754 0.0000000000
154397  -14.124  -2.645  3.233 0.0000000000
101802  -15.153  -1.932  1.951 0.0000000000
100887  -15.119  -2.885  2.364 0.0000000000
99089  -20.427  -4.022  0.097 0.0000000000
154313  -20.278  -3.056  -0.004 0.0000000000
188057  -21.424  -2.229  2.117 0.0000000000
155135  -21.354  -11.897  2.519 0.0000000000
92674  -22.068  -10.352  2.806 0.0000000000
171574  -16.234  -21.589  7.079 0.0000000000
80842  -16.754  -21.265  6.637 0.0000000000
169463  -16.987  -20.120  6.012 0.0000000000
81874  -17.326  -20.734  6.260 0.0000000000
165375  -15.815  -15.346  5.000 0.0000000000
87372  -16.823  -15.855  4.471 0.0000000000
86282  -16.283  -16.960  5.336 0.0000000000
85151  -16.909  -17.564  5.163 0.0000000000
84086  -16.829  -18.573  5.368 0.0000000000
106457  -19.624  3.649  -0.026 0.0000000000
107379  -21.588  3.950  1.301 0.0000000000
105561  -19.117  2.209  -0.497 0.0000000000
154144  -19.656  1.348  -0.329 0.0000000000
177790  -19.210  0.082  -0.421 0.0000000000
93682  -14.218  -9.964  4.451 0.0000000000
95877  -14.627  -7.955  4.117 0.0000000000
97007  -14.739  -6.407  3.382 0.0000000000
98100  -15.096  -5.212  2.659 0.0000000000
99076  -16.408  -4.220  1.546 0.0000000000
98109  -17.091  -5.398  0.965 0.0000000000
99088  -19.446  -4.968  -0.148 0.0000000000
99079  -21.460  -4.964  0.981 0.0000000000
161079  -21.589  -5.938  1.852 0.0000000000
80812  -17.878  -22.002  7.970 0.0000000000
80831  -18.225  -21.412  7.284 0.0000000000
91627  -15.183  -11.371  4.382 0.0000000000
92673  -16.444  -10.408  3.403 0.0000000000
180743  -17.754  -10.223  2.312 0.0000000000
92701  -19.040  -10.395  1.606 0.0000000000
91646  -18.694  -12.005  2.223 0.0000000000
157871  -19.882  -13.009  2.039 0.0000000000
89537  -20.737  -14.022  2.595 0.0000000000
87373  -17.644  -15.490  3.976 0.0000000000
87393  -19.658  -15.006  3.305 0.0000000000
88467  -21.238  -14.427  4.242 0.0000000000
88449  -21.366  -14.701  5.001 0.0000000000
87338  -22.210  -15.263  6.690 0.0000000000
108286  -23.059  5.033  1.895 0.0000000000
101801  -14.267  -0.984  2.599 0.0000000000
101822  -16.800  -1.367  0.485 0.0000000000
153744  -18.799  -1.296  -0.197 0.0000000000
153752  -18.518  -3.330  -0.226 0.0000000000
153743  -19.770  -1.894  0.110 0.0000000000
156210  -21.195  0.123  1.946 0.0000000000
156262  -21.226  -9.619  0.857 0.0000000000
94821  -22.372  -9.237  2.151 0.0000000000
84073  -14.033  -18.498  6.795 0.0000000000
82991  -16.891  -19.484  5.632 0.0000000000
82993  -18.445  -19.530  5.561 0.0000000000
81857  -18.850  -20.937  6.926 0.0000000000
82978  -19.132  -19.647  6.099 0.0000000000
187496  -19.285  -18.986  6.064 0.0000000000
103660  -13.150  0.555  4.079 0.0000000000
185533  -17.252  -8.677  1.869 0.0000000000
94827  -16.778  -8.089  1.812 0.0000000000
94828  -17.644  -8.231  1.526 0.0000000000
95900  -18.004  -7.608  1.163 0.0000000000
94829  -18.539  -8.289  1.080 0.0000000000
94838  -19.489  -8.219  0.677 0.0000000000
94830  -19.149  -9.003  1.039 0.0000000000
89522  -16.209  -13.625  4.490 0.0000000000
171485  -16.866  -14.382  4.070 0.0000000000
84100  -18.538  -18.165  4.789 0.0000000000
85152  -19.612  -17.339  4.935 0.0000000000
84089  -19.208  -18.189  5.078 0.0000000000
176818  -20.763  4.892  -0.030 0.0000000000
186977  -21.257  5.661  0.005 0.0000000000
171562  -22.337  6.772  0.502 0.0000000000
109200  -22.900  6.343  1.019 0.0000000000
108301  -22.608  5.497  1.104 0.0000000000
104651  -21.380  1.457  1.520 0.0000000000
105536  -21.720  2.268  1.840 0.0000000000
104636  -21.741  1.735  2.321 0.0000000000
153714  -21.484  0.918  2.077 0.0000000000
154363  -13.473  -3.888  3.475 0.0000000000
154497  -13.467  -3.157  3.555 0.0000000000
181700  -14.547  -3.059  2.807 0.0000000000
99979  -14.857  -3.698  2.704 0.0000000000
176410  -21.291  -3.569  1.433 0.0000000000
176632  -20.756  -3.384  0.721 0.0000000000
90574  -21.660  -12.728  2.793 0.0000000000
91631  -21.752  -11.689  3.150 0.0000000000
90575  -22.150  -12.333  3.651 0.0000000000
80829  -16.788  -21.962  7.121 0.0000000000
80843  -17.454  -21.367  6.738 0.0000000000
179429  -15.584  -15.923  5.444 0.0000000000
180980  -16.137  -16.098  5.027 0.0000000000
86281  -15.544  -16.714  5.784 0.0000000000
153768  -17.428  2.092  0.346 0.0000000000
105562  -19.709  2.726  -0.082 0.0000000000
154250  -18.454  1.998  -0.363 0.0000000000
102741  -15.894  -0.364  1.347 0.0000000000
154731  -17.978  0.679  -0.118 0.0000000000
154612  -17.812  -0.123  -0.386 0.0000000000
155076  -19.165  0.754  -0.515 0.0000000000
93699  -14.670  -9.364  3.946 0.0000000000
185090  -14.822  -8.620  3.822 0.0000000000
97023  -15.791  -6.666  2.309 0.0000000000
97008  -15.357  -7.000  3.057 0.0000000000
97022  -15.104  -6.044  2.677 0.0000000000
98101  -15.628  -5.726  2.241 0.0000000000
98108  -16.309  -5.167  1.706 0.0000000000
168261  -16.630  -6.046  1.341 0.0000000000
97035  -19.082  -6.736  0.352 0.0000000000
98114  -18.376  -6.074  0.517 0.0000000000
98116  -19.968  -5.735  -0.006 0.0000000000
157942  -20.184  -4.913  -0.057 0.0000000000
98117  -20.434  -5.596  0.464 0.0000000000
171101  -21.524  -5.221  1.465 0.0000000000
97037  -20.853  -6.325  0.833 0.0000000000
95901  -21.581  -7.996  1.222 0.0000000000
95891  -21.625  -7.296  1.418 0.0000000000
95879  -22.569  -8.379  2.559 0.0000000000
79752  -18.330  -22.288  8.675 0.0000000000
161155  -13.901  -12.068  4.883 0.0000000000
91613  -14.077  -11.569  4.711 0.0000000000
172989  -14.734  -12.185  4.703 0.0000000000
91629  -17.013  -12.029  3.405 0.0000000000
91628  -16.187  -11.281  3.715 0.0000000000
91644  -17.079  -11.210  3.271 0.0000000000
92689  -17.263  -10.731  2.949 0.0000000000
92690  -17.773  -10.916  2.507 0.0000000000
92691  -18.327  -10.797  2.129 0.0000000000
157228  -18.120  -12.121  2.364 0.0000000000
90586  -18.584  -12.701  2.487 0.0000000000
89545  -19.156  -13.420  2.338 0.0000000000
89546  -20.066  -13.626  2.281 0.0000000000
88489  -19.254  -14.118  2.388 0.0000000000
86314  -19.450  -15.743  3.623 0.0000000000
86315  -19.966  -15.503  3.595 0.0000000000
87394  -20.197  -15.059  3.463 0.0000000000
87374  -20.420  -15.443  3.930 0.0000000000
87354  -20.666  -15.794  4.692 0.0000000000
86261  -20.815  -16.769  5.871 0.0000000000
87337  -21.574  -15.610  6.135 0.0000000000
86263  -22.149  -16.262  6.764 0.0000000000
87312  -22.762  -15.752  7.292 0.0000000000
178678  -22.225  4.565  1.310 0.0000000000
106444  -22.129  3.717  1.762 0.0000000000
96990  -12.788  -7.234  4.457 0.0000000000
154232  -12.136  -1.114  4.496 0.0000000000
178013  -13.373  -1.400  3.430 0.0000000000
101800  -13.742  -1.135  3.108 0.0000000000
168662  -15.778  -2.003  1.285 0.0000000000
165132  -16.447  -2.077  0.795 0.0000000000
154624  -18.062  -0.864  -0.357 0.0000000000
153756  -18.394  -1.812  0.048 0.0000000000
99077  -16.966  -4.478  1.065 0.0000000000
99986  -16.687  -3.587  1.076 0.0000000000
181547  -17.586  -3.707  0.435 0.0000000000
153720  -20.524  -2.426  0.698 0.0000000000
153749  -19.805  -2.678  -0.239 0.0000000000
153715  -20.211  -1.736  0.398 0.0000000000
183509  -20.320  -1.034  0.551 0.0000000000
153711  -21.067  -0.857  1.619 0.0000000000
155799  -21.475  -0.604  2.619 0.0000000000
92702  -19.969  -10.737  1.380 0.0000000000
92703  -20.775  -10.278  0.995 0.0000000000
91658  -20.966  -10.780  1.478 0.0000000000
92693  -21.905  -9.908  2.085 0.0000000000
81871  -14.829  -19.756  7.102 0.0000000000
82974  -15.218  -19.208  6.641 0.0000000000
82992  -17.639  -19.148  5.355 0.0000000000
85129  -15.029  -17.388  6.590 0.0000000000
170370  -17.465  1.247  0.335 0.0000000000
103681  -15.026  0.073  2.233 0.0000000000
102740  -15.217  -0.346  1.880 0.0000000000
94809  -16.233  -8.730  2.867 0.0000000000
94818  -15.775  -8.302  2.935 0.0000000000
94819  -16.235  -8.158  2.391 0.0000000000
95890  -16.268  -7.456  2.098 0.0000000000
95898  -16.766  -7.292  1.612 0.0000000000
187372  -16.891  -6.637  1.379 0.0000000000
95899  -17.432  -7.015  1.267 0.0000000000
97030  -18.180  -6.850  0.785 0.0000000000
95908  -20.532  -7.185  0.463 0.0000000000
95907  -19.752  -7.384  0.387 0.0000000000
94840  -21.042  -8.064  0.740 0.0000000000
94832  -21.441  -8.819  1.038 0.0000000000
89520  -15.133  -12.918  4.875 0.0000000000
90558  -15.718  -12.740  4.376 0.0000000000
90572  -16.457  -12.570  3.859 0.0000000000
90573  -17.265  -12.860  3.550 0.0000000000
90585  -17.928  -12.603  2.789 0.0000000000
89535  -17.925  -13.494  3.027 0.0000000000
89536  -18.332  -14.060  2.756 0.0000000000
85168  -17.601  -17.293  4.565 0.0000000000
86312  -18.191  -16.344  3.820 0.0000000000
183424  -18.025  -17.066  3.893 0.0000000000
86297  -18.483  -16.985  3.849 0.0000000000
86298  -19.325  -16.684  4.085 0.0000000000
86283  -20.231  -16.558  4.964 0.0000000000
180547  -20.248  -17.204  5.515 0.0000000000
85130  -20.617  -17.475  6.168 0.0000000000
168480  -18.362  4.036  0.228 0.0000000000
162856  -20.261  6.161  -0.261 0.0000000000
110151  -21.465  7.196  0.170 0.0000000000
109201  -23.903  6.757  1.423 0.0000000000
187199  -21.491  2.599  1.604 0.0000000000
105537  -22.024  2.908  1.863 0.0000000000
155737  -11.539  -2.958  4.913 0.0000000000
153847  -13.196  -2.731  3.731 0.0000000000
153850  -13.553  -2.059  3.530 0.0000000000
154185  -14.186  -1.746  3.019 0.0000000000
153852  -14.637  -2.300  2.627 0.0000000000
100893  -15.616  -2.770  1.664 0.0000000000
99992  -16.177  -2.797  1.092 0.0000000000
171169  -19.783  -4.252  -0.350 0.0000000000
163267  -19.228  -3.785  -0.455 0.0000000000
99095  -19.827  -3.457  -0.374 0.0000000000
154187  -20.946  -2.868  1.319 0.0000000000
176459  -21.066  -2.032  1.594 0.0000000000
91647  -21.036  -11.513  1.887 0.0000000000
92692  -21.477  -10.598  1.994 0.0000000000
91630  -21.574  -11.140  2.611 0.0000000000
155283  -21.983  -10.999  3.234 0.0000000000
80841  -15.977  -20.908  6.917 0.0000000000
82975  -16.279  -19.724  6.233 0.0000000000
81873  -16.522  -20.504  6.412 0.0000000000
81875  -18.252  -20.802  6.382 0.0000000000
88465  -16.747  -15.129  4.176 0.0000000000
87371  -16.272  -15.409  4.612 0.0000000000
85167  -16.911  -16.682  4.864 0.0000000000
84087  -17.715  -18.204  4.908 0.0000000000
153763  -16.798  2.804  0.956 0.0000000000
106455  -17.826  3.525  0.449 0.0000000000
183874  -19.622  4.214  -0.158 0.0000000000
177409  -20.339  4.108  0.218 0.0000000000
107391  -21.375  4.453  0.577 0.0000000000
106458  -20.352  3.182  0.414 0.0000000000
106442  -20.900  2.799  1.203 0.0000000000
154601  -18.201  1.391  -0.094 0.0000000000
155211  -19.872  2.005  -0.189 0.0000000000
105549  -20.505  2.216  0.477 0.0000000000
104660  -20.275  1.554  0.180 0.0000000000
154361  -20.330  0.931  0.315 0.0000000000
176653  -20.777  0.675  0.874 0.0000000000
96991  -14.118  -7.010  4.109 0.0000000000
95878  -15.292  -7.966  3.421 0.0000000000
158419  -14.911  -7.297  3.654 0.0000000000
178090  -14.146  -6.015  3.697 0.0000000000
98084  -14.546  -5.377  3.198 0.0000000000
99067  -14.607  -4.512  2.957 0.0000000000
99075  -15.917  -4.320  2.041 0.0000000000
173867  -15.636  -5.004  2.281 0.0000000000
175697  -17.748  -4.784  0.526 0.0000000000
178243  -17.799  -5.543  0.614 0.0000000000
175803  -18.567  -5.260  0.277 0.0000000000
99078  -21.171  -4.220  0.823 0.0000000000
99069  -21.576  -4.490  1.557 0.0000000000
98103  -21.682  -5.225  2.258 0.0000000000
97031  -21.438  -6.572  1.319 0.0000000000
90560  -22.325  -12.940  4.250 0.0000000000
79771  -17.199  -22.401  7.720 0.0000000000
92655  -14.618  -10.704  4.483 0.0000000000
93683  -14.885  -9.993  4.076 0.0000000000
92672  -15.489  -10.552  3.972 0.0000000000
93700  -15.543  -9.727  3.665 0.0000000000
93701  -16.361  -9.509  3.161 0.0000000000
93719  -17.393  -9.361  2.205 0.0000000000
93720  -18.201  -9.916  1.851 0.0000000000
93726  -18.862  -9.641  1.434 0.0000000000
91655  -19.111  -11.290  1.862 0.0000000000
91656  -20.026  -11.487  1.468 0.0000000000
90587  -19.346  -12.545  2.162 0.0000000000
90588  -20.255  -12.215  1.715 0.0000000000
90589  -20.961  -12.462  2.210 0.0000000000
89547  -20.956  -13.274  2.430 0.0000000000
89538  -21.486  -13.570  2.956 0.0000000000
180124  -17.411  -14.750  3.801 0.0000000000
88477  -18.231  -14.709  3.393 0.0000000000
87391  -18.407  -15.498  3.658 0.0000000000
87392  -18.956  -15.061  3.292 0.0000000000
88479  -19.395  -14.543  2.762 0.0000000000
88480  -20.258  -14.578  2.998 0.0000000000
88481  -21.096  -14.248  3.314 0.0000000000
89523  -21.771  -13.708  3.948 0.0000000000
89506  -22.002  -13.946  5.470 0.0000000000
87355  -21.193  -15.295  5.339 0.0000000000
107363  -22.732  4.213  2.224 0.0000000000
102709  -13.602  -0.846  3.147 0.0000000000
102728  -14.021  -0.484  2.738 0.0000000000
101813  -15.402  -1.155  1.488 0.0000000000
177356  -14.615  -1.574  2.432 0.0000000000
101814  -16.113  -1.254  0.991 0.0000000000
180611  -18.851  -0.561  -0.419 0.0000000000
153724  -20.496  0.197  0.551 0.0000000000
99985  -16.044  -3.520  1.572 0.0000000000
99993  -16.909  -2.824  0.626 0.0000000000
154193  -18.646  -2.549  -0.147 0.0000000000
154320  -17.803  -2.563  0.216 0.0000000000
154635  -19.356  -1.216  -0.048 0.0000000000
153712  -20.677  -0.550  0.834 0.0000000000
153708  -20.996  0.069  1.120 0.0000000000
103663  -21.768  1.065  2.770 0.0000000000
93727  -19.875  -9.783  1.194 0.0000000000
92704  -21.396  -10.150  1.309 0.0000000000
93729  -21.749  -9.445  1.446 0.0000000000
84088  -18.347  -18.773  5.180 0.0000000000
81876  -19.085  -20.475  6.463 0.0000000000
82977  -18.604  -20.218  5.941 0.0000000000
82994  -18.963  -18.919  5.511 0.0000000000
84075  -19.522  -18.506  5.884 0.0000000000
87375  -20.901  -15.071  4.508 0.0000000000
88466  -20.694  -14.818  3.698 0.0000000000
88488  -18.714  -14.011  2.459 0.0000000000
88490  -19.930  -14.195  2.569 0.0000000000
89505  -21.692  -14.117  4.940 0.0000000000
93702  -22.471  -9.696  2.784 0.0000000000
93718  -17.154  -9.997  2.689 0.0000000000
93728  -20.766  -9.575  0.768 0.0000000000
94807  -14.510  -9.028  3.874 0.0000000000
94831  -20.931  -8.905  0.694 0.0000000000
94839  -20.404  -8.112  0.525 0.0000000000
97024  -16.369  -6.706  1.766 0.0000000000
97036  -19.860  -6.568  0.207 0.0000000000
98110  -21.330  -5.723  1.224 0.0000000000
98115  -19.292  -5.887  0.186 0.0000000000
98118  -21.002  -5.471  0.854 0.0000000000
99068  -15.319  -4.382  2.542 0.0000000000
99090  -20.787  -4.832  0.559 0.0000000000
99980  -15.544  -3.587  2.219 0.0000000000
103692  -15.717  0.336  1.658 0.0000000000
104650  -20.814  1.358  0.889 0.0000000000
105524  -22.296  2.548  2.496 0.0000000000
106431  -22.591  3.348  2.359 0.0000000000
106459  -20.971  3.621  0.952 0.0000000000
107389  -18.963  4.325  -0.348 0.0000000000
108312  -18.742  5.498  -0.209 0.0000000000
108314  -20.118  5.500  -0.305 0.0000000000
153713  -20.142  -0.400  0.330 0.0000000000
153739  -18.585  0.188  -0.513 0.0000000000
153740  -19.804  0.384  -0.087 0.0000000000
153757  -17.274  -0.656  0.078 0.0000000000
153758  -18.652  0.892  -0.424 0.0000000000
153766  -17.108  0.412  0.355 0.0000000000
154238  -18.934  1.486  -0.613 0.0000000000
154355  -19.254  -2.985  -0.450 0.0000000000
154427  -19.555  -0.448  -0.106 0.0000000000
154448  -17.556  -1.565  0.167 0.0000000000
156462  -18.225  -11.624  2.275 0.0000000000
158009  -20.473  -10.901  1.435 0.0000000000
161935  -19.872  -1.110  0.231 0.0000000000
163654  -20.406  -12.931  2.105 0.0000000000
167153  -19.214  -2.040  -0.057 0.0000000000
169248  -16.802  -10.136  3.013 0.0000000000
170976  -16.567  -13.070  4.047 0.0000000000
171715  -14.827  -1.024  2.051 0.0000000000
173834  -21.383  -16.334  6.232 0.0000000000
173907  -24.475  7.475  1.642 0.0000000000
176701  -20.133  -2.387  0.087 0.0000000000
177780  -19.480  -11.928  1.812 0.0000000000
186278  -21.462  5.018  0.162 0.0000000000
186800  -18.311  -0.343  -0.503 0.0000000000
187598  -16.737  -9.204  2.630 0.0000000000
187696  -19.280  -4.334  -0.344 0.0000000000
188101  -21.556  1.874  1.659 0.0000000000
