#!ascii label  , from subject sub2 vox2ras=TkReg
1911
183706  -2.468  -86.438  7.572 0.5000000000
10078  -2.399  -86.069  5.675 0.5000000000
10106  -2.574  -85.714  3.640 0.5000000000
10094  -4.295  -86.800  4.253 0.5000000000
184364  -4.331  -87.009  8.589 0.5000000000
9141  -3.870  -87.515  8.686 0.5000000000
10060  -4.375  -85.765  8.115 0.5000000000
161096  -3.672  -85.414  7.787 0.5000000000
11004  -4.593  -85.073  7.817 0.6000000238
11003  -2.873  -85.085  7.223 0.5000000000
9212  -4.897  -87.299  4.207 0.5000000000
10077  -2.237  -85.669  5.984 0.5000000000
10123  -5.555  -86.738  2.857 0.5000000000
11050  -1.775  -85.088  4.491 0.6000000238
10108  -4.617  -86.682  3.413 0.6000000238
12055  -2.104  -84.290  4.221 0.6000000238
10107  -3.327  -86.220  3.409 0.6000000238
10122  -4.215  -86.389  1.948 0.6999999881
12077  -2.723  -84.684  3.231 0.6999999881
10121  -3.505  -86.079  2.403 0.6999999881
12093  -4.394  -84.807  2.545 0.6999999881
12104  -4.208  -85.297  2.174 0.6999999881
11093  -4.310  -85.899  1.497 0.6999999881
170369  -4.728  -86.575  8.580 0.5000000000
11005  -5.554  -85.047  7.837 0.6000000238
10992  -6.087  -86.016  8.350 0.6000000238
11006  -6.483  -85.318  7.662 0.6000000238
11017  -2.830  -84.357  6.657 0.5000000000
161569  -5.042  -86.466  1.470 0.5000000000
10124  -6.342  -87.050  2.371 0.5000000000
9243  -5.586  -86.984  -0.973 0.6999999881
10151  -5.406  -86.604  0.513 0.6999999881
10162  -5.433  -86.591  -0.376 0.6999999881
12032  -1.849  -84.560  5.365 0.6000000238
12034  -2.849  -83.842  5.367 0.6999999881
11108  -5.204  -85.836  0.338 0.6999999881
12057  -3.401  -83.980  4.415 0.6999999881
155473  -4.354  -84.475  3.709 0.6999999881
12119  -5.521  -85.309  0.962 0.6999999881
12079  -4.863  -84.505  3.034 0.6999999881
12094  -5.437  -84.342  2.433 0.6999999881
12105  -4.928  -85.259  1.547 0.6999999881
13048  -7.448  -83.859  1.988 0.6999999881
165022  -6.218  -83.725  2.555 0.6999999881
13960  -7.557  -82.608  2.901 0.6999999881
13038  -7.026  -83.324  2.522 0.6999999881
10045  -5.524  -86.585  8.822 0.5000000000
10046  -6.904  -86.393  8.934 0.6000000238
156787  -8.412  -85.696  7.984 0.6000000238
11007  -7.607  -85.628  7.541 0.6000000238
11008  -8.661  -85.405  7.144 0.6000000238
11018  -6.033  -84.839  7.119 0.6000000238
11020  -7.850  -85.330  6.525 0.6000000238
12003  -5.003  -84.698  7.130 0.6000000238
10173  -5.909  -86.804  -1.236 0.6999999881
12015  -3.283  -83.964  6.225 0.6999999881
11123  -5.964  -86.091  -0.744 0.6999999881
11137  -6.614  -86.459  -1.377 0.6999999881
11125  -8.242  -85.525  -0.892 0.6999999881
12036  -4.891  -84.574  5.342 0.6999999881
11124  -7.015  -85.774  -0.844 0.6999999881
11126  -9.226  -85.189  -1.251 0.6999999881
12035  -3.878  -83.956  5.441 0.6999999881
155705  -5.617  -84.775  4.805 0.6999999881
11109  -5.689  -85.642  0.034 0.6999999881
12121  -7.152  -85.188  0.792 0.6999999881
12134  -9.004  -85.060  -0.367 0.6999999881
12058  -5.172  -84.449  4.152 0.6999999881
13011  -5.768  -84.298  4.113 0.6999999881
12108  -6.886  -84.652  1.442 0.6999999881
12122  -8.785  -84.764  0.482 0.6999999881
182425  -5.846  -83.722  3.151 0.6999999881
13049  -8.555  -83.678  1.853 0.6999999881
12109  -8.051  -84.619  1.237 0.6999999881
14931  -6.958  -82.040  3.409 0.6999999881
13974  -7.978  -83.078  2.424 0.6999999881
14932  -8.154  -81.897  3.099 0.6999999881
13975  -8.915  -82.824  2.151 0.6999999881
15979  -9.078  -81.019  3.040 0.6999999881
10029  -5.856  -86.899  9.950 0.5000000000
10031  -7.584  -86.257  9.598 0.6000000238
10994  -8.712  -85.783  8.717 0.6000000238
156406  -8.255  -85.975  9.324 0.5000000000
11996  -9.780  -85.098  8.129 0.6000000238
10000  -5.894  -85.894  11.364 0.5000000000
185859  -6.250  -86.444  10.816 0.5000000000
183264  -9.372  -85.187  7.452 0.6000000238
12964  -10.472  -83.449  8.738 0.6000000238
12020  -9.343  -84.073  6.706 0.6000000238
12972  -9.712  -83.535  7.415 0.6000000238
11037  -7.189  -85.172  5.945 0.6000000238
12017  -5.571  -84.924  5.952 0.6999999881
12039  -8.130  -84.615  5.642 0.6999999881
12059  -6.482  -84.553  4.590 0.6999999881
12038  -7.311  -84.765  5.257 0.6999999881
12136  -10.478  -83.887  -1.554 0.6999999881
13012  -6.299  -83.689  4.051 0.6999999881
12993  -7.453  -83.366  5.069 0.6999999881
13071  -10.163  -83.830  -0.583 0.6999999881
13081  -11.223  -83.575  -1.977 0.6999999881
13916  -5.909  -81.760  5.060 0.6999999881
13059  -9.848  -83.624  0.437 0.6999999881
13996  -11.352  -82.932  -0.490 0.6999999881
185053  -10.903  -83.937  -2.229 0.6999999881
14913  -5.894  -81.437  4.747 0.6000000238
13985  -10.096  -82.923  0.811 0.6999999881
13986  -10.889  -82.662  0.436 0.6999999881
13997  -12.254  -82.436  -0.981 0.6999999881
13073  -11.724  -83.176  -1.482 0.6999999881
13082  -11.941  -83.504  -2.136 0.6999999881
14920  -6.392  -81.652  3.836 0.6999999881
13976  -9.779  -82.474  1.737 0.6999999881
14951  -11.291  -81.743  1.548 0.6000000238
14952  -12.177  -81.554  1.163 0.6999999881
13987  -11.783  -82.322  0.066 0.6999999881
15963  -8.676  -80.672  3.598 0.6000000238
180933  -8.734  -81.961  2.758 0.6999999881
14933  -9.459  -81.458  2.673 0.6999999881
168999  -9.832  -81.850  2.209 0.6999999881
14934  -10.267  -81.614  2.368 0.6000000238
15965  -9.482  -80.855  3.597 0.6000000238
15980  -9.618  -81.098  2.964 0.6000000238
13946  -10.736  -81.601  3.038 0.6000000238
13947  -11.075  -82.436  3.627 0.5000000000
13962  -11.552  -81.850  2.623 0.5000000000
13963  -12.480  -82.060  2.371 0.5000000000
13919  -10.318  -82.048  4.982 0.6000000238
13936  -10.816  -82.723  4.603 0.5000000000
10977  -8.931  -85.616  9.518 0.6000000238
10976  -8.201  -85.749  10.086 0.6000000238
13879  -10.584  -82.771  9.498 0.5000000000
155136  -10.445  -81.979  10.203 0.6999999881
10950  -6.681  -85.444  11.120 0.5000000000
11968  -7.132  -84.566  10.692 0.6000000238
11970  -8.888  -84.635  10.533 0.6000000238
11966  -5.165  -83.819  10.402 0.6000000238
11949  -6.185  -85.065  11.394 0.6000000238
15863  -10.013  -80.974  9.346 0.4000000060
180678  -6.872  -83.725  10.104 0.6000000238
183956  -9.590  -81.902  8.294 0.5000000000
13891  -9.405  -82.398  7.640 0.6000000238
12971  -9.211  -83.158  6.870 0.6000000238
13918  -7.887  -82.826  5.730 0.6999999881
12984  -8.825  -83.437  6.122 0.6000000238
13917  -6.682  -82.273  5.345 0.6999999881
14898  -5.920  -80.994  5.173 0.6000000238
14879  -6.229  -80.447  5.828 0.6000000238
15962  -7.458  -80.611  4.317 0.6000000238
159227  -13.036  -81.332  0.750 0.6000000238
14963  -12.895  -81.373  0.161 0.6000000238
14972  -12.692  -81.733  -0.441 0.6999999881
14005  -12.564  -82.932  -1.690 0.6999999881
167680  -12.391  -83.771  -2.350 0.6999999881
17015  -8.647  -80.286  4.289 0.6000000238
14936  -12.245  -81.617  1.701 0.6000000238
12144  -12.687  -84.209  -2.332 0.6999999881
14901  -10.009  -81.262  5.349 0.6000000238
13948  -11.937  -82.747  3.233 0.4000000060
13949  -12.862  -82.935  2.964 0.4000000060
13964  -13.276  -82.392  2.339 0.5000000000
14953  -13.293  -81.669  1.523 0.6000000238
164398  -13.431  -80.990  -0.812 0.6000000238
155798  -13.038  -83.397  -1.672 0.6000000238
13905  -11.338  -82.331  6.133 0.5000000000
12985  -11.687  -83.015  5.904 0.5000000000
12995  -11.483  -83.228  5.125 0.5000000000
13013  -11.560  -83.194  4.179 0.5000000000
175428  -14.038  -82.355  2.007 0.4000000060
13977  -14.404  -81.461  1.305 0.6000000238
12947  -10.480  -83.264  10.764 0.6000000238
11972  -10.553  -83.825  10.152 0.6000000238
15851  -10.892  -80.769  10.151 0.6000000238
161051  -7.359  -83.821  10.301 0.6000000238
156428  -8.524  -84.147  10.733 0.5000000000
12930  -8.720  -83.696  11.337 0.6000000238
12929  -7.947  -83.222  11.522 0.6000000238
14838  -10.540  -81.230  9.935 0.6000000238
12942  -6.196  -83.385  9.826 0.6999999881
13851  -7.214  -82.896  10.700 0.6000000238
180556  -6.658  -82.163  12.170 0.6000000238
14850  -9.416  -80.415  8.411 0.5000000000
15864  -10.256  -80.283  9.089 0.6000000238
13868  -5.230  -82.015  9.518 0.6000000238
14824  -6.211  -81.890  10.821 0.6999999881
14865  -9.131  -81.330  7.930 0.5000000000
14830  -5.739  -81.748  10.197 0.6999999881
160522  -8.508  -81.618  7.352 0.6000000238
161921  -4.946  -81.003  10.596 0.6000000238
13904  -7.088  -81.744  6.153 0.6000000238
14881  -7.636  -81.294  6.854 0.6000000238
15899  -7.665  -79.811  7.016 0.6000000238
15914  -6.710  -79.894  6.400 0.6000000238
16988  -6.742  -79.685  5.879 0.6000000238
18081  -8.538  -78.587  5.574 0.6000000238
15916  -11.168  -80.417  6.221 0.6000000238
15930  -9.209  -79.696  5.297 0.6000000238
15917  -12.856  -80.777  5.907 0.6000000238
14883  -11.254  -81.460  6.264 0.6000000238
14954  -14.798  -80.916  0.427 0.6000000238
168561  -14.323  -80.563  -0.365 0.6000000238
14986  -14.608  -80.707  -1.356 0.6000000238
14866  -12.623  -82.220  6.486 0.5000000000
183476  -13.160  -83.555  6.469 0.5000000000
12021  -13.003  -83.771  6.010 0.5000000000
13999  -15.003  -81.651  -1.384 0.6000000238
13039  -14.736  -83.029  2.509 0.4000000060
13978  -15.407  -81.513  1.092 0.6000000238
14955  -15.472  -81.063  0.210 0.6000000238
12932  -10.198  -83.138  11.495 0.6000000238
14825  -10.552  -81.552  12.000 0.5000000000
158742  -10.673  -81.258  11.341 0.6000000238
14826  -12.096  -81.009  11.437 0.5000000000
12931  -9.624  -83.604  11.497 0.6000000238
13845  -9.842  -82.452  12.873 0.6000000238
14831  -10.639  -81.309  10.660 0.5000000000
14832  -11.300  -80.923  10.858 0.5000000000
15866  -12.268  -79.975  9.744 0.5000000000
12917  -8.608  -83.244  12.310 0.5000000000
13852  -9.749  -83.043  12.186 0.6000000238
13833  -7.643  -82.485  13.222 0.5000000000
156349  -10.889  -80.252  9.605 0.6000000238
14823  -5.769  -81.312  11.135 0.6999999881
172893  -6.191  -81.795  12.747 0.6000000238
15820  -4.764  -80.891  12.932 0.6000000238
16946  -9.084  -79.275  7.791 0.5000000000
15849  -4.241  -80.437  9.887 0.5000000000
15834  -4.810  -80.876  11.804 0.6999999881
16964  -8.197  -78.838  7.205 0.5000000000
18031  -7.995  -78.346  6.598 0.5000000000
16974  -7.086  -79.452  6.115 0.6000000238
166430  -10.909  -79.099  6.166 0.6000000238
16976  -10.110  -78.483  5.945 0.5000000000
16977  -12.008  -79.742  5.840 0.6000000238
15915  -10.407  -79.763  6.151 0.6000000238
14867  -13.333  -82.211  6.563 0.5000000000
12095  -15.622  -83.639  2.495 0.5000000000
13966  -15.526  -82.598  1.753 0.5000000000
165722  -15.799  -81.214  -0.477 0.6000000238
14000  -15.730  -81.546  -0.905 0.6000000238
14817  -11.121  -81.545  12.556 0.6000000238
156393  -11.170  -81.207  11.749 0.6000000238
13836  -10.234  -82.123  13.606 0.6000000238
15835  -12.366  -80.425  10.569 0.5000000000
13834  -8.553  -82.677  13.287 0.6000000238
13825  -8.082  -82.165  14.143 0.6999999881
16934  -12.395  -79.301  9.064 0.6000000238
14805  -6.382  -81.621  13.700 0.6000000238
13832  -6.826  -82.220  13.039 0.6000000238
16949  -11.429  -79.220  8.491 0.6000000238
15808  -4.417  -79.987  13.247 0.6000000238
15809  -5.095  -80.605  13.744 0.6000000238
15882  -9.883  -79.564  8.459 0.5000000000
18032  -8.438  -77.895  6.803 0.5000000000
15848  -3.620  -79.627  10.045 0.5000000000
16892  -3.843  -79.585  12.341 0.6000000238
18065  -8.658  -77.571  6.016 0.5000000000
16991  -11.662  -78.322  5.550 0.6000000238
18068  -10.817  -77.751  5.633 0.5000000000
15932  -13.906  -80.119  4.837 0.5000000000
183868  -13.551  -80.659  5.570 0.5000000000
12096  -16.442  -84.075  2.061 0.6000000238
186820  -16.860  -83.390  1.189 0.6000000238
182205  -11.175  -81.851  13.601 0.6000000238
14818  -11.949  -81.423  12.256 0.5000000000
15836  -13.087  -80.682  11.269 0.5000000000
14794  -10.680  -81.796  14.361 0.6999999881
15853  -13.494  -80.186  10.519 0.5000000000
14792  -8.567  -81.666  14.812 0.6999999881
13826  -8.971  -82.148  14.190 0.6000000238
16922  -13.845  -79.530  10.006 0.5000000000
14791  -7.671  -81.562  14.703 0.6000000238
16935  -13.343  -79.181  9.445 0.5000000000
18001  -13.159  -78.477  8.713 0.6000000238
16865  -6.085  -79.612  14.526 0.6999999881
18014  -12.207  -78.440  8.208 0.6000000238
182676  -5.242  -79.353  14.121 0.6000000238
18013  -11.190  -78.321  7.756 0.6000000238
17960  -4.069  -77.848  11.707 0.6999999881
16879  -3.936  -79.192  13.022 0.6999999881
16965  -8.838  -78.214  7.439 0.5000000000
18012  -10.167  -78.056  7.576 0.5000000000
16906  -3.504  -79.107  11.192 0.6000000238
19080  -10.341  -76.937  6.413 0.5000000000
17990  -3.572  -78.076  11.390 0.5000000000
19106  -10.969  -77.063  5.781 0.6000000238
19079  -8.818  -77.424  6.321 0.5000000000
19034  -3.199  -77.711  11.657 0.6000000238
183780  -12.435  -78.675  5.244 0.6000000238
185293  -14.747  -80.574  4.664 0.5000000000
14809  -12.867  -81.703  13.890 0.6999999881
14810  -13.496  -81.567  13.529 0.5000000000
15822  -14.393  -80.739  12.141 0.5000000000
15786  -10.616  -80.717  15.509 0.8000000119
14780  -10.960  -81.357  15.139 0.6999999881
15837  -14.169  -80.397  11.201 0.5000000000
16907  -14.968  -79.628  10.917 0.5000000000
16849  -8.655  -79.781  15.089 0.6999999881
14778  -9.129  -81.164  15.193 0.6999999881
170189  -10.184  -81.576  14.735 0.8000000119
15799  -7.323  -80.907  14.973 0.6999999881
17992  -15.156  -78.533  9.961 0.5000000000
17928  -6.718  -78.883  14.387 0.6999999881
16866  -7.152  -79.891  14.793 0.6999999881
18002  -13.996  -78.386  9.149 0.6000000238
18003  -14.676  -78.408  9.555 0.5000000000
19001  -5.613  -77.550  12.502 0.6000000238
16864  -5.821  -78.805  14.165 0.6000000238
19083  -12.947  -76.837  7.343 0.6000000238
17961  -4.691  -77.687  12.308 0.6999999881
17945  -5.082  -78.398  13.481 0.6999999881
19081  -11.270  -76.663  6.621 0.6000000238
19082  -12.229  -76.590  6.730 0.6000000238
19036  -4.580  -77.028  11.286 0.6000000238
20214  -11.760  -76.559  6.108 0.6000000238
18082  -12.758  -77.515  4.936 0.6000000238
19017  -2.886  -77.431  12.583 0.6000000238
18070  -13.086  -78.260  4.654 0.6000000238
16992  -13.729  -79.043  4.119 0.5000000000
15788  -12.458  -80.681  15.444 0.6000000238
14797  -13.410  -81.417  14.480 0.5000000000
14798  -14.089  -81.375  13.867 0.5000000000
175531  -15.618  -79.150  11.136 0.5000000000
157551  -10.278  -80.015  15.638 0.8000000119
16924  -15.366  -78.854  10.539 0.5000000000
16867  -8.418  -79.039  14.701 0.6999999881
19068  -14.350  -77.517  8.008 0.6000000238
20068  -1.595  -75.441  17.847 0.6000000238
17947  -7.371  -78.304  13.793 0.8000000119
183859  -1.807  -74.850  17.373 0.6000000238
19021  -6.154  -76.823  11.528 0.6999999881
19002  -6.650  -77.430  12.335 0.8000000119
19067  -13.678  -77.207  7.685 0.6000000238
20114  -2.400  -76.524  15.686 0.6000000238
19037  -5.202  -76.749  11.280 0.6000000238
20215  -12.489  -76.527  6.219 0.6000000238
178437  -13.092  -76.823  5.502 0.6000000238
20144  -3.426  -76.375  13.680 0.6000000238
20160  -3.746  -76.400  12.652 0.6000000238
172435  -4.016  -76.483  11.778 0.6000000238
167029  -12.883  -77.115  5.185 0.6000000238
19119  -14.077  -77.869  4.243 0.6000000238
19035  -3.728  -77.374  11.436 0.5000000000
17007  -14.504  -78.883  3.398 0.5000000000
15948  -15.110  -79.982  3.454 0.5000000000
17016  -15.284  -78.846  2.774 0.5000000000
14783  -13.745  -80.917  15.157 0.5000000000
162042  -14.693  -81.004  14.113 0.5000000000
16851  -11.144  -80.061  15.702 0.6000000238
15789  -13.338  -80.492  15.501 0.5000000000
16868  -9.178  -79.119  14.943 0.8000000119
17914  -10.793  -79.232  15.459 0.6999999881
17930  -8.913  -78.396  14.416 0.8000000119
17929  -8.149  -78.338  14.156 0.8000000119
18016  -14.622  -77.923  8.857 0.6000000238
175376  -16.166  -78.384  9.590 0.5000000000
22255  -2.486  -73.842  17.874 0.6000000238
19004  -8.012  -77.767  13.208 0.8000000119
18018  -16.655  -78.500  8.079 0.5000000000
186771  -2.520  -74.357  16.951 0.6999999881
22287  -2.080  -74.300  17.488 0.6000000238
19038  -6.636  -76.367  10.870 0.8000000119
19084  -14.093  -76.976  7.222 0.6000000238
19085  -14.766  -77.586  7.412 0.6000000238
155262  -15.685  -78.223  7.833 0.6000000238
21213  -3.923  -75.758  16.234 0.6000000238
20225  -13.607  -76.820  5.709 0.6000000238
20205  -13.758  -76.650  6.511 0.6000000238
19098  -14.792  -77.646  6.344 0.6000000238
20115  -2.805  -76.314  15.473 0.6000000238
21260  -4.874  -75.873  11.762 0.6000000238
20174  -5.728  -76.393  11.164 0.5000000000
19120  -14.511  -77.815  4.225 0.6000000238
182183  -4.016  -76.117  12.979 0.6000000238
18091  -14.802  -78.222  3.261 0.6000000238
18092  -15.398  -78.402  2.931 0.6000000238
17017  -15.931  -78.801  2.120 0.5000000000
17019  -17.518  -80.110  1.988 0.5000000000
15967  -16.869  -80.424  2.617 0.5000000000
166410  -18.377  -80.181  2.470 0.5000000000
16852  -12.034  -80.010  15.643 0.6000000238
17931  -10.447  -78.446  14.888 0.6999999881
22258  -4.888  -74.669  18.387 0.6000000238
22257  -3.975  -74.189  18.266 0.6000000238
185706  -8.645  -77.857  13.870 0.8000000119
18005  -16.808  -78.506  8.955 0.5000000000
23399  -2.921  -72.867  17.188 0.6000000238
19023  -8.319  -77.097  12.283 0.8000000119
18039  -17.483  -78.459  7.351 0.5000000000
23385  -2.589  -73.611  17.470 0.6999999881
20176  -7.278  -75.917  10.296 0.8000000119
18037  -15.543  -78.177  6.773 0.6000000238
18038  -16.460  -78.509  7.099 0.6000000238
21214  -4.841  -75.651  15.970 0.8000000119
21275  -6.698  -75.505  10.638 0.6999999881
19097  -14.156  -76.982  5.983 0.6000000238
18073  -16.942  -78.611  5.216 0.6000000238
20117  -4.658  -76.125  15.485 0.6999999881
20130  -5.290  -76.206  14.490 0.6999999881
21261  -5.477  -75.511  11.833 0.6000000238
18071  -15.052  -77.914  4.548 0.6000000238
170844  -17.480  -78.402  4.359 0.6000000238
182839  -3.955  -76.073  13.570 0.6000000238
180905  -16.689  -78.430  4.091 0.5000000000
18093  -16.151  -78.480  2.334 0.5000000000
17915  -11.646  -79.173  15.593 0.6000000238
181316  -13.135  -79.218  15.846 0.5000000000
165322  -7.544  -74.722  17.665 0.6000000238
17932  -11.256  -78.332  15.135 0.6999999881
22275  -6.664  -74.701  17.992 0.6000000238
180184  -10.123  -77.874  14.377 0.6999999881
18988  -10.794  -77.644  14.541 0.6000000238
22273  -4.451  -73.626  17.908 0.6000000238
176196  -5.299  -73.158  17.718 0.6000000238
184082  -9.498  -77.126  13.247 0.6000000238
19024  -9.162  -76.795  12.428 0.6999999881
158720  -3.291  -72.724  16.749 0.8000000119
20162  -8.715  -76.353  11.362 0.6999999881
20163  -9.671  -76.156  11.556 0.6000000238
22299  -3.690  -73.527  16.447 0.8000000119
21276  -7.203  -74.877  10.591 0.8000000119
22328  -8.005  -74.489  10.358 0.6999999881
20118  -5.624  -76.050  15.364 0.6999999881
20131  -6.317  -76.033  14.643 0.6999999881
21229  -6.939  -75.750  13.778 0.6000000238
170274  -6.960  -74.899  11.513 0.8000000119
22276  -8.512  -74.758  17.492 0.6000000238
23402  -6.630  -73.728  17.651 0.6000000238
24396  -4.762  -72.149  17.296 0.6999999881
20179  -10.199  -75.551  10.733 0.6000000238
24395  -3.710  -72.471  16.958 0.6999999881
24431  -4.241  -72.096  15.892 0.6999999881
21278  -9.897  -75.115  9.861 0.6999999881
22344  -9.570  -74.364  10.074 0.6000000238
23434  -4.444  -72.770  15.790 0.8000000119
23435  -5.653  -73.974  15.727 0.6000000238
187706  -6.480  -74.731  15.615 0.5000000000
21263  -7.880  -74.569  11.407 0.6999999881
22330  -9.899  -74.159  11.307 0.6999999881
161984  -10.179  -74.312  10.380 0.6000000238
22300  -4.750  -74.578  16.200 0.8000000119
22303  -8.092  -74.917  14.884 0.6000000238
21230  -7.917  -75.447  13.917 0.6000000238
21180  -9.592  -75.257  18.096 0.6000000238
23404  -8.757  -73.973  17.183 0.6000000238
24398  -7.098  -72.852  17.268 0.6999999881
23403  -7.777  -73.890  17.210 0.6000000238
24397  -5.917  -72.501  17.571 0.6999999881
168858  -5.537  -71.663  17.354 0.6999999881
25412  -4.355  -72.080  16.667 0.6999999881
24432  -5.098  -71.923  15.667 0.6000000238
21279  -10.462  -74.945  10.440 0.6000000238
172216  -5.656  -72.591  15.375 0.6000000238
23437  -7.878  -74.158  15.241 0.6000000238
22346  -10.941  -74.366  10.947 0.5000000000
22331  -10.509  -73.892  11.105 0.6000000238
23476  -11.411  -73.543  11.073 0.5000000000
164255  -12.188  -72.986  10.649 0.5000000000
23455  -10.543  -73.378  12.202 0.6000000238
184801  -10.870  -73.454  11.068 0.5000000000
186121  -10.633  -73.811  18.690 0.6000000238
22278  -10.082  -74.600  17.945 0.6000000238
23419  -8.169  -73.120  16.858 0.6999999881
23420  -9.173  -73.300  16.881 0.6999999881
24416  -7.559  -72.058  17.002 0.6999999881
24415  -6.351  -71.738  17.356 0.6999999881
25414  -5.903  -71.038  17.197 0.6000000238
25432  -5.451  -71.336  16.150 0.5000000000
25448  -5.760  -71.244  15.631 0.6999999881
26449  -6.531  -70.535  15.209 0.6000000238
173064  -6.593  -72.312  14.841 0.6000000238
23446  -7.830  -73.112  14.739 0.6000000238
182177  -8.031  -71.680  14.080 0.6000000238
22312  -9.393  -74.062  13.911 0.6000000238
24449  -10.242  -72.764  12.942 0.5000000000
24457  -10.095  -71.740  12.494 0.5000000000
161606  -11.866  -72.189  10.523 0.5000000000
26379  -10.482  -70.677  20.686 0.6999999881
26380  -11.498  -70.630  20.713 0.6999999881
27456  -11.191  -69.802  20.948 0.6999999881
24384  -11.352  -72.900  18.291 0.6000000238
25396  -11.992  -71.953  19.449 0.6999999881
26381  -12.312  -70.368  20.403 0.6999999881
27465  -12.464  -69.610  20.413 0.6999999881
28565  -13.500  -68.947  19.835 0.6000000238
22279  -10.514  -73.753  17.682 0.6999999881
25407  -11.805  -72.119  18.532 0.6999999881
25408  -12.479  -71.408  19.063 0.6999999881
27470  -12.789  -70.013  19.844 0.6999999881
24418  -9.726  -72.771  16.788 0.6999999881
24400  -11.382  -72.546  17.886 0.6999999881
184802  -12.724  -70.832  19.161 0.6999999881
183738  -6.795  -70.964  17.090 0.6999999881
26401  -6.610  -70.125  16.478 0.6000000238
26423  -6.144  -70.591  15.899 0.6000000238
26451  -7.871  -70.571  14.904 0.6000000238
26437  -8.307  -69.991  15.301 0.6000000238
24439  -6.543  -71.470  14.827 0.6000000238
25457  -7.620  -71.115  14.566 0.6000000238
168839  -8.582  -70.664  14.722 0.6000000238
25465  -9.278  -71.590  13.496 0.5000000000
26452  -9.196  -71.048  14.132 0.6000000238
26462  -11.405  -70.572  12.878 0.6000000238
183048  -9.456  -71.945  13.165 0.5000000000
25466  -9.920  -71.121  12.883 0.5000000000
26477  -10.723  -71.030  12.141 0.5000000000
26369  -10.045  -69.964  20.810 0.6999999881
27464  -11.821  -69.791  20.803 0.6999999881
28563  -11.825  -68.446  20.656 0.6000000238
163701  -12.415  -67.945  20.325 0.6000000238
29667  -13.832  -68.344  19.508 0.6000000238
28575  -14.233  -68.406  18.910 0.4000000060
27487  -13.322  -69.793  18.695 0.6000000238
27471  -13.460  -69.525  19.366 0.5000000000
28574  -13.945  -68.941  19.287 0.5000000000
29692  -14.738  -67.522  17.910 0.4000000060
30832  -14.856  -66.735  17.601 0.5000000000
24417  -8.711  -72.414  16.820 0.6999999881
25417  -10.166  -71.640  17.041 0.8000000119
26396  -12.093  -71.296  18.224 0.6999999881
182907  -12.932  -69.363  17.621 0.5000000000
162555  -13.383  -68.780  17.389 0.4000000060
28629  -13.927  -68.081  16.924 0.4000000060
29723  -13.788  -67.101  16.563 0.4000000060
30869  -12.770  -65.732  15.852 0.4000000060
25434  -9.395  -71.904  16.878 0.8000000119
25416  -9.249  -70.838  17.135 0.8000000119
26405  -11.279  -70.820  17.664 0.8000000119
182373  -11.285  -69.946  17.701 0.8000000119
27495  -11.936  -69.539  17.549 0.6000000238
28602  -12.246  -68.746  17.178 0.5000000000
28628  -12.773  -68.099  16.720 0.4000000060
29722  -13.143  -67.466  16.425 0.4000000060
25433  -8.143  -71.137  16.970 0.6999999881
26402  -7.078  -69.952  17.093 0.8000000119
162234  -7.746  -69.189  16.993 0.6999999881
27518  -7.754  -69.051  16.616 0.5000000000
28627  -11.502  -67.973  16.670 0.5000000000
29721  -12.075  -67.283  16.200 0.4000000060
30868  -11.854  -65.689  15.561 0.4000000060
27517  -6.986  -69.581  16.253 0.6000000238
183187  -7.385  -69.926  15.503 0.5000000000
27530  -8.089  -69.213  15.877 0.5000000000
26439  -10.505  -70.031  15.083 0.6000000238
163308  -10.034  -70.641  14.184 0.6000000238
158423  -11.045  -70.340  14.248 0.6000000238
27455  -10.496  -69.377  20.965 0.6000000238
28555  -10.524  -68.618  20.935 0.5000000000
161895  -11.586  -67.564  20.387 0.5000000000
179249  -12.162  -67.106  19.899 0.4000000060
29681  -12.838  -66.820  19.643 0.5000000000
29682  -14.149  -67.624  19.170 0.5000000000
30821  -14.896  -66.697  18.271 0.5000000000
31872  -15.023  -65.922  18.219 0.5000000000
33042  -14.550  -64.977  17.238 0.5000000000
33027  -13.827  -64.157  17.031 0.5000000000
31897  -14.237  -65.559  16.757 0.5000000000
34133  -12.697  -63.650  16.332 0.5000000000
172911  -10.347  -69.785  17.685 0.6999999881
27494  -10.565  -69.213  17.593 0.6000000238
28600  -9.838  -68.442  17.300 0.5000000000
28601  -11.013  -68.667  17.124 0.5000000000
31896  -13.286  -65.146  16.160 0.5000000000
178963  -12.237  -63.687  15.304 0.5000000000
26403  -8.264  -69.855  17.173 0.8000000119
26404  -9.320  -69.729  17.538 0.6999999881
27492  -8.152  -68.637  17.031 0.6000000238
29719  -9.990  -67.450  16.218 0.5000000000
30852  -10.505  -66.892  15.748 0.4000000060
176003  -11.192  -65.743  15.153 0.5000000000
31907  -12.237  -65.013  15.607 0.4000000060
33054  -11.910  -64.352  15.199 0.5000000000
28640  -8.231  -68.691  16.302 0.5000000000
28648  -9.626  -67.712  15.494 0.5000000000
29718  -9.320  -67.626  16.211 0.6000000238
30866  -10.475  -66.893  15.186 0.5000000000
30867  -11.092  -66.243  14.760 0.5000000000
172596  -11.408  -65.748  13.998 0.5000000000
27532  -9.836  -69.418  15.369 0.5000000000
27533  -10.594  -68.988  15.249 0.5000000000
29744  -10.212  -67.615  14.913 0.5000000000
29745  -10.938  -67.167  14.361 0.5000000000
27541  -11.429  -69.696  14.750 0.6000000238
27542  -12.359  -69.471  14.508 0.6000000238
29664  -10.018  -66.890  20.472 0.5000000000
30795  -10.479  -66.294  20.014 0.5000000000
30796  -11.398  -66.534  19.809 0.5000000000
31860  -11.814  -65.931  19.616 0.4000000060
30812  -12.158  -66.411  19.648 0.4000000060
30794  -9.523  -66.130  20.285 0.5000000000
31859  -10.966  -65.748  19.744 0.4000000060
30813  -13.773  -66.675  19.403 0.5000000000
186744  -14.351  -66.138  19.190 0.6000000238
31868  -14.581  -65.490  19.318 0.5000000000
168953  -14.866  -65.210  18.091 0.5000000000
34105  -14.419  -63.673  18.579 0.4000000060
34119  -13.195  -63.253  17.303 0.4000000060
35200  -12.967  -62.456  17.691 0.4000000060
186391  -10.562  -65.328  19.891 0.4000000060
181209  -11.504  -65.593  19.890 0.4000000060
167910  -12.311  -65.580  19.999 0.4000000060
31866  -12.856  -66.037  19.634 0.5000000000
31867  -13.952  -65.770  19.619 0.5000000000
31862  -14.348  -65.036  20.025 0.5000000000
33004  -12.787  -65.043  20.827 0.4000000060
32992  -13.101  -64.396  21.422 0.4000000060
33005  -13.787  -64.611  20.763 0.5000000000
33006  -14.442  -64.264  20.248 0.4000000060
34102  -14.586  -63.791  19.589 0.4000000060
34104  -13.779  -62.938  18.149 0.4000000060
35183  -13.286  -62.205  18.569 0.4000000060
32989  -9.995  -64.199  20.561 0.4000000060
32990  -10.964  -64.598  20.887 0.4000000060
33003  -11.737  -65.190  20.496 0.4000000060
35166  -9.770  -62.923  21.591 0.4000000060
34077  -10.810  -63.002  22.396 0.4000000060
32991  -12.113  -64.583  21.397 0.4000000060
34089  -12.562  -63.898  22.017 0.4000000060
34090  -13.548  -63.673  21.647 0.5000000000
34098  -14.345  -63.458  20.505 0.5000000000
35178  -14.360  -62.835  20.018 0.4000000060
35184  -14.099  -62.831  19.124 0.4000000060
34080  -13.837  -62.908  21.964 0.4000000060
35167  -14.483  -62.401  21.587 0.4000000060
36219  -14.969  -62.025  20.911 0.4000000060
35177  -13.699  -62.120  19.321 0.4000000060
35165  -9.396  -62.051  21.308 0.4000000060
36209  -10.019  -61.547  21.933 0.3000000119
35155  -11.791  -62.400  22.847 0.3000000119
34079  -13.074  -63.196  22.384 0.4000000060
37212  -10.923  -59.970  22.050 0.4000000060
36200  -10.772  -61.080  22.390 0.3000000119
36201  -11.657  -61.515  22.776 0.3000000119
36202  -12.624  -61.814  23.044 0.4000000060
37216  -14.272  -60.399  22.298 0.5000000000
36210  -15.037  -61.679  21.490 0.4000000060
36223  -15.195  -61.633  20.267 0.4000000060
37235  -15.007  -60.451  18.982 0.3000000119
38234  -13.735  -59.560  22.353 0.5000000000
38245  -14.571  -59.636  21.981 0.5000000000
174320  -15.418  -61.082  21.461 0.4000000060
36211  -15.598  -61.226  20.754 0.4000000060
37236  -15.782  -60.896  19.824 0.3000000119
37223  -9.959  -60.513  21.515 0.4000000060
173991  -10.380  -59.063  21.536 0.4000000060
38232  -11.840  -59.598  22.350 0.4000000060
165832  -12.446  -60.099  22.600 0.5000000000
37215  -13.286  -60.392  22.678 0.5000000000
40270  -11.112  -58.230  21.772 0.4000000060
38233  -12.798  -59.393  22.435 0.5000000000
39276  -13.396  -58.785  22.137 0.5000000000
39277  -14.080  -58.949  22.090 0.4000000060
39291  -15.636  -58.934  21.421 0.4000000060
37232  -16.323  -60.416  20.310 0.3000000119
40283  -13.376  -57.455  21.747 0.3000000119
156941  -14.135  -57.229  21.654 0.3000000119
40284  -15.003  -57.960  21.559 0.3000000119
38231  -9.849  -59.605  20.985 0.4000000060
181498  -11.145  -57.334  21.504 0.3000000119
177485  -11.611  -56.620  21.521 0.4000000060
165778  -15.984  -58.313  21.374 0.3000000119
40269  -9.934  -57.183  21.121 0.3000000119
42458  -9.771  -55.898  21.529 0.3000000119
11971  -10.030  -84.629  10.065 0.6000000238
168141  -9.578  -84.499  10.455 0.5000000000
22319  -9.753  -74.241  12.835 0.6000000238
183072  -8.585  -74.109  14.715 0.6000000238
9201  -3.756  -87.465  5.168 0.5000000000
11065  -1.983  -85.137  3.499 0.6000000238
12002  -3.781  -84.659  7.074 0.5000000000
184713  -2.868  -85.315  2.853 0.6999999881
10139  -4.429  -86.167  1.328 0.6999999881
12118  -4.894  -85.704  0.905 0.6999999881
164542  -5.275  -84.312  3.496 0.6999999881
12106  -5.606  -84.576  1.785 0.6999999881
185034  -5.932  -84.126  2.171 0.6999999881
12019  -8.810  -84.398  6.059 0.5000000000
11111  -7.863  -85.317  0.106 0.6999999881
13934  -5.854  -82.453  4.087 0.6999999881
13933  -5.911  -82.328  4.156 0.6999999881
13058  -9.199  -84.217  1.101 0.6999999881
158833  -7.426  -81.297  3.739 0.6999999881
187673  -10.609  -83.966  9.021 0.6000000238
14961  -11.223  -82.109  0.989 0.6999999881
15945  -7.442  -80.037  4.960 0.6000000238
15947  -9.114  -80.394  4.357 0.6000000238
13935  -10.427  -81.881  4.019 0.5000000000
12943  -6.930  -83.179  9.951 0.6999999881
17005  -8.696  -79.588  5.133 0.6000000238
169134  -13.899  -81.050  0.521 0.6000000238
14985  -13.972  -80.986  -1.330 0.6000000238
185521  -10.320  -81.100  5.778 0.5000000000
12973  -12.961  -82.994  6.634 0.5000000000
13965  -14.842  -82.200  1.757 0.5000000000
12944  -7.762  -83.674  10.583 0.6000000238
13858  -6.046  -82.598  9.789 0.6999999881
16948  -10.504  -79.064  8.089 0.6000000238
180948  -8.491  -77.923  5.856 0.5000000000
16990  -9.648  -79.123  5.864 0.5000000000
178040  -12.053  -81.210  6.352 0.6000000238
173048  -12.880  -81.622  6.382 0.5000000000
14007  -15.136  -81.033  -1.441 0.6000000238
13979  -16.176  -82.156  0.840 0.6000000238
178376  -15.957  -84.415  2.854 0.5000000000
15798  -6.361  -80.604  14.692 0.6000000238
18004  -15.327  -78.206  9.370 0.5000000000
21192  -1.651  -75.436  17.396 0.6000000238
19000  -2.553  -77.092  13.663 0.6000000238
17006  -14.129  -78.211  3.911 0.6000000238
183011  -2.349  -76.112  16.288 0.6000000238
19022  -7.467  -77.312  12.243 0.8000000119
20116  -3.541  -76.154  15.540 0.6000000238
18072  -15.928  -78.363  4.599 0.6000000238
21228  -4.538  -75.903  13.509 0.6000000238
18084  -15.946  -78.309  3.181 0.6000000238
20177  -8.192  -75.835  10.202 0.8000000119
18054  -17.221  -78.476  6.340 0.6000000238
21262  -6.392  -75.278  11.219 0.6000000238
21246  -5.241  -75.528  13.036 0.6999999881
21215  -7.246  -75.550  14.724 0.6000000238
23436  -6.841  -73.696  15.368 0.6000000238
22318  -9.163  -74.671  13.320 0.6999999881
24450  -10.695  -72.703  11.990 0.5000000000
26436  -6.484  -70.316  15.545 0.5000000000
24441  -8.330  -72.321  14.045 0.6000000238
25475  -11.338  -71.596  11.285 0.5000000000
25392  -10.960  -71.456  20.443 0.6999999881
24371  -11.411  -72.537  19.081 0.6000000238
185325  -12.304  -71.406  19.763 0.6999999881
25418  -11.454  -71.824  17.806 0.8000000119
26406  -12.145  -70.440  17.904 0.6000000238
28562  -10.990  -68.115  20.836 0.6000000238
28603  -14.172  -68.716  17.800 0.5000000000
28592  -14.044  -69.074  18.645 0.5000000000
31905  -11.350  -65.187  14.493 0.5000000000
29665  -10.718  -67.211  20.387 0.5000000000
188443  -13.956  -64.830  16.631 0.5000000000
27493  -9.504  -68.979  17.610 0.6000000238
163134  -8.889  -67.966  16.614 0.6000000238
28649  -10.810  -67.925  14.540 0.5000000000
31858  -10.074  -65.429  19.930 0.5000000000
31863  -14.692  -64.743  19.482 0.5000000000
31861  -13.417  -65.382  20.180 0.6000000238
34086  -9.478  -63.511  20.693 0.4000000060
34087  -10.386  -63.717  21.440 0.4000000060
34088  -11.462  -63.890  21.930 0.4000000060
35154  -10.796  -62.026  22.602 0.3000000119
34078  -12.050  -63.230  22.612 0.4000000060
34091  -14.219  -63.181  21.266 0.5000000000
35174  -14.509  -62.723  20.831 0.4000000060
162255  -13.529  -61.976  22.833 0.4000000060
35157  -14.010  -62.375  22.314 0.4000000060
36222  -14.472  -62.206  20.029 0.4000000060
36221  -13.547  -61.494  19.069 0.4000000060
37213  -11.514  -60.750  22.561 0.3000000119
37214  -12.395  -60.892  22.731 0.5000000000
158295  -13.192  -61.305  22.903 0.4000000060
36203  -14.787  -61.152  22.041 0.5000000000
162935  -13.947  -61.198  22.594 0.4000000060
176886  -14.630  -61.328  19.484 0.4000000060
39290  -14.743  -58.850  21.687 0.5000000000
38246  -15.440  -59.702  21.589 0.4000000060
37225  -15.900  -60.493  21.101 0.4000000060
39275  -11.986  -58.862  21.971 0.5000000000
40271  -12.108  -58.090  21.764 0.5000000000
166089  -12.709  -58.641  22.051 0.4000000060
40282  -12.445  -57.211  21.708 0.4000000060
168422  -10.511  -56.410  21.331 0.3000000119
41337  -11.482  -55.916  21.460 0.3000000119
41338  -12.428  -56.292  21.615 0.3000000119
9226  -10.920  -87.151  2.424 0.5000000000
9214  -11.494  -87.373  3.232 0.5000000000
9216  -12.977  -87.454  3.580 0.5000000000
10110  -12.470  -86.880  3.166 0.5000000000
9217  -13.857  -87.731  3.129 0.5000000000
9227  -13.333  -87.052  2.844 0.5000000000
8314  -14.598  -88.131  2.621 0.6000000238
9231  -10.682  -87.055  1.632 0.5000000000
10126  -11.372  -86.520  2.502 0.5000000000
172944  -12.045  -86.415  2.613 0.5000000000
10129  -13.528  -86.696  2.212 0.5000000000
8328  -15.176  -88.603  1.122 0.6000000238
169177  -14.450  -87.096  1.366 0.6000000238
8327  -14.866  -87.847  1.561 0.6000000238
9238  -10.947  -86.996  0.572 0.4000000060
9277  -10.433  -87.756  -2.867 0.4000000060
9271  -10.958  -87.495  -2.521 0.4000000060
8367  -11.545  -88.125  -2.266 0.5000000000
168176  -11.889  -87.567  -1.942 0.5000000000
8360  -11.619  -88.411  -1.715 0.5000000000
178030  -11.691  -87.862  -1.156 0.5000000000
9247  -11.951  -86.949  -1.530 0.5000000000
9239  -11.386  -87.976  -0.027 0.5000000000
9246  -11.361  -86.523  -0.316 0.5000000000
7455  -15.162  -89.227  0.551 0.6000000238
7467  -15.119  -89.067  -0.307 0.6000000238
10140  -10.696  -86.219  1.257 0.5000000000
11080  -11.083  -85.888  1.935 0.5000000000
11095  -11.445  -85.534  1.329 0.5000000000
8338  -15.145  -88.484  0.264 0.6000000238
11081  -11.676  -85.860  2.004 0.5000000000
10142  -13.941  -86.596  1.630 0.6000000238
9232  -14.892  -87.294  0.741 0.6000000238
160060  -15.322  -88.709  -1.192 0.6000000238
10154  -14.914  -86.777  0.098 0.6000000238
9248  -15.372  -87.858  -1.062 0.6000000238
8361  -15.387  -88.144  -2.055 0.6999999881
174547  -15.139  -86.993  -0.806 0.6000000238
9258  -15.610  -87.267  -1.729 0.6999999881
11150  -7.960  -86.613  -2.276 0.6000000238
11151  -8.929  -86.104  -2.224 0.6000000238
11140  -9.613  -85.172  -2.104 0.6000000238
11161  -9.943  -86.939  -2.755 0.5000000000
10193  -10.516  -86.531  -2.659 0.5000000000
12151  -10.580  -84.906  -2.381 0.6000000238
9257  -11.909  -86.765  -2.214 0.5000000000
10184  -11.424  -86.293  -2.581 0.5000000000
162911  -12.076  -85.826  -2.331 0.5000000000
10165  -11.913  -86.070  -1.216 0.5000000000
11141  -12.362  -85.548  -2.039 0.5000000000
10164  -11.450  -85.826  -0.071 0.5000000000
7479  -14.714  -89.853  -2.327 0.6999999881
7480  -15.055  -88.999  -2.166 0.6000000238
7491  -14.975  -89.355  -2.876 0.8000000119
11096  -12.180  -85.307  1.429 0.5000000000
11097  -12.951  -85.486  1.435 0.5000000000
11115  -14.115  -85.574  0.734 0.6000000238
8368  -15.346  -88.545  -2.851 0.6999999881
10153  -14.390  -86.504  0.878 0.6000000238
10195  -16.276  -86.880  -3.066 0.6999999881
10167  -15.025  -86.097  -0.377 0.6000000238
10176  -15.527  -86.220  -1.391 0.6000000238
11142  -16.258  -85.368  -2.170 0.6999999881
10196  -16.794  -86.541  -3.315 0.6999999881
10197  -17.564  -86.186  -3.578 0.6000000238
165681  -7.265  -87.162  -2.086 0.5000000000
11139  -8.596  -85.668  -1.634 0.6000000238
12143  -10.267  -84.426  -2.007 0.6000000238
11152  -11.487  -85.156  -2.532 0.6000000238
11153  -12.305  -84.797  -2.393 0.6000000238
11127  -12.075  -85.277  -0.964 0.5000000000
12137  -13.122  -84.038  -1.756 0.6000000238
7490  -14.762  -90.137  -2.873 0.6999999881
12124  -12.498  -84.575  -0.480 0.5000000000
12125  -13.078  -83.954  -0.078 0.5000000000
7499  -15.909  -89.409  -3.219 0.5000000000
6583  -17.585  -90.672  -2.241 0.6000000238
163063  -14.124  -84.580  0.477 0.5000000000
7492  -16.671  -88.976  -3.041 0.6000000238
11129  -14.665  -85.247  0.120 0.5000000000
182831  -15.724  -88.226  -3.200 0.6999999881
8376  -16.779  -87.965  -3.279 0.6000000238
11130  -15.532  -84.934  -0.796 0.5000000000
9272  -17.094  -86.974  -3.278 0.6000000238
9266  -18.414  -86.734  -3.096 0.6000000238
12145  -16.501  -84.148  -1.773 0.5000000000
11143  -16.894  -84.626  -2.386 0.6000000238
11163  -18.023  -85.575  -3.579 0.5000000000
11144  -19.570  -84.933  -2.867 0.5000000000
10199  -20.047  -85.692  -3.368 0.5000000000
10174  -6.600  -86.982  -1.829 0.6000000238
175819  -7.284  -86.662  -1.921 0.6000000238
9244  -6.282  -87.233  -0.789 0.4000000060
13075  -14.043  -82.230  -1.300 0.5000000000
7493  -17.488  -89.557  -2.418 0.6000000238
13061  -14.018  -83.304  -0.439 0.5000000000
12127  -14.941  -84.173  -0.144 0.5000000000
8370  -18.071  -87.831  -2.325 0.5000000000
8362  -18.688  -88.346  -1.529 0.5000000000
166876  -18.131  -88.991  -1.984 0.5000000000
12139  -16.833  -83.285  -1.202 0.5000000000
9265  -17.531  -87.369  -3.064 0.5000000000
9267  -19.267  -86.555  -2.649 0.5000000000
13084  -17.307  -83.740  -1.322 0.6000000238
184988  -18.118  -84.468  -1.548 0.6000000238
11165  -19.438  -85.694  -3.550 0.5000000000
162613  -19.944  -86.018  -3.399 0.6000000238
11132  -18.647  -85.226  -1.315 0.6000000238
176845  -19.350  -85.306  -1.853 0.5000000000
9235  -5.860  -87.047  -0.152 0.4000000060
13077  -15.732  -82.204  -0.979 0.5000000000
181300  -19.892  -88.189  -0.831 0.5000000000
168993  -16.221  -82.719  -1.047 0.5000000000
13079  -17.140  -82.871  -0.875 0.5000000000
9261  -21.162  -86.174  -2.093 0.5000000000
165240  -21.921  -87.511  -0.081 0.5000000000
8353  -23.737  -87.830  0.299 0.5000000000
178729  -24.688  -88.419  0.847 0.5000000000
179720  -17.465  -83.394  -0.490 0.6000000238
11131  -17.948  -84.503  -0.704 0.6000000238
11117  -18.402  -85.706  -0.335 0.6000000238
11148  -23.198  -85.235  -2.193 0.5000000000
10157  -19.877  -86.299  0.228 0.5000000000
10158  -20.367  -86.052  0.152 0.5000000000
11099  -16.730  -85.169  1.853 0.5000000000
9249  -21.417  -86.901  -0.792 0.5000000000
9251  -23.055  -86.931  -0.273 0.5000000000
8340  -24.585  -88.059  0.377 0.5000000000
177506  -17.029  -84.226  1.165 0.5000000000
10143  -17.100  -86.026  1.735 0.6000000238
10177  -22.091  -86.194  -1.838 0.5000000000
10171  -23.614  -86.317  -1.272 0.5000000000
9241  -25.140  -87.373  -0.403 0.5000000000
8341  -25.143  -87.738  0.434 0.5000000000
8317  -25.648  -87.586  1.917 0.5000000000
10155  -18.147  -86.049  0.463 0.5000000000
10178  -22.818  -85.654  -1.980 0.5000000000
11149  -23.967  -85.602  -1.624 0.5000000000
11082  -16.275  -85.124  2.666 0.5000000000
10160  -25.403  -86.740  -0.342 0.5000000000
9254  -25.342  -87.037  -0.822 0.5000000000
9234  -25.747  -87.177  1.153 0.5000000000
10114  -26.594  -86.192  3.497 0.4000000060
10149  -25.667  -86.676  0.807 0.4000000060
10015  -5.625  -86.637  10.930 0.4000000060
174571  -2.442  -75.447  18.437 0.5000000000
22259  -6.108  -75.297  18.491 0.5000000000
167301  -5.027  -75.615  18.649 0.5000000000
21161  -7.937  -76.262  18.341 0.5000000000
171003  -6.980  -76.140  18.378 0.5000000000
21158  -3.882  -74.945  18.622 0.5000000000
25391  -10.117  -71.311  20.462 0.5000000000
26378  -9.470  -70.627  20.525 0.5000000000
28554  -9.840  -68.740  20.953 0.5000000000
13989  -16.750  -81.744  -0.271 0.5000000000
13990  -17.027  -81.957  -0.773 0.5000000000
10141  -13.207  -86.215  1.826 0.6000000238
9240  -15.165  -87.662  -0.077 0.6000000238
10166  -14.649  -86.100  0.320 0.6000000238
10185  -16.034  -86.586  -2.423 0.6999999881
10183  -10.332  -85.765  -2.542 0.6000000238
12126  -13.611  -84.177  0.420 0.5000000000
11162  -17.208  -85.805  -3.494 0.6000000238
11155  -18.277  -85.044  -3.273 0.6000000238
6592  -15.790  -90.362  -3.062 0.6999999881
13062  -14.416  -83.732  -0.100 0.5000000000
12138  -15.886  -83.627  -0.891 0.5000000000
12147  -17.847  -84.289  -1.957 0.6000000238
12148  -18.641  -84.884  -2.315 0.6000000238
11164  -18.884  -85.347  -3.507 0.5000000000
10189  -21.805  -85.637  -2.451 0.5000000000
9259  -18.706  -87.337  -2.114 0.5000000000
8350  -20.430  -87.357  -0.984 0.5000000000
156002  -17.637  -83.779  -1.186 0.5000000000
10168  -19.416  -85.861  -0.757 0.5000000000
12129  -17.273  -83.267  0.363 0.5000000000
11116  -17.742  -85.397  0.268 0.5000000000
11100  -17.213  -85.280  1.039 0.5000000000
9252  -24.345  -87.092  -0.987 0.5000000000
10179  -23.829  -85.847  -1.584 0.5000000000
9253  -25.115  -87.029  -1.244 0.5000000000
186026  -26.257  -86.902  1.892 0.5000000000
11136  -24.748  -86.033  -1.199 0.4000000060
172167  -26.337  -86.480  1.941 0.4000000060
6557  -19.041  -90.490  -0.912 0.5000000000
161902  -19.992  -90.506  -0.908 0.6000000238
6571  -19.526  -90.345  -1.121 0.6000000238
5741  -18.527  -90.440  -1.220 0.6000000238
5747  -17.491  -91.588  -1.559 0.4000000060
7468  -21.054  -90.191  -0.688 0.4000000060
171936  -20.273  -89.796  -1.172 0.4000000060
7483  -20.744  -89.867  -1.001 0.5000000000
6585  -18.904  -90.175  -1.351 0.6000000238
7482  -19.729  -90.003  -1.333 0.5000000000
8363  -19.567  -88.981  -1.050 0.4000000060
5759  -17.704  -91.076  -1.768 0.5000000000
7494  -18.267  -90.007  -1.826 0.5000000000
158540  -16.644  -91.171  -2.761 0.6000000238
5768  -14.906  -91.081  -2.940 0.6000000238
186696  -14.691  -90.914  -1.350 0.6000000238
6555  -14.967  -90.624  -0.663 0.6000000238
172545  -15.073  -89.838  -0.041 0.6000000238
6541  -15.219  -90.561  0.415 0.6000000238
157516  -15.278  -89.899  0.763 0.5000000000
7443  -15.266  -89.468  1.499 0.5000000000
180622  -15.189  -89.401  2.384 0.4000000060
8300  -14.895  -88.980  3.075 0.5000000000
9219  -26.027  -86.927  3.635 0.3000000119
174587  -11.925  -87.880  3.789 0.4000000060
18055  -18.143  -78.093  6.586 0.4000000060
158267  -18.311  -77.819  5.747 0.4000000060
19111  -18.318  -77.968  4.699 0.5000000000
26479  -12.037  -70.632  11.960 0.5000000000
26463  -12.655  -70.408  13.276 0.5000000000
26480  -12.899  -70.517  11.754 0.5000000000
26464  -13.683  -70.088  13.089 0.4000000060
27543  -13.233  -69.104  14.293 0.4000000060
27608  -16.005  -69.320  9.315 0.4000000060
28663  -12.574  -67.798  13.857 0.4000000060
28664  -13.615  -68.080  13.759 0.4000000060
187024  -14.012  -69.007  13.904 0.4000000060
29762  -11.506  -66.885  13.896 0.4000000060
29764  -12.849  -67.104  13.348 0.4000000060
28677  -15.577  -68.532  11.511 0.4000000060
30893  -12.408  -66.210  13.270 0.4000000060
30894  -13.203  -66.669  13.336 0.4000000060
30909  -16.057  -66.524  11.353 0.4000000060
31934  -11.824  -65.469  13.416 0.4000000060
30879  -13.220  -65.939  13.425 0.4000000060
33069  -11.791  -64.511  14.061 0.4000000060
33086  -12.500  -64.380  13.673 0.4000000060
34118  -12.526  -62.678  16.693 0.3000000119
34132  -12.397  -62.852  15.524 0.4000000060
36226  -13.007  -61.589  18.623 0.3000000119
36225  -12.496  -61.242  17.945 0.3000000119
35224  -12.559  -62.427  14.828 0.3000000119
35211  -12.393  -62.000  16.008 0.3000000119
27579  -15.444  -69.375  10.147 0.4000000060
27568  -15.345  -69.262  11.266 0.4000000060
26465  -14.559  -69.761  12.300 0.4000000060
26481  -13.994  -70.332  11.502 0.4000000060
27554  -15.162  -69.214  12.412 0.4000000060
28665  -14.661  -68.481  13.235 0.4000000060
29802  -16.088  -67.925  10.086 0.4000000060
29779  -15.711  -67.781  11.842 0.4000000060
165953  -15.528  -67.031  12.260 0.4000000060
29765  -14.063  -67.392  13.427 0.4000000060
7381  -23.205  -90.412  6.895 0.3000000119
6466  -23.396  -91.144  6.450 0.3000000119
175049  -22.718  -89.755  6.660 0.4000000060
6465  -22.989  -90.599  6.264 0.3000000119
6482  -23.229  -91.487  5.857 0.4000000060
8303  -21.328  -88.614  4.034 0.3000000119
7413  -22.530  -90.009  4.862 0.3000000119
6500  -22.463  -91.123  4.607 0.4000000060
8282  -20.801  -88.264  4.454 0.3000000119
7412  -21.949  -89.277  4.201 0.3000000119
7427  -22.165  -90.316  4.143 0.3000000119
8302  -20.592  -88.608  3.716 0.3000000119
7426  -21.225  -89.117  3.432 0.3000000119
7436  -21.096  -89.697  2.707 0.3000000119
7425  -19.518  -89.145  3.059 0.3000000119
170740  -20.353  -89.188  2.985 0.3000000119
7435  -20.436  -89.902  2.153 0.3000000119
7424  -18.810  -89.483  3.027 0.3000000119
7434  -19.569  -89.649  2.364 0.3000000119
7444  -19.072  -90.074  1.592 0.3000000119
4901  -17.648  -91.833  3.332 0.3000000119
6510  -17.944  -90.826  3.278 0.3000000119
6522  -18.019  -90.826  2.271 0.3000000119
6523  -18.460  -90.393  1.898 0.3000000119
6534  -18.517  -90.390  0.935 0.3000000119
4914  -17.503  -92.311  2.416 0.4000000060
5662  -22.896  -91.948  5.097 0.3000000119
8261  -22.287  -89.059  6.232 0.4000000060
157905  -22.591  -91.908  4.247 0.4000000060
8283  -21.548  -88.554  4.788 0.3000000119
6513  -22.200  -91.075  3.801 0.4000000060
178979  -19.079  -89.022  3.512 0.3000000119
186858  -21.526  -90.433  2.645 0.4000000060
6524  -21.107  -90.455  2.059 0.4000000060
7411  -18.595  -89.315  3.864 0.3000000119
7445  -19.904  -90.176  1.384 0.4000000060
4884  -17.747  -92.501  4.184 0.3000000119
5677  -17.750  -91.398  4.183 0.4000000060
6535  -19.352  -90.288  0.604 0.4000000060
6542  -17.970  -90.681  0.279 0.3000000119
5643  -23.851  -92.103  6.241 0.3000000119
4855  -24.193  -92.966  5.671 0.3000000119
5644  -24.705  -92.994  6.255 0.3000000119
5679  -23.515  -92.690  5.140 0.3000000119
4887  -23.717  -92.756  4.485 0.3000000119
8248  -21.558  -88.199  6.785 0.4000000060
4902  -23.004  -92.421  3.828 0.3000000119
4903  -23.641  -92.454  3.362 0.3000000119
167039  -20.190  -88.147  5.077 0.3000000119
185697  -21.001  -88.156  5.159 0.4000000060
5690  -22.547  -91.768  3.327 0.4000000060
4915  -23.196  -92.207  2.862 0.3000000119
6525  -21.773  -91.068  2.166 0.4000000060
5715  -22.914  -91.900  1.641 0.4000000060
8280  -19.097  -88.774  4.150 0.3000000119
162683  -18.448  -89.202  5.588 0.3000000119
159561  -21.505  -90.924  1.394 0.4000000060
5727  -21.946  -91.186  0.692 0.4000000060
158667  -18.228  -89.774  4.304 0.3000000119
159179  -17.908  -90.933  5.849 0.3000000119
6545  -21.398  -90.872  0.091 0.4000000060
6546  -22.213  -91.074  0.172 0.5000000000
156645  -18.049  -90.055  5.129 0.3000000119
6544  -19.797  -90.492  -0.398 0.4000000060
6558  -20.694  -90.511  -0.465 0.4000000060
4207  -18.096  -93.478  4.541 0.3000000119
4872  -24.579  -93.293  5.441 0.3000000119
4856  -24.874  -93.411  5.831 0.3000000119
9178  -20.272  -87.790  6.554 0.4000000060
4917  -24.034  -92.357  1.856 0.4000000060
5729  -23.591  -91.407  0.889 0.4000000060
9177  -19.723  -88.134  5.847 0.4000000060
5728  -22.833  -91.530  0.857 0.4000000060
6547  -23.020  -90.967  0.444 0.5000000000
6560  -22.351  -90.339  0.141 0.4000000060
6480  -17.956  -89.962  6.129 0.3000000119
7469  -21.237  -89.469  -0.522 0.4000000060
167449  -21.655  -88.663  0.022 0.4000000060
5661  -17.981  -91.808  5.611 0.3000000119
4885  -18.095  -92.704  5.251 0.3000000119
155327  -18.389  -93.534  5.261 0.3000000119
5691  -24.341  -92.338  3.790 0.3000000119
4904  -24.112  -92.315  2.771 0.3000000119
5704  -24.353  -91.824  1.978 0.3000000119
173113  -18.943  -88.542  6.064 0.4000000060
6549  -23.986  -90.167  1.264 0.5000000000
7456  -23.598  -89.747  0.941 0.4000000060
7380  -18.328  -89.104  6.477 0.4000000060
7471  -22.925  -89.267  0.728 0.4000000060
5625  -17.949  -91.605  7.017 0.3000000119
155442  -17.850  -90.839  6.661 0.3000000119
5642  -17.986  -91.673  6.342 0.3000000119
4870  -18.417  -93.210  5.846 0.3000000119
3553  -19.434  -95.133  5.709 0.3000000119
4195  -18.681  -94.053  5.649 0.3000000119
180401  -24.351  -91.906  2.833 0.3000000119
6527  -24.306  -90.942  1.972 0.4000000060
4846  -18.056  -92.444  7.218 0.3000000119
4172  -17.848  -93.188  7.647 0.3000000119
4854  -18.331  -92.896  6.525 0.3000000119
4173  -18.397  -93.439  7.035 0.3000000119
4182  -18.620  -93.775  6.307 0.3000000119
173899  -17.761  -94.764  7.935 0.3000000119
3531  -18.195  -94.056  7.539 0.3000000119
2900  -19.018  -95.384  7.069 0.3000000119
3532  -18.768  -94.472  6.760 0.3000000119
172437  -24.290  -89.111  2.759 0.3000000119
8316  -24.732  -88.676  1.770 0.4000000060
2895  -17.385  -95.522  8.257 0.3000000119
179969  -17.844  -96.266  8.123 0.3000000119
7394  -24.746  -89.056  5.068 0.3000000119
176208  -24.265  -89.046  3.761 0.3000000119
182181  -24.833  -88.198  2.531 0.3000000119
8262  -24.913  -88.111  4.782 0.3000000119
9203  -25.348  -87.461  4.511 0.3000000119
26453  -12.113  -70.162  14.130 0.5000000000
161761  -12.428  -63.035  14.468 0.5000000000
33070  -12.459  -64.002  14.011 0.4000000060
27553  -13.694  -69.558  13.853 0.4000000060
5769  -15.461  -91.154  -2.975 0.6000000238
8351  -21.082  -88.112  -0.260 0.4000000060
8339  -23.831  -88.752  0.846 0.4000000060
7446  -24.398  -89.229  1.320 0.4000000060
9229  -25.348  -87.563  3.039 0.3000000119
26492  -13.276  -70.828  10.371 0.5000000000
26493  -14.245  -70.464  10.049 0.4000000060
28699  -15.973  -68.968  9.452 0.4000000060
7392  -22.187  -89.128  5.270 0.3000000119
156476  -18.243  -89.952  3.570 0.3000000119
183811  -21.938  -88.603  6.491 0.4000000060
180589  -21.261  -90.786  0.689 0.4000000060
8259  -20.622  -88.035  5.799 0.4000000060
165333  -19.223  -88.584  5.096 0.3000000119
7391  -18.543  -89.232  4.702 0.3000000119
5716  -23.522  -91.972  1.395 0.4000000060
6561  -23.149  -90.266  0.533 0.4000000060
7437  -24.315  -89.809  1.836 0.4000000060
6464  -17.927  -89.826  7.099 0.3000000119
3533  -19.386  -95.229  6.319 0.3000000119
173290  -24.159  -90.270  2.723 0.3000000119
2899  -18.324  -95.681  7.722 0.3000000119
162052  -15.289  -90.368  1.356 0.5000000000
5725  -15.140  -91.191  1.033 0.5000000000
5746  -14.358  -91.848  -1.969 0.5000000000
5757  -15.972  -91.837  -2.742 0.4000000060
10130  -16.682  -85.938  2.475 0.4000000060
5740  -17.895  -90.800  -1.116 0.5000000000
5739  -17.487  -91.725  -1.092 0.3000000119
180060  -17.231  -92.427  0.592 0.3000000119
6543  -18.725  -90.431  -0.061 0.4000000060
5714  -17.628  -91.452  1.767 0.3000000119
6533  -17.971  -90.803  1.287 0.3000000119
181218  -18.562  -88.408  7.338 0.3000000119
8245  -18.716  -88.460  6.844 0.3000000119
8229  -18.369  -88.380  7.915 0.3000000119
9162  -19.827  -87.683  7.465 0.3000000119
8246  -19.384  -88.028  6.668 0.3000000119
9179  -20.942  -87.750  7.284 0.3000000119
167175  -21.756  -88.192  7.531 0.3000000119
8220  -22.308  -88.487  8.052 0.3000000119
162325  -19.794  -87.633  8.338 0.3000000119
9163  -20.579  -87.671  8.197 0.3000000119
9164  -21.487  -87.956  8.275 0.3000000119
8231  -22.342  -88.802  7.062 0.3000000119
7360  -22.872  -89.552  7.094 0.3000000119
156257  -21.021  -87.731  8.822 0.3000000119
166717  -22.896  -89.036  7.588 0.3000000119
8221  -23.099  -88.564  8.182 0.3000000119
8279  -13.913  -88.756  4.252 0.3000000119
155823  -16.785  -91.887  -2.355 0.5000000000
4960  -14.737  -92.080  -2.361 0.4000000060
167125  -15.118  -91.376  -0.050 0.5000000000
164098  -17.343  -92.070  -0.218 0.3000000119
30934  -16.934  -66.680  9.821 0.3000000119
29790  -16.011  -67.901  10.645 0.3000000119
31919  -13.733  -65.396  14.170 0.3000000119
159310  -15.294  -90.085  2.213 0.4000000060
4913  -14.940  -91.808  2.696 0.4000000060
2381  -12.195  -95.962  -0.388 0.4000000060
3593  -13.105  -94.523  0.452 0.4000000060
4243  -14.102  -93.723  -0.661 0.4000000060
4947  -14.362  -93.023  -1.186 0.4000000060
5737  -14.492  -92.296  -1.468 0.4000000060
166355  -14.563  -92.672  1.172 0.4000000060
4938  -14.887  -92.032  0.558 0.4000000060
4948  -14.677  -92.210  -0.579 0.4000000060
167563  -12.305  -96.555  1.672 0.3000000119
2382  -12.912  -96.293  -0.353 0.4000000060
3610  -14.233  -94.498  -0.653 0.4000000060
4927  -14.872  -91.863  1.666 0.4000000060
3601  -12.398  -95.013  -0.155 0.4000000060
4238  -14.187  -93.423  0.564 0.4000000060
2358  -12.979  -96.651  0.629 0.3000000119
2960  -12.929  -95.960  -0.441 0.4000000060
3602  -13.197  -94.903  -0.424 0.4000000060
4937  -14.556  -92.886  -0.013 0.4000000060
4247  -14.310  -93.791  -1.015 0.4000000060
182391  -14.639  -93.216  -1.397 0.4000000060
168660  -13.556  -96.451  1.751 0.3000000119
173604  -13.854  -96.532  0.356 0.3000000119
2383  -13.492  -96.043  -0.338 0.3000000119
2372  -14.069  -96.238  0.167 0.3000000119
3619  -15.691  -94.040  -1.087 0.3000000119
4256  -16.237  -93.431  -1.425 0.3000000119
3618  -14.911  -93.812  -1.224 0.3000000119
4257  -16.765  -93.096  -1.060 0.3000000119
157170  -17.289  -92.206  -1.368 0.3000000119
4955  -16.712  -92.881  -1.693 0.3000000119
4254  -15.076  -93.148  -1.748 0.3000000119
4262  -15.861  -93.049  -2.029 0.3000000119
4261  -15.073  -92.666  -2.153 0.3000000119
1237  -14.874  -98.524  10.768 0.3000000119
1705  -15.371  -97.758  11.422 0.3000000119
4830  -17.172  -91.868  8.513 0.3000000119
2849  -15.520  -95.488  12.550 0.3000000119
2848  -14.961  -94.940  12.341 0.3000000119
4118  -14.842  -93.636  11.268 0.3000000119
4136  -15.039  -93.000  10.721 0.3000000119
4818  -15.460  -92.367  10.305 0.3000000119
5600  -16.084  -91.665  9.897 0.3000000119
5601  -16.825  -91.337  9.165 0.3000000119
3484  -15.387  -94.284  12.370 0.3000000119
4119  -15.240  -93.477  12.040 0.3000000119
4805  -15.475  -92.667  11.961 0.3000000119
174215  -15.315  -92.392  11.204 0.3000000119
5589  -15.642  -91.661  10.868 0.3000000119
3611  -14.950  -94.656  -0.671 0.3000000119
2259  -14.347  -96.457  11.468 0.3000000119
3503  -14.422  -94.448  10.910 0.3000000119
2248  -14.769  -95.821  12.028 0.3000000119
2863  -14.435  -95.031  11.605 0.3000000119
3483  -14.829  -94.297  11.819 0.3000000119
4103  -15.726  -93.003  12.368 0.3000000119
1256  -14.018  -98.369  10.401 0.3000000119
1704  -14.398  -97.438  11.044 0.3000000119
2357  -12.095  -96.694  0.372 0.3000000119
2371  -12.964  -96.612  -0.111 0.4000000060
3544  -19.166  -94.568  5.974 0.3000000119
3564  -18.557  -94.309  4.869 0.3000000119
3594  -13.711  -94.211  -0.088 0.4000000060
3603  -13.882  -94.458  -0.628 0.4000000060
3609  -12.685  -95.521  -0.343 0.4000000060
4196  -24.299  -93.159  5.025 0.3000000119
4197  -24.711  -93.189  5.119 0.3000000119
4255  -15.602  -93.512  -1.557 0.3000000119
4857  -25.581  -93.336  6.103 0.3000000119
4871  -24.053  -93.115  5.193 0.3000000119
4886  -23.056  -92.430  4.588 0.3000000119
4916  -23.726  -92.429  2.484 0.3000000119
4929  -23.386  -92.301  1.992 0.4000000060
4956  -17.078  -92.619  -1.362 0.3000000119
4961  -15.481  -92.323  -2.485 0.4000000060
4962  -16.409  -92.432  -2.245 0.3000000119
4963  -17.136  -92.233  -1.801 0.3000000119
5575  -15.714  -91.906  11.777 0.3000000119
5663  -23.484  -92.331  5.617 0.3000000119
5701  -17.740  -91.410  2.612 0.4000000060
5702  -22.266  -91.427  1.492 0.4000000060
5703  -22.587  -91.726  2.310 0.4000000060
5717  -24.107  -91.722  1.358 0.4000000060
5726  -17.549  -91.474  0.638 0.3000000119
5730  -24.104  -90.970  1.064 0.4000000060
5738  -14.668  -91.496  -1.161 0.5000000000
5748  -17.843  -90.915  -1.457 0.6000000238
5755  -14.661  -91.290  -2.563 0.6000000238
5756  -15.028  -91.720  -2.939 0.4000000060
5758  -17.311  -91.508  -2.094 0.5000000000
6452  -23.818  -91.309  6.822 0.3000000119
6481  -22.796  -90.880  5.450 0.4000000060
6499  -17.980  -90.469  4.247 0.3000000119
6511  -18.360  -90.200  2.749 0.3000000119
6512  -21.755  -90.017  3.371 0.3000000119
6526  -22.067  -90.968  2.926 0.4000000060
6536  -20.752  -90.435  1.285 0.4000000060
6537  -24.294  -91.049  1.453 0.4000000060
6548  -23.630  -90.634  0.765 0.4000000060
6556  -17.648  -91.141  -0.397 0.3000000119
6559  -21.527  -90.557  -0.185 0.5000000000
6569  -14.565  -90.581  -2.457 0.6999999881
6570  -14.636  -90.428  -1.676 0.6999999881
6572  -20.356  -90.244  -1.040 0.6000000238
6581  -14.733  -90.725  -2.857 0.6000000238
6582  -16.735  -90.074  -2.863 0.6000000238
6584  -18.105  -90.518  -1.557 0.5000000000
6591  -14.978  -90.543  -3.042 0.6999999881
7359  -18.243  -88.854  7.243 0.3000000119
7361  -23.415  -89.704  7.338 0.3000000119
7393  -22.618  -89.901  5.849 0.3000000119
7422  -14.496  -89.014  3.887 0.5000000000
7428  -24.156  -89.730  3.532 0.3000000119
7432  -15.221  -89.810  3.002 0.4000000060
7433  -18.828  -89.922  2.338 0.3000000119
7457  -24.161  -89.020  1.080 0.4000000060
7470  -22.001  -89.433  0.062 0.4000000060
7481  -18.916  -89.543  -1.465 0.4000000060
7498  -15.152  -89.750  -3.147 0.8000000119
8230  -18.932  -87.996  7.366 0.3000000119
8247  -20.985  -87.921  6.435 0.4000000060
8260  -21.544  -88.419  5.859 0.4000000060
8278  -13.235  -88.591  4.403 0.3000000119
8281  -19.896  -88.332  4.281 0.3000000119
8284  -24.507  -88.602  4.338 0.3000000119
8298  -13.503  -88.159  3.862 0.5000000000
8299  -14.277  -88.431  3.510 0.5000000000
8301  -19.752  -88.741  3.556 0.3000000119
8304  -24.567  -88.313  3.430 0.3000000119
8315  -15.063  -88.716  2.066 0.6000000238
8329  -25.075  -88.153  1.134 0.5000000000
8349  -15.260  -88.374  -0.449 0.6000000238
8352  -22.477  -88.243  0.362 0.5000000000
8354  -24.718  -87.399  -0.462 0.5000000000
8364  -20.458  -88.994  -0.743 0.4000000060
8369  -17.399  -88.440  -2.690 0.5000000000
8374  -15.432  -88.937  -3.205 0.6999999881
8375  -16.081  -88.488  -3.368 0.6000000238
9160  -2.922  -86.799  8.148 0.5000000000
9189  -3.067  -86.769  5.548 0.5000000000
9213  -5.612  -87.294  3.585 0.5000000000
9215  -12.156  -87.359  3.623 0.4000000060
9218  -24.866  -87.701  4.025 0.3000000119
9220  -26.501  -86.726  2.538 0.5000000000
9228  -14.154  -87.275  2.203 0.6000000238
9230  -6.645  -87.196  1.327 0.4000000060
9233  -15.138  -87.959  0.727 0.6000000238
9242  -25.449  -87.125  0.051 0.5000000000
9250  -22.216  -86.721  -0.762 0.5000000000
9255  -6.050  -87.045  -1.375 0.4000000060
9260  -19.430  -87.520  -1.480 0.5000000000
9263  -11.569  -87.082  -2.456 0.4000000060
9264  -15.748  -87.605  -2.816 0.6999999881
9268  -20.172  -86.332  -2.388 0.5000000000
9269  -8.293  -87.391  -2.635 0.6000000238
9273  -17.827  -86.587  -3.449 0.6000000238
9276  -9.896  -87.805  -3.342 0.4000000060
9999  -4.840  -86.532  11.322 0.4000000060
10016  -6.806  -86.018  10.916 0.5000000000
10017  -7.432  -86.099  10.393 0.5000000000
10030  -6.780  -86.521  10.059 0.5000000000
10044  -3.799  -86.387  8.228 0.5000000000
10059  -2.411  -85.735  7.119 0.5000000000
10091  -1.934  -85.471  5.249 0.5000000000
10092  -2.379  -85.887  4.777 0.5000000000
10093  -3.527  -86.630  4.703 0.5000000000
10109  -11.862  -86.851  3.150 0.5000000000
10120  -2.738  -85.491  2.945 0.6000000238
10125  -10.815  -86.324  1.942 0.5000000000
10127  -12.433  -85.989  1.947 0.5000000000
10128  -12.816  -86.519  2.481 0.5000000000
10138  -3.936  -86.104  1.835 0.6999999881
10150  -4.810  -86.258  0.745 0.6999999881
10152  -10.955  -86.170  0.547 0.5000000000
10156  -18.936  -86.307  0.286 0.5000000000
10159  -25.210  -86.339  -0.714 0.4000000060
10161  -5.191  -86.197  0.238 0.6999999881
10163  -5.581  -86.572  -0.783 0.6999999881
10170  -22.775  -86.283  -1.237 0.5000000000
10172  -25.212  -86.698  -1.134 0.5000000000
10175  -12.175  -86.263  -2.019 0.5000000000
10180  -24.611  -86.354  -1.338 0.4000000060
10181  -7.559  -87.075  -2.357 0.6000000238
10182  -8.498  -86.891  -2.586 0.6000000238
10186  -16.542  -86.077  -3.058 0.6999999881
10187  -19.142  -86.132  -3.438 0.5000000000
10188  -20.724  -85.763  -2.826 0.5000000000
10192  -9.568  -86.533  -2.606 0.5000000000
10194  -11.055  -86.876  -2.637 0.5000000000
10198  -18.512  -85.978  -3.621 0.5000000000
10201  -9.587  -87.452  -3.002 0.5000000000
10202  -10.187  -87.326  -2.844 0.4000000060
10203  -10.663  -87.229  -2.638 0.4000000060
10949  -5.278  -85.302  11.579 0.5000000000
10960  -7.491  -85.432  10.598 0.5000000000
10961  -8.377  -85.135  10.312 0.6000000238
10962  -9.141  -85.140  10.134 0.6000000238
10978  -9.531  -85.177  9.632 0.6000000238
10979  -9.923  -84.912  9.381 0.6000000238
10991  -5.116  -85.678  8.288 0.6000000238
10993  -7.752  -86.005  8.587 0.6000000238
10995  -9.512  -85.396  8.877 0.6000000238
10996  -9.999  -84.846  8.837 0.6000000238
11009  -9.165  -85.537  7.990 0.6000000238
11019  -6.970  -85.260  6.849 0.6000000238
11021  -8.445  -85.046  6.271 0.6000000238
11022  -9.171  -84.899  6.754 0.6000000238
11036  -1.760  -85.007  5.269 0.5000000000
11038  -7.806  -85.074  5.896 0.6999999881
11064  -1.872  -84.739  3.953 0.6000000238
11092  -3.502  -85.719  2.468 0.6999999881
11094  -10.912  -85.868  1.537 0.5000000000
11098  -13.688  -85.885  1.316 0.6000000238
11107  -4.743  -86.069  0.749 0.6999999881
11110  -6.536  -85.545  -0.071 0.6999999881
11112  -11.022  -85.721  0.915 0.5000000000
11113  -11.743  -85.263  0.330 0.5000000000
11114  -13.465  -85.059  0.900 0.5000000000
11122  -5.458  -86.128  -0.281 0.6999999881
11128  -12.690  -84.731  -1.972 0.6999999881
11138  -8.054  -86.186  -1.873 0.6000000238
11154  -16.980  -85.302  -2.887 0.6999999881
11156  -18.964  -84.907  -3.174 0.5000000000
11160  -9.206  -87.081  -2.788 0.5000000000
11166  -10.511  -86.937  -2.680 0.5000000000
11948  -5.512  -84.675  11.305 0.6000000238
11967  -6.244  -84.267  10.654 0.6000000238
11969  -8.004  -84.466  10.424 0.6000000238
11986  -10.386  -84.318  9.385 0.6000000238
11997  -10.229  -84.329  8.496 0.6000000238
12004  -9.754  -84.522  7.508 0.6000000238
12005  -10.135  -83.817  8.001 0.6000000238
12013  -1.985  -84.359  5.836 0.6000000238
12014  -2.421  -84.029  6.036 0.5000000000
12016  -4.386  -84.322  6.276 0.6999999881
12018  -6.472  -85.100  6.209 0.6999999881
12033  -2.049  -84.023  5.184 0.6000000238
12037  -6.457  -85.016  5.398 0.6999999881
12054  -1.813  -84.578  4.706 0.6000000238
12056  -2.603  -84.253  3.841 0.6000000238
12060  -7.140  -83.964  4.560 0.6999999881
12076  -2.116  -84.671  3.467 0.6000000238
12078  -3.786  -84.703  3.082 0.6999999881
12091  -2.434  -85.010  3.050 0.6999999881
12092  -3.259  -85.093  2.766 0.6999999881
12107  -6.420  -84.060  1.996 0.6999999881
12110  -12.260  -84.893  0.662 0.6000000238
12111  -12.854  -84.733  0.883 0.5000000000
12120  -6.268  -85.238  0.773 0.6999999881
12123  -9.511  -84.330  0.012 0.6999999881
12128  -15.289  -83.212  -0.694 0.5000000000
12130  -17.491  -84.274  0.253 0.6000000238
12135  -9.789  -84.479  -1.095 0.6999999881
12146  -17.181  -84.042  -1.979 0.6000000238
12152  -11.159  -84.396  -2.489 0.6999999881
12153  -11.899  -84.421  -2.612 0.6000000238
12154  -12.294  -84.210  -2.586 0.6000000238
12155  -17.618  -84.754  -2.626 0.6000000238
12156  -18.284  -84.832  -2.672 0.6000000238
12916  -7.999  -82.952  12.542 0.6000000238
12918  -9.214  -83.398  12.074 0.6000000238
12945  -9.297  -84.122  10.915 0.5000000000
12946  -10.131  -83.936  10.810 0.5000000000
12955  -5.277  -82.865  9.603 0.6000000238
12956  -10.709  -82.992  10.239 0.6999999881
12963  -10.081  -83.114  8.060 0.6000000238
12986  -12.482  -83.280  6.249 0.5000000000
12992  -6.582  -82.942  4.486 0.6999999881
12994  -8.298  -83.810  5.499 0.6999999881
12996  -12.252  -83.497  5.622 0.5000000000
13014  -12.228  -83.645  4.748 0.5000000000
13028  -12.483  -83.414  3.805 0.4000000060
13029  -13.405  -83.498  3.490 0.4000000060
13050  -9.424  -83.283  1.403 0.6999999881
13060  -10.523  -83.281  -0.058 0.6999999881
13063  -16.920  -82.568  0.521 0.5000000000
13064  -17.202  -82.446  -0.393 0.5000000000
13072  -10.894  -83.457  -1.031 0.6999999881
13074  -13.487  -83.218  -1.317 0.5000000000
13076  -14.853  -82.774  -0.814 0.5000000000
13078  -16.657  -82.131  -0.895 0.5000000000
13083  -13.419  -82.344  -1.277 0.6000000238
13085  -11.722  -83.922  -2.532 0.6999999881
13835  -9.414  -82.410  13.497 0.6000000238
13843  -7.338  -82.572  11.996 0.6000000238
13844  -9.233  -82.973  12.760 0.5000000000
13850  -6.684  -82.312  11.216 0.6000000238
13853  -10.097  -82.355  12.197 0.5000000000
13859  -6.469  -82.459  10.292 0.6999999881
13860  -10.288  -82.071  11.168 0.6000000238
13878  -10.175  -82.436  8.640 0.6000000238
13890  -8.400  -82.302  6.673 0.6000000238
13892  -13.644  -82.862  6.900 0.5000000000
13906  -12.111  -82.686  6.388 0.5000000000
13915  -5.982  -81.714  4.441 0.6999999881
13920  -10.921  -82.635  5.457 0.5000000000
13944  -6.110  -82.681  3.977 0.6999999881
13945  -6.172  -82.210  3.898 0.6999999881
13959  -6.590  -82.919  3.290 0.6999999881
13961  -8.426  -82.370  2.616 0.6999999881
13988  -16.015  -81.448  0.294 0.6000000238
13998  -13.232  -81.764  -1.184 0.6999999881
14006  -14.519  -81.252  -1.436 0.6000000238
14777  -8.248  -81.113  15.151 0.6999999881
14779  -10.016  -81.144  15.125 0.8000000119
14781  -12.003  -81.221  15.154 0.6999999881
14782  -12.916  -81.145  15.209 0.5000000000
14789  -5.836  -81.067  14.208 0.6000000238
14790  -6.734  -81.354  14.490 0.6000000238
14793  -9.439  -81.634  14.777 0.8000000119
14795  -11.587  -81.605  14.515 0.6999999881
14796  -12.496  -81.507  14.586 0.6999999881
14804  -5.586  -81.276  13.359 0.6000000238
14806  -7.196  -81.958  13.962 0.6000000238
14807  -9.829  -81.989  14.214 0.6000000238
14808  -12.113  -81.688  13.773 0.6000000238
14814  -5.583  -81.341  12.268 0.6000000238
14815  -6.219  -81.790  11.709 0.6999999881
14816  -10.545  -82.040  12.836 0.6000000238
14819  -13.711  -81.346  12.654 0.5000000000
14827  -12.899  -81.340  11.994 0.5000000000
14837  -10.280  -81.801  9.451 0.6000000238
14851  -9.724  -81.489  8.758 0.5000000000
14863  -7.294  -80.482  6.819 0.6000000238
14864  -8.204  -80.743  7.382 0.6000000238
14868  -14.051  -82.308  6.735 0.5000000000
14880  -6.683  -80.823  6.359 0.6000000238
14882  -10.588  -81.767  5.809 0.6000000238
14899  -6.188  -81.221  5.609 0.6999999881
14900  -9.492  -80.618  5.077 0.6000000238
14912  -5.848  -81.909  4.237 0.6999999881
14914  -9.826  -81.140  4.380 0.6000000238
14921  -8.494  -81.165  3.282 0.6000000238
14922  -10.068  -81.210  3.373 0.5000000000
14935  -11.192  -81.593  2.147 0.5000000000
14949  -9.177  -82.037  2.451 0.6999999881
14950  -10.492  -81.939  1.687 0.6000000238
14962  -12.104  -81.801  0.626 0.6999999881
14964  -13.598  -80.842  -0.242 0.6000000238
14965  -15.074  -80.661  -0.446 0.6000000238
14966  -16.267  -81.658  -0.612 0.6000000238
14973  -14.033  -80.472  -1.005 0.6000000238
14974  -15.161  -80.764  -1.117 0.6000000238
14975  -15.605  -81.178  -0.957 0.6000000238
15783  -8.036  -80.375  15.094 0.6999999881
15784  -8.879  -80.551  15.270 0.6999999881
15785  -9.743  -80.616  15.363 0.8000000119
15787  -11.531  -80.762  15.485 0.6000000238
15797  -5.495  -80.237  14.333 0.6000000238
15800  -14.514  -80.753  14.999 0.5000000000
15801  -15.299  -80.606  14.525 0.5000000000
15819  -4.315  -80.338  12.397 0.6000000238
15821  -13.669  -80.957  11.827 0.5000000000
15852  -11.514  -80.400  10.058 0.5000000000
15854  -14.272  -79.818  10.497 0.5000000000
15865  -11.488  -79.812  9.390 0.6000000238
15900  -8.554  -79.917  7.609 0.5000000000
15913  -6.367  -79.887  5.979 0.6000000238
15928  -6.273  -80.350  5.683 0.6000000238
15929  -6.677  -80.105  5.451 0.6000000238
15931  -9.961  -80.353  5.796 0.6000000238
15944  -6.128  -80.749  5.190 0.6000000238
15946  -8.156  -80.302  4.277 0.6000000238
15961  -6.517  -80.998  4.488 0.6000000238
15964  -9.086  -80.671  3.498 0.6000000238
15966  -15.928  -79.932  2.480 0.5000000000
16848  -7.978  -79.630  14.884 0.6999999881
16850  -9.452  -79.921  15.337 0.8000000119
16869  -9.977  -79.202  15.174 0.8000000119
16880  -4.520  -79.233  13.598 0.6000000238
16921  -13.046  -79.923  9.907 0.5000000000
16923  -14.638  -79.036  10.174 0.5000000000
16933  -10.696  -79.708  8.940 0.6000000238
16936  -14.099  -78.863  9.702 0.5000000000
16947  -9.600  -78.718  7.797 0.5000000000
16963  -7.548  -79.159  6.601 0.5000000000
16975  -9.443  -78.063  5.643 0.5000000000
16978  -13.076  -79.602  5.183 0.5000000000
16989  -9.040  -78.606  5.463 0.6000000238
17003  -7.531  -79.376  5.569 0.6000000238
17004  -8.196  -79.593  5.054 0.6000000238
17018  -16.642  -79.608  1.926 0.5000000000
17026  -16.580  -78.793  1.931 0.5000000000
17916  -12.458  -79.175  15.716 0.5000000000
17917  -13.668  -78.676  15.923 0.5000000000
17944  -4.162  -78.524  12.859 0.6999999881
17946  -6.334  -78.138  13.461 0.8000000119
17959  -3.635  -78.702  12.196 0.6000000238
17973  -3.570  -78.117  11.247 0.6000000238
17974  -4.101  -77.488  11.414 0.5000000000
17991  -4.105  -77.395  11.376 0.5000000000
17993  -15.745  -78.498  10.120 0.5000000000
18015  -13.843  -77.781  8.440 0.6000000238
18017  -15.058  -77.805  8.505 0.6000000238
18019  -17.594  -78.491  8.297 0.5000000000
18033  -9.009  -77.494  6.932 0.5000000000
18034  -9.781  -77.355  6.974 0.5000000000
18035  -10.724  -77.180  7.196 0.5000000000
18036  -11.951  -77.324  7.390 0.6000000238
18050  -7.713  -78.548  6.245 0.6000000238
18051  -8.276  -77.876  6.293 0.5000000000
18052  -15.353  -78.165  5.631 0.6000000238
18053  -16.250  -78.475  5.992 0.6000000238
18064  -7.539  -78.941  6.008 0.6000000238
18066  -9.000  -77.700  5.747 0.5000000000
18067  -9.865  -77.414  5.897 0.5000000000
18069  -12.285  -77.784  5.140 0.6000000238
18074  -17.735  -78.245  5.561 0.6000000238
18080  -8.015  -78.476  5.734 0.5000000000
18083  -15.127  -77.943  3.527 0.6000000238
18085  -16.921  -78.419  3.055 0.5000000000
18094  -17.053  -78.490  2.108 0.5000000000
18987  -9.688  -78.448  14.640 0.8000000119
19003  -7.199  -77.782  13.013 0.8000000119
19005  -10.189  -77.144  13.769 0.6000000238
19018  -3.470  -76.879  11.966 0.5000000000
19019  -4.615  -77.169  11.365 0.6000000238
19020  -5.287  -77.060  11.473 0.6999999881
19039  -7.627  -76.553  11.219 0.8000000119
19051  -3.551  -77.997  11.288 0.6000000238
19052  -4.401  -76.942  11.281 0.6000000238
19066  -12.995  -77.618  7.996 0.6000000238
19094  -9.488  -77.173  6.328 0.5000000000
19095  -10.099  -77.034  6.067 0.5000000000
19096  -10.937  -76.670  6.037 0.6000000238
19105  -9.274  -77.244  6.025 0.5000000000
19107  -12.100  -77.161  5.451 0.6000000238
19108  -13.492  -77.241  5.082 0.6000000238
19109  -14.019  -77.319  5.059 0.6000000238
19110  -14.606  -77.620  5.286 0.6000000238
19118  -13.405  -77.664  4.638 0.6000000238
19128  -14.712  -78.091  3.456 0.6000000238
20098  -1.919  -75.387  16.874 0.6000000238
20099  -2.752  -75.693  16.352 0.6000000238
20127  -2.837  -76.432  14.649 0.6000000238
20128  -3.321  -76.266  14.481 0.6000000238
20129  -4.112  -76.106  14.492 0.6999999881
20143  -2.774  -76.563  14.100 0.6000000238
20145  -6.073  -75.935  13.786 0.6999999881
20146  -9.884  -76.553  12.751 0.6999999881
20159  -3.213  -76.762  13.165 0.6000000238
20161  -4.307  -76.110  12.161 0.6000000238
20172  -4.061  -76.883  11.340 0.5000000000
20173  -4.783  -76.574  11.404 0.6000000238
20175  -6.503  -76.008  10.619 0.6999999881
20178  -9.291  -75.659  10.511 0.6000000238
20187  -7.252  -75.453  10.343 0.8000000119
20188  -7.869  -75.462  9.946 0.8000000119
20204  -13.053  -76.546  6.690 0.6000000238
20216  -13.091  -76.575  6.012 0.6000000238
20223  -11.598  -76.768  5.840 0.6000000238
20224  -12.403  -76.742  5.697 0.6000000238
21156  -1.894  -74.993  18.009 0.5000000000
21157  -2.660  -74.675  18.282 0.5000000000
21177  -1.763  -74.806  17.682 0.6000000238
21178  -7.281  -75.512  18.057 0.5000000000
21179  -8.387  -75.603  17.894 0.6000000238
21193  -2.165  -74.711  17.074 0.6000000238
21194  -3.064  -75.135  16.725 0.6999999881
21195  -3.946  -75.100  16.577 0.8000000119
21231  -8.494  -75.111  13.026 0.6999999881
21245  -4.591  -75.726  12.672 0.6000000238
21247  -6.313  -75.372  12.455 0.6000000238
21248  -7.479  -75.260  12.740 0.6000000238
21249  -9.100  -74.475  12.217 0.6999999881
21264  -10.704  -75.370  11.415 0.6000000238
21273  -5.390  -75.955  11.305 0.6000000238
21274  -6.058  -75.830  10.989 0.5000000000
21277  -8.786  -75.126  9.834 0.6999999881
21291  -7.921  -74.879  10.013 0.6999999881
21292  -9.486  -74.747  9.836 0.6000000238
21293  -10.079  -74.655  10.017 0.6000000238
22256  -3.183  -74.065  18.147 0.6000000238
22261  -10.430  -74.188  18.345 0.6000000238
22272  -2.056  -74.242  17.870 0.6000000238
22274  -5.727  -74.194  18.061 0.6000000238
22277  -9.393  -74.746  17.602 0.6000000238
22288  -2.491  -73.715  17.155 0.6999999881
22289  -3.027  -74.154  16.872 0.6999999881
22301  -5.728  -75.250  15.818 0.8000000119
22302  -7.279  -74.817  15.341 0.5000000000
22311  -8.683  -74.828  14.064 0.6000000238
22320  -10.231  -73.879  12.228 0.6000000238
22329  -8.801  -74.266  10.679 0.6000000238
22343  -8.732  -74.549  9.966 0.6999999881
22345  -10.560  -74.357  10.818 0.6000000238
23378  -10.981  -73.229  18.818 0.6000000238
23386  -2.845  -73.381  17.653 0.6000000238
23387  -10.939  -73.550  18.209 0.6000000238
23400  -3.416  -73.003  17.484 0.6000000238
23401  -4.259  -72.805  17.464 0.6000000238
23405  -9.700  -74.001  17.397 0.6999999881
23417  -2.751  -72.992  16.989 0.6999999881
23418  -2.984  -73.019  16.743 0.8000000119
23421  -9.997  -73.421  17.070 0.6999999881
23447  -8.893  -73.363  14.373 0.6000000238
23454  -10.108  -73.635  13.153 0.6000000238
23475  -11.171  -72.806  11.146 0.5000000000
24370  -10.775  -72.747  19.470 0.6000000238
24399  -10.888  -72.366  17.329 0.6999999881
24414  -3.912  -72.332  16.379 0.6999999881
24419  -10.557  -73.056  17.101 0.6999999881
24433  -5.940  -71.657  15.254 0.6999999881
24440  -7.343  -71.835  14.411 0.6000000238
24448  -8.682  -71.856  13.622 0.5000000000
24458  -10.725  -72.077  11.652 0.5000000000
25393  -11.790  -71.490  20.152 0.6999999881
25395  -11.284  -72.127  19.881 0.6000000238
25413  -5.203  -71.555  16.787 0.6999999881
25415  -6.401  -70.508  16.920 0.6000000238
25431  -4.576  -71.872  16.226 0.6999999881
25435  -10.202  -72.394  16.909 0.6999999881
25447  -5.031  -71.815  15.910 0.6000000238
25455  -6.258  -71.020  15.147 0.6999999881
25456  -6.847  -70.985  14.773 0.6000000238
25458  -8.443  -71.283  14.278 0.5000000000
25474  -10.633  -71.573  11.917 0.5000000000
25488  -11.255  -72.175  11.168 0.5000000000
26370  -10.765  -70.096  20.923 0.6999999881
26384  -12.619  -70.835  19.703 0.6999999881
26385  -12.916  -70.298  19.227 0.6999999881
26397  -12.712  -70.626  18.618 0.6999999881
26400  -5.941  -70.811  16.613 0.6000000238
26424  -6.570  -69.981  15.982 0.5000000000
26438  -9.385  -70.191  14.994 0.6000000238
26450  -7.099  -70.478  15.021 0.6000000238
26454  -13.087  -69.996  14.116 0.4000000060
26521  -15.958  -69.750  9.345 0.4000000060
27466  -13.051  -69.419  20.017 0.6999999881
27491  -7.235  -69.568  16.682 0.6000000238
27496  -12.929  -69.937  18.057 0.5000000000
27497  -13.646  -69.360  18.076 0.5000000000
27528  -6.825  -69.861  15.774 0.5000000000
27529  -7.454  -69.362  16.119 0.5000000000
27531  -8.921  -69.212  15.557 0.5000000000
27567  -14.862  -69.878  11.001 0.4000000060
27593  -15.651  -69.632  9.397 0.4000000060
27594  -16.269  -69.206  9.445 0.4000000060
28556  -11.271  -69.048  20.929 0.6999999881
28564  -12.688  -68.837  20.360 0.6000000238
28593  -14.435  -68.303  18.227 0.5000000000
28599  -8.844  -68.348  17.150 0.6000000238
28604  -14.447  -68.070  17.570 0.4000000060
28624  -8.416  -68.379  16.695 0.6000000238
28625  -9.416  -67.921  16.702 0.5000000000
28626  -10.327  -67.915  16.706 0.5000000000
28641  -8.871  -68.241  15.834 0.5000000000
28642  -9.591  -68.387  15.504 0.5000000000
28650  -11.588  -68.806  14.764 0.6000000238
28666  -15.386  -68.371  12.446 0.4000000060
28687  -15.781  -68.628  10.294 0.4000000060
29654  -9.946  -67.797  20.844 0.5000000000
29666  -13.172  -68.225  19.992 0.6000000238
29683  -14.508  -67.587  18.542 0.4000000060
29698  -14.459  -67.393  17.146 0.4000000060
29717  -8.842  -67.992  16.269 0.6000000238
29720  -10.839  -67.183  16.298 0.4000000060
29731  -9.479  -67.668  15.770 0.6000000238
29743  -10.054  -67.338  15.239 0.5000000000
29746  -11.602  -67.648  14.130 0.4000000060
29763  -12.026  -66.950  13.467 0.4000000060
29766  -15.214  -67.679  12.812 0.4000000060
29791  -16.552  -67.488  10.005 0.3000000119
30814  -14.474  -66.799  18.892 0.6000000238
30833  -15.056  -66.305  17.916 0.5000000000
30851  -9.960  -67.343  15.684 0.5000000000
30853  -11.352  -66.482  15.691 0.5000000000
30854  -12.714  -66.586  15.967 0.4000000060
30855  -13.580  -66.121  16.366 0.4000000060
30856  -14.435  -66.499  16.901 0.4000000060
30878  -11.223  -66.515  14.230 0.5000000000
30892  -11.691  -66.305  13.566 0.4000000060
30895  -14.106  -66.775  13.487 0.4000000060
30922  -16.042  -67.181  11.030 0.4000000060
30935  -17.413  -66.662  9.932 0.3000000119
31883  -14.885  -65.889  17.511 0.5000000000
31906  -11.460  -64.987  15.140 0.4000000060
31918  -12.864  -64.980  13.530 0.4000000060
31933  -11.541  -65.050  13.751 0.4000000060
31935  -12.404  -65.206  13.350 0.4000000060
33002  -10.177  -64.839  19.940 0.4000000060
33013  -14.741  -64.560  18.786 0.5000000000
33028  -14.488  -64.377  17.917 0.4000000060
33053  -11.607  -64.532  14.674 0.4000000060
33085  -11.996  -64.694  13.535 0.4000000060
34097  -14.105  -63.889  20.965 0.5000000000
34120  -14.055  -63.638  17.767 0.4000000060
34145  -12.069  -63.878  14.431 0.5000000000
34162  -12.472  -63.265  14.161 0.5000000000
34163  -12.575  -63.410  14.019 0.4000000060
35156  -12.774  -62.538  22.857 0.4000000060
35158  -14.394  -61.841  22.241 0.4000000060
35182  -12.771  -61.859  18.087 0.3000000119
35199  -12.621  -61.911  17.226 0.3000000119
37224  -15.144  -60.458  21.795 0.4000000060
38247  -16.196  -59.747  21.088 0.4000000060
39274  -10.993  -58.955  22.154 0.4000000060
39289  -13.941  -58.146  21.805 0.4000000060
40272  -13.022  -58.030  21.927 0.4000000060
40286  -16.847  -58.141  21.144 0.3000000119
42459  -10.659  -55.520  21.354 0.3000000119
154853  -11.578  -77.481  5.458 0.6000000238
155318  -18.183  -92.415  6.062 0.3000000119
155429  -6.972  -86.055  8.131 0.6000000238
155773  -13.477  -95.314  -0.420 0.4000000060
156510  -15.858  -93.692  12.470 0.3000000119
157565  -14.782  -66.035  18.751 0.5000000000
157731  -14.526  -92.618  -1.833 0.4000000060
160307  -6.770  -70.210  15.388 0.5000000000
160565  -20.478  -90.552  0.354 0.4000000060
160648  -3.292  -84.388  3.610 0.6999999881
160871  -15.884  -78.240  8.828 0.5000000000
160900  -14.200  -95.418  -0.472 0.3000000119
160977  -18.141  -92.203  6.650 0.3000000119
161160  -12.710  -81.641  12.976 0.5000000000
161407  -2.942  -85.939  7.724 0.5000000000
161916  -4.914  -84.790  2.075 0.6999999881
162333  -7.575  -86.020  -1.462 0.6999999881
162611  -8.108  -80.730  3.735 0.6999999881
162751  -6.892  -76.884  11.555 0.8000000119
163029  -4.644  -84.380  4.573 0.6999999881
163154  -18.798  -77.321  5.402 0.4000000060
163496  -11.804  -81.693  13.013 0.5000000000
163753  -12.875  -79.931  15.699 0.6000000238
163780  -8.924  -81.529  2.843 0.6999999881
164080  -14.993  -89.630  -1.149 0.6000000238
164323  -10.631  -80.843  6.084 0.5000000000
164675  -5.895  -76.458  11.091 0.5000000000
164707  -14.454  -91.097  -1.945 0.6000000238
166223  -10.295  -81.435  2.771 0.6000000238
166484  -11.409  -87.259  -0.479 0.5000000000
167435  -16.634  -68.477  9.724 0.4000000060
167833  -6.066  -83.505  3.611 0.6999999881
168135  -7.633  -78.996  14.535 0.6999999881
168557  -17.627  -85.289  -3.294 0.6000000238
169331  -3.267  -75.581  18.709 0.5000000000
169618  -24.053  -92.608  3.777 0.3000000119
169700  -11.872  -82.011  6.386 0.6000000238
170116  -6.279  -70.682  15.443 0.6000000238
170346  -10.215  -70.711  17.397 0.8000000119
171454  -12.768  -60.845  18.553 0.3000000119
172382  -14.866  -65.323  18.772 0.5000000000
172562  -11.095  -73.126  17.645 0.6999999881
173007  -18.448  -94.852  7.426 0.3000000119
173158  -14.248  -77.023  6.731 0.6000000238
173193  -10.574  -66.932  14.716 0.5000000000
173204  -11.325  -87.906  -2.360 0.5000000000
173376  -11.835  -60.258  22.529 0.3000000119
173412  -10.633  -83.595  9.520 0.6000000238
174354  -6.217  -86.555  9.195 0.6000000238
175036  -10.950  -65.254  20.041 0.4000000060
175079  -1.878  -76.058  16.671 0.6000000238
175196  -4.807  -79.925  13.983 0.6000000238
175296  -13.466  -67.547  19.608 0.5000000000
175319  -24.198  -90.276  1.523 0.4000000060
175410  -13.286  -64.426  16.357 0.5000000000
175592  -2.497  -83.946  4.608 0.6000000238
175611  -3.681  -72.573  16.344 0.8000000119
175634  -10.416  -70.709  13.055 0.6000000238
176157  -13.470  -62.614  22.532 0.4000000060
176274  -24.364  -92.809  4.570 0.3000000119
177720  -9.373  -77.867  7.438 0.5000000000
177725  -5.196  -87.069  9.320 0.5000000000
178052  -18.162  -90.615  -0.551 0.4000000060
178075  -17.623  -92.738  3.232 0.3000000119
178226  -12.334  -68.654  14.459 0.4000000060
178348  -16.321  -83.045  1.542 0.6000000238
178409  -12.598  -64.368  15.787 0.5000000000
178568  -21.636  -90.088  -0.343 0.4000000060
178707  -8.095  -78.053  6.012 0.6000000238
179075  -15.061  -69.574  11.874 0.4000000060
179089  -19.123  -94.695  5.505 0.3000000119
179201  -14.377  -69.449  13.274 0.4000000060
179222  -13.488  -96.369  -0.159 0.4000000060
179366  -24.457  -86.524  -1.335 0.5000000000
179385  -8.854  -77.431  13.170 0.8000000119
179399  -3.959  -80.228  11.220 0.5000000000
179772  -8.525  -68.936  17.376 0.6999999881
179954  -16.973  -78.576  9.646 0.5000000000
180288  -14.097  -81.126  14.569 0.5000000000
180432  -13.579  -76.695  7.116 0.6000000238
180727  -3.473  -73.580  17.908 0.6000000238
181496  -16.289  -87.516  -3.284 0.6999999881
181775  -14.641  -80.418  -0.990 0.6000000238
181854  -8.869  -80.597  7.804 0.6000000238
181987  -6.791  -80.450  4.858 0.6000000238
182187  -7.766  -84.133  5.126 0.6999999881
182792  -10.144  -62.352  22.096 0.3000000119
182822  -10.523  -80.685  9.667 0.6000000238
183280  -6.484  -75.525  15.299 0.5000000000
183351  -8.703  -76.201  18.385 0.5000000000
183359  -12.227  -71.040  20.282 0.6999999881
183449  -12.767  -79.636  9.548 0.5000000000
183629  -9.496  -72.907  13.724 0.6000000238
183719  -9.098  -75.346  17.768 0.6000000238
183895  -13.157  -82.608  6.605 0.5000000000
184003  -9.715  -84.758  -1.692 0.6000000238
184208  -11.721  -87.432  -2.245 0.5000000000
184738  -5.993  -86.787  1.489 0.6999999881
185188  -14.499  -78.095  3.587 0.6000000238
185373  -10.811  -87.800  2.055 0.5000000000
185932  -12.803  -67.510  19.878 0.6000000238
186125  -9.407  -77.703  13.989 0.6999999881
186160  -6.114  -84.753  1.434 0.6999999881
186518  -12.003  -69.157  20.660 0.6999999881
186519  -10.914  -66.463  15.279 0.5000000000
186843  -24.384  -91.579  2.296 0.3000000119
186901  -13.708  -96.218  -0.126 0.3000000119
186991  -14.366  -79.708  4.044 0.5000000000
187197  -13.666  -64.154  21.229 0.5000000000
187235  -10.819  -71.491  17.404 0.8000000119
187484  -15.109  -93.005  11.500 0.3000000119
187497  -17.629  -91.264  -1.389 0.5000000000
187550  -10.483  -82.414  1.156 0.6999999881
187647  -16.346  -60.153  20.709 0.3000000119
187709  -8.119  -78.944  5.497 0.6000000238
188325  -13.992  -81.398  13.286 0.5000000000
188389  -13.935  -81.609  -1.333 0.6000000238
