#!ascii label  , from subject sub2 vox2ras=TkReg
1540
10190  -22.366  -85.155  -2.584 0.5000000000
11158  -20.458  -85.460  -2.837 0.6000000238
10100  -25.897  -86.851  4.607 0.3000000119
11157  -19.675  -85.216  -3.303 0.5000000000
10135  -26.724  -86.188  2.596 0.4000000060
158920  -26.515  -85.483  4.221 0.4000000060
11042  -27.130  -85.557  5.363 0.4000000060
10101  -26.401  -86.175  4.747 0.3000000119
11058  -26.892  -85.023  4.675 0.4000000060
12131  -21.100  -83.878  0.194 0.5000000000
12132  -21.485  -83.837  -0.781 0.5000000000
11147  -21.902  -84.725  -2.418 0.5000000000
11118  -20.766  -85.325  0.404 0.6000000238
11119  -21.053  -84.541  -0.719 0.5000000000
11146  -21.075  -85.317  -2.384 0.6000000238
9190  -25.485  -87.587  5.026 0.3000000119
175820  -20.147  -85.409  -1.898 0.5000000000
10134  -25.864  -86.155  1.512 0.5000000000
182685  -26.582  -86.103  2.383 0.5000000000
10082  -26.021  -86.950  5.255 0.3000000119
10169  -20.198  -85.844  -0.621 0.6000000238
11145  -20.216  -85.133  -2.911 0.5000000000
11057  -26.433  -84.946  4.184 0.5000000000
11074  -26.511  -85.812  3.271 0.4000000060
12044  -27.696  -84.302  5.347 0.4000000060
11043  -27.735  -85.223  5.818 0.3000000119
10083  -26.648  -86.380  5.531 0.3000000119
12070  -26.626  -84.271  4.549 0.4000000060
12071  -27.228  -84.044  4.866 0.4000000060
13001  -28.099  -83.656  5.275 0.4000000060
13024  -27.411  -83.523  4.590 0.4000000060
13019  -22.221  -82.802  4.264 0.6999999881
13033  -21.626  -83.124  3.554 0.6999999881
13042  -21.362  -83.289  2.618 0.6999999881
12149  -22.614  -84.553  -2.186 0.5000000000
13937  -21.958  -82.693  4.786 0.6999999881
171308  -21.600  -82.982  4.188 0.6999999881
13041  -20.955  -83.407  2.303 0.8000000119
13051  -21.216  -83.596  1.320 0.5000000000
182920  -20.570  -84.195  2.052 0.6999999881
11135  -24.061  -85.140  -1.071 0.5000000000
12084  -20.171  -83.901  3.273 0.6999999881
11120  -23.764  -84.950  0.103 0.4000000060
11103  -24.750  -85.773  0.712 0.5000000000
9180  -26.783  -87.913  5.761 0.3000000119
10133  -20.193  -86.065  2.151 0.6000000238
11086  -24.694  -85.864  1.968 0.5000000000
11087  -25.965  -85.716  2.715 0.5000000000
10069  -27.034  -87.095  6.060 0.3000000119
10147  -20.255  -86.212  1.068 0.5000000000
12069  -25.928  -84.277  4.213 0.5000000000
13952  -26.857  -82.729  3.218 0.4000000060
169991  -26.508  -83.739  4.283 0.4000000060
186241  -28.033  -83.062  4.759 0.4000000060
13002  -28.809  -82.919  5.194 0.4000000060
12045  -28.293  -84.412  5.874 0.4000000060
13969  -27.266  -82.377  2.471 0.3000000119
13940  -27.498  -82.885  4.107 0.4000000060
173591  -24.861  -81.847  6.926 0.5000000000
14889  -25.148  -81.517  6.276 0.6000000238
13924  -23.857  -81.694  5.136 0.6000000238
12999  -22.665  -82.425  4.736 0.6000000238
14859  -25.322  -81.412  8.415 0.5000000000
14873  -24.739  -81.766  7.746 0.6000000238
13911  -23.667  -82.114  6.166 0.6000000238
13922  -22.418  -82.519  5.502 0.6999999881
13052  -21.743  -83.447  1.034 0.6000000238
6484  -26.028  -91.048  5.587 0.3000000119
14841  -22.194  -81.220  9.090 0.6999999881
14857  -23.462  -81.631  8.692 0.6000000238
13887  -23.099  -82.258  8.150 0.6000000238
13900  -23.425  -82.317  7.189 0.6000000238
13910  -22.884  -82.390  6.319 0.6999999881
13018  -21.171  -83.172  4.754 0.6999999881
12098  -22.009  -83.621  2.005 0.6000000238
12113  -22.410  -83.768  0.941 0.6000000238
12142  -23.319  -84.178  -0.780 0.5000000000
15870  -22.613  -80.644  9.318 0.6999999881
14856  -22.611  -81.727  8.762 0.6000000238
13886  -22.222  -82.297  8.302 0.6000000238
13899  -22.636  -82.597  7.417 0.6000000238
12998  -21.077  -83.421  5.690 0.6999999881
12065  -20.115  -84.030  3.976 0.6999999881
11102  -23.681  -85.289  1.407 0.5000000000
15886  -21.430  -80.140  8.869 0.6999999881
14840  -21.401  -81.309  8.928 0.6000000238
13870  -20.961  -81.866  8.812 0.6999999881
12980  -20.731  -83.418  7.404 0.6000000238
12988  -20.593  -83.712  6.447 0.6000000238
11069  -20.104  -84.733  3.215 0.6999999881
11070  -22.790  -84.678  2.862 0.5000000000
11071  -23.666  -85.185  3.434 0.5000000000
13884  -20.527  -82.432  8.594 0.6000000238
171194  -19.937  -83.673  7.351 0.6000000238
11041  -19.628  -84.746  4.758 0.6000000238
11083  -19.992  -85.845  3.038 0.6000000238
170324  -19.733  -86.380  1.808 0.6000000238
184675  -24.739  -83.640  4.119 0.5000000000
11028  -28.096  -86.086  6.406 0.3000000119
13869  -20.214  -81.961  8.782 0.6999999881
174541  -19.838  -82.522  8.580 0.6000000238
12969  -20.045  -83.101  8.248 0.6000000238
12026  -19.281  -84.518  6.359 0.6000000238
12042  -19.003  -85.034  5.806 0.5000000000
11053  -18.900  -85.648  5.088 0.5000000000
10132  -18.613  -86.701  2.557 0.5000000000
10146  -19.435  -86.447  1.097 0.5000000000
13022  -25.418  -83.093  3.684 0.5000000000
14939  -27.623  -81.947  0.996 0.3000000119
14940  -28.094  -81.813  2.007 0.3000000119
14924  -28.515  -82.142  2.879 0.3000000119
13954  -28.880  -82.296  3.792 0.4000000060
13925  -29.132  -82.493  4.518 0.4000000060
10145  -18.472  -86.412  1.133 0.5000000000
14968  -26.826  -81.593  0.324 0.3000000119
172749  -27.062  -82.200  1.619 0.3000000119
13025  -28.375  -82.669  4.360 0.4000000060
15889  -26.678  -80.660  8.397 0.5000000000
14860  -26.096  -81.308  8.219 0.5000000000
14876  -27.502  -80.874  7.073 0.5000000000
14891  -26.979  -81.183  6.455 0.5000000000
16955  -25.313  -79.593  9.185 0.5000000000
16956  -26.054  -80.120  8.975 0.5000000000
15888  -25.768  -80.888  8.786 0.5000000000
14874  -25.601  -81.589  7.396 0.5000000000
14890  -26.025  -81.333  6.431 0.5000000000
14917  -25.606  -80.813  4.551 0.6000000238
164093  -24.925  -81.066  4.743 0.6000000238
16939  -23.873  -79.914  9.429 0.5000000000
14915  -24.376  -81.352  4.510 0.6000000238
12066  -22.660  -83.285  3.888 0.8000000119
184960  -27.782  -91.794  5.668 0.3000000119
166095  -22.738  -79.417  9.001 0.6000000238
16938  -23.034  -79.966  9.401 0.6000000238
15872  -24.334  -80.634  9.285 0.6000000238
14916  -24.970  -81.111  3.952 0.4000000060
6485  -27.303  -90.969  5.378 0.3000000119
13021  -24.120  -83.178  3.950 0.5000000000
12085  -22.179  -83.709  3.141 0.6000000238
8249  -27.430  -88.918  5.500 0.3000000119
9181  -27.650  -87.937  5.994 0.3000000119
16951  -21.048  -79.585  8.337 0.6999999881
14937  -25.433  -81.590  2.747 0.4000000060
15885  -20.711  -80.386  8.617 0.6000000238
184930  -20.556  -80.878  8.683 0.6999999881
166815  -24.583  -83.073  3.817 0.4000000060
12027  -29.046  -84.544  6.230 0.3000000119
15903  -19.576  -80.368  7.888 0.6000000238
15883  -19.229  -81.106  8.237 0.6999999881
12979  -19.319  -83.510  7.989 0.6000000238
12025  -18.584  -84.756  6.787 0.5000000000
178200  -18.420  -85.635  5.665 0.5000000000
175986  -18.745  -86.666  3.158 0.6000000238
13967  -25.795  -81.977  2.376 0.4000000060
15995  -26.373  -80.385  -2.157 0.3000000119
165553  -27.141  -81.407  -0.802 0.3000000119
14978  -27.510  -81.215  -1.687 0.3000000119
14969  -28.112  -81.539  -0.020 0.3000000119
14941  -29.287  -81.664  2.314 0.4000000060
178933  -29.543  -84.032  6.006 0.3000000119
12968  -19.100  -83.000  8.407 0.6000000238
12024  -17.764  -84.980  7.082 0.5000000000
11027  -18.130  -85.271  6.270 0.5000000000
10081  -18.212  -86.219  5.197 0.5000000000
10113  -18.343  -86.636  3.807 0.5000000000
177723  -17.257  -86.459  2.433 0.6000000238
10144  -17.684  -85.996  1.089 0.5000000000
13980  -26.039  -81.518  1.615 0.3000000119
14976  -26.461  -80.915  -0.374 0.3000000119
12978  -18.591  -83.755  8.119 0.5000000000
172731  -17.405  -86.390  5.255 0.5000000000
10112  -16.982  -86.491  3.155 0.5000000000
11067  -16.309  -85.914  3.274 0.5000000000
18025  -26.713  -78.659  8.560 0.5000000000
16957  -26.894  -79.623  8.546 0.5000000000
15905  -27.866  -80.188  7.464 0.5000000000
15923  -28.393  -80.138  6.147 0.5000000000
15922  -28.003  -80.609  5.895 0.5000000000
14906  -27.299  -80.907  5.715 0.5000000000
18023  -24.579  -78.352  8.562 0.5000000000
15890  -27.378  -80.173  8.133 0.5000000000
15954  -28.234  -80.384  4.344 0.4000000060
16954  -24.426  -79.172  9.158 0.5000000000
15953  -27.192  -80.562  4.054 0.4000000060
4859  -27.130  -92.669  6.148 0.3000000119
5668  -28.323  -91.607  6.023 0.3000000119
18021  -23.080  -78.631  8.449 0.6000000238
158565  -26.010  -80.563  3.805 0.4000000060
15952  -25.495  -80.786  3.692 0.4000000060
176834  -22.376  -78.436  7.895 0.6000000238
16952  -21.992  -79.226  8.593 0.6000000238
7397  -27.793  -90.025  5.318 0.3000000119
182735  -28.211  -89.482  5.191 0.3000000119
16968  -20.635  -79.180  7.608 0.6000000238
15981  -25.490  -81.090  2.656 0.4000000060
16981  -20.272  -78.992  6.882 0.6000000238
15987  -26.373  -80.768  1.113 0.4000000060
15986  -25.902  -81.145  1.408 0.4000000060
10071  -28.692  -86.854  6.333 0.3000000119
16967  -19.933  -79.702  7.337 0.6999999881
14967  -26.215  -81.256  0.831 0.3000000119
15994  -26.190  -80.348  -1.507 0.3000000119
16958  -27.544  -79.485  7.893 0.5000000000
16970  -28.045  -79.427  7.182 0.5000000000
16982  -28.375  -79.478  6.421 0.5000000000
16995  -28.603  -79.582  5.590 0.4000000060
174206  -25.309  -78.737  8.836 0.5000000000
17010  -28.755  -79.810  4.619 0.4000000060
158787  -25.304  -78.015  8.568 0.6000000238
172634  -28.377  -80.050  2.657 0.4000000060
15988  -27.897  -79.969  1.504 0.4000000060
167711  -28.523  -90.076  5.081 0.3000000119
6486  -28.131  -90.900  5.446 0.3000000119
18040  -21.121  -78.405  6.796 0.6000000238
15983  -27.145  -80.485  2.242 0.4000000060
15982  -25.841  -80.939  2.275 0.4000000060
17038  -26.427  -79.569  -0.477 0.4000000060
15991  -26.569  -80.577  -0.121 0.3000000119
17042  -25.976  -79.643  -1.446 0.3000000119
16979  -18.829  -79.890  6.130 0.6000000238
18026  -27.192  -78.881  8.190 0.5000000000
18059  -28.123  -78.705  6.694 0.5000000000
170830  -28.135  -77.472  5.249 0.4000000060
18090  -28.640  -78.600  4.976 0.4000000060
157395  -26.603  -77.903  8.581 0.5000000000
19074  -27.150  -78.086  8.279 0.5000000000
162209  -28.395  -77.875  3.172 0.4000000060
19090  -24.546  -77.743  8.358 0.6000000238
19071  -25.232  -77.192  8.797 0.6000000238
19072  -26.058  -77.372  8.852 0.6000000238
17030  -29.020  -78.692  3.053 0.4000000060
18042  -23.160  -77.800  7.454 0.6000000238
20209  -24.403  -77.072  8.467 0.6000000238
157029  -28.260  -78.808  1.272 0.4000000060
17035  -28.153  -79.283  1.130 0.4000000060
18041  -22.242  -78.002  7.022 0.6000000238
17039  -27.577  -78.856  0.337 0.4000000060
17034  -27.366  -79.808  0.445 0.4000000060
188120  -26.123  -78.044  -1.006 0.4000000060
8250  -28.264  -88.727  5.430 0.3000000119
9192  -29.036  -88.581  5.153 0.3000000119
18057  -21.963  -77.740  6.095 0.6000000238
17043  -26.056  -78.635  -1.448 0.4000000060
11031  -30.383  -85.536  5.798 0.3000000119
9183  -29.288  -87.554  5.717 0.3000000119
18056  -20.395  -78.668  6.059 0.6000000238
175271  -19.252  -79.585  5.559 0.6000000238
18075  -20.693  -78.373  4.951 0.6999999881
19113  -21.809  -77.458  4.769 0.6999999881
16994  -19.840  -79.116  5.330 0.6000000238
164460  -21.459  -78.098  4.208 0.6999999881
18089  -21.652  -78.206  2.952 0.6999999881
18088  -20.854  -78.643  3.658 0.6000000238
20227  -21.824  -76.815  4.969 0.6999999881
21340  -21.711  -75.941  4.220 0.6000000238
18097  -21.143  -79.007  2.224 0.6999999881
161625  -21.989  -77.654  2.594 0.6999999881
18058  -27.814  -77.999  6.919 0.5000000000
155959  -27.727  -76.990  5.710 0.5000000000
19073  -26.704  -77.169  8.399 0.5000000000
181631  -27.341  -76.761  7.008 0.5000000000
19103  -27.657  -77.282  6.592 0.5000000000
19114  -27.579  -76.724  4.856 0.5000000000
19125  -28.204  -77.411  4.477 0.4000000060
19133  -28.118  -77.355  3.716 0.4000000060
169465  -25.613  -76.634  9.026 0.6000000238
20201  -26.105  -76.462  8.859 0.6000000238
20210  -26.486  -76.135  8.343 0.6000000238
21325  -26.818  -75.122  6.593 0.6000000238
19138  -26.969  -76.958  1.873 0.4000000060
19089  -23.757  -77.452  7.927 0.6000000238
21306  -26.058  -75.474  8.802 0.6000000238
21313  -26.400  -75.311  8.203 0.6000000238
18105  -28.182  -78.133  2.194 0.4000000060
19102  -22.658  -77.439  6.435 0.6000000238
20208  -23.651  -76.837  7.803 0.6000000238
21304  -24.358  -75.747  9.029 0.6000000238
21299  -24.790  -74.772  9.006 0.6000000238
22372  -25.774  -74.523  8.777 0.6000000238
19145  -26.735  -77.706  0.249 0.4000000060
20264  -26.614  -76.275  -0.858 0.4000000060
20218  -22.815  -77.027  6.379 0.6000000238
21312  -23.223  -75.906  8.088 0.6000000238
21303  -23.719  -75.273  8.651 0.6000000238
22361  -24.699  -74.105  8.916 0.6000000238
23513  -26.208  -73.019  8.847 0.6000000238
19148  -26.368  -77.337  -0.530 0.4000000060
181490  -26.401  -76.933  -0.873 0.4000000060
19101  -22.074  -77.454  5.680 0.6000000238
20207  -22.885  -76.451  7.167 0.5000000000
21302  -22.946  -75.002  8.126 0.6000000238
23499  -24.286  -73.594  8.887 0.6000000238
23500  -25.583  -72.979  9.113 0.6000000238
24513  -26.591  -72.080  8.967 0.6999999881
156311  -21.121  -78.056  5.825 0.6999999881
20228  -22.216  -77.249  5.778 0.6000000238
21324  -22.278  -75.618  6.903 0.6000000238
23510  -23.007  -74.286  7.933 0.6000000238
24503  -25.805  -72.258  9.048 0.6000000238
25535  -27.724  -71.067  8.683 0.6000000238
25553  -30.154  -71.984  7.692 0.6000000238
23511  -23.336  -73.579  8.177 0.6000000238
24512  -24.434  -72.298  8.812 0.6000000238
25522  -26.042  -71.398  9.006 0.6000000238
25536  -28.587  -71.085  8.345 0.6000000238
21323  -21.947  -75.794  6.122 0.6000000238
22383  -22.443  -74.663  7.348 0.6000000238
25532  -23.924  -72.180  8.118 0.5000000000
26524  -24.976  -71.135  8.836 0.6000000238
26543  -27.214  -70.297  8.873 0.6000000238
23524  -23.167  -73.135  7.611 0.5000000000
18098  -21.947  -79.014  1.531 0.6999999881
20244  -22.161  -76.926  2.297 0.6999999881
22403  -21.596  -75.023  4.713 0.5000000000
23538  -22.340  -73.754  6.371 0.6000000238
24524  -23.382  -72.539  7.366 0.5000000000
26559  -24.723  -70.860  8.296 0.5000000000
24552  -22.658  -72.904  5.944 0.6000000238
17976  -17.309  -78.617  11.659 0.6000000238
179916  -18.477  -78.359  10.223 0.6000000238
17995  -17.665  -78.644  10.120 0.6000000238
20229  -27.326  -76.212  5.315 0.5000000000
20219  -27.410  -76.468  6.220 0.5000000000
20237  -27.051  -76.058  4.384 0.5000000000
169929  -26.839  -76.144  3.404 0.5000000000
19132  -27.480  -76.922  2.964 0.4000000060
178165  -26.267  -74.057  7.819 0.5000000000
22394  -27.009  -74.440  6.585 0.5000000000
23554  -27.929  -73.696  5.885 0.5000000000
183729  -26.508  -75.860  1.986 0.4000000060
20248  -26.364  -75.792  1.345 0.4000000060
23540  -27.485  -73.708  6.626 0.5000000000
23542  -29.264  -73.706  6.481 0.5000000000
186116  -26.612  -76.972  1.054 0.4000000060
20255  -26.165  -76.051  0.695 0.4000000060
187783  -26.887  -75.705  0.096 0.4000000060
24525  -27.732  -72.496  7.787 0.5000000000
186112  -28.649  -73.063  7.048 0.5000000000
23539  -26.733  -73.929  7.258 0.5000000000
19144  -26.349  -76.644  0.510 0.4000000060
24526  -28.654  -72.517  7.475 0.6000000238
24515  -28.176  -71.781  8.132 0.6000000238
24527  -29.527  -72.459  7.531 0.5000000000
25554  -30.920  -71.799  7.592 0.4000000060
25538  -30.888  -72.161  7.995 0.4000000060
24504  -30.793  -72.651  9.790 0.4000000060
27624  -27.630  -69.633  8.430 0.6000000238
26545  -28.998  -70.435  8.193 0.6000000238
25555  -31.302  -71.504  7.514 0.5000000000
25523  -30.908  -72.022  9.174 0.4000000060
25511  -30.996  -71.867  10.301 0.4000000060
25494  -31.158  -71.507  10.980 0.4000000060
17021  -20.322  -79.443  1.524 0.6999999881
26541  -25.374  -70.527  8.549 0.6000000238
27626  -29.352  -69.875  7.904 0.5000000000
26526  -31.176  -71.274  9.826 0.4000000060
22419  -21.861  -74.961  3.526 0.6000000238
25550  -23.732  -71.855  7.105 0.5000000000
26560  -25.144  -70.260  7.654 0.5000000000
27641  -28.645  -69.333  7.740 0.5000000000
27643  -31.567  -70.604  6.929 0.5000000000
26546  -31.760  -71.144  8.008 0.4000000060
26513  -31.335  -70.443  10.261 0.4000000060
174577  -22.172  -74.216  4.037 0.6000000238
27654  -25.870  -69.655  7.205 0.5000000000
17963  -17.462  -78.626  12.383 0.6999999881
17977  -17.933  -78.308  11.922 0.6000000238
166860  -19.208  -77.127  12.114 0.6999999881
19053  -18.875  -77.868  10.719 0.6000000238
178858  -19.495  -76.272  11.743 0.6000000238
18007  -18.405  -78.352  9.448 0.6000000238
20189  -19.568  -76.320  9.849 0.6000000238
21294  -19.652  -75.590  10.394 0.6000000238
22348  -19.866  -75.001  10.974 0.6000000238
23487  -20.262  -73.525  10.338 0.6000000238
18006  -17.660  -78.557  9.172 0.5000000000
19070  -19.393  -76.898  8.310 0.6000000238
20194  -19.373  -76.107  8.870 0.6000000238
21297  -19.477  -75.386  9.485 0.6000000238
23496  -19.699  -73.982  9.827 0.6000000238
179341  -18.316  -78.126  7.706 0.5000000000
158264  -18.923  -77.513  7.895 0.5000000000
22370  -19.342  -74.249  8.037 0.5000000000
23508  -19.594  -73.798  8.884 0.5000000000
22405  -27.144  -74.846  5.741 0.4000000060
22421  -27.483  -74.740  4.879 0.5000000000
183096  -27.181  -75.081  2.580 0.5000000000
21362  -26.740  -75.485  2.026 0.4000000060
19087  -19.242  -76.730  7.400 0.5000000000
20197  -19.384  -75.894  7.791 0.5000000000
23522  -19.073  -73.461  7.311 0.5000000000
24509  -19.621  -72.889  7.740 0.5000000000
22406  -28.160  -74.115  5.188 0.5000000000
21363  -27.568  -75.178  2.026 0.4000000060
21375  -28.103  -75.200  1.299 0.4000000060
22471  -29.551  -74.626  0.613 0.4000000060
19086  -18.760  -77.474  7.055 0.5000000000
21322  -19.227  -75.010  6.682 0.5000000000
22382  -18.940  -74.252  7.088 0.6000000238
181967  -18.871  -73.064  6.723 0.6000000238
21382  -27.534  -75.469  0.434 0.4000000060
21332  -19.312  -75.514  5.107 0.6000000238
169388  -19.209  -74.919  5.824 0.6000000238
22391  -18.850  -74.329  6.323 0.6999999881
24542  -29.831  -73.526  7.087 0.4000000060
166324  -30.305  -73.546  7.694 0.5000000000
18086  -17.801  -78.111  3.076 0.6000000238
23515  -30.567  -73.604  8.529 0.5000000000
23502  -31.237  -73.983  9.875 0.4000000060
19129  -18.683  -78.472  1.509 0.6000000238
23501  -30.778  -73.472  9.458 0.4000000060
18108  -20.146  -79.143  0.416 0.6000000238
19143  -21.774  -78.087  0.675 0.6000000238
24478  -31.746  -72.371  11.332 0.4000000060
158668  -21.660  -75.323  2.090 0.6000000238
166024  -22.194  -77.647  1.683 0.6999999881
23553  -22.437  -73.278  4.973 0.6000000238
177222  -22.958  -72.588  5.073 0.6000000238
25566  -23.872  -71.822  6.025 0.5000000000
25567  -24.238  -71.338  6.835 0.5000000000
17964  -18.256  -78.186  12.696 0.6999999881
20165  -19.435  -76.528  12.523 0.6999999881
21266  -19.695  -75.800  12.573 0.6000000238
170258  -19.807  -75.333  11.793 0.6000000238
21281  -20.243  -74.497  11.676 0.6000000238
163243  -20.503  -73.705  11.206 0.6000000238
23488  -20.862  -73.031  10.775 0.6999999881
24500  -21.028  -72.219  9.660 0.6000000238
23497  -20.088  -73.347  9.457 0.6000000238
22422  -28.246  -74.278  4.434 0.5000000000
22435  -27.461  -74.749  4.015 0.5000000000
21349  -26.976  -75.507  3.711 0.5000000000
22451  -27.339  -74.866  3.209 0.5000000000
24510  -20.260  -72.386  8.203 0.6000000238
25518  -20.755  -71.866  8.820 0.5000000000
22436  -28.329  -74.346  3.515 0.5000000000
22453  -29.062  -74.653  2.250 0.5000000000
22454  -29.772  -74.575  1.813 0.4000000060
25564  -19.323  -71.841  6.014 0.6000000238
23537  -19.198  -72.608  7.042 0.6000000238
26557  -20.593  -70.655  7.466 0.5000000000
23556  -29.426  -74.291  5.868 0.5000000000
19121  -18.608  -77.707  3.550 0.6000000238
19122  -19.098  -77.032  3.655 0.4000000060
20235  -19.141  -76.136  4.294 0.6000000238
22401  -18.927  -74.153  5.273 0.6000000238
24550  -19.063  -72.683  5.740 0.6000000238
25565  -19.683  -71.035  6.340 0.6000000238
163851  -30.448  -74.960  7.732 0.4000000060
22396  -30.006  -74.955  6.192 0.4000000060
20243  -19.323  -76.333  2.828 0.5000000000
183938  -19.114  -76.250  3.691 0.5000000000
21339  -19.158  -75.234  4.428 0.6000000238
22418  -19.174  -74.615  4.669 0.6999999881
23565  -19.849  -73.441  4.104 0.6000000238
24559  -19.375  -73.106  5.038 0.6000000238
24551  -19.587  -72.194  5.354 0.6000000238
185694  -30.530  -74.407  8.138 0.5000000000
19130  -18.916  -77.464  2.359 0.6000000238
22447  -19.602  -74.917  2.685 0.6000000238
23571  -19.558  -74.125  3.764 0.6000000238
24561  -21.216  -72.364  4.064 0.6000000238
25586  -21.448  -71.639  4.473 0.6000000238
26593  -21.684  -70.780  4.828 0.6000000238
22363  -30.933  -74.333  8.980 0.4000000060
170914  -19.521  -76.947  1.745 0.5000000000
21359  -19.595  -75.549  2.415 0.6000000238
23572  -20.473  -73.750  3.082 0.6000000238
25596  -22.265  -72.276  3.720 0.6000000238
25597  -22.946  -71.840  3.788 0.6000000238
19136  -19.687  -78.127  1.281 0.6000000238
20253  -21.189  -76.920  1.034 0.6000000238
21372  -21.007  -75.891  1.564 0.6000000238
22450  -22.175  -73.575  2.414 0.6000000238
24584  -21.615  -73.191  2.623 0.6000000238
23566  -22.467  -73.397  3.650 0.6000000238
22420  -22.373  -74.024  3.007 0.6000000238
163775  -24.402  -71.472  5.851 0.5000000000
26574  -25.421  -70.190  6.608 0.5000000000
169737  -17.610  -78.857  14.114 0.6999999881
19007  -18.834  -77.744  13.395 0.6999999881
17920  -17.147  -78.655  15.841 0.6999999881
17921  -17.950  -78.376  15.480 0.6999999881
18991  -18.618  -78.060  14.187 0.6999999881
160195  -19.543  -76.863  14.034 0.6999999881
21253  -20.108  -75.565  13.482 0.6000000238
23465  -20.803  -73.860  12.044 0.6000000238
24475  -21.544  -72.452  11.106 0.5000000000
25509  -21.671  -71.860  10.273 0.5000000000
25519  -21.403  -71.531  9.335 0.5000000000
25531  -21.081  -71.171  8.505 0.5000000000
22423  -29.127  -74.430  4.119 0.4000000060
22437  -29.229  -74.468  3.413 0.5000000000
21350  -30.697  -75.528  2.947 0.5000000000
21364  -30.472  -74.838  2.075 0.5000000000
22408  -29.830  -74.854  5.334 0.4000000060
164143  -30.599  -75.762  3.903 0.4000000060
26571  -20.359  -70.349  6.665 0.6000000238
187524  -20.862  -70.362  5.524 0.6000000238
156039  -21.398  -69.920  5.492 0.6000000238
26598  -23.214  -71.324  3.720 0.6000000238
26585  -22.433  -70.128  4.790 0.6000000238
24575  -22.671  -72.351  3.900 0.6000000238
25598  -23.540  -71.724  3.584 0.6000000238
26595  -23.221  -70.680  3.775 0.6000000238
169065  -22.561  -72.958  3.304 0.6000000238
25599  -24.478  -71.523  3.341 0.5000000000
25575  -24.357  -71.919  4.944 0.6000000238
25588  -24.799  -71.679  3.989 0.5000000000
25576  -24.923  -71.498  5.042 0.5000000000
17903  -15.785  -78.205  16.568 0.6999999881
17905  -17.580  -78.032  16.277 0.6999999881
18980  -19.154  -77.471  15.424 0.6999999881
20134  -19.650  -76.941  14.838 0.6999999881
21219  -20.107  -76.347  15.187 0.6000000238
21235  -19.877  -76.281  14.209 0.6999999881
22324  -20.630  -74.695  13.317 0.4000000060
17902  -15.003  -78.123  16.484 0.6999999881
178003  -16.143  -77.628  16.682 0.6999999881
18966  -18.052  -77.373  16.639 0.6000000238
18968  -19.634  -76.849  15.778 0.6000000238
23466  -21.496  -73.477  12.406 0.5000000000
18977  -13.489  -77.596  15.478 0.6999999881
18963  -14.862  -77.195  16.194 0.6999999881
24476  -22.254  -72.151  11.598 0.5000000000
20133  -13.042  -76.815  15.039 0.6999999881
25492  -22.037  -71.793  11.022 0.5000000000
163214  -12.687  -76.125  14.649 0.6000000238
21232  -12.362  -75.383  14.090 0.6000000238
22322  -12.093  -74.545  13.226 0.6000000238
22347  -11.678  -73.786  11.199 0.5000000000
23464  -12.853  -73.020  11.619 0.5000000000
21351  -31.287  -76.037  3.675 0.4000000060
21365  -31.198  -75.312  2.203 0.4000000060
26600  -24.984  -71.344  2.686 0.6000000238
21220  -20.517  -75.694  15.484 0.5000000000
157957  -20.659  -75.225  14.057 0.5000000000
159853  -16.037  -77.083  16.827 0.6000000238
20102  -17.424  -76.568  16.995 0.6000000238
156202  -19.354  -76.481  16.554 0.6000000238
161713  -20.057  -76.179  16.069 0.6000000238
23450  -21.801  -74.262  14.220 0.5000000000
181329  -21.267  -74.284  13.584 0.5000000000
23467  -22.296  -73.143  12.742 0.5000000000
20119  -13.737  -76.676  15.323 0.6999999881
20100  -15.521  -76.608  16.515 0.6000000238
20101  -16.360  -76.463  16.922 0.6000000238
21198  -17.882  -75.860  17.232 0.6000000238
21182  -19.243  -75.164  17.401 0.6000000238
181634  -22.860  -71.943  11.934 0.5000000000
21216  -13.833  -75.955  15.245 0.6999999881
21218  -15.121  -75.846  15.815 0.6000000238
22290  -15.493  -75.077  16.075 0.6000000238
22292  -16.742  -74.686  16.968 0.6000000238
22281  -18.572  -74.404  17.556 0.6000000238
21233  -13.100  -75.611  14.823 0.6000000238
22304  -14.691  -75.080  15.647 0.6000000238
171962  -15.174  -74.396  15.905 0.6000000238
22305  -16.012  -74.270  16.360 0.6000000238
22313  -12.778  -74.768  14.384 0.6000000238
167494  -13.256  -74.072  14.687 0.6000000238
23438  -14.634  -73.640  15.604 0.6000000238
23439  -15.477  -73.533  15.998 0.6000000238
22323  -12.669  -73.892  13.665 0.5000000000
23456  -12.367  -73.766  12.187 0.5000000000
24442  -13.549  -72.765  13.663 0.5000000000
23449  -13.805  -73.253  14.811 0.6000000238
157701  -15.134  -72.982  15.628 0.6000000238
21352  -32.223  -75.996  3.583 0.4000000060
24470  -11.829  -72.808  10.681 0.5000000000
24451  -13.530  -72.671  12.362 0.5000000000
24443  -14.291  -72.407  14.199 0.6000000238
24444  -14.983  -72.062  14.665 0.6000000238
24489  -12.939  -72.402  9.872 0.5000000000
24474  -13.945  -72.269  10.369 0.5000000000
24459  -13.372  -72.530  11.052 0.4000000060
24452  -14.207  -72.269  12.948 0.5000000000
25459  -14.866  -71.749  13.507 0.6000000238
22307  -21.652  -74.618  15.138 0.6000000238
23451  -22.435  -73.758  14.257 0.5000000000
23459  -22.739  -73.322  13.576 0.5000000000
22293  -20.833  -74.772  16.587 0.6000000238
23441  -22.157  -73.924  15.540 0.5000000000
24463  -23.423  -72.146  12.560 0.5000000000
22282  -19.518  -74.317  17.506 0.6999999881
23425  -21.464  -73.560  16.731 0.6999999881
23422  -16.830  -73.849  16.773 0.6000000238
23407  -18.816  -73.631  17.636 0.6999999881
162081  -16.909  -73.115  16.776 0.6000000238
23424  -18.147  -73.094  17.504 0.6999999881
24420  -16.609  -72.444  16.468 0.6000000238
24421  -17.444  -72.574  17.136 0.6999999881
25449  -15.591  -71.764  15.279 0.6000000238
25436  -16.632  -71.623  16.295 0.6999999881
26491  -12.323  -70.909  10.837 0.5000000000
25506  -13.606  -71.776  9.605 0.5000000000
161230  -14.464  -71.823  11.050 0.4000000060
25467  -15.329  -71.342  12.555 0.6000000238
25460  -15.375  -71.389  14.319 0.6000000238
26505  -13.007  -71.410  10.000 0.5000000000
25490  -14.595  -71.676  9.982 0.4000000060
25477  -15.242  -71.473  11.171 0.5000000000
23460  -23.399  -72.865  13.797 0.5000000000
23443  -23.115  -73.292  14.401 0.5000000000
22294  -21.557  -74.340  16.157 0.6000000238
23427  -22.722  -73.184  15.860 0.5000000000
24437  -23.307  -72.384  15.678 0.5000000000
23408  -19.787  -73.345  17.513 0.6999999881
171957  -18.914  -72.918  17.616 0.6999999881
24401  -18.391  -72.344  17.427 0.6000000238
25450  -16.157  -71.262  15.675 0.6999999881
162870  -17.774  -71.746  17.182 0.6000000238
26455  -15.788  -70.774  13.946 0.6000000238
26441  -16.329  -70.517  15.361 0.6000000238
26507  -14.561  -70.623  9.287 0.5000000000
26494  -15.813  -70.871  10.737 0.4000000060
26466  -15.759  -70.731  12.965 0.6000000238
27592  -15.140  -70.174  9.364 0.4000000060
26508  -15.695  -70.701  9.775 0.4000000060
26495  -16.299  -70.358  10.427 0.5000000000
26483  -16.328  -70.359  12.326 0.5000000000
24422  -21.246  -72.906  17.161 0.6000000238
24423  -22.714  -72.304  16.404 0.5000000000
24404  -21.331  -71.998  17.315 0.6000000238
183841  -22.164  -72.018  16.920 0.5000000000
162718  -20.357  -71.899  17.504 0.6000000238
25420  -19.692  -71.400  17.554 0.6000000238
25421  -20.596  -71.227  17.464 0.5000000000
161035  -19.026  -70.748  17.525 0.6000000238
26442  -16.703  -70.017  15.897 0.6999999881
27520  -17.710  -69.951  16.977 0.5000000000
26456  -16.282  -70.326  14.453 0.6000000238
26467  -16.355  -70.297  13.422 0.5000000000
26509  -16.098  -70.021  9.509 0.4000000060
27555  -16.894  -69.861  12.758 0.5000000000
35242  -12.546  -62.814  14.260 0.4000000060
35226  -13.375  -62.121  14.800 0.3000000119
34147  -13.745  -62.880  14.813 0.4000000060
25440  -22.821  -70.977  16.913 0.5000000000
33071  -13.037  -64.306  13.924 0.3000000119
33055  -14.560  -64.058  15.106 0.4000000060
172841  -19.928  -70.638  17.643 0.5000000000
26409  -21.817  -70.688  17.281 0.5000000000
30880  -14.389  -66.195  14.001 0.3000000119
33073  -15.256  -64.839  14.939 0.4000000060
26408  -19.371  -69.948  17.635 0.5000000000
30896  -15.127  -66.723  13.352 0.3000000119
27519  -17.264  -69.547  16.368 0.6000000238
27544  -16.886  -69.696  13.957 0.6999999881
28630  -17.591  -68.762  15.789 0.6000000238
27581  -17.084  -69.115  10.902 0.5000000000
179557  -17.319  -69.377  13.167 0.5000000000
27570  -17.309  -69.344  12.185 0.4000000060
164664  -18.073  -68.536  13.811 0.4000000060
36251  -12.592  -61.240  16.284 0.3000000119
36264  -12.630  -61.774  15.386 0.3000000119
36266  -14.088  -61.255  15.553 0.3000000119
35227  -14.308  -62.291  15.377 0.3000000119
34148  -15.077  -63.415  15.601 0.4000000060
162585  -21.544  -69.890  17.514 0.5000000000
31920  -14.795  -65.494  14.475 0.4000000060
33056  -15.752  -64.293  15.531 0.4000000060
27501  -20.706  -69.555  17.858 0.5000000000
31936  -15.465  -65.998  13.786 0.4000000060
31937  -16.168  -65.270  13.094 0.4000000060
27499  -18.895  -69.171  17.479 0.5000000000
27500  -19.844  -69.155  17.811 0.5000000000
31947  -15.817  -66.207  12.500 0.4000000060
28605  -18.659  -68.551  17.088 0.5000000000
28651  -17.919  -68.588  14.619 0.5000000000
28631  -18.373  -68.310  16.356 0.5000000000
28701  -16.610  -68.550  9.700 0.3000000119
28688  -17.216  -68.236  10.189 0.4000000060
28668  -18.329  -68.232  13.374 0.4000000060
175223  -18.966  -67.499  14.903 0.4000000060
175831  -12.427  -60.514  18.060 0.3000000119
37270  -13.557  -60.745  15.843 0.3000000119
35212  -15.013  -61.886  16.023 0.4000000060
34134  -15.555  -62.772  16.203 0.4000000060
27521  -24.486  -69.669  16.841 0.4000000060
34149  -16.196  -63.645  16.051 0.4000000060
27504  -24.194  -69.066  17.377 0.4000000060
31921  -15.833  -65.267  14.325 0.4000000060
33057  -16.901  -64.314  14.735 0.4000000060
27502  -22.203  -69.380  17.670 0.4000000060
33074  -16.532  -64.678  14.072 0.4000000060
28606  -19.289  -68.421  17.454 0.5000000000
31948  -16.247  -65.559  11.642 0.4000000060
30923  -16.434  -66.716  10.401 0.3000000119
28632  -18.943  -67.894  16.836 0.5000000000
29793  -17.830  -66.755  10.783 0.3000000119
169131  -12.547  -59.966  16.935 0.3000000119
159180  -13.574  -59.723  16.246 0.3000000119
188246  -14.675  -60.466  16.060 0.3000000119
36253  -15.313  -61.204  16.353 0.4000000060
35213  -16.005  -62.069  16.675 0.4000000060
163488  -17.713  -61.910  16.039 0.3000000119
180123  -17.302  -62.622  16.181 0.4000000060
27522  -25.396  -68.696  16.156 0.4000000060
29749  -25.937  -67.806  15.056 0.4000000060
33058  -17.431  -63.653  14.893 0.4000000060
28609  -23.775  -68.542  17.827 0.4000000060
174802  -21.399  -69.085  17.981 0.4000000060
33087  -16.665  -64.319  12.951 0.3000000119
182480  -20.695  -68.053  18.083 0.4000000060
184083  -16.134  -66.075  11.513 0.3000000119
33100  -16.575  -64.606  11.673 0.3000000119
31971  -17.647  -65.817  10.040 0.3000000119
29747  -18.985  -67.397  14.168 0.4000000060
39305  -12.990  -58.537  18.093 0.3000000119
179067  -14.896  -59.731  16.289 0.4000000060
37272  -15.736  -60.457  16.673 0.4000000060
36255  -17.314  -61.169  16.467 0.4000000060
30883  -26.824  -66.476  14.338 0.4000000060
29735  -26.281  -67.228  15.664 0.4000000060
35228  -17.671  -62.744  15.473 0.4000000060
28610  -24.541  -68.334  17.588 0.4000000060
33075  -17.134  -64.036  13.932 0.4000000060
28596  -23.235  -67.949  18.159 0.4000000060
29702  -24.093  -67.790  18.006 0.4000000060
34190  -16.883  -63.895  11.997 0.3000000119
28595  -22.343  -68.063  18.268 0.4000000060
33123  -17.790  -64.917  9.980 0.3000000119
29700  -20.317  -67.495  17.687 0.5000000000
164753  -16.832  -65.182  10.553 0.3000000119
31972  -18.520  -65.112  9.599 0.3000000119
30858  -19.914  -66.890  16.949 0.5000000000
155827  -18.556  -66.875  12.852 0.3000000119
29733  -19.367  -67.117  15.488 0.4000000060
28679  -18.162  -68.100  12.490 0.4000000060
39340  -12.922  -58.243  17.144 0.3000000119
36267  -17.841  -60.920  15.437 0.3000000119
159404  -17.925  -61.884  15.009 0.3000000119
30871  -26.664  -66.558  15.278 0.4000000060
155449  -17.567  -63.223  13.668 0.3000000119
29705  -26.145  -67.287  16.724 0.4000000060
30859  -26.523  -66.527  16.180 0.3000000119
164527  -17.558  -62.756  12.481 0.3000000119
29695  -23.567  -67.165  18.256 0.4000000060
187132  -25.979  -66.887  17.433 0.4000000060
33124  -18.114  -64.154  10.080 0.3000000119
33125  -18.952  -64.266  9.613 0.3000000119
30822  -21.363  -66.659  18.135 0.4000000060
169440  -18.417  -65.878  10.459 0.3000000119
30897  -18.638  -66.175  12.872 0.3000000119
30898  -18.872  -66.103  13.764 0.3000000119
30870  -19.511  -66.487  15.365 0.3000000119
178978  -17.926  -61.882  14.060 0.3000000119
170812  -17.627  -60.581  13.279 0.3000000119
35255  -17.790  -62.279  13.345 0.3000000119
30838  -26.360  -66.409  17.016 0.3000000119
30836  -25.293  -66.791  17.960 0.4000000060
30837  -25.832  -66.119  17.600 0.4000000060
34218  -19.024  -63.339  10.328 0.3000000119
172501  -23.081  -66.461  18.433 0.4000000060
30824  -24.494  -66.199  18.278 0.4000000060
33101  -19.076  -64.660  10.599 0.3000000119
31949  -18.763  -65.498  11.493 0.3000000119
30834  -20.257  -66.109  17.105 0.3000000119
187791  -19.452  -66.011  15.067 0.3000000119
34219  -19.333  -62.529  10.634 0.3000000119
33102  -19.172  -63.953  11.607 0.3000000119
171672  -23.641  -65.704  18.471 0.3000000119
31874  -24.503  -65.325  18.431 0.3000000119
182534  -18.930  -64.703  12.031 0.3000000119
31873  -21.617  -65.820  18.240 0.3000000119
31938  -18.987  -65.627  14.140 0.3000000119
182911  -20.475  -65.413  17.379 0.3000000119
35268  -20.484  -61.961  11.835 0.3000000119
36310  -20.452  -61.345  11.864 0.3000000119
34192  -19.614  -63.354  12.486 0.3000000119
33016  -23.133  -65.016  18.521 0.3000000119
35256  -20.111  -62.887  13.033 0.3000000119
35258  -21.188  -61.614  13.471 0.3000000119
29767  -18.621  -67.567  13.314 0.4000000060
30924  -17.460  -66.832  9.946 0.3000000119
30910  -18.367  -66.406  11.809 0.3000000119
166437  -21.378  -83.403  1.826 0.6000000238
13066  -22.243  -83.413  0.149 0.5000000000
12140  -22.011  -84.018  -1.641 0.5000000000
11133  -20.697  -85.301  -1.447 0.5000000000
12141  -22.717  -83.928  -1.338 0.5000000000
10148  -25.297  -86.306  0.235 0.5000000000
13032  -20.896  -83.218  3.029 0.6999999881
182899  -22.850  -82.618  4.221 0.6999999881
13017  -20.470  -83.565  4.262 0.6999999881
175441  -20.302  -83.952  2.641 0.6999999881
11121  -24.688  -85.802  -0.412 0.4000000060
12083  -19.944  -84.610  3.919 0.6999999881
175678  -24.417  -85.634  2.984 0.5000000000
176182  -28.811  -86.016  6.468 0.3000000119
11056  -25.144  -84.712  4.216 0.5000000000
181116  -26.366  -82.398  2.537 0.3000000119
15937  -26.695  -80.746  4.785 0.6000000238
14904  -25.384  -81.128  5.449 0.6000000238
159442  -27.731  -80.641  5.037 0.5000000000
14843  -23.712  -81.107  9.151 0.6000000238
13921  -21.732  -83.006  5.573 0.6999999881
167351  -26.341  -90.147  5.410 0.3000000119
13898  -21.835  -82.798  7.768 0.6000000238
175417  -22.124  -82.956  6.624 0.6000000238
12997  -20.411  -83.776  5.349 0.6999999881
12086  -23.092  -84.442  3.669 0.5000000000
11085  -23.564  -85.347  2.516 0.6000000238
12133  -22.974  -83.828  0.108 0.5000000000
12043  -19.722  -84.395  5.538 0.6000000238
11054  -19.397  -85.521  4.336 0.6999999881
10098  -18.692  -86.269  4.487 0.5000000000
12028  -29.893  -84.883  6.002 0.3000000119
14854  -19.700  -81.613  8.610 0.6000000238
10097  -17.863  -86.561  4.570 0.5000000000
168275  -28.891  -81.616  1.590 0.3000000119
13938  -24.015  -82.114  4.183 0.5000000000
167424  -30.278  -84.088  5.611 0.3000000119
10096  -17.002  -86.589  4.618 0.5000000000
17023  -28.967  -79.503  3.082 0.4000000060
8265  -28.807  -89.450  4.873 0.3000000119
18076  -21.602  -77.725  5.116 0.6999999881
20217  -22.229  -76.672  5.864 0.6000000238
22392  -21.640  -75.119  5.595 0.6000000238
177326  -24.895  -75.556  9.202 0.6000000238
173268  -27.605  -74.295  5.497 0.5000000000
20256  -26.309  -76.236  1.423 0.4000000060
167219  -26.006  -73.869  8.482 0.6000000238
23525  -26.560  -73.504  8.078 0.5000000000
24501  -24.491  -72.918  9.007 0.6000000238
165673  -30.566  -72.285  7.794 0.4000000060
18109  -21.483  -79.037  0.615 0.6000000238
20247  -22.143  -77.032  1.398 0.6999999881
19060  -19.042  -77.871  9.780 0.6000000238
167043  -27.155  -75.507  5.067 0.4000000060
23543  -29.800  -74.231  6.615 0.4000000060
23489  -30.992  -73.201  10.195 0.4000000060
28723  -27.385  -69.092  7.934 0.4000000060
17032  -19.543  -79.293  0.830 0.6000000238
19041  -19.329  -77.191  11.229 0.6000000238
21301  -19.364  -75.169  8.467 0.6000000238
22438  -29.729  -74.696  2.729 0.5000000000
160223  -19.325  -75.854  5.992 0.5000000000
24523  -19.871  -72.072  7.370 0.6000000238
185792  -19.154  -76.761  5.856 0.4000000060
22449  -21.786  -74.404  2.318 0.5000000000
21315  -30.828  -75.380  7.488 0.5000000000
24572  -20.880  -72.901  3.393 0.6000000238
22448  -20.695  -74.555  2.442 0.5000000000
20148  -11.225  -76.113  13.630 0.6000000238
24472  -12.785  -72.638  10.133 0.5000000000
21200  -19.719  -75.739  16.804 0.5000000000
21196  -15.849  -75.733  16.560 0.6000000238
184173  -17.414  -75.118  17.268 0.6000000238
21183  -20.118  -75.029  17.094 0.6000000238
22314  -13.984  -74.263  15.462 0.6000000238
25489  -12.136  -71.614  10.491 0.5000000000
166894  -23.335  -73.009  15.119 0.5000000000
25437  -17.221  -71.256  16.686 0.6000000238
25507  -14.298  -71.432  9.363 0.5000000000
27534  -16.625  -69.791  15.059 0.6000000238
34164  -13.334  -63.519  14.324 0.3000000119
25422  -21.325  -71.116  17.292 0.5000000000
27595  -16.995  -69.248  10.151 0.3000000119
26411  -23.209  -70.280  17.218 0.4000000060
27503  -23.020  -69.632  17.526 0.4000000060
28678  -17.585  -68.561  11.671 0.4000000060
29792  -17.416  -67.363  10.101 0.3000000119
29724  -19.375  -67.262  16.442 0.5000000000
28633  -24.901  -68.759  16.927 0.4000000060
38292  -12.869  -59.317  16.609 0.3000000119
34202  -17.252  -63.918  11.042 0.3000000119
29693  -21.847  -67.386  18.346 0.4000000060
29748  -19.360  -67.007  14.646 0.3000000119
34191  -17.367  -63.297  11.689 0.3000000119
30857  -19.566  -66.808  16.091 0.4000000060
39341  -13.367  -57.662  16.993 0.3000000119
35278  -18.407  -62.611  10.766 0.3000000119
30823  -22.180  -66.537  18.436 0.4000000060
162212  -19.553  -63.165  11.295 0.3000000119
185993  -14.181  -83.505  3.212 0.5000000000
13030  -14.819  -83.848  3.235 0.5000000000
12082  -15.359  -84.464  3.283 0.5000000000
11066  -15.803  -85.136  3.391 0.4000000060
13015  -13.126  -83.817  4.339 0.5000000000
12080  -13.992  -84.131  3.890 0.5000000000
12063  -14.406  -84.732  4.493 0.5000000000
12064  -15.175  -85.173  4.106 0.5000000000
11052  -15.482  -85.742  4.722 0.5000000000
180004  -16.226  -86.228  4.663 0.4000000060
12061  -12.972  -83.864  5.255 0.4000000060
12062  -13.632  -84.376  4.794 0.5000000000
160590  -15.208  -85.582  5.309 0.5000000000
168715  -16.597  -86.278  5.288 0.4000000060
12040  -13.519  -84.351  5.661 0.5000000000
12041  -13.987  -84.745  5.979 0.5000000000
174352  -14.110  -84.845  5.271 0.5000000000
12007  -14.803  -84.756  7.264 0.5000000000
11023  -15.041  -85.269  6.645 0.5000000000
11010  -15.455  -85.212  7.156 0.5000000000
11011  -16.142  -85.237  7.216 0.5000000000
11012  -16.966  -85.141  7.182 0.4000000060
12006  -14.103  -84.305  6.977 0.5000000000
174696  -15.857  -84.057  7.863 0.5000000000
12009  -16.568  -84.599  7.693 0.5000000000
11999  -17.859  -84.065  8.215 0.5000000000
15918  -14.298  -81.046  5.571 0.5000000000
184494  -14.034  -83.255  7.207 0.5000000000
13893  -14.463  -82.925  7.289 0.5000000000
13894  -15.402  -82.614  7.364 0.5000000000
13909  -15.891  -81.919  6.963 0.5000000000
12977  -15.995  -83.236  7.932 0.5000000000
13895  -16.244  -82.471  7.728 0.5000000000
13880  -16.797  -83.059  8.275 0.5000000000
12967  -18.181  -83.354  8.382 0.5000000000
14886  -15.314  -81.361  5.600 0.5000000000
15949  -16.182  -80.718  3.830 0.5000000000
14887  -16.279  -81.414  6.369 0.5000000000
15934  -16.714  -81.010  4.729 0.5000000000
15951  -17.742  -80.778  4.094 0.5000000000
14869  -16.544  -81.735  7.362 0.5000000000
14888  -16.885  -81.061  6.795 0.5000000000
15921  -18.132  -80.381  5.692 0.5000000000
14870  -17.361  -81.492  7.634 0.5000000000
15901  -17.610  -80.848  7.144 0.5000000000
13896  -17.045  -82.291  8.118 0.5000000000
13881  -17.644  -82.875  8.438 0.5000000000
13883  -19.379  -82.273  8.590 0.5000000000
17027  -17.475  -79.226  1.680 0.5000000000
17028  -18.472  -79.594  1.392 0.6000000238
174535  -17.689  -80.580  3.111 0.5000000000
15936  -18.080  -80.458  4.810 0.5000000000
162815  -19.279  -79.879  3.383 0.5000000000
17009  -19.262  -79.677  4.666 0.5000000000
14871  -18.288  -81.153  7.865 0.5000000000
16966  -19.207  -80.068  7.059 0.5000000000
14852  -17.950  -82.070  8.250 0.5000000000
18095  -17.886  -78.558  1.778 0.5000000000
18101  -18.428  -79.170  1.120 0.5000000000
18096  -20.145  -79.322  2.922 0.6000000238
15838  -14.909  -80.239  11.619 0.5000000000
16909  -16.117  -79.186  11.702 0.6000000238
14820  -14.556  -81.079  13.121 0.5000000000
188453  -15.793  -79.664  12.260 0.5000000000
17962  -16.814  -78.962  12.061 0.6000000238
16882  -16.508  -79.590  13.333 0.6000000238
15810  -15.357  -80.600  13.503 0.5000000000
16881  -16.112  -80.242  14.045 0.6000000238
16870  -15.862  -80.311  14.938 0.5000000000
16883  -17.114  -79.264  13.663 0.6000000238
16872  -17.086  -79.402  14.551 0.6000000238
164379  -14.201  -80.325  15.569 0.5000000000
16855  -15.827  -79.704  15.690 0.6000000238
17934  -17.521  -78.937  15.032 0.6000000238
16853  -13.784  -79.638  15.856 0.5000000000
16854  -14.764  -79.630  15.922 0.5000000000
17933  -12.120  -78.288  15.401 0.5000000000
18989  -11.678  -77.365  14.828 0.6000000238
20164  -10.321  -75.907  12.054 0.6000000238
20147  -10.561  -76.328  13.213 0.5000000000
18978  -14.276  -77.974  16.032 0.6000000238
17918  -14.469  -78.865  16.199 0.5000000000
188420  -11.633  -76.578  14.293 0.5000000000
21265  -10.918  -74.900  11.253 0.6000000238
21250  -10.888  -75.693  12.655 0.6000000238
22333  -11.854  -74.369  12.072 0.6000000238
13004  -30.601  -83.288  4.863 0.3000000119
14943  -31.154  -81.960  2.595 0.3000000119
14918  -29.781  -82.163  4.115 0.3000000119
14001  -31.493  -82.549  -0.587 0.3000000119
170365  -29.879  -81.517  1.632 0.3000000119
13926  -29.785  -82.621  4.880 0.3000000119
13003  -29.668  -83.343  5.540 0.3000000119
11026  -17.341  -85.500  6.487 0.4000000060
15902  -18.354  -80.485  6.847 0.5000000000
18087  -20.018  -79.187  4.219 0.5000000000
17975  -17.057  -78.670  10.961 0.5000000000
10095  -15.837  -85.918  5.299 0.4000000060
11025  -16.559  -85.555  6.576 0.5000000000
12976  -15.190  -83.428  7.711 0.5000000000
14884  -13.645  -81.525  6.188 0.5000000000
13907  -14.753  -82.335  6.885 0.5000000000
185293  -14.747  -80.574  4.664 0.5000000000
15933  -15.668  -80.854  4.625 0.5000000000
15919  -16.710  -80.925  5.705 0.5000000000
17008  -18.471  -80.277  3.999 0.5000000000
13941  -30.517  -82.493  4.173 0.3000000119
14958  -30.137  -81.658  0.715 0.3000000119
14959  -30.862  -82.382  0.424 0.3000000119
13955  -30.506  -81.985  3.411 0.3000000119
159259  -30.693  -81.755  1.645 0.3000000119
13991  -30.886  -82.568  -0.706 0.3000000119
30825  -25.185  -65.789  18.085 0.3000000119
5667  -27.557  -92.421  5.956 0.3000000119
6487  -28.787  -90.677  5.425 0.3000000119
7396  -26.917  -89.699  5.421 0.3000000119
8263  -25.421  -88.545  5.300 0.3000000119
9182  -28.480  -87.825  6.003 0.3000000119
9191  -25.971  -87.735  5.457 0.3000000119
9219  -26.027  -86.927  3.635 0.3000000119
10070  -27.848  -87.016  6.329 0.3000000119
10079  -16.194  -85.816  5.935 0.4000000060
10080  -16.963  -85.996  5.900 0.4000000060
10084  -27.327  -86.216  6.087 0.3000000119
10099  -19.255  -86.241  3.630 0.6000000238
10111  -15.914  -85.852  4.047 0.4000000060
10131  -17.940  -86.596  1.945 0.5000000000
11024  -15.794  -85.490  6.633 0.5000000000
11029  -29.294  -85.464  6.335 0.3000000119
11030  -29.943  -85.734  6.108 0.3000000119
11039  -14.671  -85.193  5.808 0.5000000000
11040  -17.750  -85.924  5.825 0.5000000000
11044  -28.513  -85.267  6.282 0.3000000119
11051  -14.768  -85.307  4.924 0.5000000000
11055  -23.977  -84.787  4.086 0.5000000000
11059  -27.296  -84.730  5.058 0.4000000060
11068  -19.787  -85.446  3.695 0.6999999881
11072  -24.755  -85.330  3.694 0.5000000000
11073  -26.049  -85.342  3.710 0.5000000000
11084  -22.799  -84.674  1.870 0.6000000238
11101  -20.602  -85.258  1.578 0.6999999881
11134  -21.420  -84.512  -1.718 0.6000000238
11159  -21.470  -85.469  -2.445 0.5000000000
11998  -17.227  -84.132  7.991 0.5000000000
12008  -15.644  -84.782  7.535 0.5000000000
12010  -17.438  -84.583  7.690 0.5000000000
12011  -19.123  -84.154  7.328 0.5000000000
12022  -13.640  -84.214  6.415 0.5000000000
12023  -14.318  -84.809  6.567 0.5000000000
12046  -28.879  -83.703  5.869 0.4000000060
12067  -23.502  -84.050  3.977 0.5000000000
12068  -24.153  -84.124  4.227 0.5000000000
12081  -14.750  -84.496  3.808 0.5000000000
12097  -20.359  -85.068  2.472 0.6999999881
12112  -20.858  -84.094  1.279 0.6999999881
12114  -23.108  -84.447  0.907 0.5000000000
12150  -23.382  -84.684  -1.702 0.5000000000
12965  -16.650  -83.796  8.033 0.5000000000
12966  -17.426  -83.566  8.266 0.5000000000
12974  -13.674  -83.586  6.933 0.5000000000
12975  -14.454  -83.781  7.388 0.5000000000
12981  -21.456  -83.209  7.336 0.6000000238
12987  -19.899  -84.143  6.409 0.6000000238
12989  -21.337  -83.370  6.515 0.6000000238
13000  -23.327  -82.191  4.348 0.6999999881
13016  -20.061  -84.104  4.715 0.6999999881
13020  -23.435  -83.178  4.012 0.5000000000
13023  -26.548  -83.139  3.885 0.4000000060
13031  -20.529  -83.544  2.783 0.6999999881
13040  -20.710  -83.672  2.140 0.8000000119
13065  -21.587  -83.525  0.169 0.5000000000
13080  -22.088  -83.584  -0.684 0.5000000000
13882  -18.533  -82.617  8.456 0.5000000000
13885  -21.357  -82.340  8.498 0.6000000238
13897  -20.990  -82.950  8.121 0.6000000238
13901  -24.212  -82.074  7.024 0.6000000238
13908  -15.331  -81.981  6.510 0.5000000000
13912  -24.379  -81.747  6.130 0.6000000238
13923  -23.131  -82.167  5.331 0.6000000238
13939  -24.598  -82.008  3.666 0.4000000060
13950  -25.365  -82.207  3.167 0.4000000060
13951  -25.960  -82.606  3.125 0.3000000119
13953  -27.899  -82.541  3.493 0.3000000119
13968  -26.407  -82.110  1.883 0.3000000119
13970  -31.335  -82.420  1.478 0.3000000119
14839  -20.799  -81.498  8.799 0.6999999881
14842  -23.003  -81.202  9.232 0.6999999881
14853  -18.834  -81.834  8.484 0.6000000238
14855  -21.758  -81.744  8.773 0.6000000238
14858  -24.384  -81.404  8.684 0.5000000000
14872  -23.926  -82.002  7.954 0.6000000238
14875  -26.683  -81.256  7.451 0.5000000000
14885  -14.596  -81.846  6.219 0.5000000000
14892  -27.594  -80.836  6.374 0.5000000000
14902  -16.193  -81.206  5.419 0.5000000000
14903  -24.632  -81.330  5.334 0.6000000238
14905  -26.306  -81.004  5.567 0.6000000238
14923  -25.118  -81.610  3.319 0.4000000060
14925  -29.571  -81.949  3.200 0.4000000060
14938  -25.689  -81.344  2.153 0.4000000060
14942  -30.294  -81.672  2.484 0.3000000119
14956  -26.539  -81.902  1.162 0.3000000119
14957  -29.140  -81.560  0.799 0.3000000119
14977  -26.672  -80.867  -1.550 0.3000000119
15790  -15.078  -80.276  15.386 0.5000000000
15823  -15.245  -80.341  12.440 0.5000000000
15867  -20.412  -81.319  8.703 0.6999999881
15868  -20.994  -80.900  8.914 0.6999999881
15869  -21.805  -80.718  9.095 0.6000000238
15871  -23.415  -80.591  9.374 0.6000000238
15873  -25.209  -80.419  9.170 0.5000000000
15884  -20.076  -80.830  8.431 0.6999999881
15887  -25.059  -81.035  9.015 0.5000000000
15904  -27.322  -80.708  7.793 0.5000000000
15906  -28.261  -79.979  6.826 0.5000000000
15920  -17.483  -80.697  6.226 0.5000000000
15935  -17.403  -80.750  5.010 0.5000000000
15938  -28.373  -80.283  5.288 0.5000000000
15950  -17.088  -81.060  3.704 0.5000000000
15968  -25.326  -81.095  3.239 0.4000000060
15969  -25.653  -80.733  3.111 0.4000000060
15970  -26.367  -80.463  3.107 0.4000000060
15971  -27.866  -80.435  3.335 0.4000000060
16000  -26.418  -80.128  -2.665 0.3000000119
16838  -15.317  -78.930  16.343 0.6999999881
16856  -16.779  -79.332  15.403 0.6000000238
16871  -16.501  -79.930  14.839 0.6000000238
16893  -15.905  -79.970  13.007 0.5000000000
16894  -16.348  -79.408  12.500 0.6000000238
16895  -17.006  -79.129  12.812 0.6000000238
16908  -15.453  -79.682  11.664 0.5000000000
16925  -16.119  -78.696  10.922 0.5000000000
16937  -22.237  -80.016  9.148 0.6000000238
16940  -24.634  -79.944  9.379 0.5000000000
16950  -20.268  -79.954  8.142 0.6999999881
16953  -23.490  -79.275  9.106 0.6000000238
16969  -21.515  -78.741  7.777 0.6000000238
16980  -19.659  -79.417  6.360 0.6000000238
16993  -18.639  -79.966  5.194 0.5000000000
17011  -29.113  -79.195  3.873 0.4000000060
17020  -19.297  -79.764  2.024 0.6000000238
17022  -28.677  -79.987  3.660 0.4000000060
17029  -19.454  -79.529  1.007 0.6000000238
17033  -20.411  -79.304  0.837 0.6000000238
17037  -26.174  -80.292  -0.862 0.3000000119
17045  -25.979  -79.258  -2.022 0.3000000119
17904  -16.646  -78.155  16.468 0.6999999881
17919  -16.260  -78.890  16.185 0.6999999881
17935  -18.126  -78.483  14.584 0.6999999881
17948  -17.595  -78.713  13.204 0.6000000238
17949  -18.202  -78.375  13.681 0.6999999881
17994  -16.573  -78.565  10.281 0.6000000238
18020  -18.295  -78.275  8.599 0.5000000000
18022  -23.890  -78.655  8.706 0.5000000000
18024  -26.072  -78.318  8.710 0.5000000000
18043  -23.883  -78.057  8.208 0.6000000238
18044  -27.608  -78.578  7.554 0.5000000000
18077  -28.450  -78.866  5.961 0.5000000000
18099  -28.697  -78.222  3.893 0.4000000060
18102  -19.091  -79.135  0.692 0.5000000000
18103  -21.437  -79.235  1.028 0.6000000238
18104  -22.008  -78.940  0.845 0.6000000238
18110  -27.604  -78.044  1.034 0.4000000060
18113  -26.378  -78.421  -0.641 0.4000000060
18964  -15.544  -77.472  16.613 0.6000000238
18965  -16.899  -77.334  16.728 0.6999999881
18967  -18.959  -77.221  16.318 0.6000000238
18976  -12.925  -78.389  15.601 0.5000000000
18979  -18.468  -77.847  15.964 0.6999999881
18990  -12.637  -77.509  15.173 0.6000000238
18992  -19.142  -77.496  14.341 0.6999999881
19006  -11.023  -76.852  14.074 0.5000000000
19008  -19.315  -77.152  13.567 0.6999999881
19025  -18.875  -77.633  12.556 0.6999999881
19040  -18.687  -77.858  11.748 0.6000000238
19054  -19.432  -77.192  10.271 0.6000000238
19061  -19.458  -77.104  9.291 0.6000000238
19069  -18.949  -77.769  8.775 0.5000000000
19088  -23.228  -77.226  7.063 0.6000000238
19091  -27.395  -77.493  7.621 0.5000000000
19099  -18.726  -77.417  6.225 0.4000000060
19100  -19.164  -76.688  6.545 0.5000000000
19112  -18.905  -77.252  4.558 0.4000000060
19115  -28.135  -77.983  6.031 0.5000000000
19123  -21.860  -77.686  3.673 0.6999999881
19124  -27.452  -76.634  3.994 0.4000000060
19131  -22.075  -78.406  1.608 0.6999999881
19137  -22.093  -78.068  0.926 0.6999999881
19142  -20.828  -78.183  0.678 0.6000000238
19152  -26.483  -76.955  -1.415 0.4000000060
20103  -18.485  -76.633  16.894 0.6000000238
20120  -14.515  -76.390  15.578 0.6999999881
20132  -12.285  -76.697  14.714 0.6999999881
20149  -11.915  -75.962  13.987 0.6000000238
20150  -19.587  -76.435  13.310 0.6999999881
20198  -24.006  -76.242  8.681 0.6000000238
20199  -24.885  -76.357  9.132 0.6000000238
20200  -25.544  -75.951  9.137 0.6000000238
20206  -19.359  -75.898  6.899 0.5000000000
20211  -26.990  -76.546  7.692 0.5000000000
20226  -19.247  -76.471  5.169 0.4000000060
20236  -21.923  -77.023  3.643 0.6999999881
20246  -20.113  -76.174  1.672 0.5000000000
20249  -26.653  -76.220  2.404 0.4000000060
20254  -21.986  -77.240  0.939 0.6999999881
20259  -26.558  -75.985  -0.016 0.4000000060
20263  -26.385  -76.514  -0.125 0.4000000060
21181  -18.267  -75.148  17.383 0.6000000238
21197  -16.766  -75.620  17.097 0.6000000238
21199  -18.893  -75.922  17.211 0.6000000238
21201  -20.439  -75.469  16.332 0.6000000238
21217  -14.445  -75.695  15.469 0.6000000238
21234  -13.695  -75.128  15.222 0.6000000238
21236  -20.368  -75.732  14.533 0.5000000000
21251  -11.280  -75.260  12.187 0.6000000238
21252  -11.692  -75.225  13.235 0.6000000238
21267  -20.122  -75.007  12.556 0.6000000238
21280  -19.702  -75.704  11.138 0.6000000238
21298  -24.363  -75.174  8.956 0.6000000238
21305  -25.433  -75.113  9.038 0.6000000238
21307  -31.364  -75.213  8.170 0.5000000000
21311  -19.280  -74.951  7.509 0.6000000238
21314  -26.705  -75.624  7.543 0.6000000238
21326  -27.099  -76.006  6.826 0.5000000000
21327  -30.568  -75.546  6.551 0.4000000060
21333  -21.677  -75.885  5.273 0.6000000238
21341  -27.140  -75.347  4.400 0.5000000000
21347  -19.122  -75.665  3.727 0.6000000238
21348  -21.885  -75.963  2.962 0.6999999881
21360  -20.340  -75.311  2.013 0.5000000000
21361  -21.965  -76.034  2.006 0.6999999881
21373  -21.734  -76.214  1.483 0.6000000238
21374  -26.920  -75.444  1.329 0.4000000060
21385  -27.222  -75.717  -0.627 0.4000000060
22280  -17.576  -74.334  17.308 0.6000000238
22283  -20.389  -74.202  17.194 0.6999999881
22291  -16.140  -75.044  16.604 0.6000000238
22306  -21.086  -75.106  15.814 0.6000000238
22308  -22.217  -74.093  14.869 0.5000000000
22315  -20.963  -75.248  14.884 0.5000000000
22321  -11.654  -74.813  12.472 0.6000000238
22325  -21.194  -74.773  14.172 0.5000000000
22332  -11.403  -74.627  11.588 0.6000000238
22334  -20.544  -74.390  12.495 0.6000000238
22335  -21.010  -73.997  12.895 0.4000000060
22354  -19.661  -74.746  10.107 0.6000000238
22355  -19.960  -74.202  10.712 0.6000000238
22359  -19.489  -74.532  9.152 0.6000000238
22360  -24.103  -74.438  8.822 0.6000000238
22362  -25.265  -74.281  8.953 0.6000000238
22371  -23.447  -74.392  8.420 0.6000000238
22373  -26.173  -74.646  8.352 0.5000000000
22381  -18.745  -73.669  6.605 0.6000000238
22384  -26.524  -74.647  7.412 0.6000000238
22385  -30.207  -75.021  7.052 0.5000000000
22390  -18.699  -73.851  5.924 0.6999999881
22393  -21.908  -74.839  6.359 0.6000000238
22395  -27.402  -74.185  6.018 0.5000000000
22402  -19.167  -74.771  5.157 0.6000000238
22404  -21.895  -74.262  5.271 0.6000000238
22424  -29.891  -75.023  3.762 0.4000000060
22431  -19.213  -74.815  3.769 0.6000000238
22432  -19.764  -74.421  3.123 0.6000000238
22433  -21.829  -74.801  2.597 0.6000000238
22434  -22.242  -73.906  2.575 0.6000000238
22452  -28.085  -74.651  2.668 0.5000000000
22461  -21.297  -75.247  1.909 0.6000000238
22462  -28.478  -75.047  1.977 0.4000000060
22463  -29.142  -74.804  1.365 0.4000000060
22464  -29.947  -74.244  1.037 0.4000000060
23406  -18.081  -73.768  17.512 0.6999999881
23409  -20.770  -73.477  17.192 0.6999999881
23423  -17.465  -73.441  17.215 0.6999999881
23426  -21.983  -73.584  16.184 0.6000000238
23440  -16.237  -73.294  16.408 0.6000000238
23442  -22.742  -73.610  15.047 0.5000000000
23448  -13.152  -73.354  14.046 0.5000000000
23457  -12.945  -73.179  13.002 0.5000000000
23458  -21.821  -73.733  13.377 0.5000000000
23477  -12.295  -73.047  10.922 0.5000000000
23478  -13.024  -72.956  10.672 0.5000000000
23479  -21.160  -73.214  11.585 0.5000000000
23498  -23.759  -73.775  8.629 0.6000000238
23509  -19.939  -73.138  8.570 0.5000000000
23512  -25.635  -73.664  8.903 0.6000000238
23514  -26.977  -72.708  8.363 0.6000000238
23523  -22.884  -73.744  7.397 0.5000000000
23526  -27.280  -73.271  7.522 0.5000000000
23527  -28.050  -73.105  7.021 0.5000000000
23528  -30.193  -74.285  7.348 0.4000000060
23536  -18.796  -73.191  6.157 0.6000000238
23541  -28.527  -73.432  6.533 0.5000000000
23552  -18.900  -73.492  5.474 0.6000000238
23555  -28.690  -73.939  5.817 0.5000000000
23564  -19.168  -73.992  4.613 0.6000000238
23573  -22.232  -73.111  2.611 0.6000000238
23574  -22.453  -73.376  2.810 0.6000000238
23579  -21.463  -73.853  2.461 0.6000000238
24402  -19.496  -72.286  17.550 0.6999999881
24403  -20.514  -72.649  17.403 0.6000000238
24434  -14.625  -72.740  15.127 0.6000000238
24435  -15.229  -72.425  15.334 0.6000000238
24436  -15.750  -72.602  15.921 0.6000000238
24453  -23.069  -72.800  13.005 0.5000000000
24454  -23.648  -72.453  13.300 0.5000000000
24460  -14.080  -72.264  11.664 0.4000000060
24461  -21.897  -72.842  11.935 0.5000000000
24462  -22.639  -72.523  12.276 0.5000000000
24471  -12.477  -72.617  10.292 0.5000000000
24473  -13.276  -72.506  9.993 0.5000000000
24477  -31.174  -72.136  10.937 0.4000000060
24488  -12.253  -71.963  9.942 0.5000000000
24490  -13.279  -72.396  9.813 0.5000000000
24491  -13.780  -72.070  9.718 0.5000000000
24492  -20.654  -72.884  9.959 0.6000000238
24493  -21.171  -72.497  10.359 0.6999999881
24494  -31.388  -72.793  10.721 0.4000000060
24499  -20.497  -72.670  9.104 0.6000000238
24502  -25.054  -72.457  9.066 0.6000000238
24511  -23.848  -72.984  8.682 0.6000000238
24514  -27.365  -71.874  8.595 0.6999999881
24516  -30.640  -72.805  8.850 0.4000000060
24528  -30.110  -72.800  7.478 0.5000000000
24538  -19.051  -72.507  6.412 0.6000000238
24539  -22.909  -73.037  6.846 0.5000000000
24540  -23.256  -72.385  6.227 0.5000000000
24541  -29.272  -73.074  7.083 0.5000000000
24553  -23.745  -72.265  5.026 0.6000000238
24554  -24.011  -71.775  4.182 0.5000000000
24560  -20.189  -72.694  4.566 0.6000000238
24562  -22.683  -72.682  4.088 0.6000000238
24563  -23.305  -72.166  4.210 0.6000000238
24573  -21.876  -72.725  3.001 0.6000000238
24574  -22.435  -72.894  3.044 0.6000000238
25419  -18.717  -71.568  17.438 0.6000000238
25438  -22.017  -71.372  17.112 0.5000000000
25439  -22.590  -71.643  16.732 0.5000000000
25476  -14.716  -71.803  12.167 0.5000000000
25491  -15.378  -71.268  10.079 0.4000000060
25493  -22.683  -71.441  11.352 0.5000000000
25505  -12.776  -71.955  9.859 0.5000000000
25508  -15.005  -71.124  9.341 0.5000000000
25510  -22.282  -71.292  10.593 0.5000000000
25516  -14.298  -71.046  9.197 0.5000000000
25517  -14.672  -70.999  9.193 0.5000000000
25520  -24.841  -71.790  8.881 0.6000000238
25521  -25.323  -71.622  8.972 0.6000000238
25524  -31.364  -71.430  8.869 0.4000000060
25530  -20.489  -71.452  7.889 0.5000000000
25533  -24.539  -71.567  8.543 0.5000000000
25534  -26.873  -71.164  9.008 0.6000000238
25537  -29.433  -71.214  8.066 0.4000000060
25539  -31.290  -71.653  8.216 0.5000000000
25548  -19.446  -71.813  6.697 0.6000000238
25549  -19.926  -71.110  7.072 0.6000000238
25551  -24.252  -71.376  7.817 0.5000000000
25552  -29.105  -71.823  7.920 0.6000000238
25573  -19.795  -71.288  5.612 0.6000000238
25574  -20.695  -71.059  5.240 0.6000000238
25585  -20.383  -71.827  4.893 0.6000000238
25587  -22.434  -71.488  4.087 0.6000000238
25600  -25.413  -71.809  3.021 0.5000000000
26407  -18.463  -69.958  17.388 0.5000000000
26410  -22.413  -70.172  17.339 0.5000000000
26425  -16.647  -70.846  16.110 0.6999999881
26426  -17.201  -70.419  16.570 0.6999999881
26427  -17.993  -70.833  17.162 0.6000000238
26440  -15.840  -70.946  14.869 0.6000000238
26478  -11.528  -70.995  11.486 0.5000000000
26482  -15.756  -70.839  11.882 0.5000000000
26506  -13.780  -70.993  9.378 0.5000000000
26512  -31.174  -71.022  10.688 0.4000000060
26519  -14.757  -70.649  9.259 0.5000000000
26520  -15.331  -70.367  9.357 0.4000000060
26525  -25.531  -70.975  8.921 0.6000000238
26527  -31.644  -70.803  9.220 0.4000000060
26539  -21.278  -70.444  8.097 0.5000000000
26542  -26.216  -70.458  8.877 0.6000000238
26544  -28.092  -70.317  8.562 0.6000000238
26561  -30.206  -70.940  7.754 0.6000000238
26562  -31.320  -71.291  7.185 0.5000000000
26563  -31.845  -71.104  7.109 0.5000000000
26573  -24.833  -70.861  6.452 0.5000000000
26584  -20.189  -70.537  5.912 0.6000000238
26594  -22.591  -70.877  4.131 0.6000000238
26599  -23.944  -71.166  3.115 0.6000000238
26601  -25.852  -71.419  2.637 0.6000000238
27498  -17.965  -69.070  16.987 0.6000000238
27535  -16.993  -69.401  15.621 0.6000000238
27545  -17.191  -69.160  14.842 0.6999999881
27556  -17.522  -69.022  13.910 0.5000000000
27569  -16.733  -69.920  11.452 0.5000000000
27578  -14.991  -69.954  9.493 0.4000000060
27580  -16.603  -69.613  10.199 0.4000000060
27607  -15.668  -69.813  9.383 0.4000000060
27623  -26.783  -69.608  8.504 0.6000000238
27625  -28.430  -69.732  8.201 0.6000000238
27638  -25.887  -69.766  8.248 0.5000000000
27639  -26.591  -69.235  7.710 0.5000000000
27640  -27.998  -69.244  7.990 0.5000000000
27680  -23.823  -70.501  3.430 0.6000000238
27681  -24.472  -70.650  2.847 0.6000000238
28594  -21.424  -68.225  18.211 0.4000000060
28607  -20.048  -68.256  17.804 0.5000000000
28608  -22.889  -68.790  17.911 0.4000000060
28611  -25.164  -68.103  17.373 0.4000000060
28634  -25.546  -68.085  16.813 0.4000000060
28643  -18.428  -68.144  15.282 0.4000000060
28652  -18.614  -68.050  14.188 0.4000000060
28667  -17.771  -68.738  12.969 0.4000000060
28700  -16.307  -68.944  9.442 0.3000000119
29694  -22.704  -67.264  18.370 0.4000000060
29696  -24.399  -67.031  18.157 0.4000000060
29699  -19.592  -67.660  17.277 0.5000000000
29701  -21.048  -67.439  18.102 0.4000000060
29703  -24.910  -67.637  17.835 0.4000000060
29704  -25.592  -67.517  17.427 0.4000000060
29732  -18.825  -67.597  15.937 0.5000000000
29734  -25.805  -67.941  15.954 0.4000000060
29750  -26.274  -67.114  14.746 0.4000000060
29780  -17.693  -67.694  11.241 0.4000000060
29781  -18.219  -67.272  12.149 0.4000000060
30835  -20.627  -66.762  17.637 0.4000000060
30881  -18.945  -66.833  13.796 0.3000000119
30882  -19.270  -66.312  14.516 0.3000000119
30936  -17.845  -66.151  10.084 0.3000000119
31875  -25.212  -64.957  18.234 0.3000000119
31884  -20.875  -65.975  17.778 0.3000000119
31885  -25.761  -65.304  17.786 0.3000000119
31886  -26.335  -65.550  17.238 0.4000000060
31922  -19.308  -65.534  14.796 0.3000000119
31962  -16.563  -66.039  10.567 0.3000000119
31963  -18.954  -65.174  9.900 0.3000000119
31973  -18.931  -64.880  9.324 0.3000000119
33072  -14.134  -64.689  14.563 0.4000000060
33088  -18.846  -65.289  13.138 0.3000000119
33089  -19.105  -64.166  13.099 0.3000000119
33113  -17.179  -64.497  10.557 0.3000000119
33114  -19.163  -63.892  10.282 0.3000000119
34135  -16.581  -62.832  16.421 0.4000000060
34146  -12.856  -62.682  14.287 0.4000000060
34150  -17.143  -63.444  15.911 0.4000000060
34177  -17.189  -63.607  12.766 0.3000000119
34203  -17.870  -63.273  10.720 0.3000000119
34204  -19.349  -63.063  10.693 0.3000000119
34217  -18.610  -63.448  10.358 0.3000000119
35214  -17.005  -62.016  16.635 0.4000000060
35225  -12.759  -62.316  14.664 0.3000000119
35243  -17.810  -62.645  14.431 0.4000000060
35257  -20.567  -62.180  12.966 0.3000000119
35267  -20.034  -62.584  12.087 0.3000000119
35280  -19.850  -62.374  11.113 0.3000000119
35291  -18.886  -62.632  10.519 0.3000000119
36240  -12.569  -61.379  16.946 0.3000000119
36252  -12.867  -61.061  15.869 0.3000000119
36254  -16.402  -61.278  16.799 0.4000000060
36265  -13.169  -61.658  15.286 0.3000000119
36281  -17.806  -61.135  14.217 0.3000000119
36297  -20.840  -61.497  12.648 0.3000000119
37256  -12.493  -60.664  17.267 0.3000000119
37269  -13.063  -60.262  16.373 0.3000000119
37271  -14.121  -60.145  15.862 0.3000000119
37273  -16.580  -60.476  16.637 0.4000000060
38293  -13.210  -58.649  16.558 0.3000000119
38295  -15.885  -59.566  16.683 0.4000000060
39304  -12.620  -58.719  17.570 0.3000000119
39339  -12.709  -58.715  16.851 0.3000000119
40315  -13.247  -57.037  17.420 0.3000000119
155482  -19.589  -76.397  10.777 0.6000000238
156841  -19.427  -86.421  2.650 0.6000000238
157765  -31.634  -75.778  2.808 0.4000000060
157948  -22.040  -68.701  18.023 0.4000000060
158064  -27.152  -75.651  5.913 0.5000000000
158085  -17.893  -86.820  2.992 0.5000000000
158407  -30.478  -72.853  7.978 0.4000000060
158554  -26.777  -75.609  2.765 0.5000000000
158705  -16.612  -86.463  3.954 0.5000000000
159222  -23.779  -69.801  17.307 0.4000000060
159333  -19.495  -73.533  8.095 0.5000000000
159403  -20.726  -69.928  6.013 0.6000000238
159468  -15.451  -85.569  5.949 0.5000000000
159528  -28.673  -79.246  2.069 0.4000000060
159756  -24.581  -70.868  7.503 0.5000000000
160448  -14.181  -77.163  15.673 0.6999999881
161007  -15.413  -71.198  13.487 0.6000000238
161015  -25.494  -70.770  5.449 0.5000000000
161857  -17.450  -86.690  3.867 0.5000000000
162267  -28.377  -81.468  -1.026 0.3000000119
162711  -21.780  -77.821  4.163 0.6999999881
163173  -20.475  -83.521  3.428 0.6999999881
163302  -19.228  -77.112  12.893 0.6999999881
163834  -19.133  -64.608  9.602 0.3000000119
164416  -25.031  -69.359  16.321 0.4000000060
164765  -17.061  -67.514  9.749 0.3000000119
165019  -18.974  -86.600  1.900 0.5000000000
165814  -30.383  -70.112  7.482 0.5000000000
166005  -20.237  -77.150  1.141 0.6000000238
166153  -21.980  -72.806  16.713 0.6000000238
167061  -30.416  -82.095  -0.300 0.3000000119
167180  -26.076  -79.176  8.815 0.5000000000
167667  -15.828  -81.590  6.161 0.5000000000
167970  -23.462  -72.856  8.089 0.5000000000
168089  -19.744  -66.219  16.297 0.4000000060
169805  -19.069  -64.740  14.201 0.3000000119
169858  -20.673  -68.729  18.041 0.5000000000
169912  -16.258  -70.506  11.341 0.5000000000
170216  -18.644  -78.032  15.020 0.6999999881
170587  -25.483  -83.797  4.161 0.5000000000
171079  -20.995  -83.157  3.820 0.6999999881
171202  -28.910  -74.439  2.927 0.5000000000
171446  -18.074  -78.473  11.056 0.6000000238
172330  -25.021  -73.421  9.084 0.6000000238
172472  -22.556  -65.598  18.451 0.3000000119
172700  -26.185  -81.033  0.604 0.3000000119
172739  -18.206  -84.433  7.696 0.5000000000
173168  -14.890  -67.211  13.186 0.3000000119
173454  -22.465  -76.411  6.469 0.5000000000
173704  -13.290  -76.230  15.030 0.6999999881
174116  -26.399  -87.165  5.660 0.3000000119
174746  -16.239  -64.653  14.939 0.4000000060
174822  -16.175  -71.950  15.915 0.6000000238
175063  -28.020  -80.455  6.665 0.5000000000
175450  -17.116  -71.934  16.789 0.6999999881
175682  -20.863  -70.457  17.509 0.5000000000
175758  -16.666  -79.681  14.083 0.6000000238
175939  -11.360  -75.599  13.180 0.6000000238
176993  -20.582  -85.591  -0.460 0.5000000000
177007  -19.331  -75.391  7.190 0.5000000000
177083  -13.751  -83.005  2.749 0.5000000000
177321  -22.648  -75.517  7.602 0.6000000238
178222  -31.002  -72.517  10.406 0.4000000060
179393  -19.722  -61.973  10.730 0.3000000119
179847  -22.696  -83.622  -0.519 0.5000000000
179956  -18.656  -64.682  9.405 0.3000000119
179957  -12.707  -58.917  18.095 0.3000000119
180308  -23.572  -72.765  14.477 0.5000000000
180356  -22.261  -73.758  4.470 0.6000000238
180378  -27.584  -83.859  5.072 0.4000000060
180437  -26.489  -75.713  0.678 0.4000000060
181134  -18.473  -65.432  9.770 0.3000000119
181499  -16.719  -64.144  15.463 0.4000000060
181869  -16.310  -80.971  4.717 0.5000000000
182208  -15.147  -84.220  7.676 0.5000000000
182257  -18.948  -79.349  0.826 0.6000000238
182430  -20.119  -69.965  17.777 0.5000000000
182554  -16.677  -78.824  11.462 0.6000000238
182693  -24.919  -83.993  4.288 0.5000000000
183382  -23.839  -66.508  18.324 0.4000000060
183665  -19.298  -75.446  3.144 0.6000000238
184457  -18.592  -77.930  8.247 0.5000000000
184605  -21.922  -78.631  0.719 0.6000000238
184888  -14.611  -74.392  15.698 0.6000000238
186395  -16.498  -80.640  3.113 0.5000000000
186432  -15.010  -76.474  15.978 0.6000000238
186480  -27.987  -73.428  6.449 0.5000000000
186818  -12.668  -60.632  16.554 0.3000000119
187101  -18.924  -74.374  5.708 0.6000000238
187117  -18.925  -80.639  7.630 0.5000000000
187746  -21.065  -74.124  16.813 0.6999999881
187877  -23.546  -69.185  17.610 0.4000000060
188028  -18.288  -77.928  2.341 0.6000000238
188049  -31.032  -82.328  3.461 0.3000000119
188103  -26.100  -79.080  -1.049 0.4000000060
188339  -26.747  -85.628  4.904 0.4000000060
