#!ascii label  , from subject sub2 vox2ras=TkReg
675
11927  -37.496  -84.503  12.885 0.0000000000
156381  -39.228  -80.387  10.475 0.0000000000
20136  -32.906  -76.089  14.157 0.0000000000
15891  -32.839  -80.834  8.910 0.0000000000
168362  -39.472  -76.525  16.361 0.0000000000
178385  -36.442  -82.901  16.887 0.0000000000
21147  -32.073  -75.415  19.151 0.0000000000
23327  -29.972  -73.039  23.984 0.0000000000
20062  -36.227  -76.528  19.805 0.0000000000
21241  -36.570  -75.341  14.466 0.0000000000
20066  -39.224  -76.995  20.187 0.0000000000
14765  -32.179  -80.677  17.505 0.0000000000
15749  -30.683  -79.565  20.119 0.0000000000
182705  -34.951  -70.713  26.579 0.0000000000
26359  -34.557  -70.456  23.886 0.0000000000
10970  -36.427  -85.861  10.515 0.0000000000
16961  -35.983  -79.940  8.808 0.0000000000
13927  -35.147  -82.667  5.797 0.0000000000
14896  -38.967  -80.959  6.172 0.0000000000
14811  -32.501  -81.071  13.060 0.0000000000
12949  -33.827  -83.142  10.642 0.0000000000
19030  -35.755  -77.774  12.238 0.0000000000
19014  -39.512  -78.247  13.457 0.0000000000
15791  -33.568  -80.480  15.552 0.0000000000
181929  -32.606  -76.250  17.529 0.0000000000
22234  -35.992  -74.232  21.643 0.0000000000
18913  -29.462  -76.954  22.722 0.0000000000
23359  -30.487  -73.510  21.590 0.0000000000
24358  -35.398  -72.140  22.050 0.0000000000
28576  -38.647  -69.099  20.070 0.0000000000
12001  -34.405  -84.675  8.592 0.0000000000
19033  -45.096  -77.119  12.206 0.0000000000
19046  -40.703  -77.936  11.454 0.0000000000
19055  -37.241  -77.024  10.285 0.0000000000
21141  -37.738  -75.473  20.676 0.0000000000
169015  -37.362  -77.073  19.483 0.0000000000
11959  -36.673  -84.944  11.367 0.0000000000
15877  -38.030  -80.476  10.002 0.0000000000
15909  -37.309  -80.546  7.836 0.0000000000
15897  -38.928  -80.234  8.500 0.0000000000
15912  -39.739  -79.932  6.944 0.0000000000
16945  -39.164  -79.276  9.011 0.0000000000
19009  -31.928  -77.980  13.656 0.0000000000
20166  -33.049  -76.848  12.994 0.0000000000
21225  -38.294  -75.570  15.343 0.0000000000
20169  -35.962  -76.452  13.242 0.0000000000
20155  -37.623  -76.573  13.731 0.0000000000
19032  -38.036  -78.177  12.749 0.0000000000
18994  -39.734  -77.315  14.238 0.0000000000
14785  -34.572  -81.611  15.576 0.0000000000
13812  -35.103  -82.099  16.351 0.0000000000
18943  -31.307  -77.575  18.013 0.0000000000
17906  -31.867  -78.352  16.979 0.0000000000
20078  -32.168  -76.362  18.234 0.0000000000
172697  -34.192  -75.565  19.316 0.0000000000
22241  -33.955  -74.719  20.642 0.0000000000
155319  -29.203  -74.726  22.890 0.0000000000
21133  -29.710  -75.459  21.640 0.0000000000
23352  -30.139  -73.228  22.318 0.0000000000
28535  -35.999  -68.754  23.091 0.0000000000
26367  -35.293  -70.747  22.605 0.0000000000
28557  -36.421  -69.032  21.594 0.0000000000
26382  -36.635  -70.595  20.506 0.0000000000
13871  -32.649  -82.065  9.805 0.0000000000
12958  -34.148  -83.863  9.485 0.0000000000
168722  -33.649  -83.279  7.972 0.0000000000
11047  -36.490  -85.130  6.253 0.0000000000
162428  -44.394  -76.100  12.984 0.0000000000
18000  -44.170  -77.679  10.667 0.0000000000
154824  -38.204  -76.081  11.580 0.0000000000
21204  -34.602  -75.080  16.560 0.0000000000
21239  -34.549  -75.188  14.429 0.0000000000
21188  -36.760  -76.003  17.413 0.0000000000
21207  -37.551  -75.836  16.800 0.0000000000
20094  -38.903  -77.160  17.538 0.0000000000
13808  -33.631  -82.333  17.639 0.0000000000
15761  -30.887  -79.760  18.769 0.0000000000
18930  -30.258  -77.245  19.355 0.0000000000
25343  -32.619  -71.473  25.257 0.0000000000
25357  -32.496  -71.479  24.407 0.0000000000
27424  -34.993  -69.778  24.970 0.0000000000
27426  -36.537  -68.951  24.676 0.0000000000
28538  -38.364  -68.113  23.188 0.0000000000
16960  -34.755  -79.689  8.874 0.0000000000
13913  -33.634  -82.018  6.848 0.0000000000
15924  -35.565  -80.864  7.053 0.0000000000
14908  -36.758  -81.744  5.707 0.0000000000
13931  -39.528  -82.476  5.100 0.0000000000
14911  -40.115  -81.098  5.324 0.0000000000
17001  -39.400  -79.471  5.803 0.0000000000
18063  -37.874  -78.699  6.861 0.0000000000
13838  -34.474  -82.641  13.505 0.0000000000
12938  -34.921  -83.715  11.523 0.0000000000
14833  -32.325  -81.462  10.771 0.0000000000
16941  -32.636  -80.014  9.982 0.0000000000
20154  -35.116  -75.968  13.265 0.0000000000
167678  -35.080  -77.300  12.311 0.0000000000
16928  -34.507  -78.821  10.412 0.0000000000
17998  -36.134  -78.968  10.761 0.0000000000
179566  -37.782  -79.373  11.865 0.0000000000
16899  -39.770  -79.919  12.553 0.0000000000
13827  -34.799  -82.344  14.386 0.0000000000
15803  -33.360  -80.531  14.808 0.0000000000
161419  -32.229  -77.968  15.053 0.0000000000
178336  -33.059  -79.991  16.423 0.0000000000
18981  -32.373  -77.805  15.860 0.0000000000
161098  -32.931  -75.845  15.885 0.0000000000
21185  -34.495  -75.446  17.699 0.0000000000
173739  -36.132  -75.651  21.063 0.0000000000
186054  -37.271  -74.091  20.669 0.0000000000
182627  -30.361  -78.451  21.071 0.0000000000
18927  -29.844  -76.976  20.184 0.0000000000
170507  -31.313  -74.386  20.271 0.0000000000
25378  -32.540  -71.857  22.893 0.0000000000
24355  -32.570  -72.689  21.816 0.0000000000
23373  -33.509  -73.950  20.933 0.0000000000
23363  -35.537  -73.591  21.815 0.0000000000
24368  -37.131  -72.334  20.380 0.0000000000
11982  -35.826  -84.729  10.733 0.0000000000
11992  -34.962  -85.199  9.496 0.0000000000
12983  -34.518  -84.333  6.732 0.0000000000
11014  -35.260  -85.979  7.296 0.0000000000
18996  -41.437  -77.736  14.901 0.0000000000
17954  -41.874  -79.201  13.563 0.0000000000
15828  -41.562  -80.555  11.661 0.0000000000
15844  -42.946  -79.985  11.534 0.0000000000
16914  -41.120  -79.923  10.929 0.0000000000
17999  -39.047  -78.234  10.162 0.0000000000
19078  -37.740  -77.995  8.995 0.0000000000
23380  -38.406  -73.472  19.412 0.0000000000
22245  -38.297  -75.024  20.337 0.0000000000
11940  -38.327  -85.136  12.288 0.0000000000
160731  -37.344  -84.927  12.051 0.0000000000
15856  -38.666  -80.383  10.695 0.0000000000
156445  -38.417  -80.528  9.338 0.0000000000
15878  -38.759  -80.524  9.935 0.0000000000
164657  -38.954  -80.325  9.257 0.0000000000
178548  -39.542  -80.050  10.378 0.0000000000
19010  -32.236  -77.284  13.718 0.0000000000
19026  -32.112  -77.756  13.097 0.0000000000
20151  -32.686  -76.651  13.650 0.0000000000
20122  -39.057  -76.113  15.737 0.0000000000
160464  -38.110  -75.850  14.534 0.0000000000
20139  -38.782  -76.032  14.918 0.0000000000
20156  -38.729  -76.713  14.184 0.0000000000
159485  -39.493  -76.443  14.976 0.0000000000
12872  -38.185  -83.349  17.064 0.0000000000
12871  -37.183  -83.010  16.882 0.0000000000
13813  -35.982  -82.277  15.991 0.0000000000
13810  -35.866  -82.617  16.595 0.0000000000
20077  -31.295  -76.785  18.437 0.0000000000
21164  -31.674  -76.034  18.750 0.0000000000
155781  -32.866  -75.467  19.224 0.0000000000
22250  -32.588  -74.940  19.647 0.0000000000
24312  -30.747  -72.795  25.049 0.0000000000
177147  -29.767  -73.586  25.099 0.0000000000
23326  -29.585  -73.564  24.455 0.0000000000
22213  -28.745  -74.883  23.814 0.0000000000
23341  -29.481  -73.592  23.639 0.0000000000
23351  -29.519  -73.819  22.714 0.0000000000
23342  -29.924  -73.062  23.128 0.0000000000
28549  -37.379  -67.974  22.437 0.0000000000
27447  -35.914  -69.138  22.329 0.0000000000
177622  -37.532  -68.338  20.952 0.0000000000
29656  -38.419  -67.455  21.546 0.0000000000
14861  -32.901  -81.327  8.753 0.0000000000
13889  -33.216  -82.525  8.495 0.0000000000
13902  -33.044  -81.763  8.216 0.0000000000
19058  -43.747  -76.667  10.572 0.0000000000
20182  -40.310  -76.382  11.439 0.0000000000
181816  -40.297  -75.637  11.753 0.0000000000
21186  -35.362  -75.692  17.988 0.0000000000
21205  -35.640  -74.990  16.408 0.0000000000
21187  -36.138  -76.166  18.106 0.0000000000
18931  -38.099  -77.376  19.698 0.0000000000
20092  -37.514  -76.612  17.905 0.0000000000
157989  -37.749  -77.363  18.948 0.0000000000
20105  -38.253  -76.492  17.187 0.0000000000
18944  -38.588  -77.603  19.152 0.0000000000
184859  -30.612  -78.617  18.799 0.0000000000
16815  -30.586  -79.102  19.272 0.0000000000
25326  -32.885  -71.707  26.047 0.0000000000
26322  -33.946  -70.883  25.836 0.0000000000
26344  -33.903  -70.726  25.141 0.0000000000
26323  -34.643  -70.352  25.700 0.0000000000
28522  -37.044  -68.479  24.017 0.0000000000
10023  -35.776  -86.774  10.262 0.0000000000
16944  -35.698  -79.585  9.562 0.0000000000
169883  -34.625  -80.649  7.435 0.0000000000
15894  -35.328  -80.110  8.036 0.0000000000
164220  -38.188  -80.608  6.949 0.0000000000
15925  -36.789  -80.773  7.010 0.0000000000
14895  -37.464  -81.145  6.218 0.0000000000
14910  -39.545  -81.550  5.497 0.0000000000
162971  -40.089  -81.867  5.002 0.0000000000
16972  -39.316  -79.341  7.368 0.0000000000
17002  -40.025  -79.978  6.202 0.0000000000
16987  -39.464  -79.423  6.593 0.0000000000
16986  -38.603  -79.011  6.275 0.0000000000
16971  -38.833  -78.777  7.002 0.0000000000
13837  -33.655  -82.305  13.102 0.0000000000
13848  -34.205  -82.899  12.600 0.0000000000
161150  -32.362  -80.025  10.689 0.0000000000
17996  -32.774  -78.913  10.847 0.0000000000
21240  -35.554  -75.101  14.534 0.0000000000
21255  -35.084  -75.382  13.832 0.0000000000
21256  -35.839  -75.649  13.768 0.0000000000
175643  -35.686  -77.045  12.736 0.0000000000
165193  -34.901  -77.877  11.719 0.0000000000
17981  -34.226  -78.380  11.135 0.0000000000
155870  -35.303  -78.570  11.018 0.0000000000
17951  -38.767  -78.250  13.101 0.0000000000
17968  -37.840  -78.926  12.343 0.0000000000
17969  -38.554  -78.956  12.610 0.0000000000
16898  -38.485  -79.625  12.030 0.0000000000
17952  -39.285  -79.015  12.861 0.0000000000
14784  -33.892  -81.152  15.253 0.0000000000
16873  -32.119  -78.982  14.248 0.0000000000
179386  -32.694  -79.281  14.825 0.0000000000
13807  -33.204  -81.693  17.342 0.0000000000
15767  -32.934  -80.777  16.948 0.0000000000
15766  -32.307  -79.931  16.979 0.0000000000
18957  -32.271  -76.870  16.861 0.0000000000
18969  -32.191  -77.665  16.571 0.0000000000
156590  -32.292  -77.040  16.009 0.0000000000
158700  -32.663  -76.184  16.664 0.0000000000
157169  -33.847  -75.407  16.982 0.0000000000
21184  -33.497  -75.736  17.850 0.0000000000
22243  -35.677  -74.994  21.415 0.0000000000
21149  -34.920  -75.877  19.756 0.0000000000
172788  -36.487  -74.881  21.355 0.0000000000
166920  -37.194  -74.789  21.051 0.0000000000
23374  -36.681  -73.970  21.181 0.0000000000
18924  -30.217  -77.920  21.793 0.0000000000
21134  -29.970  -74.935  21.274 0.0000000000
164718  -29.662  -76.203  21.408 0.0000000000
21137  -29.927  -75.621  20.822 0.0000000000
21145  -30.430  -75.537  20.030 0.0000000000
23370  -30.880  -73.921  20.894 0.0000000000
25373  -33.216  -71.248  23.963 0.0000000000
25372  -32.489  -71.591  23.545 0.0000000000
25374  -34.023  -71.126  23.611 0.0000000000
25381  -35.013  -71.523  22.558 0.0000000000
24346  -33.911  -72.217  22.518 0.0000000000
24347  -34.718  -72.239  22.382 0.0000000000
23361  -33.049  -73.264  21.317 0.0000000000
24357  -34.419  -72.835  22.034 0.0000000000
23362  -34.852  -73.591  21.825 0.0000000000
158275  -35.148  -72.929  22.081 0.0000000000
27469  -37.904  -69.395  20.154 0.0000000000
25394  -36.894  -71.423  20.308 0.0000000000
27472  -37.724  -70.087  19.877 0.0000000000
25397  -37.664  -71.575  19.812 0.0000000000
12937  -34.116  -83.128  11.594 0.0000000000
11939  -35.713  -84.289  11.486 0.0000000000
182194  -34.475  -83.576  10.931 0.0000000000
183987  -34.300  -84.207  9.091 0.0000000000
181864  -34.599  -84.435  9.513 0.0000000000
11002  -35.121  -86.114  9.163 0.0000000000
11001  -34.805  -85.708  8.552 0.0000000000
13914  -34.330  -82.557  6.377 0.0000000000
12990  -33.785  -82.935  7.043 0.0000000000
185094  -34.622  -83.069  6.103 0.0000000000
11034  -37.669  -85.752  6.749 0.0000000000
11033  -35.743  -85.614  6.653 0.0000000000
18983  -41.504  -77.723  15.914 0.0000000000
17908  -42.070  -78.254  16.568 0.0000000000
16887  -42.628  -79.636  13.579 0.0000000000
16886  -41.354  -79.724  12.918 0.0000000000
15813  -42.824  -80.061  12.723 0.0000000000
19049  -43.233  -77.657  10.911 0.0000000000
16916  -43.765  -79.274  11.246 0.0000000000
181943  -42.651  -78.742  11.197 0.0000000000
179430  -42.306  -80.116  11.173 0.0000000000
17986  -41.362  -78.935  11.368 0.0000000000
17985  -40.422  -78.901  11.194 0.0000000000
186912  -38.002  -77.172  10.414 0.0000000000
19056  -38.626  -77.522  10.361 0.0000000000
19063  -36.916  -77.439  9.636 0.0000000000
20055  -37.339  -76.217  20.534 0.0000000000
20080  -36.572  -76.649  19.047 0.0000000000
20056  -38.080  -76.366  20.485 0.0000000000
21152  -38.856  -75.502  20.166 0.0000000000
20057  -38.779  -76.358  20.405 0.0000000000
27400  -35.990  -69.815  25.993 0.0000000000
26335  -37.479  -69.949  25.846 0.0000000000
10955  -37.074  -85.608  11.174 0.0000000000
15876  -36.799  -80.034  9.520 0.0000000000
155689  -36.289  -80.309  8.224 0.0000000000
15895  -36.979  -80.357  8.746 0.0000000000
15896  -38.054  -80.555  8.649 0.0000000000
15910  -38.684  -80.384  7.780 0.0000000000
15926  -39.521  -80.324  6.838 0.0000000000
15911  -39.384  -80.063  7.624 0.0000000000
16973  -39.364  -79.806  7.883 0.0000000000
16962  -39.178  -79.277  8.161 0.0000000000
15811  -32.159  -80.280  13.357 0.0000000000
16896  -31.734  -79.270  12.600 0.0000000000
17966  -32.235  -78.184  12.375 0.0000000000
19027  -32.638  -77.492  12.653 0.0000000000
21242  -37.521  -75.287  14.960 0.0000000000
20138  -37.331  -75.772  14.252 0.0000000000
19011  -36.728  -76.891  13.256 0.0000000000
19031  -36.513  -77.550  12.696 0.0000000000
19012  -37.398  -77.482  13.031 0.0000000000
159842  -39.001  -77.586  13.639 0.0000000000
14773  -35.255  -81.990  15.803 0.0000000000
14771  -34.030  -81.164  15.934 0.0000000000
16828  -31.123  -78.808  17.956 0.0000000000
178895  -31.662  -79.580  17.330 0.0000000000
17884  -31.377  -78.281  17.650 0.0000000000
20090  -31.890  -76.919  17.701 0.0000000000
156589  -32.863  -76.014  18.267 0.0000000000
21166  -33.400  -75.637  18.827 0.0000000000
21138  -34.415  -75.370  20.301 0.0000000000
22242  -34.808  -74.953  21.135 0.0000000000
20033  -29.043  -76.416  23.414 0.0000000000
20046  -29.367  -76.185  22.613 0.0000000000
182797  -29.615  -76.639  22.017 0.0000000000
21129  -29.426  -75.430  22.373 0.0000000000
22227  -29.655  -74.605  22.003 0.0000000000
27439  -35.564  -69.250  23.687 0.0000000000
26366  -34.747  -70.905  23.162 0.0000000000
27446  -35.565  -69.326  22.949 0.0000000000
27457  -35.558  -69.927  22.461 0.0000000000
26371  -35.674  -70.665  21.951 0.0000000000
25384  -35.789  -71.436  21.589 0.0000000000
27467  -36.492  -69.766  20.985 0.0000000000
181023  -37.507  -68.969  20.553 0.0000000000
28567  -38.098  -68.573  20.488 0.0000000000
13862  -33.068  -82.640  10.193 0.0000000000
12957  -33.632  -83.227  9.797 0.0000000000
13872  -33.121  -82.634  9.377 0.0000000000
165200  -33.549  -83.271  8.948 0.0000000000
12000  -34.103  -84.023  7.982 0.0000000000
12049  -35.601  -84.227  5.885 0.0000000000
20171  -45.235  -76.240  11.641 0.0000000000
170024  -45.002  -76.870  11.440 0.0000000000
163054  -44.821  -77.724  11.731 0.0000000000
19059  -44.341  -76.859  10.602 0.0000000000
19047  -41.867  -77.867  11.322 0.0000000000
20181  -38.894  -76.434  11.488 0.0000000000
184630  -37.543  -76.694  10.787 0.0000000000
156417  -34.430  -74.958  15.756 0.0000000000
21238  -33.572  -75.531  14.404 0.0000000000
154965  -35.028  -74.786  15.888 0.0000000000
21222  -35.737  -74.874  15.471 0.0000000000
21206  -36.673  -75.241  16.435 0.0000000000
20091  -36.821  -76.481  18.220 0.0000000000
21224  -37.617  -75.229  15.838 0.0000000000
21208  -38.344  -75.782  16.231 0.0000000000
20106  -38.904  -76.504  16.664 0.0000000000
20107  -39.389  -76.989  16.990 0.0000000000
12869  -35.034  -82.801  17.170 0.0000000000
14766  -32.467  -81.414  17.801 0.0000000000
14762  -32.230  -81.733  18.719 0.0000000000
15762  -31.257  -80.304  18.392 0.0000000000
16817  -30.849  -79.014  18.509 0.0000000000
18942  -30.673  -77.459  18.660 0.0000000000
20061  -30.967  -76.279  18.944 0.0000000000
24314  -32.187  -72.115  25.654 0.0000000000
24323  -31.249  -72.315  24.582 0.0000000000
175438  -31.051  -72.351  23.944 0.0000000000
25358  -33.218  -71.116  24.788 0.0000000000
26345  -34.478  -70.294  24.670 0.0000000000
26334  -35.456  -69.758  25.502 0.0000000000
27425  -35.656  -69.284  24.646 0.0000000000
27438  -35.028  -69.773  24.190 0.0000000000
28521  -36.233  -68.776  23.922 0.0000000000
28537  -37.588  -68.162  23.271 0.0000000000
29621  -38.124  -67.736  22.618 0.0000000000
16959  -33.667  -79.874  8.860 0.0000000000
14877  -33.346  -81.540  7.551 0.0000000000
15907  -33.611  -80.830  7.726 0.0000000000
186404  -34.695  -81.143  6.847 0.0000000000
165592  -35.209  -81.479  6.463 0.0000000000
13928  -36.261  -82.458  5.500 0.0000000000
174326  -38.149  -83.005  5.262 0.0000000000
15943  -39.972  -80.468  5.748 0.0000000000
15960  -40.142  -80.792  5.004 0.0000000000
15959  -39.631  -80.414  4.557 0.0000000000
15941  -39.102  -79.705  4.992 0.0000000000
15940  -37.835  -79.739  4.844 0.0000000000
12910  -35.821  -83.469  13.209 0.0000000000
12924  -35.425  -83.712  12.290 0.0000000000
177756  -34.727  -83.345  12.198 0.0000000000
13854  -33.258  -82.550  11.108 0.0000000000
13846  -32.639  -81.808  11.511 0.0000000000
13861  -32.597  -82.059  10.569 0.0000000000
174515  -32.413  -81.554  10.182 0.0000000000
15874  -32.623  -80.620  9.557 0.0000000000
15875  -32.978  -80.233  9.184 0.0000000000
20152  -33.489  -76.167  13.517 0.0000000000
20167  -33.870  -76.640  12.762 0.0000000000
184586  -35.389  -76.507  12.975 0.0000000000
19029  -34.301  -77.222  12.241 0.0000000000
17997  -33.572  -78.761  10.588 0.0000000000
16927  -33.077  -79.314  10.229 0.0000000000
16942  -33.318  -79.642  9.559 0.0000000000
179757  -34.019  -79.457  9.342 0.0000000000
16929  -35.461  -79.121  10.265 0.0000000000
159680  -36.388  -79.555  10.161 0.0000000000
154790  -37.243  -78.222  12.490 0.0000000000
161179  -37.215  -78.836  11.953 0.0000000000
16930  -36.912  -79.473  10.753 0.0000000000
160603  -37.776  -79.958  10.681 0.0000000000
16912  -38.856  -80.177  11.439 0.0000000000
15826  -40.030  -80.440  11.893 0.0000000000
13839  -35.315  -82.857  13.828 0.0000000000
14813  -33.946  -82.092  14.051 0.0000000000
14801  -35.101  -82.111  15.186 0.0000000000
14799  -33.575  -81.350  14.462 0.0000000000
15812  -32.798  -80.869  13.991 0.0000000000
15802  -32.620  -79.844  14.302 0.0000000000
17936  -32.000  -78.256  14.301 0.0000000000
20135  -32.489  -76.695  14.460 0.0000000000
13809  -34.369  -82.243  17.052 0.0000000000
14767  -33.635  -81.280  16.581 0.0000000000
16858  -33.266  -79.812  15.842 0.0000000000
16839  -31.973  -79.120  16.805 0.0000000000
16840  -32.693  -79.275  16.207 0.0000000000
16857  -32.836  -79.237  15.452 0.0000000000
163617  -32.339  -77.223  15.202 0.0000000000
21237  -32.871  -75.913  14.902 0.0000000000
21203  -33.729  -75.307  16.048 0.0000000000
20079  -35.600  -76.248  19.066 0.0000000000
176994  -34.088  -75.568  18.490 0.0000000000
21167  -34.763  -75.739  18.700 0.0000000000
21151  -36.554  -76.190  20.519 0.0000000000
21140  -36.977  -75.529  21.002 0.0000000000
23379  -37.694  -73.737  20.053 0.0000000000
18923  -29.726  -77.045  21.241 0.0000000000
18928  -30.045  -77.760  20.677 0.0000000000
17873  -30.340  -78.579  20.151 0.0000000000
20054  -30.005  -76.176  20.242 0.0000000000
20060  -30.394  -76.345  19.528 0.0000000000
22249  -31.680  -74.881  19.681 0.0000000000
24336  -31.170  -72.316  23.303 0.0000000000
24343  -31.345  -72.438  22.549 0.0000000000
24354  -31.668  -72.700  21.827 0.0000000000
25380  -34.313  -71.620  22.925 0.0000000000
24345  -32.982  -72.175  22.419 0.0000000000
23360  -31.252  -73.249  21.305 0.0000000000
23371  -31.716  -73.727  20.665 0.0000000000
23372  -32.609  -73.754  20.679 0.0000000000
22240  -33.059  -74.453  20.261 0.0000000000
22232  -34.409  -74.211  21.357 0.0000000000
23364  -36.119  -73.374  21.620 0.0000000000
178798  -36.287  -71.417  20.916 0.0000000000
183404  -36.615  -72.106  20.843 0.0000000000
170581  -36.634  -72.928  21.049 0.0000000000
184639  -38.199  -71.994  19.662 0.0000000000
180527  -36.380  -85.221  10.783 0.0000000000
11981  -34.698  -84.146  10.032 0.0000000000
11993  -35.207  -84.573  10.121 0.0000000000
10969  -35.740  -85.167  10.266 0.0000000000
172046  -35.504  -85.967  9.824 0.0000000000
13903  -33.331  -82.326  7.611 0.0000000000
12982  -34.046  -83.794  7.227 0.0000000000
12012  -34.358  -84.572  7.487 0.0000000000
12029  -35.238  -84.788  6.365 0.0000000000
11032  -34.858  -85.153  6.962 0.0000000000
11013  -34.655  -85.400  7.756 0.0000000000
22253  -39.369  -75.108  19.474 0.0000000000
18945  -39.599  -77.906  19.130 0.0000000000
18959  -39.761  -77.677  17.835 0.0000000000
20108  -39.991  -76.897  16.670 0.0000000000
18970  -40.550  -77.487  16.949 0.0000000000
20140  -40.288  -76.843  15.175 0.0000000000
18995  -40.683  -77.479  14.594 0.0000000000
17953  -40.352  -78.150  13.832 0.0000000000
168746  -42.626  -78.799  14.918 0.0000000000
17938  -41.862  -78.444  14.329 0.0000000000
164236  -40.983  -78.951  13.544 0.0000000000
16885  -40.532  -79.817  12.812 0.0000000000
157644  -40.397  -80.337  12.299 0.0000000000
15827  -40.798  -80.587  11.762 0.0000000000
17970  -44.633  -78.673  12.078 0.0000000000
15845  -43.865  -79.769  11.852 0.0000000000
15830  -43.347  -80.104  12.243 0.0000000000
15829  -42.374  -80.316  11.843 0.0000000000
15843  -41.997  -80.459  11.264 0.0000000000
15857  -40.829  -80.343  11.044 0.0000000000
16931  -40.127  -79.842  10.801 0.0000000000
18011  -39.392  -79.257  9.947 0.0000000000
18010  -38.895  -78.552  9.310 0.0000000000
19065  -38.608  -78.033  9.661 0.0000000000
18029  -38.339  -78.421  8.352 0.0000000000
18048  -38.164  -78.581  7.621 0.0000000000
12048  -34.840  -84.081  6.232 0.0000000000
12870  -35.755  -83.222  17.389 0.0000000000
12909  -34.974  -83.196  12.961 0.0000000000
12925  -36.416  -84.284  12.420 0.0000000000
12950  -34.331  -83.705  10.261 0.0000000000
12951  -35.033  -84.144  10.709 0.0000000000
12970  -34.034  -83.883  8.681 0.0000000000
12991  -34.372  -83.492  6.500 0.0000000000
13005  -34.968  -83.507  5.922 0.0000000000
13006  -35.900  -83.394  5.570 0.0000000000
13008  -38.956  -83.492  5.376 0.0000000000
13888  -32.968  -81.900  9.037 0.0000000000
13930  -38.650  -82.301  5.346 0.0000000000
14761  -31.731  -80.952  18.263 0.0000000000
14768  -34.313  -81.642  16.415 0.0000000000
14772  -34.712  -81.591  16.017 0.0000000000
14800  -34.366  -81.712  14.860 0.0000000000
14812  -33.206  -81.611  13.564 0.0000000000
14844  -32.603  -81.283  9.501 0.0000000000
14862  -33.071  -81.124  8.223 0.0000000000
14878  -33.907  -81.252  7.021 0.0000000000
14893  -34.375  -81.710  6.551 0.0000000000
14907  -35.684  -81.895  5.899 0.0000000000
14919  -40.204  -81.506  4.629 0.0000000000
15765  -31.613  -80.220  17.659 0.0000000000
15775  -33.500  -80.525  16.199 0.0000000000
15840  -39.510  -80.357  11.244 0.0000000000
15841  -40.434  -80.484  11.352 0.0000000000
15842  -41.287  -80.596  11.227 0.0000000000
15855  -32.330  -80.773  10.362 0.0000000000
15858  -41.664  -80.390  11.001 0.0000000000
15879  -39.264  -80.161  9.650 0.0000000000
15892  -33.314  -80.511  8.478 0.0000000000
15893  -34.136  -80.168  8.143 0.0000000000
15898  -39.318  -79.932  8.715 0.0000000000
15927  -39.899  -80.227  6.292 0.0000000000
15942  -39.913  -80.135  5.447 0.0000000000
15958  -38.606  -80.190  4.189 0.0000000000
16818  -31.208  -79.547  17.965 0.0000000000
16874  -33.198  -79.784  15.145 0.0000000000
16884  -31.814  -79.342  13.416 0.0000000000
16900  -41.046  -80.352  12.298 0.0000000000
16901  -41.855  -80.243  12.287 0.0000000000
16911  -38.181  -79.840  11.328 0.0000000000
16913  -39.301  -80.097  11.931 0.0000000000
16915  -42.952  -79.409  11.253 0.0000000000
16917  -44.241  -79.187  11.613 0.0000000000
16926  -32.607  -79.566  10.616 0.0000000000
16943  -34.710  -79.272  9.722 0.0000000000
16985  -37.490  -78.960  6.133 0.0000000000
17000  -38.299  -79.219  5.520 0.0000000000
17856  -29.888  -77.764  22.800 0.0000000000
17875  -30.345  -78.133  19.138 0.0000000000
17883  -30.821  -78.260  18.353 0.0000000000
17907  -32.328  -78.453  16.339 0.0000000000
17922  -32.526  -78.575  15.685 0.0000000000
17923  -42.102  -78.189  15.405 0.0000000000
17937  -41.126  -78.043  14.191 0.0000000000
17950  -31.834  -78.596  13.685 0.0000000000
17965  -31.780  -78.550  12.956 0.0000000000
17983  -37.390  -79.399  11.354 0.0000000000
17984  -39.681  -78.770  10.696 0.0000000000
17987  -43.702  -78.394  10.874 0.0000000000
17988  -44.297  -78.382  11.138 0.0000000000
18008  -33.850  -79.150  9.939 0.0000000000
18009  -38.509  -78.214  9.043 0.0000000000
18030  -38.839  -78.710  8.536 0.0000000000
18932  -38.922  -77.432  19.734 0.0000000000
18956  -31.839  -77.623  17.294 0.0000000000
18958  -39.006  -77.599  18.441 0.0000000000
18982  -40.905  -77.318  15.445 0.0000000000
18993  -32.156  -77.551  14.364 0.0000000000
19013  -38.255  -77.466  13.376 0.0000000000
19050  -44.562  -77.258  10.998 0.0000000000
19064  -38.060  -77.638  9.722 0.0000000000
20053  -29.771  -76.412  20.763 0.0000000000
20063  -36.935  -76.642  19.952 0.0000000000
20064  -37.683  -76.938  20.163 0.0000000000
20065  -38.453  -77.059  20.249 0.0000000000
20076  -30.641  -76.809  18.942 0.0000000000
20093  -38.313  -77.183  18.194 0.0000000000
20104  -32.531  -76.457  16.167 0.0000000000
20121  -32.564  -76.484  15.425 0.0000000000
20123  -39.860  -76.517  15.820 0.0000000000
20124  -40.503  -76.930  16.065 0.0000000000
20137  -36.700  -76.060  13.717 0.0000000000
20153  -34.322  -76.169  13.163 0.0000000000
20168  -34.816  -76.627  12.714 0.0000000000
20170  -39.570  -76.013  11.655 0.0000000000
20192  -38.249  -76.800  11.074 0.0000000000
21113  -29.049  -75.552  23.138 0.0000000000
21139  -35.252  -75.573  20.748 0.0000000000
21142  -38.369  -75.773  20.477 0.0000000000
21146  -31.124  -75.564  19.334 0.0000000000
21148  -33.510  -75.203  19.765 0.0000000000
21150  -35.693  -76.224  20.269 0.0000000000
21165  -32.543  -75.840  18.709 0.0000000000
21202  -33.164  -75.727  16.822 0.0000000000
21221  -34.022  -75.071  15.147 0.0000000000
21223  -36.710  -74.950  15.410 0.0000000000
21254  -34.336  -75.619  13.693 0.0000000000
22214  -29.155  -74.207  23.438 0.0000000000
22231  -30.209  -74.257  21.374 0.0000000000
22233  -35.243  -74.321  21.645 0.0000000000
22238  -30.479  -74.776  20.622 0.0000000000
22239  -32.172  -74.311  20.144 0.0000000000
22244  -37.723  -74.591  20.512 0.0000000000
22248  -30.953  -74.948  19.893 0.0000000000
22251  -38.117  -74.261  19.890 0.0000000000
22252  -38.734  -74.486  19.555 0.0000000000
22262  -39.353  -74.314  19.103 0.0000000000
22309  -36.165  -74.971  14.935 0.0000000000
23358  -29.888  -73.825  21.941 0.0000000000
23375  -37.181  -73.292  20.511 0.0000000000
24313  -31.474  -72.515  25.297 0.0000000000
24322  -30.600  -72.690  24.340 0.0000000000
24335  -30.513  -72.638  23.566 0.0000000000
24342  -30.589  -72.670  22.758 0.0000000000
24344  -32.150  -72.300  22.430 0.0000000000
24353  -30.834  -72.836  21.981 0.0000000000
24356  -33.493  -72.735  21.917 0.0000000000
24359  -36.057  -72.378  21.476 0.0000000000
24372  -37.819  -72.669  19.824 0.0000000000
25327  -33.632  -71.426  26.266 0.0000000000
25328  -34.320  -71.044  26.439 0.0000000000
25342  -31.896  -71.838  24.879 0.0000000000
25344  -33.350  -71.181  25.572 0.0000000000
25356  -31.703  -71.878  23.961 0.0000000000
25371  -31.883  -72.030  23.112 0.0000000000
25379  -33.312  -71.585  23.094 0.0000000000
25398  -38.462  -71.421  19.473 0.0000000000
26358  -33.892  -70.811  24.352 0.0000000000
26360  -35.134  -69.977  23.265 0.0000000000
26372  -36.078  -70.618  21.199 0.0000000000
26383  -37.291  -70.663  19.935 0.0000000000
26386  -37.994  -70.689  19.584 0.0000000000
27401  -36.704  -69.827  25.933 0.0000000000
27412  -36.162  -69.405  25.374 0.0000000000
27458  -35.981  -69.838  21.723 0.0000000000
27468  -37.177  -69.750  20.352 0.0000000000
28523  -37.916  -68.427  23.950 0.0000000000
28536  -36.790  -68.393  23.226 0.0000000000
28548  -36.547  -68.535  22.371 0.0000000000
28566  -36.969  -68.971  20.932 0.0000000000
28568  -38.896  -68.019  20.392 0.0000000000
29622  -38.950  -67.681  22.533 0.0000000000
29655  -37.725  -67.796  21.586 0.0000000000
156245  -32.172  -80.992  11.272 0.0000000000
156527  -35.972  -75.491  17.255 0.0000000000
156574  -35.222  -75.267  17.193 0.0000000000
156680  -34.862  -74.882  15.194 0.0000000000
156690  -39.067  -79.567  12.417 0.0000000000
156899  -42.095  -79.796  11.006 0.0000000000
158482  -30.121  -77.727  19.870 0.0000000000
159256  -40.052  -79.058  13.158 0.0000000000
160373  -29.070  -74.139  24.181 0.0000000000
160526  -42.094  -79.711  12.973 0.0000000000
161088  -36.574  -78.825  11.407 0.0000000000
162641  -37.253  -80.016  10.133 0.0000000000
163166  -31.479  -78.972  17.404 0.0000000000
163568  -33.978  -73.418  21.550 0.0000000000
163893  -37.172  -76.902  18.752 0.0000000000
164131  -32.444  -78.694  14.950 0.0000000000
166314  -30.150  -73.157  24.733 0.0000000000
166742  -45.242  -75.633  11.267 0.0000000000
167111  -39.899  -80.257  10.969 0.0000000000
167713  -39.687  -77.471  19.677 0.0000000000
169038  -29.757  -77.259  22.096 0.0000000000
172572  -32.129  -73.171  21.207 0.0000000000
174709  -35.479  -70.252  26.276 0.0000000000
177167  -37.665  -80.455  9.368 0.0000000000
179637  -34.895  -82.011  6.131 0.0000000000
182227  -35.660  -72.927  21.873 0.0000000000
182380  -35.993  -78.609  11.189 0.0000000000
183773  -33.380  -75.479  15.258 0.0000000000
183821  -37.481  -80.304  9.762 0.0000000000
184444  -39.677  -79.591  10.459 0.0000000000
184523  -35.445  -71.331  22.159 0.0000000000
184524  -36.708  -85.760  6.739 0.0000000000
184975  -29.582  -75.999  22.015 0.0000000000
185660  -33.833  -81.832  16.981 0.0000000000
186170  -36.214  -74.914  15.931 0.0000000000
186374  -32.479  -77.183  13.218 0.0000000000
186616  -35.403  -80.491  7.541 0.0000000000
187651  -31.356  -80.740  18.748 0.0000000000
187674  -43.945  -77.470  10.560 0.0000000000
