#!ascii label  , from subject sub2 vox2ras=TkReg
1178
76274  -19.779  -25.493  12.459 0.4285714328
77328  -20.395  -24.145  11.778 0.2857142985
77327  -19.729  -24.487  11.536 0.4285714328
78480  -21.850  -23.418  12.415 0.4285714328
78508  -19.770  -23.208  10.813 0.2857142985
79712  -21.166  -22.977  11.657 0.4285714328
79713  -22.316  -22.095  11.930 0.4285714328
155822  -20.452  -21.804  10.457 0.4285714328
79731  -20.961  -21.739  10.823 0.4285714328
81831  -20.462  -20.609  9.409 0.4285714328
81819  -21.022  -20.160  9.913 0.4285714328
81859  -19.903  -20.274  7.724 0.5714285970
82937  -20.871  -19.903  9.097 0.5714285970
82938  -21.441  -19.487  9.533 0.4285714328
84026  -22.757  -18.803  10.235 0.2857142985
82950  -21.235  -19.250  8.748 0.7142857313
84039  -21.788  -18.761  9.165 0.7142857313
85106  -23.120  -17.118  8.851 0.7142857313
86207  -23.718  -16.884  10.080 0.4285714328
84052  -22.145  -17.993  8.783 0.7142857313
85089  -22.741  -17.638  9.155 0.5714285970
87249  -23.983  -15.716  9.304 0.5714285970
85105  -22.687  -17.318  8.273 0.5714285970
86222  -23.185  -16.657  8.370 0.5714285970
87282  -23.222  -15.959  7.978 0.5714285970
87283  -23.619  -15.349  8.547 0.5714285970
86221  -22.720  -16.639  7.587 0.5714285970
166273  -24.578  -15.090  9.707 0.4285714328
88395  -23.812  -14.517  8.350 0.5714285970
89450  -24.559  -13.419  8.435 0.5714285970
163991  -22.643  -14.945  7.204 0.7142857313
88414  -24.140  -13.843  8.154 0.7142857313
89477  -24.244  -13.181  7.671 0.7142857313
90497  -24.738  -12.648  8.057 0.5714285970
87313  -23.136  -14.959  7.829 0.5714285970
87337  -21.574  -15.610  6.135 0.5714285970
89475  -23.002  -13.676  6.844 0.8571428657
90518  -25.000  -11.957  8.017 0.5714285970
179110  -21.799  -14.586  5.850 0.5714285970
91570  -24.860  -11.570  6.989 0.7142857313
163994  -25.461  -11.583  8.399 0.5714285970
89476  -23.753  -13.130  6.970 0.7142857313
90517  -24.734  -12.132  7.396 0.7142857313
92627  -25.148  -10.898  6.882 0.5714285970
90530  -23.900  -12.462  6.419 0.7142857313
92609  -25.686  -10.518  7.514 0.5714285970
91587  -23.956  -11.744  6.009 0.7142857313
91588  -24.538  -11.263  6.406 0.7142857313
93657  -25.158  -9.661  6.143 0.7142857313
155352  -25.437  -10.105  6.741 0.7142857313
91602  -24.068  -10.923  5.605 0.7142857313
92626  -24.743  -10.339  6.099 0.7142857313
93671  -24.777  -9.509  5.501 0.7142857313
94777  -25.345  -8.372  5.218 0.7142857313
94759  -25.669  -8.533  6.047 0.5714285970
92643  -24.208  -10.049  5.190 0.7142857313
91600  -22.758  -12.053  4.586 0.5714285970
95850  -25.939  -7.791  5.441 0.5714285970
95851  -26.320  -7.156  5.505 0.5714285970
92659  -23.739  -9.789  4.557 0.8571428657
92642  -23.506  -10.560  4.715 0.8571428657
94796  -25.374  -7.736  4.699 0.7142857313
181928  -24.768  -7.902  4.366 0.7142857313
93689  -24.362  -9.164  4.742 0.8571428657
94795  -24.852  -8.385  4.685 0.7142857313
173797  -24.633  -6.812  4.242 0.8571428657
154173  -25.820  -6.516  4.283 0.5714285970
157291  -24.400  -7.493  4.221 0.8571428657
95868  -23.915  -8.179  4.128 0.8571428657
94794  -24.172  -8.585  4.342 0.8571428657
182014  -23.317  -5.395  4.497 0.8571428657
176406  -23.972  -5.004  4.578 0.8571428657
153717  -23.044  -3.820  4.709 0.8571428657
176650  -22.653  -5.181  4.146 0.8571428657
99058  -22.203  -4.468  3.702 1.0000000000
154499  -22.633  -4.374  4.378 1.0000000000
98074  -23.069  -6.124  4.283 0.8571428657
154441  -22.368  -3.885  4.171 1.0000000000
154100  -21.850  -2.920  3.418 1.0000000000
188057  -21.424  -2.229  2.117 0.7142857313
176390  -21.926  -3.736  3.467 1.0000000000
154657  -22.251  0.844  3.413 1.0000000000
103663  -21.768  1.065  2.770 0.8571428657
106417  -23.129  2.957  2.945 0.8571428657
105525  -22.956  2.313  3.249 1.0000000000
109190  -25.277  6.206  2.315 0.8571428657
107365  -24.389  4.885  3.124 0.8571428657
111117  -25.395  8.362  1.471 0.8571428657
110139  -25.960  7.622  1.518 0.8571428657
112030  -24.870  9.142  1.429 0.7142857313
110137  -23.879  7.653  1.191 0.5714285970
112037  -24.362  9.775  0.824 0.7142857313
112863  -25.132  10.726  0.468 0.5714285970
157869  -22.198  9.270  -0.235 0.5714285970
111128  -22.997  8.662  0.326 0.5714285970
112048  -21.557  9.696  -0.582 0.4285714328
113767  -22.158  11.588  -0.895 0.4285714328
114635  -22.508  12.247  -0.909 0.4285714328
112871  -19.266  10.624  -0.215 0.2857142985
113754  -19.557  11.417  0.403 0.2857142985
113743  -19.383  11.515  1.105 0.2857142985
78491  -19.941  -23.839  11.355 0.2857142985
91571  -25.278  -11.387  7.603 0.5714285970
96979  -25.963  -7.047  4.722 0.5714285970
94776  -24.953  -8.872  5.108 0.7142857313
154315  -25.282  -7.115  4.337 0.8571428657
176463  -25.400  -6.230  4.170 0.8571428657
176471  -24.993  -5.319  4.373 0.8571428657
176649  -23.729  -4.241  4.827 0.8571428657
176409  -21.507  -1.629  2.449 0.8571428657
113733  -21.924  11.653  2.780 0.1428571492
78507  -18.846  -23.552  10.438 0.2857142985
79728  -19.093  -22.735  10.164 0.2857142985
79730  -20.605  -22.514  11.005 0.2857142985
167224  -21.446  -22.076  11.474 0.4285714328
81821  -22.144  -20.552  10.896 0.4285714328
79739  -19.281  -21.983  9.732 0.2857142985
79729  -19.848  -22.256  10.357 0.4285714328
81839  -19.580  -20.696  8.140 0.5714285970
82949  -20.812  -19.778  8.297 0.5714285970
84040  -22.417  -18.369  9.522 0.4285714328
155249  -20.231  -19.261  7.323 0.2857142985
84051  -21.519  -18.481  8.409 0.7142857313
85104  -21.930  -17.750  8.036 0.7142857313
86240  -22.153  -16.952  7.176 0.5714285970
88371  -25.182  -14.020  9.855 0.4285714328
87312  -22.762  -15.752  7.292 0.7142857313
88369  -24.204  -14.888  9.007 0.7142857313
88396  -24.408  -14.151  8.740 0.5714285970
89420  -24.831  -13.698  9.179 0.4285714328
90516  -24.351  -12.640  7.059 0.7142857313
88428  -22.451  -14.386  6.685 0.5714285970
93640  -25.915  -9.663  7.342 0.5714285970
89489  -22.452  -13.669  5.942 0.5714285970
91553  -25.797  -10.910  8.275 0.5714285970
90531  -24.463  -12.028  6.677 0.7142857313
165951  -25.564  -9.297  6.528 0.5714285970
90543  -23.421  -12.275  5.570 0.8571428657
95880  -23.508  -7.662  3.803 1.0000000000
153704  -23.463  -3.117  4.600 1.0000000000
98104  -21.871  -5.985  2.731 1.0000000000
154142  -21.330  -2.796  1.920 0.8571428657
176460  -20.636  -1.430  0.951 0.7142857313
153706  -21.920  -0.402  3.382 1.0000000000
176554  -22.470  -0.709  4.122 1.0000000000
153719  -21.718  0.282  2.833 0.7142857313
154542  -22.499  0.072  3.688 1.0000000000
153711  -21.067  -0.857  1.619 0.7142857313
177502  -22.026  1.487  3.123 0.8571428657
108287  -23.869  5.427  2.518 0.8571428657
107351  -24.082  4.062  3.274 1.0000000000
106418  -23.852  3.266  3.414 1.0000000000
111116  -24.523  8.337  1.534 0.7142857313
113755  -22.267  10.929  -0.532 0.7142857313
111115  -23.782  8.557  1.134 0.5714285970
112036  -23.208  9.732  0.191 0.7142857313
112862  -23.995  10.663  0.233 0.7142857313
112035  -21.005  9.061  -0.461 0.4285714328
113765  -20.050  11.431  -0.389 0.2857142985
114634  -21.463  12.006  -1.336 0.4285714328
113756  -24.729  11.614  0.247 0.4285714328
176035  -21.831  12.711  -1.210 0.4285714328
114618  -19.187  12.328  0.879 0.2857142985
114633  -20.457  12.089  -1.217 0.4285714328
85118  -21.007  -17.842  6.884 0.4285714328
113766  -21.178  11.231  -1.049 0.4285714328
112860  -22.302  10.066  -0.418 0.7142857313
114626  -19.684  12.439  -0.168 0.2857142985
76285  -19.429  -25.171  11.804 0.4285714328
77308  -20.777  -24.439  12.377 0.4285714328
77344  -18.546  -24.348  10.639 0.2857142985
77326  -18.994  -24.771  11.252 0.2857142985
78464  -22.170  -23.881  13.086 0.4285714328
78479  -21.092  -23.686  12.066 0.4285714328
185298  -19.373  -21.405  9.274 0.2857142985
80795  -20.004  -21.418  9.792 0.4285714328
164385  -20.781  -21.036  10.279 0.4285714328
165297  -21.410  -20.551  10.436 0.4285714328
81830  -19.791  -20.865  8.970 0.4285714328
81840  -20.383  -20.285  8.394 0.4285714328
82960  -20.449  -19.867  7.778 0.2857142985
82939  -22.109  -19.148  9.881 0.4285714328
84063  -21.285  -18.214  7.622 0.5714285970
85119  -21.723  -17.494  7.330 0.5714285970
88370  -24.704  -14.413  9.420 0.4285714328
88413  -23.551  -13.924  7.624 0.7142857313
89451  -24.994  -12.955  8.874 0.5714285970
87338  -22.210  -15.263  6.690 0.7142857313
88412  -22.925  -14.359  7.276 0.7142857313
86263  -22.149  -16.262  6.764 0.7142857313
90529  -23.175  -12.948  6.220 0.5714285970
90542  -22.691  -12.857  5.300 0.7142857313
91601  -23.479  -11.495  5.138 0.8571428657
93672  -25.267  -9.045  5.725 0.7142857313
96997  -23.731  -6.896  4.164 0.8571428657
98075  -24.072  -6.026  4.453 0.8571428657
94811  -23.427  -8.867  3.784 0.8571428657
98090  -22.430  -6.030  3.621 1.0000000000
176337  -21.556  -3.516  2.444 1.0000000000
176459  -21.066  -2.032  1.594 0.8571428657
109202  -24.770  6.920  2.078 0.8571428657
110138  -25.105  7.616  1.733 0.8571428657
112029  -24.226  9.062  1.364 0.7142857313
177899  -23.712  9.176  0.923 0.5714285970
112873  -21.419  10.370  -0.718 0.4285714328
112855  -19.156  10.587  0.815 0.2857142985
112872  -20.337  10.665  -0.446 0.2857142985
114603  -19.623  12.266  1.572 0.2857142985
173949  -21.198  11.856  2.406 0.1428571492
84062  -20.523  -18.579  7.162 0.2857142985
155799  -21.475  -0.604  2.619 1.0000000000
112861  -23.044  10.606  -0.122 0.5714285970
117371  -21.427  15.700  -2.274 0.2857142985
117370  -20.475  16.057  -2.494 0.1428571492
116515  -21.553  14.598  -1.780 0.2857142985
116524  -22.602  15.190  -1.698 0.2857142985
185003  -19.967  15.352  -2.480 0.1428571492
118142  -20.438  16.706  -2.263 0.1428571492
115571  -19.840  13.226  -1.434 0.1428571492
115572  -20.256  13.847  -2.067 0.2857142985
115584  -19.282  13.979  -2.146 0.1428571492
115585  -24.557  14.339  -1.584 0.2857142985
116516  -22.924  14.318  -1.011 0.2857142985
112070  -25.535  9.741  -2.846 0.2857142985
113780  -25.575  11.845  -1.892 0.2857142985
118141  -19.810  16.400  -1.685 0.1428571492
175589  -22.741  13.236  -0.849 0.2857142985
112875  -26.141  10.783  -0.679 0.2857142985
115575  -24.735  13.640  -0.934 0.2857142985
110167  -26.786  7.558  -1.682 0.1428571492
157112  -26.476  10.233  -1.200 0.2857142985
114638  -25.464  12.447  -0.785 0.2857142985
117369  -19.382  15.120  -1.782 0.1428571492
114637  -25.056  12.826  -0.554 0.2857142985
115574  -23.751  13.547  -0.706 0.2857142985
107416  -26.461  4.237  -2.435 0.1428571492
109239  -26.741  6.040  -2.282 0.1428571492
111144  -26.674  8.565  -1.450 0.4285714328
113757  -25.376  11.514  0.133 0.2857142985
107393  -27.643  4.772  0.825 0.2857142985
110154  -27.098  7.685  0.256 0.4285714328
112039  -26.197  9.466  0.379 0.2857142985
167552  -23.394  11.638  -0.190 0.2857142985
172604  -27.457  3.101  0.509 0.1428571492
108323  -27.411  5.778  -0.331 0.2857142985
156113  -26.696  8.935  0.033 0.4285714328
108303  -27.034  6.226  1.546 0.5714285970
111118  -26.205  8.297  1.071 0.7142857313
105539  -27.029  2.265  2.420 0.1428571492
106445  -27.493  3.261  1.212 0.1428571492
110140  -26.711  7.530  0.978 0.7142857313
112038  -25.387  9.751  0.753 0.4285714328
107380  -27.370  4.882  1.757 0.4285714328
165136  -26.704  0.840  1.741 0.2857142985
173828  -26.589  1.973  3.035 0.7142857313
109191  -26.341  6.128  2.093 0.7142857313
182002  -23.613  2.630  3.483 0.8571428657
106421  -26.446  3.526  3.197 0.8571428657
187657  -26.537  5.407  2.402 0.5714285970
103682  -26.622  0.185  2.226 0.2857142985
167918  -26.971  4.907  2.445 0.7142857313
108286  -23.059  5.033  1.895 0.5714285970
107366  -25.404  4.879  2.960 0.8571428657
102730  -26.360  -0.802  2.104 0.1428571492
166129  -26.108  1.663  3.552 0.7142857313
170971  -26.078  -1.527  1.899 0.1428571492
95908  -20.532  -7.185  0.463 0.5714285970
99069  -21.576  -4.490  1.557 0.8571428657
99079  -21.460  -4.964  0.981 0.4285714328
176410  -21.291  -3.569  1.433 0.5714285970
154230  -23.437  -1.101  4.553 0.8571428657
104622  -23.694  1.176  3.992 0.8571428657
101781  -25.762  -1.871  2.340 0.2857142985
103650  -24.961  -0.009  4.191 0.8571428657
180880  -24.595  1.565  3.932 0.8571428657
107352  -25.039  4.138  3.221 0.8571428657
101803  -26.344  -2.036  1.798 0.4285714328
103651  -25.778  -0.278  3.563 0.7142857313
104623  -26.041  0.716  3.508 0.7142857313
95907  -19.752  -7.384  0.387 0.2857142985
161079  -21.589  -5.938  1.852 0.5714285970
97037  -20.853  -6.325  0.833 0.5714285970
99057  -21.774  -4.444  2.754 0.8571428657
176750  -22.479  -1.569  4.229 0.8571428657
176525  -23.265  -0.207  4.396 0.8571428657
103649  -23.925  0.341  4.358 0.8571428657
101780  -25.378  -1.731  3.584 0.4285714328
173732  -24.893  -1.349  4.187 0.8571428657
102689  -24.376  -0.674  4.440 0.8571428657
180265  -26.375  -2.465  2.402 0.4285714328
91631  -21.752  -11.689  3.150 0.7142857313
92692  -21.477  -10.598  1.994 0.4285714328
91614  -22.360  -11.451  3.766 0.7142857313
93702  -22.471  -9.696  2.784 0.8571428657
93729  -21.749  -9.445  1.446 0.5714285970
94832  -21.441  -8.819  1.038 0.5714285970
168893  -20.165  -8.923  0.826 0.4285714328
95879  -22.569  -8.379  2.559 0.8571428657
94833  -22.066  -8.652  1.624 0.5714285970
95909  -21.206  -7.274  0.889 0.5714285970
97013  -22.892  -6.944  3.626 0.8571428657
97025  -21.850  -6.795  2.154 0.7142857313
95891  -21.625  -7.296  1.418 0.5714285970
154304  -24.681  -4.400  4.665 0.7142857313
154140  -24.196  -3.543  4.759 0.7142857313
153710  -24.152  -2.728  4.506 0.7142857313
176336  -23.682  -2.021  4.416 0.8571428657
154411  -27.074  -3.541  3.138 0.2857142985
100873  -26.584  -3.255  3.194 0.4285714328
100872  -25.668  -3.211  3.936 0.5714285970
89524  -22.126  -13.494  5.002 0.4285714328
90559  -22.049  -13.133  3.373 0.4285714328
155135  -21.354  -11.897  2.519 0.4285714328
93688  -23.613  -9.288  4.140 0.7142857313
93703  -22.970  -9.516  3.495 0.7142857313
163197  -22.909  -7.779  3.260 0.8571428657
185228  -26.605  -4.176  3.993 0.2857142985
154175  -25.648  -4.603  4.461 0.5714285970
89506  -22.002  -13.946  5.470 0.4285714328
88467  -21.238  -14.427  4.242 0.5714285970
90575  -22.150  -12.333  3.651 0.5714285970
92658  -23.217  -10.053  3.922 0.7142857313
176464  -26.254  -6.194  4.681 0.4285714328
176470  -26.283  -5.442  4.580 0.4285714328
176438  -26.817  -4.372  4.181 0.4285714328
176462  -26.286  -4.640  4.409 0.4285714328
86261  -20.815  -16.769  5.871 0.5714285970
186629  -25.879  -11.258  8.850 0.4285714328
92596  -26.278  -10.011  8.323 0.4285714328
96943  -26.749  -7.155  7.015 0.4285714328
94760  -26.082  -8.078  6.372 0.4285714328
96961  -27.151  -6.082  6.251 0.4285714328
154636  -26.409  -6.649  5.261 0.4285714328
82920  -23.554  -19.662  11.535 0.1428571492
94742  -26.037  -8.730  7.008 0.4285714328
170225  -26.402  -7.878  7.153 0.4285714328
84027  -23.328  -18.454  10.612 0.1428571492
85032  -24.398  -17.608  11.582 0.1428571492
88344  -24.963  -15.097  10.441 0.2857142985
91496  -26.608  -11.539  11.254 0.2857142985
93596  -27.062  -9.019  10.484 0.2857142985
159600  -26.384  -10.670  9.898 0.2857142985
90450  -25.614  -12.689  10.256 0.4285714328
93618  -26.847  -8.848  9.802 0.2857142985
92584  -26.394  -10.131  9.304 0.2857142985
91533  -26.106  -11.308  9.504 0.2857142985
94716  -26.765  -8.509  9.017 0.2857142985
93629  -26.518  -9.143  8.503 0.4285714328
84008  -23.615  -18.809  11.368 0.1428571492
84028  -23.780  -17.999  11.162 0.1428571492
174941  -24.604  -16.787  11.305 0.2857142985
86142  -25.113  -16.408  11.871 0.2857142985
174260  -26.112  -13.890  12.282 0.2857142985
90439  -26.538  -12.395  11.692 0.2857142985
90438  -25.941  -12.985  11.093 0.2857142985
89403  -25.516  -13.541  10.467 0.2857142985
90451  -26.232  -12.185  10.736 0.2857142985
172347  -24.707  -17.956  12.355 0.1428571492
87184  -26.305  -15.185  13.358 0.2857142985
86123  -25.298  -16.843  12.455 0.2857142985
87183  -25.784  -15.299  12.578 0.2857142985
86143  -25.473  -16.150  12.571 0.2857142985
85067  -24.124  -17.256  10.793 0.2857142985
88329  -25.776  -14.606  12.071 0.2857142985
79694  -21.762  -22.764  12.011 0.2857142985
81812  -23.436  -20.401  11.796 0.1428571492
79732  -22.137  -21.432  11.412 0.2857142985
81813  -23.945  -20.046  12.064 0.1428571492
76256  -20.816  -25.439  13.385 0.2857142985
76255  -20.160  -25.845  13.093 0.2857142985
75264  -19.469  -26.244  12.784 0.2857142985
79714  -22.978  -21.648  12.144 0.2857142985
75250  -19.842  -26.574  13.449 0.2857142985
75249  -19.169  -27.003  13.099 0.1428571492
178593  -24.945  -17.194  12.021 0.1428571492
86124  -25.808  -15.913  13.334 0.2857142985
88317  -26.230  -14.522  12.795 0.2857142985
91497  -26.919  -11.712  11.927 0.2857142985
89392  -26.251  -13.258  11.890 0.2857142985
92565  -26.721  -10.602  10.992 0.2857142985
91532  -25.584  -11.763  9.134 0.4285714328
92597  -26.205  -10.748  8.990 0.4285714328
93617  -26.589  -9.415  9.171 0.2857142985
161199  -27.085  -7.594  9.159 0.2857142985
92674  -22.068  -10.352  2.806 0.7142857313
95805  -26.589  -7.910  7.983 0.4285714328
95892  -22.105  -7.759  1.868 0.5714285970
95834  -26.399  -7.474  6.251 0.4285714328
185774  -25.992  -6.015  4.183 0.4285714328
183063  -26.760  -4.913  4.792 0.2857142985
176437  -27.334  -4.003  3.897 0.2857142985
176469  -26.338  -3.995  3.947 0.5714285970
106432  -23.295  3.747  2.861 0.7142857313
154493  -24.896  -2.258  4.152 0.7142857313
166394  -23.656  1.987  3.744 0.8571428657
109201  -23.903  6.757  1.423 0.4285714328
108288  -24.833  5.532  2.651 0.7142857313
184439  -26.758  -2.896  2.727 0.2857142985
105527  -25.395  2.148  3.826 0.8571428657
108289  -25.801  5.509  2.562 0.8571428657
104624  -26.539  0.957  3.059 0.5714285970
173292  -27.498  4.073  1.457 0.4285714328
108316  -27.521  5.656  0.498 0.4285714328
117359  -19.656  15.926  0.085 0.1428571492
109232  -27.140  6.531  -1.517 0.1428571492
186819  -25.143  13.800  -1.607 0.2857142985
77289  -21.090  -24.738  13.016 0.1428571492
76284  -18.645  -25.473  11.532 0.2857142985
78466  -22.858  -23.313  13.300 0.1428571492
179447  -23.323  -20.999  12.120 0.1428571492
178124  -24.029  -19.284  11.989 0.1428571492
83986  -25.203  -18.292  13.019 0.1428571492
84986  -26.129  -17.378  13.897 0.1428571492
171353  -23.977  -16.258  9.845 0.2857142985
87194  -25.372  -15.628  11.893 0.2857142985
89391  -25.690  -13.920  11.409 0.2857142985
90440  -26.980  -12.158  12.369 0.2857142985
186561  -25.011  -14.616  9.981 0.2857142985
162958  -27.165  -11.040  11.713 0.2857142985
89523  -21.771  -13.708  3.948 0.5714285970
89421  -25.219  -13.219  9.688 0.2857142985
89547  -20.956  -13.274  2.430 0.2857142985
184138  -27.070  -8.152  9.641 0.2857142985
96923  -27.175  -6.733  8.753 0.2857142985
155283  -21.983  -10.999  3.234 0.7142857313
92657  -22.633  -10.614  3.605 0.5714285970
92703  -20.775  -10.278  0.995 0.4285714328
92704  -21.396  -10.150  1.309 0.5714285970
95806  -26.778  -7.353  8.395 0.4285714328
97035  -19.082  -6.736  0.352 0.2857142985
94840  -21.042  -8.064  0.740 0.5714285970
95818  -26.818  -6.847  7.853 0.2857142985
179057  -20.239  -6.343  0.409 0.2857142985
154402  -27.302  -5.753  7.088 0.1428571492
177544  -27.150  -5.701  5.710 0.4285714328
176439  -26.749  -5.583  5.122 0.4285714328
153725  -27.729  -4.230  5.754 0.1428571492
176408  -22.546  -2.422  4.150 0.8571428657
154130  -27.252  -4.455  4.803 0.1428571492
165100  -25.819  -2.499  3.168 0.5714285970
102710  -25.576  -1.270  3.074 0.7142857313
175970  -25.285  2.863  3.667 0.8571428657
102732  -27.786  -0.772  1.561 0.2857142985
102743  -26.901  -0.891  1.061 0.1428571492
102711  -25.857  -1.102  2.514 0.4285714328
102731  -26.587  -1.254  1.495 0.4285714328
102751  -26.586  -0.430  0.736 0.1428571492
177538  -27.176  2.975  2.419 0.5714285970
103694  -26.468  0.129  1.167 0.1428571492
104653  -26.950  1.733  1.590 0.1428571492
105563  -27.267  2.484  0.931 0.1428571492
116514  -19.088  14.270  -1.280 0.1428571492
107368  -27.215  4.213  2.266 0.5714285970
104662  -26.719  1.644  0.578 0.1428571492
106470  -27.458  3.478  -0.088 0.1428571492
111136  -26.868  8.891  -0.645 0.2857142985
180289  -27.260  7.268  -0.876 0.2857142985
107404  -27.559  4.978  -0.084 0.2857142985
107411  -27.222  4.197  -0.720 0.1428571492
107410  -26.934  4.672  -1.636 0.1428571492
108340  -26.704  5.155  -2.379 0.1428571492
112071  -26.231  9.141  -2.113 0.2857142985
111152  -25.650  8.788  -3.017 0.2857142985
110173  -25.683  7.911  -3.182 0.1428571492
109248  -26.256  6.492  -3.053 0.1428571492
183586  -23.383  -23.469  13.958 0.1428571492
82902  -24.701  -19.605  13.024 0.1428571492
92550  -27.247  -10.412  11.650 0.2857142985
176658  -27.729  -3.172  3.677 0.2857142985
107421  -25.904  4.812  -3.136 0.1428571492
111161  -24.964  8.423  -4.022 0.2857142985
76275  -20.453  -25.117  12.741 0.2857142985
77290  -21.672  -24.465  13.203 0.1428571492
79680  -22.903  -22.738  12.795 0.1428571492
157796  -22.799  -22.297  12.368 0.1428571492
82926  -22.441  -19.592  10.603 0.1428571492
82927  -23.133  -19.245  10.914 0.1428571492
85066  -23.524  -17.646  10.360 0.2857142985
86206  -23.530  -16.574  9.225 0.4285714328
86172  -24.282  -16.464  10.518 0.2857142985
84041  -23.015  -18.031  9.884 0.1428571492
87250  -24.427  -15.735  10.142 0.2857142985
90470  -25.352  -12.440  9.431 0.4285714328
91615  -22.953  -11.117  4.335 0.5714285970
96960  -26.726  -6.751  6.113 0.4285714328
186345  -23.075  -10.574  4.133 0.7142857313
170378  -23.152  -8.392  3.462 0.7142857313
154524  -24.886  -3.106  4.408 0.7142857313
98103  -21.682  -5.225  2.258 0.8571428657
97026  -22.329  -6.606  2.960 0.8571428657
176700  -23.291  -2.660  4.477 0.8571428657
176364  -21.829  -2.036  3.431 0.8571428657
109189  -24.313  6.169  2.218 0.5714285970
109203  -25.628  6.894  1.915 0.7142857313
111129  -25.726  9.011  1.049 0.5714285970
112864  -25.960  10.286  0.090 0.2857142985
114636  -23.571  12.685  -0.498 0.2857142985
176322  -25.805  -5.387  4.362 0.4285714328
81822  -22.915  -20.055  11.251 0.1428571492
86262  -21.432  -17.012  6.646 0.5714285970
88345  -25.351  -14.384  10.541 0.2857142985
93641  -26.303  -9.123  7.839 0.4285714328
103664  -22.947  0.702  4.159 0.8571428657
106420  -25.628  3.473  3.411 0.8571428657
167388  -20.812  12.811  -1.471 0.2857142985
114627  -24.507  12.378  -0.127 0.2857142985
115573  -21.707  13.655  -1.249 0.2857142985
94810  -22.754  -9.081  3.065 0.8571428657
116523  -20.258  14.927  -2.416 0.2857142985
173731  -19.871  15.710  -2.404 0.1428571492
116525  -23.662  15.032  -1.693 0.2857142985
184761  -19.802  14.309  -2.288 0.1428571492
116517  -23.992  14.250  -0.995 0.2857142985
112894  -26.267  10.067  -1.936 0.2857142985
114647  -25.503  12.691  -1.700 0.2857142985
113770  -25.950  11.486  -1.064 0.2857142985
117366  -19.456  15.748  -0.778 0.1428571492
112058  -26.653  9.496  -1.293 0.2857142985
112049  -26.549  9.764  -0.502 0.2857142985
182945  -24.371  13.015  -0.520 0.2857142985
115576  -25.301  13.190  -1.241 0.2857142985
110168  -27.003  8.062  -0.814 0.2857142985
110174  -26.321  7.375  -2.660 0.1428571492
165949  -26.699  6.808  -2.258 0.1428571492
113769  -25.684  11.658  -0.482 0.2857142985
157084  -27.337  5.919  -1.044 0.1428571492
165432  -26.301  5.648  -2.852 0.1428571492
111153  -26.243  8.220  -2.310 0.1428571492
163813  -27.612  4.248  0.107 0.1428571492
184060  -26.894  6.751  1.089 0.5714285970
110141  -27.041  6.929  0.504 0.4285714328
111137  -27.053  8.303  -0.123 0.5714285970
105577  -27.062  3.085  -0.888 0.1428571492
105551  -27.320  2.688  1.783 0.1428571492
109225  -27.363  6.503  -0.652 0.2857142985
158615  -27.222  5.181  -0.896 0.2857142985
109219  -27.335  6.377  0.127 0.4285714328
108304  -27.436  5.617  1.323 0.5714285970
105538  -26.786  2.847  2.951 0.4285714328
106433  -27.044  3.576  2.732 0.5714285970
105528  -26.123  2.666  3.536 0.7142857313
107367  -26.759  4.258  2.899 0.7142857313
103665  -26.420  -0.069  2.999 0.5714285970
104609  -24.454  0.794  4.083 0.8571428657
97031  -21.438  -6.572  1.319 0.5714285970
171101  -21.524  -5.221  1.465 0.5714285970
99078  -21.171  -4.220  0.823 0.4285714328
98117  -20.434  -5.596  0.464 0.4285714328
176556  -24.316  -1.442  4.381 0.8571428657
102690  -25.281  -0.887  4.014 0.8571428657
90574  -21.660  -12.728  2.793 0.5714285970
91630  -21.574  -11.140  2.611 0.4285714328
92675  -22.656  -10.012  3.299 0.7142857313
92693  -21.905  -9.908  2.085 0.7142857313
94821  -22.372  -9.237  2.151 0.7142857313
156262  -21.226  -9.619  0.857 0.4285714328
95901  -21.581  -7.996  1.222 0.5714285970
93727  -19.875  -9.783  1.194 0.2857142985
154836  -22.472  -7.380  2.734 0.8571428657
153707  -25.313  -3.786  4.486 0.5714285970
90560  -22.325  -12.940  4.250 0.5714285970
96944  -27.047  -6.498  7.021 0.4285714328
98037  -26.768  -6.160  5.488 0.4285714328
94730  -26.558  -8.523  8.261 0.4285714328
86141  -24.754  -15.813  11.136 0.2857142985
88328  -25.397  -14.955  11.323 0.2857142985
91508  -26.328  -11.387  10.388 0.2857142985
92564  -26.638  -9.738  10.154 0.2857142985
90471  -25.800  -11.935  9.928 0.2857142985
94731  -26.764  -7.961  8.585 0.4285714328
83985  -24.588  -18.909  12.601 0.1428571492
85005  -25.298  -17.512  12.717 0.1428571492
76245  -21.212  -25.766  14.019 0.1428571492
76246  -21.937  -25.231  14.431 0.1428571492
154339  -27.315  -5.085  5.507 0.2857142985
116509  -19.207  14.466  -0.221 0.1428571492
77291  -22.099  -24.523  13.739 0.1428571492
78451  -23.831  -23.049  14.240 0.1428571492
115570  -19.307  13.854  -0.435 0.1428571492
106444  -22.129  3.717  1.762 0.5714285970
104651  -21.380  1.457  1.520 0.4285714328
105550  -21.267  2.027  1.294 0.4285714328
105537  -22.024  2.908  1.863 0.5714285970
153745  -21.147  0.779  1.357 0.4285714328
105536  -21.720  2.268  1.840 0.5714285970
107364  -23.519  4.604  2.728 0.4285714328
153715  -20.211  -1.736  0.398 0.4285714328
156210  -21.195  0.123  1.946 0.4285714328
153712  -20.677  -0.550  0.834 0.4285714328
153708  -20.996  0.069  1.120 0.5714285970
153714  -21.484  0.918  2.077 0.5714285970
104636  -21.741  1.735  2.321 0.5714285970
176632  -20.756  -3.384  0.721 0.5714285970
94676  -27.814  -8.085  11.757 0.1428571492
94695  -27.218  -8.291  10.291 0.1428571492
157599  -27.399  -7.591  9.970 0.1428571492
81858  -19.388  -20.605  7.295 0.2857142985
180914  -29.036  -8.396  13.840 0.1428571492
93571  -27.850  -8.810  12.454 0.1428571492
171115  -29.296  -7.327  13.524 0.1428571492
94665  -28.388  -8.054  12.627 0.1428571492
156041  -29.408  -6.568  13.239 0.1428571492
91468  -27.900  -10.962  13.067 0.1428571492
92521  -28.308  -10.438  13.659 0.1428571492
92541  -27.568  -10.672  12.312 0.1428571492
93547  -28.352  -9.590  13.480 0.1428571492
186689  -29.994  -8.058  14.883 0.1428571492
93548  -28.924  -9.020  14.019 0.1428571492
167426  -32.352  -6.634  12.431 0.1428571492
95725  -31.000  -7.126  14.209 0.1428571492
96868  -31.750  -6.169  12.993 0.1428571492
80832  -18.995  -21.120  7.707 0.2857142985
80831  -18.225  -21.412  7.284 0.2857142985
89370  -27.151  -13.679  13.732 0.1428571492
89371  -27.674  -12.891  13.922 0.1428571492
90428  -27.381  -12.337  13.093 0.1428571492
89381  -26.613  -13.700  12.960 0.1428571492
90429  -27.856  -12.160  13.797 0.1428571492
91451  -28.879  -10.712  14.350 0.1428571492
90414  -28.721  -11.423  14.485 0.1428571492
155294  -30.151  -10.023  15.510 0.1428571492
182747  -31.008  -8.870  15.601 0.1428571492
95733  -32.085  -7.899  13.712 0.1428571492
168767  -32.591  -7.972  12.124 0.1428571492
95732  -31.565  -7.296  13.862 0.1428571492
80814  -19.173  -21.218  8.586 0.2857142985
80812  -17.878  -22.002  7.970 0.2857142985
79752  -18.330  -22.288  8.675 0.2857142985
87172  -27.043  -15.258  14.005 0.1428571492
88301  -28.323  -14.098  14.694 0.1428571492
177937  -27.745  -13.619  14.242 0.1428571492
89354  -28.908  -12.670  15.365 0.1428571492
91452  -29.571  -11.096  14.880 0.1428571492
90399  -28.391  -12.261  14.528 0.1428571492
169122  -30.949  -10.129  15.653 0.1428571492
94638  -32.237  -8.544  14.438 0.1428571492
93519  -31.501  -9.344  15.553 0.1428571492
95778  -33.322  -7.779  10.536 0.1428571492
95777  -32.753  -8.074  11.239 0.1428571492
86125  -26.364  -15.775  13.815 0.1428571492
87164  -27.931  -15.002  14.469 0.1428571492
87165  -28.295  -15.471  15.054 0.1428571492
89311  -30.155  -13.651  15.789 0.1428571492
87134  -30.018  -15.113  15.590 0.1428571492
90381  -31.447  -12.549  15.751 0.1428571492
163377  -28.915  -13.434  15.390 0.1428571492
91435  -31.909  -11.826  15.490 0.1428571492
90379  -29.753  -12.504  15.555 0.1428571492
166035  -31.384  -11.031  15.438 0.1428571492
94667  -32.639  -8.645  12.620 0.1428571492
180700  -32.619  -9.951  14.771 0.1428571492
94696  -32.669  -8.889  11.194 0.1428571492
86106  -28.014  -16.263  15.187 0.1428571492
86113  -25.691  -16.874  13.172 0.1428571492
87136  -31.453  -15.532  15.984 0.1428571492
87135  -30.756  -15.228  15.805 0.1428571492
89313  -31.208  -13.668  15.972 0.1428571492
88285  -29.749  -14.310  15.602 0.1428571492
168324  -28.536  -14.774  15.022 0.1428571492
165944  -33.340  -12.751  14.738 0.1428571492
156389  -33.308  -13.568  14.794 0.1428571492
90401  -33.273  -11.963  14.579 0.1428571492
92524  -33.042  -10.721  13.919 0.1428571492
90383  -33.129  -12.256  15.181 0.1428571492
157848  -32.838  -9.047  14.068 0.1428571492
167747  -32.164  -11.041  15.279 0.1428571492
86095  -33.107  -16.442  15.609 0.1428571492
173101  -30.906  -15.988  15.986 0.1428571492
87153  -29.441  -15.871  15.707 0.1428571492
164538  -33.118  -15.366  14.644 0.1428571492
87166  -33.330  -16.010  14.686 0.1428571492
88310  -33.349  -13.897  13.885 0.1428571492
88302  -33.155  -14.452  14.694 0.1428571492
90432  -33.059  -12.674  12.937 0.1428571492
88287  -32.496  -14.636  15.571 0.1428571492
88284  -28.999  -14.200  15.387 0.1428571492
89336  -31.695  -13.298  15.840 0.1428571492
91434  -30.069  -11.809  15.304 0.1428571492
90427  -26.729  -12.897  12.546 0.1428571492
94697  -33.113  -8.661  10.860 0.1428571492
95779  -34.307  -7.916  10.153 0.1428571492
95750  -32.575  -7.896  12.981 0.1428571492
94621  -29.900  -8.488  15.103 0.1428571492
94637  -31.506  -7.809  14.423 0.1428571492
175375  -27.188  -9.584  11.149 0.1428571492
184352  -28.006  -7.499  11.436 0.1428571492
92523  -32.765  -10.089  13.209 0.1428571492
93572  -32.507  -9.512  12.207 0.1428571492
94698  -34.044  -8.599  10.597 0.1428571492
153720  -20.524  -2.426  0.698 0.4285714328
160538  -32.800  -7.128  10.939 0.1428571492
96846  -32.086  -7.093  13.208 0.1428571492
96832  -30.639  -6.453  13.723 0.1428571492
156355  -28.229  -7.066  11.085 0.1428571492
95793  -27.482  -6.919  9.610 0.1428571492
108302  -23.434  5.877  1.667 0.4285714328
107363  -22.732  4.213  2.224 0.4285714328
80803  -18.883  -21.809  9.032 0.2857142985
112081  -24.882  9.405  -3.873 0.1428571492
93580  -27.362  -8.545  11.050 0.1428571492
88318  -26.741  -14.443  13.531 0.1428571492
86105  -27.567  -15.801  14.621 0.1428571492
86114  -26.173  -16.481  13.874 0.1428571492
91486  -27.437  -11.516  12.522 0.1428571492
176683  -27.202  -6.193  7.915 0.1428571492
93570  -27.569  -9.727  12.161 0.1428571492
182088  -27.537  -8.942  11.712 0.1428571492
94675  -27.625  -7.660  10.844 0.1428571492
94666  -28.431  -8.725  13.255 0.1428571492
165343  -28.843  -7.914  13.409 0.1428571492
94636  -29.443  -8.454  14.447 0.1428571492
93532  -29.412  -9.170  14.784 0.1428571492
92542  -27.871  -10.144  12.927 0.1428571492
95731  -29.841  -7.147  13.945 0.1428571492
95755  -28.349  -7.282  11.999 0.1428571492
96867  -29.258  -5.898  12.606 0.1428571492
95724  -30.380  -7.220  14.263 0.1428571492
90430  -28.193  -11.695  14.025 0.1428571492
91469  -28.273  -11.140  13.834 0.1428571492
92522  -28.882  -9.862  14.236 0.1428571492
95710  -30.351  -7.938  14.877 0.1428571492
94623  -31.442  -8.421  15.147 0.1428571492
92505  -29.528  -10.079  14.996 0.1428571492
96845  -31.312  -6.632  13.592 0.1428571492
88300  -27.441  -14.346  14.121 0.1428571492
89382  -27.085  -13.092  13.265 0.1428571492
187781  -29.898  -10.526  15.227 0.1428571492
90400  -29.134  -11.931  15.118 0.1428571492
93518  -30.576  -9.357  15.634 0.1428571492
94624  -32.135  -8.999  15.127 0.1428571492
89334  -29.628  -13.141  15.709 0.1428571492
167655  -30.435  -10.978  15.353 0.1428571492
159961  -30.948  -11.819  15.528 0.1428571492
92494  -32.412  -10.406  15.104 0.1428571492
93533  -32.597  -9.311  14.670 0.1428571492
159988  -27.359  -16.626  14.762 0.1428571492
86094  -28.700  -15.967  15.564 0.1428571492
88264  -31.342  -14.577  15.908 0.1428571492
90380  -30.564  -12.468  15.727 0.1428571492
90382  -32.490  -12.625  15.550 0.1428571492
89337  -32.525  -13.535  15.570 0.1428571492
90359  -30.368  -13.067  15.900 0.1428571492
87154  -32.657  -15.603  15.721 0.1428571492
88286  -31.970  -14.100  15.766 0.1428571492
89373  -33.359  -13.159  13.570 0.1428571492
91453  -33.077  -11.324  14.394 0.1428571492
91470  -32.857  -10.955  13.147 0.1428571492
177339  -32.548  -14.075  15.544 0.1428571492
174356  -32.793  -14.999  15.226 0.1428571492
74250  -17.688  -27.670  12.448 0.1428571492
75263  -18.750  -26.610  12.468 0.1428571492
74264  -17.271  -27.297  11.750 0.1428571492
75262  -18.012  -26.944  12.132 0.1428571492
75274  -18.328  -26.217  11.810 0.1428571492
75273  -17.487  -26.486  11.509 0.1428571492
76292  -18.205  -25.058  10.889 0.1428571492
179862  -17.806  -24.687  10.193 0.1428571492
78518  -17.719  -23.540  9.326 0.1428571492
77362  -18.161  -23.974  9.942 0.1428571492
78519  -18.431  -23.194  9.758 0.1428571492
77360  -16.572  -24.642  9.252 0.1428571492
78517  -16.921  -23.786  8.797 0.1428571492
179693  -17.441  -23.188  8.776 0.1428571492
79737  -18.025  -22.883  9.098 0.1428571492
79770  -16.515  -22.663  7.719 0.1428571492
79771  -17.199  -22.401  7.720 0.1428571492
80830  -17.469  -21.817  7.331 0.1428571492
81857  -18.850  -20.937  6.926 0.1428571492
82959  -19.697  -19.868  7.039 0.1428571492
81875  -18.252  -20.802  6.382 0.2857142985
82979  -19.730  -18.969  6.615 0.2857142985
87354  -20.666  -15.794  4.692 0.4285714328
88449  -21.366  -14.701  5.001 0.4285714328
99089  -20.427  -4.022  0.097 0.2857142985
154313  -20.278  -3.056  -0.004 0.2857142985
154187  -20.946  -2.868  1.319 0.2857142985
155076  -19.165  0.754  -0.515 0.2857142985
104660  -20.275  1.554  0.180 0.2857142985
187199  -21.491  2.599  1.604 0.2857142985
106443  -21.494  3.270  1.505 0.4285714328
80813  -18.612  -21.675  8.189 0.1428571492
81874  -17.326  -20.734  6.260 0.1428571492
77343  -17.390  -25.375  10.499 0.1428571492
77361  -17.394  -24.298  9.528 0.1428571492
79750  -17.006  -23.078  8.184 0.1428571492
80829  -16.788  -21.962  7.121 0.1428571492
80843  -17.454  -21.367  6.738 0.1428571492
82976  -17.759  -20.081  5.764 0.2857142985
82978  -19.132  -19.647  6.099 0.2857142985
82977  -18.604  -20.218  5.941 0.2857142985
84076  -20.223  -18.200  6.395 0.2857142985
85130  -20.617  -17.475  6.168 0.4285714328
180547  -20.248  -17.204  5.515 0.4285714328
86298  -19.325  -16.684  4.085 0.2857142985
157942  -20.184  -4.913  -0.057 0.2857142985
171169  -19.783  -4.252  -0.350 0.2857142985
99095  -19.827  -3.457  -0.374 0.2857142985
153752  -18.518  -3.330  -0.226 0.2857142985
153749  -19.805  -2.678  -0.239 0.2857142985
183509  -20.320  -1.034  0.551 0.2857142985
180611  -18.851  -0.561  -0.419 0.2857142985
154624  -18.062  -0.864  -0.357 0.2857142985
154361  -20.330  0.931  0.315 0.2857142985
187496  -19.285  -18.986  6.064 0.2857142985
163267  -19.228  -3.785  -0.455 0.2857142985
99088  -19.446  -4.968  -0.148 0.2857142985
154193  -18.646  -2.549  -0.147 0.2857142985
153756  -18.394  -1.812  0.048 0.2857142985
153743  -19.770  -1.894  0.110 0.2857142985
154635  -19.356  -1.216  -0.048 0.2857142985
153724  -20.496  0.197  0.551 0.2857142985
99993  -16.909  -2.824  0.626 0.2857142985
154320  -17.803  -2.563  0.216 0.2857142985
86284  -20.982  -16.062  5.564 0.4285714328
87355  -21.193  -15.295  5.339 0.4285714328
79738  -18.661  -22.466  9.458 0.1428571492
76283  -17.754  -25.696  11.277 0.1428571492
176653  -20.777  0.675  0.874 0.2857142985
153744  -18.799  -1.296  -0.197 0.2857142985
81876  -19.085  -20.475  6.463 0.1428571492
79751  -17.627  -22.648  8.418 0.1428571492
75286  -16.995  -26.071  10.828 0.1428571492
76304  -17.018  -25.070  9.797 0.1428571492
78532  -16.254  -23.375  8.171 0.1428571492
86283  -20.231  -16.558  4.964 0.4285714328
177790  -19.210  0.082  -0.421 0.2857142985
85153  -19.915  -17.836  5.632 0.4285714328
100899  -17.081  -2.097  0.453 0.2857142985
87394  -20.197  -15.059  3.463 0.2857142985
87374  -20.420  -15.443  3.930 0.2857142985
89538  -21.486  -13.570  2.956 0.2857142985
153960  -23.540  13.858  -6.405 0.1428571492
153951  -23.414  13.111  -6.578 0.1428571492
153949  -24.652  12.821  -3.595 0.1428571492
113789  -24.720  11.928  -3.332 0.1428571492
112906  -24.580  10.535  -3.799 0.1428571492
153962  -23.555  13.727  -7.220 0.1428571492
154380  -24.134  15.053  -2.451 0.1428571492
118150  -23.245  17.102  -4.071 0.1428571492
88481  -21.096  -14.248  3.314 0.2857142985
89537  -20.737  -14.022  2.595 0.2857142985
112080  -24.078  10.017  -4.618 0.1428571492
112917  -23.128  11.762  -5.942 0.1428571492
112893  -25.474  10.592  -2.659 0.1428571492
113801  -23.958  11.522  -4.465 0.1428571492
112883  -25.902  10.880  -1.617 0.1428571492
154309  -24.844  14.149  -2.342 0.1428571492
171514  -25.398  11.268  -2.559 0.1428571492
155730  -24.436  14.224  -3.423 0.1428571492
117376  -23.689  16.141  -3.889 0.1428571492
183743  -24.170  14.919  -3.235 0.1428571492
117372  -22.949  16.159  -2.227 0.1428571492
118143  -21.742  16.890  -2.593 0.1428571492
153947  -25.291  12.525  -2.593 0.1428571492
153948  -25.306  13.172  -2.654 0.1428571492
160157  -23.826  13.280  -4.991 0.1428571492
153966  -23.715  14.524  -6.838 0.1428571492
113800  -23.749  12.401  -5.092 0.1428571492
153952  -24.592  13.546  -3.534 0.1428571492
154574  -23.987  15.025  -6.783 0.1428571492
112905  -23.393  11.053  -5.099 0.1428571492
99077  -16.966  -4.478  1.065 0.1428571492
99087  -18.604  -4.324  -0.104 0.1428571492
181547  -17.586  -3.707  0.435 0.1428571492
165132  -16.447  -2.077  0.795 0.1428571492
101801  -14.267  -0.984  2.599 0.1428571492
101813  -15.402  -1.155  1.488 0.1428571492
101822  -16.800  -1.367  0.485 0.1428571492
102740  -15.217  -0.346  1.880 0.1428571492
103693  -16.377  0.510  1.125 0.1428571492
170370  -17.465  1.247  0.335 0.2857142985
91658  -20.966  -10.780  1.478 0.2857142985
92702  -19.969  -10.737  1.380 0.1428571492
97030  -18.180  -6.850  0.785 0.1428571492
175803  -18.567  -5.260  0.277 0.1428571492
100888  -26.778  -2.505  2.148 0.1428571492
99986  -16.687  -3.587  1.076 0.1428571492
154612  -17.812  -0.123  -0.386 0.1428571492
155211  -19.872  2.005  -0.189 0.1428571492
154601  -18.201  1.391  -0.094 0.1428571492
154250  -18.454  1.998  -0.363 0.2857142985
107391  -21.375  4.453  0.577 0.2857142985
110150  -20.286  7.455  0.023 0.2857142985
109216  -19.830  6.813  -0.136 0.2857142985
111125  -19.832  8.780  -0.196 0.2857142985
179672  -19.569  13.337  -0.573 0.1428571492
112025  -20.838  9.846  2.459 0.1428571492
107379  -21.588  3.950  1.301 0.2857142985
105562  -19.709  2.726  -0.082 0.2857142985
109200  -22.900  6.343  1.019 0.2857142985
186977  -21.257  5.661  0.005 0.2857142985
162856  -20.261  6.161  -0.261 0.2857142985
184079  -23.270  7.939  0.751 0.2857142985
109217  -20.838  6.607  -0.073 0.2857142985
108313  -19.376  6.100  -0.241 0.2857142985
111127  -21.984  8.535  0.026 0.2857142985
112046  -19.151  10.172  -0.480 0.1428571492
110135  -18.877  7.558  0.767 0.2857142985
114604  -20.808  12.312  2.053 0.1428571492
107378  -17.792  4.997  0.891 0.1428571492
153762  -16.662  1.568  0.792 0.2857142985
110149  -19.407  7.572  0.382 0.2857142985
171886  -18.749  9.109  0.110 0.1428571492
165612  -19.089  8.409  0.533 0.2857142985
112858  -18.552  10.063  0.034 0.1428571492
112023  -19.064  8.957  1.015 0.1428571492
104619  -14.568  1.553  3.574 0.2857142985
110130  -18.996  7.347  1.626 0.1428571492
112015  -20.463  9.014  2.935 0.1428571492
111108  -19.514  8.097  1.798 0.1428571492
103622  -13.172  1.662  6.482 0.1428571492
101804  -27.332  -1.916  1.775 0.1428571492
154331  -28.026  -3.369  4.602 0.1428571492
94837  -18.844  -7.541  0.661 0.1428571492
178243  -17.799  -5.543  0.614 0.1428571492
101805  -28.699  -1.265  2.060 0.1428571492
98109  -17.091  -5.398  0.965 0.1428571492
99985  -16.044  -3.520  1.572 0.1428571492
100887  -15.119  -2.885  2.364 0.1428571492
99992  -16.177  -2.797  1.092 0.1428571492
177356  -14.615  -1.574  2.432 0.1428571492
101814  -16.113  -1.254  0.991 0.1428571492
103680  -14.483  -0.058  2.507 0.1428571492
103692  -15.717  0.336  1.658 0.2857142985
106457  -19.624  3.649  -0.026 0.1428571492
183874  -19.622  4.214  -0.158 0.1428571492
176818  -20.763  4.892  -0.030 0.2857142985
107402  -18.878  4.975  -0.581 0.1428571492
109184  -19.085  6.988  3.082 0.1428571492
109188  -18.506  6.696  1.987 0.2857142985
174566  -19.011  8.201  0.774 0.1428571492
112045  -18.751  10.173  -0.248 0.1428571492
112849  -20.015  10.266  1.662 0.1428571492
100874  -27.310  -2.772  2.939 0.1428571492
101782  -27.590  -2.351  2.570 0.1428571492
101783  -28.379  -1.908  2.695 0.1428571492
110136  -23.153  7.170  0.836 0.2857142985
110152  -22.380  7.765  0.373 0.2857142985
112859  -18.976  10.689  0.212 0.1428571492
173282  -20.311  10.951  1.579 0.1428571492
111126  -20.946  8.146  0.009 0.2857142985
112047  -20.569  9.917  -0.505 0.2857142985
112854  -19.019  9.810  0.806 0.1428571492
178678  -22.225  4.565  1.310 0.2857142985
94838  -19.489  -8.219  0.677 0.1428571492
94830  -19.149  -9.003  1.039 0.1428571492
98116  -19.968  -5.735  -0.006 0.1428571492
176657  -27.667  -3.923  4.915 0.1428571492
108301  -22.608  5.497  1.104 0.2857142985
154144  -19.656  1.348  -0.329 0.1428571492
105549  -20.505  2.216  0.477 0.1428571492
106442  -20.900  2.799  1.203 0.1428571492
175697  -17.748  -4.784  0.526 0.1428571492
168662  -15.778  -2.003  1.285 0.1428571492
99076  -16.408  -4.220  1.546 0.1428571492
102750  -16.573  -0.450  0.741 0.1428571492
98114  -18.376  -6.074  0.517 0.1428571492
103681  -15.026  0.073  2.233 0.1428571492
102741  -15.894  -0.364  1.347 0.1428571492
154731  -17.978  0.679  -0.118 0.1428571492
170332  -17.408  -6.223  0.909 0.1428571492
105561  -19.117  2.209  -0.497 0.2857142985
153768  -17.428  2.092  0.346 0.2857142985
177409  -20.339  4.108  0.218 0.2857142985
106458  -20.352  3.182  0.414 0.2857142985
110151  -21.465  7.196  0.170 0.2857142985
109214  -18.583  6.262  0.488 0.1428571492
170997  -19.525  8.273  0.183 0.2857142985
112850  -21.082  10.596  2.329 0.1428571492
107392  -21.978  5.140  0.408 0.2857142985
108315  -22.216  5.901  0.408 0.2857142985
109218  -21.703  6.360  0.202 0.2857142985
171562  -22.337  6.772  0.502 0.2857142985
107403  -19.244  5.377  -0.459 0.1428571492
112033  -18.637  9.782  -0.199 0.1428571492
115555  -19.570  13.538  0.986 0.1428571492
111114  -18.936  8.894  0.250 0.2857142985
106456  -18.874  3.296  -0.116 0.1428571492
107390  -19.616  4.795  -0.366 0.2857142985
112014  -19.625  8.757  2.148 0.1428571492
169463  -16.987  -20.120  6.012 0.1428571492
82993  -18.445  -19.530  5.561 0.1428571492
84074  -16.057  -18.890  5.911 0.1428571492
84086  -16.829  -18.573  5.368 0.1428571492
85151  -16.909  -17.564  5.163 0.1428571492
82992  -17.639  -19.148  5.355 0.1428571492
84087  -17.715  -18.204  4.908 0.1428571492
82994  -18.963  -18.919  5.511 0.1428571492
85168  -17.601  -17.293  4.565 0.1428571492
85169  -18.209  -17.565  4.351 0.1428571492
85152  -19.612  -17.339  4.935 0.1428571492
86297  -18.483  -16.985  3.849 0.1428571492
85170  -18.864  -17.521  4.433 0.1428571492
85167  -16.911  -16.682  4.864 0.1428571492
86312  -18.191  -16.344  3.820 0.1428571492
86314  -19.450  -15.743  3.623 0.1428571492
87393  -19.658  -15.006  3.305 0.1428571492
89546  -20.066  -13.626  2.281 0.1428571492
90589  -20.961  -12.462  2.210 0.1428571492
104635  -15.653  1.826  2.567 0.1428571492
84088  -18.347  -18.773  5.180 0.1428571492
84075  -19.522  -18.506  5.884 0.1428571492
81873  -16.522  -20.504  6.412 0.1428571492
82975  -16.279  -19.724  6.233 0.1428571492
109199  -18.394  6.950  1.067 0.1428571492
91647  -21.036  -11.513  1.887 0.1428571492
86299  -20.058  -16.046  4.017 0.1428571492
84089  -19.208  -18.189  5.078 0.1428571492
86315  -19.966  -15.503  3.595 0.1428571492
82991  -16.891  -19.484  5.632 0.1428571492
84100  -18.538  -18.165  4.789 0.1428571492
188095  -18.791  -18.529  5.111 0.1428571492
183424  -18.025  -17.066  3.893 0.1428571492
86296  -17.558  -16.448  4.273 0.1428571492
86313  -18.793  -16.088  3.690 0.1428571492
86282  -16.283  -16.960  5.336 0.1428571492
81872  -15.656  -20.136  6.691 0.1428571492
76257  -21.479  -25.038  13.619 0.1428571492
76273  -19.068  -25.876  12.144 0.2857142985
77307  -20.113  -24.813  12.090 0.4285714328
77309  -21.493  -24.148  12.634 0.4285714328
77345  -19.282  -24.025  11.036 0.2857142985
78465  -22.435  -23.238  12.768 0.1428571492
78492  -20.503  -23.399  11.457 0.4285714328
79695  -22.358  -22.770  12.385 0.2857142985
79696  -23.340  -22.109  12.688 0.1428571492
80796  -21.533  -21.273  10.828 0.4285714328
81811  -22.758  -20.933  11.664 0.1428571492
81820  -21.680  -19.841  10.291 0.4285714328
82878  -25.088  -19.108  13.346 0.1428571492
82901  -24.347  -19.769  12.496 0.1428571492
84009  -24.181  -18.422  11.857 0.1428571492
84985  -25.760  -17.846  13.329 0.1428571492
85090  -23.271  -17.307  9.568 0.2857142985
85120  -22.348  -17.261  7.632 0.5714285970
86085  -31.546  -16.434  16.120 0.1428571492
86115  -26.844  -16.144  14.278 0.1428571492
87137  -32.065  -15.817  15.990 0.1428571492
87152  -29.066  -15.089  15.485 0.1428571492
87155  -33.128  -15.836  15.247 0.1428571492
87375  -20.901  -15.071  4.508 0.2857142985
88263  -30.615  -14.226  15.830 0.1428571492
88265  -32.068  -15.039  15.923 0.1428571492
88288  -32.928  -14.025  15.300 0.1428571492
88466  -20.694  -14.818  3.698 0.2857142985
89312  -30.811  -13.454  15.964 0.1428571492
89335  -31.004  -13.147  16.049 0.1428571492
89338  -33.058  -13.115  15.239 0.1428571492
89353  -28.354  -13.181  14.653 0.1428571492
89355  -33.464  -13.174  14.205 0.1428571492
89505  -21.692  -14.117  4.940 0.4285714328
90415  -33.381  -12.433  13.868 0.1428571492
90498  -25.157  -12.211  8.642 0.5714285970
91436  -32.697  -11.730  15.296 0.1428571492
91437  -32.973  -11.552  14.897 0.1428571492
91471  -33.196  -11.528  13.878 0.1428571492
91487  -27.797  -11.627  13.393 0.1428571492
92493  -31.819  -10.229  15.469 0.1428571492
92506  -32.820  -9.822  14.118 0.1428571492
92507  -32.760  -10.701  14.575 0.1428571492
93517  -29.911  -9.242  15.427 0.1428571492
93520  -32.270  -9.673  15.205 0.1428571492
93549  -32.825  -9.223  13.361 0.1428571492
93728  -20.766  -9.575  0.768 0.4285714328
94614  -30.226  -8.237  15.239 0.1428571492
94622  -30.669  -8.251  15.298 0.1428571492
94649  -29.439  -7.862  13.991 0.1428571492
94650  -32.647  -8.530  13.529 0.1428571492
94677  -32.466  -8.766  11.650 0.1428571492
94831  -20.931  -8.905  0.694 0.4285714328
94839  -20.404  -8.112  0.525 0.5714285970
95711  -30.868  -7.773  14.769 0.1428571492
95723  -29.923  -7.864  14.600 0.1428571492
95757  -32.674  -7.236  11.823 0.1428571492
95817  -26.647  -7.406  7.708 0.4285714328
97036  -19.860  -6.568  0.207 0.2857142985
98089  -22.057  -5.218  3.223 1.0000000000
98110  -21.330  -5.723  1.224 0.5714285970
98115  -19.292  -5.887  0.186 0.1428571492
98118  -21.002  -5.471  0.854 0.4285714328
99075  -15.917  -4.320  2.041 0.1428571492
99090  -20.787  -4.832  0.559 0.4285714328
99968  -26.872  -3.995  3.504 0.5714285970
99980  -15.544  -3.587  2.219 0.1428571492
102742  -26.627  -0.680  1.432 0.1428571492
103623  -13.560  1.277  6.106 0.1428571492
103661  -13.737  1.161  3.602 0.1428571492
104610  -25.259  0.711  3.927 0.7142857313
104621  -22.771  1.528  3.603 1.0000000000
104637  -26.810  1.337  2.442 0.5714285970
104650  -20.814  1.358  0.889 0.2857142985
105524  -22.296  2.548  2.496 0.5714285970
105526  -24.439  2.570  3.727 0.8571428657
106419  -24.715  3.404  3.483 0.8571428657
106431  -22.591  3.348  2.359 0.5714285970
106434  -27.338  3.468  1.996 0.5714285970
106459  -20.971  3.621  0.952 0.2857142985
107353  -25.991  4.208  3.151 0.8571428657
107389  -18.963  4.325  -0.348 0.2857142985
108290  -27.092  5.581  2.021 0.5714285970
108312  -18.742  5.498  -0.209 0.1428571492
108314  -20.118  5.500  -0.305 0.2857142985
108332  -27.096  5.580  -1.662 0.1428571492
109204  -26.438  6.860  1.538 0.7142857313
109215  -19.080  6.882  0.392 0.2857142985
110153  -26.765  8.284  0.488 0.5714285970
110160  -27.283  7.095  -0.160 0.4285714328
112024  -19.698  9.464  1.880 0.1428571492
112028  -18.604  9.433  0.060 0.1428571492
112034  -19.536  9.480  -0.336 0.2857142985
112874  -25.742  11.031  -0.043 0.2857142985
113768  -25.271  12.167  -0.080 0.2857142985
115583  -19.130  13.845  -1.602 0.1428571492
115586  -25.342  13.494  -2.010 0.2857142985
116521  -18.957  14.263  -2.003 0.1428571492
116522  -19.598  14.788  -2.303 0.1428571492
117358  -19.368  15.255  0.025 0.1428571492
117365  -19.233  14.888  -0.928 0.1428571492
153713  -20.142  -0.400  0.330 0.2857142985
153739  -18.585  0.188  -0.513 0.2857142985
153740  -19.804  0.384  -0.087 0.2857142985
153757  -17.274  -0.656  0.078 0.2857142985
153758  -18.652  0.892  -0.424 0.1428571492
153766  -17.108  0.412  0.355 0.1428571492
153950  -25.070  13.693  -2.686 0.1428571492
153959  -23.406  13.513  -7.103 0.1428571492
153965  -23.472  13.874  -7.126 0.1428571492
153967  -23.696  14.165  -7.119 0.1428571492
154238  -18.934  1.486  -0.613 0.1428571492
154323  -23.107  -4.645  4.686 0.8571428657
154355  -19.254  -2.985  -0.450 0.2857142985
154427  -19.555  -0.448  -0.106 0.2857142985
154448  -17.556  -1.565  0.167 0.2857142985
154554  -18.136  2.701  0.090 0.1428571492
154593  -23.771  14.756  -6.061 0.1428571492
156155  -23.875  -23.594  14.636 0.1428571492
158009  -20.473  -10.901  1.435 0.1428571492
159533  -30.246  -15.928  15.821 0.1428571492
160767  -26.383  -8.440  7.654 0.4285714328
161935  -19.872  -1.110  0.231 0.2857142985
163654  -20.406  -12.931  2.105 0.1428571492
166376  -19.326  12.792  1.125 0.1428571492
167153  -19.214  -2.040  -0.057 0.2857142985
167339  -27.313  6.286  0.908 0.5714285970
171569  -22.207  2.021  3.081 1.0000000000
171715  -14.827  -1.024  2.051 0.1428571492
171775  -27.605  3.819  0.655 0.4285714328
173834  -21.383  -16.334  6.232 0.7142857313
173907  -24.475  7.475  1.642 0.4285714328
174013  -32.598  -11.096  15.000 0.1428571492
174346  -20.750  -19.002  8.011 0.2857142985
175391  -23.535  -16.075  8.661 0.5714285970
176555  -21.534  -2.522  2.635 0.8571428657
176620  -22.599  -3.182  4.131 1.0000000000
176701  -20.133  -2.387  0.087 0.2857142985
176775  -21.743  -1.143  3.531 0.8571428657
177311  -30.319  -8.664  15.513 0.1428571492
177751  -25.493  1.380  3.801 0.7142857313
179048  -25.718  12.046  -1.100 0.2857142985
179532  -27.210  7.708  -0.320 0.2857142985
179828  -22.622  -24.524  14.449 0.1428571492
180998  -26.299  4.880  2.802 0.7142857313
183323  -27.951  -9.389  12.857 0.1428571492
184064  -25.580  -15.128  11.956 0.2857142985
185186  -21.477  -23.237  12.038 0.4285714328
185934  -22.547  -21.548  11.788 0.2857142985
186158  -26.427  -13.433  12.430 0.1428571492
186185  -19.089  14.529  -1.639 0.1428571492
186278  -21.462  5.018  0.162 0.2857142985
186618  -32.504  -7.355  12.527 0.1428571492
186800  -18.311  -0.343  -0.503 0.2857142985
186994  -29.538  -13.715  15.625 0.1428571492
187676  -24.857  11.172  -3.356 0.1428571492
187696  -19.280  -4.334  -0.344 0.2857142985
188083  -24.519  -12.659  7.510 0.7142857313
188101  -21.556  1.874  1.659 0.4285714328
188160  -27.075  -10.692  11.492 0.2857142985
188321  -26.342  8.808  0.609 0.5714285970
