#!ascii label  , from subject sub2 vox2ras=TkReg
437
87283  -23.619  -15.349  8.547 0.0000000000
90559  -22.049  -13.133  3.373 0.0000000000
153745  -21.147  0.779  1.357 0.0000000000
176337  -21.556  -3.516  2.444 0.0000000000
157291  -24.400  -7.493  4.221 0.0000000000
92596  -26.278  -10.011  8.323 0.0000000000
106443  -21.494  3.270  1.505 0.0000000000
176650  -22.653  -5.181  4.146 0.0000000000
94833  -22.066  -8.652  1.624 0.0000000000
89475  -23.002  -13.676  6.844 0.0000000000
91588  -24.538  -11.263  6.406 0.0000000000
90497  -24.738  -12.648  8.057 0.0000000000
81839  -19.580  -20.696  8.140 0.0000000000
86262  -21.432  -17.012  6.646 0.0000000000
113755  -22.267  10.929  -0.532 0.0000000000
177899  -23.712  9.176  0.923 0.0000000000
109202  -24.770  6.920  2.078 0.0000000000
107366  -25.404  4.879  2.960 0.0000000000
105527  -25.395  2.148  3.826 0.0000000000
176460  -20.636  -1.430  0.951 0.0000000000
102689  -24.376  -0.674  4.440 0.0000000000
154493  -24.896  -2.258  4.152 0.0000000000
154175  -25.648  -4.603  4.461 0.0000000000
176439  -26.749  -5.583  5.122 0.0000000000
93703  -22.970  -9.516  3.495 0.0000000000
94777  -25.345  -8.372  5.218 0.0000000000
95909  -21.206  -7.274  0.889 0.0000000000
168893  -20.165  -8.923  0.826 0.0000000000
87313  -23.136  -14.959  7.829 0.0000000000
89477  -24.244  -13.181  7.671 0.0000000000
88396  -24.408  -14.151  8.740 0.0000000000
77328  -20.395  -24.145  11.778 0.0000000000
79712  -21.166  -22.977  11.657 0.0000000000
167224  -21.446  -22.076  11.474 0.0000000000
86284  -20.982  -16.062  5.564 0.0000000000
85153  -19.915  -17.836  5.632 0.0000000000
111116  -24.523  8.337  1.534 0.0000000000
105550  -21.267  2.027  1.294 0.0000000000
107364  -23.519  4.604  2.728 0.0000000000
106417  -23.129  2.957  2.945 0.0000000000
106420  -25.628  3.473  3.411 0.0000000000
177502  -22.026  1.487  3.123 0.0000000000
188057  -21.424  -2.229  2.117 0.0000000000
176554  -22.470  -0.709  4.122 0.0000000000
176750  -22.479  -1.569  4.229 0.0000000000
173732  -24.893  -1.349  4.187 0.0000000000
176700  -23.291  -2.660  4.477 0.0000000000
98074  -23.069  -6.124  4.283 0.0000000000
176406  -23.972  -5.004  4.578 0.0000000000
176463  -25.400  -6.230  4.170 0.0000000000
176470  -26.283  -5.442  4.580 0.0000000000
154173  -25.820  -6.516  4.283 0.0000000000
155135  -21.354  -11.897  2.519 0.0000000000
92674  -22.068  -10.352  2.806 0.0000000000
91614  -22.360  -11.451  3.766 0.0000000000
92627  -25.148  -10.898  6.882 0.0000000000
93671  -24.777  -9.509  5.501 0.0000000000
165951  -25.564  -9.297  6.528 0.0000000000
94760  -26.082  -8.078  6.372 0.0000000000
94730  -26.558  -8.523  8.261 0.0000000000
81819  -21.022  -20.160  9.913 0.0000000000
81859  -19.903  -20.274  7.724 0.0000000000
82939  -22.109  -19.148  9.881 0.0000000000
84052  -22.145  -17.993  8.783 0.0000000000
99079  -21.460  -4.964  0.981 0.0000000000
99057  -21.774  -4.444  2.754 0.0000000000
161079  -21.589  -5.938  1.852 0.0000000000
97025  -21.850  -6.795  2.154 0.0000000000
163197  -22.909  -7.779  3.260 0.0000000000
89524  -22.126  -13.494  5.002 0.0000000000
91600  -22.758  -12.053  4.586 0.0000000000
90530  -23.900  -12.462  6.419 0.0000000000
90517  -24.734  -12.132  7.396 0.0000000000
163994  -25.461  -11.583  8.399 0.0000000000
164385  -20.781  -21.036  10.279 0.0000000000
88467  -21.238  -14.427  4.242 0.0000000000
88449  -21.366  -14.701  5.001 0.0000000000
87338  -22.210  -15.263  6.690 0.0000000000
86221  -22.720  -16.639  7.587 0.0000000000
176035  -21.831  12.711  -1.210 0.0000000000
112035  -21.005  9.061  -0.461 0.0000000000
112036  -23.208  9.732  0.191 0.0000000000
112038  -25.387  9.751  0.753 0.0000000000
111118  -26.205  8.297  1.071 0.0000000000
184060  -26.894  6.751  1.089 0.0000000000
108286  -23.059  5.033  1.895 0.0000000000
108288  -24.833  5.532  2.651 0.0000000000
108304  -27.436  5.617  1.323 0.0000000000
107368  -27.215  4.213  2.266 0.0000000000
177538  -27.176  2.975  2.419 0.0000000000
173828  -26.589  1.973  3.035 0.0000000000
156210  -21.195  0.123  1.946 0.0000000000
154657  -22.251  0.844  3.413 0.0000000000
104609  -24.454  0.794  4.083 0.0000000000
104624  -26.539  0.957  3.059 0.0000000000
102711  -25.857  -1.102  2.514 0.0000000000
180265  -26.375  -2.465  2.402 0.0000000000
153717  -23.044  -3.820  4.709 0.0000000000
153707  -25.313  -3.786  4.486 0.0000000000
156262  -21.226  -9.619  0.857 0.0000000000
94821  -22.372  -9.237  2.151 0.0000000000
94811  -23.427  -8.867  3.784 0.0000000000
92642  -23.506  -10.560  4.715 0.0000000000
93689  -24.362  -9.164  4.742 0.0000000000
181928  -24.768  -7.902  4.366 0.0000000000
95851  -26.320  -7.156  5.505 0.0000000000
96961  -27.151  -6.082  6.251 0.0000000000
85118  -21.007  -17.842  6.884 0.0000000000
85105  -22.687  -17.318  8.273 0.0000000000
86206  -23.530  -16.574  9.225 0.0000000000
88395  -23.812  -14.517  8.350 0.0000000000
88369  -24.204  -14.888  9.007 0.0000000000
88370  -24.704  -14.413  9.420 0.0000000000
166273  -24.578  -15.090  9.707 0.0000000000
78464  -22.170  -23.881  13.086 0.0000000000
78479  -21.092  -23.686  12.066 0.0000000000
78480  -21.850  -23.418  12.415 0.0000000000
104651  -21.380  1.457  1.520 0.0000000000
105536  -21.720  2.268  1.840 0.0000000000
104636  -21.741  1.735  2.321 0.0000000000
105525  -22.956  2.313  3.249 0.0000000000
153714  -21.484  0.918  2.077 0.0000000000
176410  -21.291  -3.569  1.433 0.0000000000
176632  -20.756  -3.384  0.721 0.0000000000
154142  -21.330  -2.796  1.920 0.0000000000
176364  -21.829  -2.036  3.431 0.0000000000
154100  -21.850  -2.920  3.418 0.0000000000
176408  -22.546  -2.422  4.150 0.0000000000
96997  -23.731  -6.896  4.164 0.0000000000
98075  -24.072  -6.026  4.453 0.0000000000
173797  -24.633  -6.812  4.242 0.0000000000
154315  -25.282  -7.115  4.337 0.0000000000
90574  -21.660  -12.728  2.793 0.0000000000
91631  -21.752  -11.689  3.150 0.0000000000
90575  -22.150  -12.333  3.651 0.0000000000
92609  -25.686  -10.518  7.514 0.0000000000
155352  -25.437  -10.105  6.741 0.0000000000
93640  -25.915  -9.663  7.342 0.0000000000
94742  -26.037  -8.730  7.008 0.0000000000
93641  -26.303  -9.123  7.839 0.0000000000
93629  -26.518  -9.143  8.503 0.0000000000
93617  -26.589  -9.415  9.171 0.0000000000
82938  -21.441  -19.487  9.533 0.0000000000
98117  -20.434  -5.596  0.464 0.0000000000
171101  -21.524  -5.221  1.465 0.0000000000
97037  -20.853  -6.325  0.833 0.0000000000
95901  -21.581  -7.996  1.222 0.0000000000
95891  -21.625  -7.296  1.418 0.0000000000
95892  -22.105  -7.759  1.868 0.0000000000
154836  -22.472  -7.380  2.734 0.0000000000
95879  -22.569  -8.379  2.559 0.0000000000
89489  -22.452  -13.669  5.942 0.0000000000
90542  -22.691  -12.857  5.300 0.0000000000
90529  -23.175  -12.948  6.220 0.0000000000
90516  -24.351  -12.640  7.059 0.0000000000
91571  -25.278  -11.387  7.603 0.0000000000
90518  -25.000  -11.957  8.017 0.0000000000
91532  -25.584  -11.763  9.134 0.0000000000
90470  -25.352  -12.440  9.431 0.0000000000
77327  -19.729  -24.487  11.536 0.0000000000
76285  -19.429  -25.171  11.804 0.0000000000
79731  -20.961  -21.739  10.823 0.0000000000
81821  -22.144  -20.552  10.896 0.0000000000
86261  -20.815  -16.769  5.871 0.0000000000
87337  -21.574  -15.610  6.135 0.0000000000
86263  -22.149  -16.262  6.764 0.0000000000
87312  -22.762  -15.752  7.292 0.0000000000
86240  -22.153  -16.952  7.176 0.0000000000
113766  -21.178  11.231  -1.049 0.0000000000
114634  -21.463  12.006  -1.336 0.0000000000
113767  -22.158  11.588  -0.895 0.0000000000
114635  -22.508  12.247  -0.909 0.0000000000
111128  -22.997  8.662  0.326 0.0000000000
112862  -23.995  10.663  0.233 0.0000000000
112037  -24.362  9.775  0.824 0.0000000000
112863  -25.132  10.726  0.468 0.0000000000
110138  -25.105  7.616  1.733 0.0000000000
111117  -25.395  8.362  1.471 0.0000000000
110139  -25.960  7.622  1.518 0.0000000000
110140  -26.711  7.530  0.978 0.0000000000
109203  -25.628  6.894  1.915 0.0000000000
106444  -22.129  3.717  1.762 0.0000000000
107365  -24.389  4.885  3.124 0.0000000000
108289  -25.801  5.509  2.562 0.0000000000
109191  -26.341  6.128  2.093 0.0000000000
187657  -26.537  5.407  2.402 0.0000000000
107380  -27.370  4.882  1.757 0.0000000000
167918  -26.971  4.907  2.445 0.0000000000
175970  -25.285  2.863  3.667 0.0000000000
106421  -26.446  3.526  3.197 0.0000000000
105528  -26.123  2.666  3.536 0.0000000000
105538  -26.786  2.847  2.951 0.0000000000
153720  -20.524  -2.426  0.698 0.0000000000
153715  -20.211  -1.736  0.398 0.0000000000
153711  -21.067  -0.857  1.619 0.0000000000
153719  -21.718  0.282  2.833 0.0000000000
155799  -21.475  -0.604  2.619 0.0000000000
176525  -23.265  -0.207  4.396 0.0000000000
103649  -23.925  0.341  4.358 0.0000000000
103650  -24.961  -0.009  4.191 0.0000000000
104623  -26.041  0.716  3.508 0.0000000000
103651  -25.778  -0.278  3.563 0.0000000000
103665  -26.420  -0.069  2.999 0.0000000000
101780  -25.378  -1.731  3.584 0.0000000000
101781  -25.762  -1.871  2.340 0.0000000000
165100  -25.819  -2.499  3.168 0.0000000000
99058  -22.203  -4.468  3.702 0.0000000000
154441  -22.368  -3.885  4.171 0.0000000000
154499  -22.633  -4.374  4.378 0.0000000000
154304  -24.681  -4.400  4.665 0.0000000000
176469  -26.338  -3.995  3.947 0.0000000000
100873  -26.584  -3.255  3.194 0.0000000000
177544  -27.150  -5.701  5.710 0.0000000000
92703  -20.775  -10.278  0.995 0.0000000000
92675  -22.656  -10.012  3.299 0.0000000000
92693  -21.905  -9.908  2.085 0.0000000000
93702  -22.471  -9.696  2.784 0.0000000000
94810  -22.754  -9.081  3.065 0.0000000000
91601  -23.479  -11.495  5.138 0.0000000000
91602  -24.068  -10.923  5.605 0.0000000000
93672  -25.267  -9.045  5.725 0.0000000000
94776  -24.953  -8.872  5.108 0.0000000000
94795  -24.852  -8.385  4.685 0.0000000000
94796  -25.374  -7.736  4.699 0.0000000000
95850  -25.939  -7.791  5.441 0.0000000000
96943  -26.749  -7.155  7.015 0.0000000000
96944  -27.047  -6.498  7.021 0.0000000000
85089  -22.741  -17.638  9.155 0.0000000000
85104  -21.930  -17.750  8.036 0.0000000000
85106  -23.120  -17.118  8.851 0.0000000000
86207  -23.718  -16.884  10.080 0.0000000000
95908  -20.532  -7.185  0.463 0.0000000000
94840  -21.042  -8.064  0.740 0.0000000000
94832  -21.441  -8.819  1.038 0.0000000000
88412  -22.925  -14.359  7.276 0.0000000000
88413  -23.551  -13.924  7.624 0.0000000000
88414  -24.140  -13.843  8.154 0.0000000000
89450  -24.559  -13.419  8.435 0.0000000000
89451  -24.994  -12.955  8.874 0.0000000000
89420  -24.831  -13.698  9.179 0.0000000000
88371  -25.182  -14.020  9.855 0.0000000000
77308  -20.777  -24.439  12.377 0.0000000000
79729  -19.848  -22.256  10.357 0.0000000000
79730  -20.605  -22.514  11.005 0.0000000000
79713  -22.316  -22.095  11.930 0.0000000000
87354  -20.666  -15.794  4.692 0.0000000000
86283  -20.231  -16.558  4.964 0.0000000000
180547  -20.248  -17.204  5.515 0.0000000000
85130  -20.617  -17.475  6.168 0.0000000000
112873  -21.419  10.370  -0.718 0.0000000000
111115  -23.782  8.557  1.134 0.0000000000
112029  -24.226  9.062  1.364 0.0000000000
110137  -23.879  7.653  1.191 0.0000000000
109201  -23.903  6.757  1.423 0.0000000000
105537  -22.024  2.908  1.863 0.0000000000
106432  -23.295  3.747  2.861 0.0000000000
107351  -24.082  4.062  3.274 0.0000000000
107352  -25.039  4.138  3.221 0.0000000000
106418  -23.852  3.266  3.414 0.0000000000
182002  -23.613  2.630  3.483 0.0000000000
166394  -23.656  1.987  3.744 0.0000000000
176459  -21.066  -2.032  1.594 0.0000000000
153706  -21.920  -0.402  3.382 0.0000000000
176409  -21.507  -1.629  2.449 0.0000000000
154230  -23.437  -1.101  4.553 0.0000000000
102690  -25.281  -0.887  4.014 0.0000000000
176556  -24.316  -1.442  4.381 0.0000000000
176336  -23.682  -2.021  4.416 0.0000000000
153710  -24.152  -2.728  4.506 0.0000000000
98090  -22.430  -6.030  3.621 0.0000000000
182014  -23.317  -5.395  4.497 0.0000000000
176471  -24.993  -5.319  4.373 0.0000000000
176462  -26.286  -4.640  4.409 0.0000000000
176322  -25.805  -5.387  4.362 0.0000000000
185774  -25.992  -6.015  4.183 0.0000000000
176464  -26.254  -6.194  4.681 0.0000000000
92692  -21.477  -10.598  1.994 0.0000000000
91630  -21.574  -11.140  2.611 0.0000000000
155283  -21.983  -10.999  3.234 0.0000000000
92657  -22.633  -10.614  3.605 0.0000000000
92626  -24.743  -10.339  6.099 0.0000000000
93657  -25.158  -9.661  6.143 0.0000000000
94759  -25.669  -8.533  6.047 0.0000000000
170225  -26.402  -7.878  7.153 0.0000000000
95805  -26.589  -7.910  7.983 0.0000000000
95806  -26.778  -7.353  8.395 0.0000000000
94731  -26.764  -7.961  8.585 0.0000000000
81831  -20.462  -20.609  9.409 0.0000000000
81840  -20.383  -20.285  8.394 0.0000000000
82937  -20.871  -19.903  9.097 0.0000000000
82949  -20.812  -19.778  8.297 0.0000000000
82950  -21.235  -19.250  8.748 0.0000000000
84051  -21.519  -18.481  8.409 0.0000000000
84039  -21.788  -18.761  9.165 0.0000000000
84040  -22.417  -18.369  9.522 0.0000000000
99078  -21.171  -4.220  0.823 0.0000000000
99069  -21.576  -4.490  1.557 0.0000000000
176390  -21.926  -3.736  3.467 0.0000000000
98103  -21.682  -5.225  2.258 0.0000000000
98104  -21.871  -5.985  2.731 0.0000000000
97031  -21.438  -6.572  1.319 0.0000000000
97026  -22.329  -6.606  2.960 0.0000000000
97013  -22.892  -6.944  3.626 0.0000000000
95880  -23.508  -7.662  3.803 0.0000000000
90560  -22.325  -12.940  4.250 0.0000000000
90543  -23.421  -12.275  5.570 0.0000000000
91587  -23.956  -11.744  6.009 0.0000000000
89476  -23.753  -13.130  6.970 0.0000000000
90531  -24.463  -12.028  6.677 0.0000000000
91570  -24.860  -11.570  6.989 0.0000000000
91553  -25.797  -10.910  8.275 0.0000000000
92597  -26.205  -10.748  8.990 0.0000000000
186629  -25.879  -11.258  8.850 0.0000000000
90450  -25.614  -12.689  10.256 0.0000000000
76274  -19.779  -25.493  12.459 0.0000000000
81830  -19.791  -20.865  8.970 0.0000000000
155822  -20.452  -21.804  10.457 0.0000000000
80795  -20.004  -21.418  9.792 0.0000000000
165297  -21.410  -20.551  10.436 0.0000000000
89523  -21.771  -13.708  3.948 0.0000000000
89506  -22.002  -13.946  5.470 0.0000000000
179110  -21.799  -14.586  5.850 0.0000000000
87355  -21.193  -15.295  5.339 0.0000000000
88428  -22.451  -14.386  6.685 0.0000000000
163991  -22.643  -14.945  7.204 0.0000000000
87282  -23.222  -15.959  7.978 0.0000000000
114633  -20.457  12.089  -1.217 0.0000000000
112048  -21.557  9.696  -0.582 0.0000000000
157869  -22.198  9.270  -0.235 0.0000000000
112860  -22.302  10.066  -0.418 0.0000000000
112861  -23.044  10.606  -0.122 0.0000000000
113756  -24.729  11.614  0.247 0.0000000000
112030  -24.870  9.142  1.429 0.0000000000
111129  -25.726  9.011  1.049 0.0000000000
156113  -26.696  8.935  0.033 0.0000000000
111137  -27.053  8.303  -0.123 0.0000000000
110154  -27.098  7.685  0.256 0.0000000000
110141  -27.041  6.929  0.504 0.0000000000
108302  -23.434  5.877  1.667 0.0000000000
109189  -24.313  6.169  2.218 0.0000000000
107363  -22.732  4.213  2.224 0.0000000000
108287  -23.869  5.427  2.518 0.0000000000
109190  -25.277  6.206  2.315 0.0000000000
108303  -27.034  6.226  1.546 0.0000000000
109219  -27.335  6.377  0.127 0.0000000000
108316  -27.521  5.656  0.498 0.0000000000
173292  -27.498  4.073  1.457 0.0000000000
107367  -26.759  4.258  2.899 0.0000000000
106433  -27.044  3.576  2.732 0.0000000000
153712  -20.677  -0.550  0.834 0.0000000000
153708  -20.996  0.069  1.120 0.0000000000
103663  -21.768  1.065  2.770 0.0000000000
104622  -23.694  1.176  3.992 0.0000000000
154542  -22.499  0.072  3.688 0.0000000000
103664  -22.947  0.702  4.159 0.0000000000
180880  -24.595  1.565  3.932 0.0000000000
166129  -26.108  1.663  3.552 0.0000000000
102710  -25.576  -1.270  3.074 0.0000000000
102731  -26.587  -1.254  1.495 0.0000000000
101803  -26.344  -2.036  1.798 0.0000000000
153704  -23.463  -3.117  4.600 0.0000000000
154524  -24.886  -3.106  4.408 0.0000000000
176649  -23.729  -4.241  4.827 0.0000000000
154140  -24.196  -3.543  4.759 0.0000000000
100872  -25.668  -3.211  3.936 0.0000000000
176438  -26.817  -4.372  4.181 0.0000000000
92704  -21.396  -10.150  1.309 0.0000000000
93729  -21.749  -9.445  1.446 0.0000000000
170378  -23.152  -8.392  3.462 0.0000000000
95868  -23.915  -8.179  4.128 0.0000000000
91615  -22.953  -11.117  4.335 0.0000000000
186345  -23.075  -10.574  4.133 0.0000000000
92658  -23.217  -10.053  3.922 0.0000000000
92643  -24.208  -10.049  5.190 0.0000000000
92659  -23.739  -9.789  4.557 0.0000000000
93688  -23.613  -9.288  4.140 0.0000000000
94794  -24.172  -8.585  4.342 0.0000000000
96979  -25.963  -7.047  4.722 0.0000000000
154636  -26.409  -6.649  5.261 0.0000000000
95834  -26.399  -7.474  6.251 0.0000000000
96960  -26.726  -6.751  6.113 0.0000000000
98037  -26.768  -6.160  5.488 0.0000000000
84076  -20.223  -18.200  6.395 0.0000000000
84063  -21.285  -18.214  7.622 0.0000000000
85119  -21.723  -17.494  7.330 0.0000000000
86222  -23.185  -16.657  8.370 0.0000000000
87249  -23.983  -15.716  9.304 0.0000000000
77307  -20.113  -24.813  12.090 0.0000000000
77309  -21.493  -24.148  12.634 0.0000000000
78492  -20.503  -23.399  11.457 0.0000000000
80796  -21.533  -21.273  10.828 0.0000000000
81820  -21.680  -19.841  10.291 0.0000000000
85120  -22.348  -17.261  7.632 0.0000000000
89505  -21.692  -14.117  4.940 0.0000000000
90498  -25.157  -12.211  8.642 0.0000000000
93728  -20.766  -9.575  0.768 0.0000000000
94831  -20.931  -8.905  0.694 0.0000000000
94839  -20.404  -8.112  0.525 0.0000000000
95817  -26.647  -7.406  7.708 0.0000000000
98089  -22.057  -5.218  3.223 0.0000000000
98110  -21.330  -5.723  1.224 0.0000000000
98118  -21.002  -5.471  0.854 0.0000000000
99090  -20.787  -4.832  0.559 0.0000000000
99968  -26.872  -3.995  3.504 0.0000000000
104610  -25.259  0.711  3.927 0.0000000000
104621  -22.771  1.528  3.603 0.0000000000
104637  -26.810  1.337  2.442 0.0000000000
105524  -22.296  2.548  2.496 0.0000000000
105526  -24.439  2.570  3.727 0.0000000000
105539  -27.029  2.265  2.420 0.0000000000
106419  -24.715  3.404  3.483 0.0000000000
106431  -22.591  3.348  2.359 0.0000000000
106434  -27.338  3.468  1.996 0.0000000000
107353  -25.991  4.208  3.151 0.0000000000
108290  -27.092  5.581  2.021 0.0000000000
109204  -26.438  6.860  1.538 0.0000000000
110153  -26.765  8.284  0.488 0.0000000000
110160  -27.283  7.095  -0.160 0.0000000000
154187  -20.946  -2.868  1.319 0.0000000000
154323  -23.107  -4.645  4.686 0.0000000000
160767  -26.383  -8.440  7.654 0.0000000000
167339  -27.313  6.286  0.908 0.0000000000
171569  -22.207  2.021  3.081 0.0000000000
171775  -27.605  3.819  0.655 0.0000000000
173834  -21.383  -16.334  6.232 0.0000000000
173907  -24.475  7.475  1.642 0.0000000000
175391  -23.535  -16.075  8.661 0.0000000000
176555  -21.534  -2.522  2.635 0.0000000000
176620  -22.599  -3.182  4.131 0.0000000000
176775  -21.743  -1.143  3.531 0.0000000000
177751  -25.493  1.380  3.801 0.0000000000
180998  -26.299  4.880  2.802 0.0000000000
184079  -23.270  7.939  0.751 0.0000000000
185186  -21.477  -23.237  12.038 0.0000000000
188083  -24.519  -12.659  7.510 0.0000000000
188101  -21.556  1.874  1.659 0.0000000000
188321  -26.342  8.808  0.609 0.0000000000
