#!ascii label  , from subject sub2 vox2ras=TkReg
860
51838  26.067  -38.122  97.923 0.0000000000
66794  42.400  -25.468  78.075 0.0000000000
66827  52.049  -25.586  76.044 0.0000000000
61158  41.512  -30.785  86.574 0.0000000000
56539  28.553  -34.249  95.030 0.0000000000
48632  28.794  -42.210  96.381 0.0000000000
67836  47.089  -25.413  77.060 0.0000000000
67790  47.358  -24.952  81.010 0.0000000000
57722  40.065  -33.458  90.720 0.0000000000
51906  33.641  -38.165  92.483 0.0000000000
75037  53.415  -18.211  74.160 0.0000000000
71347  50.866  -21.470  77.672 0.0000000000
151700  38.671  -27.843  85.539 0.0000000000
67764  42.561  -24.992  85.146 0.0000000000
148985  28.707  -41.072  94.921 0.0000000000
49759  27.261  -40.502  97.291 0.0000000000
68931  45.015  -23.716  77.893 0.0000000000
165140  47.590  -24.609  79.568 0.0000000000
67798  44.434  -23.988  79.980 0.0000000000
166570  40.340  -38.044  87.476 0.0000000000
50811  30.450  -39.007  93.412 0.0000000000
54293  31.126  -36.019  93.536 0.0000000000
50847  31.640  -39.683  89.376 0.0000000000
167191  52.376  -16.371  75.391 0.0000000000
75056  52.206  -18.237  74.322 0.0000000000
75014  51.333  -18.030  77.060 0.0000000000
68981  49.376  -24.004  75.570 0.0000000000
71379  48.569  -21.743  75.794 0.0000000000
161821  52.389  -23.546  76.296 0.0000000000
71394  51.945  -22.749  75.498 0.0000000000
69011  51.212  -23.960  74.340 0.0000000000
58841  41.747  -32.783  89.218 0.0000000000
62200  38.887  -29.891  89.192 0.0000000000
63300  41.537  -28.689  89.346 0.0000000000
66682  39.826  -26.543  85.062 0.0000000000
64411  42.512  -28.324  86.863 0.0000000000
64431  44.740  -27.733  84.548 0.0000000000
60017  44.543  -31.461  86.170 0.0000000000
51848  29.945  -38.681  96.207 0.0000000000
67871  46.710  -24.754  75.372 0.0000000000
66810  50.330  -25.832  77.222 0.0000000000
66765  50.132  -26.495  78.144 0.0000000000
64513  48.749  -27.355  78.915 0.0000000000
54328  38.022  -37.261  91.926 0.0000000000
54339  39.811  -36.661  90.322 0.0000000000
54348  40.832  -35.848  88.737 0.0000000000
55515  40.625  -35.338  86.495 0.0000000000
56693  43.947  -33.931  85.854 0.0000000000
161505  35.639  -35.751  93.378 0.0000000000
51923  35.705  -38.618  90.832 0.0000000000
171513  54.732  -20.190  72.402 0.0000000000
74995  49.402  -18.522  78.233 0.0000000000
72619  50.667  -20.077  76.244 0.0000000000
72652  49.840  -20.785  73.576 0.0000000000
66718  42.783  -25.623  81.404 0.0000000000
168292  45.244  -24.095  83.508 0.0000000000
64480  46.634  -27.415  82.827 0.0000000000
51825  26.006  -38.757  98.178 0.0000000000
50755  26.410  -39.671  97.868 0.0000000000
49751  25.709  -40.372  98.154 0.0000000000
67817  43.031  -24.805  77.637 0.0000000000
67804  44.281  -23.890  79.019 0.0000000000
66748  43.318  -24.994  79.485 0.0000000000
50829  30.426  -39.409  90.887 0.0000000000
78239  51.243  -15.682  75.899 0.0000000000
76145  52.022  -16.793  76.077 0.0000000000
77166  50.850  -16.142  76.593 0.0000000000
67867  50.840  -24.875  76.424 0.0000000000
68964  50.717  -23.607  76.757 0.0000000000
68962  52.717  -24.483  76.180 0.0000000000
170987  52.815  -23.988  75.495 0.0000000000
60005  41.005  -31.335  87.280 0.0000000000
155471  41.402  -30.869  89.622 0.0000000000
171082  41.732  -29.695  87.582 0.0000000000
63316  42.427  -28.421  88.458 0.0000000000
61131  42.363  -29.219  87.198 0.0000000000
62226  43.673  -29.820  86.162 0.0000000000
153883  43.700  -30.971  86.510 0.0000000000
51850  28.864  -38.459  96.269 0.0000000000
49767  30.344  -40.359  95.721 0.0000000000
49779  31.038  -39.939  95.422 0.0000000000
174620  45.641  -24.706  76.565 0.0000000000
67872  45.777  -24.694  75.543 0.0000000000
177583  46.595  -25.181  76.600 0.0000000000
66831  48.061  -25.067  75.636 0.0000000000
66811  49.146  -25.558  76.793 0.0000000000
66790  50.506  -26.433  77.485 0.0000000000
66792  49.501  -25.786  77.856 0.0000000000
68913  47.652  -24.455  80.110 0.0000000000
65627  49.196  -26.075  79.505 0.0000000000
65628  48.432  -26.033  79.958 0.0000000000
155703  47.541  -27.226  78.890 0.0000000000
65629  47.063  -25.999  80.221 0.0000000000
53121  37.405  -37.594  91.159 0.0000000000
53096  39.098  -37.112  90.925 0.0000000000
53140  38.227  -37.217  88.975 0.0000000000
173239  40.096  -36.874  87.835 0.0000000000
55496  40.459  -35.686  87.314 0.0000000000
53075  32.068  -37.330  92.459 0.0000000000
53028  33.100  -36.831  94.346 0.0000000000
53051  34.370  -37.492  93.538 0.0000000000
53074  35.458  -37.991  92.863 0.0000000000
51904  34.980  -38.258  92.428 0.0000000000
77184  53.230  -17.233  74.283 0.0000000000
73888  54.432  -19.180  72.889 0.0000000000
75057  50.906  -18.506  74.522 0.0000000000
71362  49.060  -21.412  76.849 0.0000000000
148996  47.306  -20.502  75.713 0.0000000000
72600  48.197  -20.054  77.176 0.0000000000
75015  47.378  -18.656  76.662 0.0000000000
72590  49.726  -20.113  78.285 0.0000000000
73830  51.012  -19.112  77.979 0.0000000000
166431  51.211  -20.992  77.199 0.0000000000
70187  50.226  -22.787  73.528 0.0000000000
71412  50.455  -21.879  74.138 0.0000000000
57723  39.208  -33.619  91.094 0.0000000000
59979  38.795  -31.859  90.202 0.0000000000
63333  38.872  -28.655  87.208 0.0000000000
61159  38.576  -30.213  86.260 0.0000000000
66680  41.504  -25.943  85.140 0.0000000000
65582  39.896  -26.402  83.466 0.0000000000
66700  41.444  -26.464  83.129 0.0000000000
65614  41.414  -26.841  81.548 0.0000000000
66699  42.227  -25.746  83.148 0.0000000000
166634  43.498  -24.594  82.632 0.0000000000
67770  44.093  -24.223  84.671 0.0000000000
62249  46.043  -29.374  84.055 0.0000000000
158624  46.514  -27.082  83.901 0.0000000000
62285  46.432  -29.114  82.668 0.0000000000
63406  45.398  -28.203  81.571 0.0000000000
49769  28.229  -41.158  96.162 0.0000000000
49758  27.946  -41.362  96.965 0.0000000000
47463  26.822  -42.270  97.708 0.0000000000
47455  26.089  -41.741  98.006 0.0000000000
68949  45.884  -24.023  78.181 0.0000000000
152695  47.434  -25.238  78.314 0.0000000000
68930  46.283  -23.773  79.155 0.0000000000
68915  46.534  -23.167  79.920 0.0000000000
70092  46.969  -23.273  80.859 0.0000000000
53031  29.472  -36.670  94.392 0.0000000000
55383  30.104  -34.667  95.158 0.0000000000
177017  29.859  -36.672  92.708 0.0000000000
53099  30.741  -37.580  91.319 0.0000000000
50828  32.793  -38.902  90.794 0.0000000000
49801  34.612  -39.538  90.908 0.0000000000
49816  33.351  -40.553  90.098 0.0000000000
76156  52.868  -17.247  74.890 0.0000000000
75038  52.841  -18.097  74.726 0.0000000000
75024  52.306  -17.716  75.429 0.0000000000
75025  51.729  -18.081  76.157 0.0000000000
155633  50.953  -18.754  75.553 0.0000000000
68995  47.419  -23.286  74.520 0.0000000000
70162  48.822  -22.649  75.353 0.0000000000
70146  50.390  -22.810  76.987 0.0000000000
70133  50.849  -22.214  77.589 0.0000000000
71360  51.582  -21.923  76.955 0.0000000000
70160  52.521  -23.222  76.003 0.0000000000
70172  51.490  -22.857  74.659 0.0000000000
57744  41.452  -33.453  89.633 0.0000000000
176672  39.949  -32.216  90.423 0.0000000000
148234  41.063  -31.106  90.238 0.0000000000
63287  40.324  -28.925  90.068 0.0000000000
64425  39.130  -27.852  86.864 0.0000000000
65567  38.736  -26.449  84.954 0.0000000000
65526  40.378  -27.310  87.098 0.0000000000
155820  41.484  -27.097  86.802 0.0000000000
65537  42.896  -26.568  85.693 0.0000000000
65536  44.381  -25.826  85.050 0.0000000000
63348  43.549  -28.807  85.640 0.0000000000
62240  44.418  -29.846  85.389 0.0000000000
60067  45.507  -30.926  84.247 0.0000000000
53032  27.225  -37.666  94.567 0.0000000000
159963  27.907  -36.343  95.045 0.0000000000
54261  28.606  -36.260  95.081 0.0000000000
51870  30.372  -38.306  94.968 0.0000000000
49788  31.442  -40.617  94.424 0.0000000000
67869  48.646  -24.473  75.312 0.0000000000
67868  49.630  -24.680  75.939 0.0000000000
66828  50.921  -25.573  76.654 0.0000000000
65695  51.050  -26.394  76.575 0.0000000000
64572  50.255  -27.163  77.168 0.0000000000
64554  50.022  -27.579  77.830 0.0000000000
66766  49.605  -25.805  78.727 0.0000000000
65666  49.807  -27.042  78.425 0.0000000000
56584  37.259  -34.901  92.278 0.0000000000
55448  38.553  -35.572  91.797 0.0000000000
55447  39.277  -35.207  91.324 0.0000000000
55462  40.517  -35.150  90.325 0.0000000000
53139  39.481  -36.722  89.000 0.0000000000
54338  40.233  -36.368  89.485 0.0000000000
56612  41.206  -34.755  89.934 0.0000000000
56673  41.489  -34.501  88.654 0.0000000000
57789  41.249  -33.598  88.051 0.0000000000
58900  40.920  -33.064  86.265 0.0000000000
58899  42.541  -32.933  85.896 0.0000000000
55529  42.343  -35.029  85.701 0.0000000000
54311  36.793  -37.018  92.645 0.0000000000
51922  36.329  -37.898  91.501 0.0000000000
51940  36.494  -38.568  89.700 0.0000000000
49800  35.155  -40.083  90.737 0.0000000000
49815  36.286  -40.063  90.279 0.0000000000
72690  55.214  -20.646  72.286 0.0000000000
77168  48.691  -16.836  76.883 0.0000000000
76129  51.090  -18.023  77.830 0.0000000000
73841  51.017  -19.017  77.196 0.0000000000
148425  50.479  -19.541  75.422 0.0000000000
72618  51.303  -21.204  76.504 0.0000000000
71378  50.788  -20.772  75.368 0.0000000000
72634  49.909  -19.599  73.689 0.0000000000
162422  38.095  -30.724  88.031 0.0000000000
65645  41.371  -26.826  79.946 0.0000000000
66749  42.804  -25.620  79.626 0.0000000000
160848  43.592  -24.882  80.710 0.0000000000
68893  45.419  -23.377  81.773 0.0000000000
154063  46.799  -24.382  81.826 0.0000000000
149510  45.518  -25.588  84.603 0.0000000000
66686  46.412  -26.085  83.643 0.0000000000
65612  46.527  -25.928  81.423 0.0000000000
64502  45.899  -27.044  80.375 0.0000000000
58897  44.573  -32.944  86.372 0.0000000000
57834  44.578  -32.480  84.871 0.0000000000
155405  25.014  -38.973  98.417 0.0000000000
51826  25.297  -38.204  98.105 0.0000000000
51837  26.357  -38.892  97.653 0.0000000000
177753  42.931  -25.038  78.296 0.0000000000
67816  43.501  -24.564  78.597 0.0000000000
66768  42.907  -25.324  78.828 0.0000000000
77167  49.754  -16.362  76.703 0.0000000000
67852  51.862  -25.265  76.424 0.0000000000
67851  52.419  -25.127  76.136 0.0000000000
151646  52.867  -24.525  75.866 0.0000000000
67866  52.249  -25.100  75.726 0.0000000000
61133  41.372  -30.403  87.456 0.0000000000
61147  41.728  -30.142  86.792 0.0000000000
61146  42.931  -30.054  86.535 0.0000000000
61157  42.412  -30.856  86.247 0.0000000000
48620  28.424  -41.905  96.634 0.0000000000
49768  29.510  -41.130  95.639 0.0000000000
48619  29.196  -41.854  95.898 0.0000000000
48631  29.232  -42.272  96.078 0.0000000000
67837  46.110  -24.705  77.218 0.0000000000
66812  48.036  -25.424  76.379 0.0000000000
66793  48.261  -25.703  77.391 0.0000000000
67797  47.961  -24.992  80.301 0.0000000000
66729  48.490  -25.507  79.926 0.0000000000
176966  47.888  -25.152  80.343 0.0000000000
65643  47.939  -26.659  79.530 0.0000000000
66730  47.395  -25.460  80.546 0.0000000000
51939  37.084  -37.664  89.670 0.0000000000
53120  38.321  -37.368  90.447 0.0000000000
152704  37.489  -37.861  88.719 0.0000000000
51889  33.050  -37.761  92.840 0.0000000000
53053  32.880  -37.276  93.565 0.0000000000
51888  33.800  -37.737  93.229 0.0000000000
53027  33.934  -36.732  94.034 0.0000000000
51887  34.283  -37.732  93.354 0.0000000000
51886  34.759  -37.945  93.157 0.0000000000
51905  34.387  -38.134  92.739 0.0000000000
76171  53.405  -17.862  74.362 0.0000000000
76185  53.780  -17.776  73.783 0.0000000000
76184  53.877  -18.342  73.718 0.0000000000
75053  54.359  -18.797  73.086 0.0000000000
75054  53.916  -18.647  73.521 0.0000000000
71348  50.352  -21.499  77.744 0.0000000000
150119  48.770  -20.651  77.247 0.0000000000
71349  49.578  -20.976  77.787 0.0000000000
72599  48.984  -20.060  77.826 0.0000000000
71335  50.303  -20.806  78.002 0.0000000000
72598  50.732  -20.519  77.797 0.0000000000
71346  51.133  -21.281  77.417 0.0000000000
170505  49.555  -22.425  72.919 0.0000000000
56596  39.779  -34.051  91.014 0.0000000000
58830  38.923  -32.852  90.943 0.0000000000
162622  39.515  -32.814  90.736 0.0000000000
63349  38.811  -28.483  86.236 0.0000000000
63380  38.041  -28.150  85.029 0.0000000000
67773  41.998  -25.164  84.988 0.0000000000
66689  41.555  -25.912  84.585 0.0000000000
166039  41.692  -26.038  83.811 0.0000000000
67780  42.739  -24.874  83.724 0.0000000000
67763  43.394  -24.597  84.923 0.0000000000
174314  46.378  -30.555  82.910 0.0000000000
62270  46.473  -29.154  83.113 0.0000000000
61204  46.480  -30.662  82.135 0.0000000000
62302  46.156  -29.974  81.839 0.0000000000
48622  27.174  -41.346  97.694 0.0000000000
49750  26.436  -40.743  97.973 0.0000000000
174275  44.284  -23.839  77.389 0.0000000000
67838  43.574  -24.208  77.055 0.0000000000
68950  44.680  -23.934  77.000 0.0000000000
68917  45.036  -23.465  79.311 0.0000000000
164740  45.333  -23.328  80.146 0.0000000000
68903  47.018  -23.295  80.256 0.0000000000
70106  46.051  -22.945  80.223 0.0000000000
53030  29.807  -37.337  94.168 0.0000000000
53056  29.702  -36.586  93.375 0.0000000000
51908  30.028  -38.020  92.343 0.0000000000
50839  30.593  -39.291  89.992 0.0000000000
53122  30.763  -38.113  90.618 0.0000000000
51942  31.099  -38.443  90.109 0.0000000000
51925  32.178  -38.152  91.100 0.0000000000
50838  32.285  -39.254  89.920 0.0000000000
50837  33.217  -39.753  90.459 0.0000000000
162091  51.924  -15.588  75.302 0.0000000000
77185  52.698  -16.522  74.560 0.0000000000
76172  52.893  -17.768  74.798 0.0000000000
76157  52.489  -17.223  75.488 0.0000000000
76146  51.516  -17.364  76.744 0.0000000000
76158  51.872  -17.479  76.132 0.0000000000
73855  51.258  -18.596  76.564 0.0000000000
68982  48.831  -23.491  75.124 0.0000000000
70173  48.232  -22.962  74.726 0.0000000000
68948  51.490  -23.026  77.000 0.0000000000
70145  51.800  -22.791  76.535 0.0000000000
70186  51.924  -23.662  74.953 0.0000000000
69012  50.795  -23.529  74.079 0.0000000000
154833  50.490  -23.984  73.561 0.0000000000
58834  41.297  -32.556  89.962 0.0000000000
154096  41.598  -31.869  89.429 0.0000000000
61117  41.458  -29.811  89.476 0.0000000000
62186  40.994  -29.624  90.033 0.0000000000
63286  40.887  -28.962  90.008 0.0000000000
63317  39.858  -28.511  88.448 0.0000000000
64403  40.769  -28.211  88.681 0.0000000000
162019  39.754  -27.513  87.134 0.0000000000
64414  40.784  -27.690  87.803 0.0000000000
63315  42.513  -28.472  87.564 0.0000000000
154329  42.189  -27.627  88.091 0.0000000000
65510  42.182  -27.489  87.329 0.0000000000
65523  42.341  -27.075  86.404 0.0000000000
64424  42.450  -27.680  86.869 0.0000000000
64423  42.708  -27.927  86.101 0.0000000000
147114  42.936  -28.666  86.137 0.0000000000
61144  44.302  -30.815  86.148 0.0000000000
62225  44.068  -29.986  85.955 0.0000000000
166613  44.630  -31.047  85.935 0.0000000000
61168  44.971  -30.379  84.981 0.0000000000
60035  44.873  -31.287  85.696 0.0000000000
50792  28.531  -40.466  94.758 0.0000000000
51872  27.510  -38.609  94.310 0.0000000000
51871  28.084  -39.270  95.069 0.0000000000
51849  29.348  -38.095  96.355 0.0000000000
53009  28.133  -37.332  95.771 0.0000000000
52991  28.769  -37.580  96.268 0.0000000000
54245  28.526  -36.955  95.750 0.0000000000
52990  29.249  -37.514  96.200 0.0000000000
53008  29.253  -37.041  95.550 0.0000000000
51856  30.320  -38.420  95.760 0.0000000000
67887  46.338  -24.439  74.823 0.0000000000
67870  47.614  -24.672  75.201 0.0000000000
66830  48.871  -25.199  75.917 0.0000000000
66829  49.961  -25.243  76.548 0.0000000000
66809  51.076  -26.052  76.815 0.0000000000
66791  50.067  -26.005  78.024 0.0000000000
65687  50.585  -26.889  77.609 0.0000000000
64553  50.449  -27.064  77.648 0.0000000000
64533  50.240  -27.220  77.973 0.0000000000
67813  47.793  -25.079  79.018 0.0000000000
67812  48.630  -25.365  79.259 0.0000000000
65641  49.426  -26.824  79.034 0.0000000000
64512  49.533  -27.486  78.540 0.0000000000
64535  49.114  -27.835  78.237 0.0000000000
54310  37.248  -36.197  92.393 0.0000000000
55433  37.693  -35.372  92.258 0.0000000000
54309  37.967  -36.356  92.071 0.0000000000
54326  39.251  -36.212  91.159 0.0000000000
55463  39.884  -35.680  90.697 0.0000000000
53158  39.038  -37.220  88.126 0.0000000000
53157  39.962  -37.080  87.903 0.0000000000
167829  40.289  -36.207  88.731 0.0000000000
54349  40.837  -35.868  89.346 0.0000000000
55472  41.365  -35.217  89.204 0.0000000000
56674  40.786  -34.836  87.771 0.0000000000
56697  40.430  -34.727  86.956 0.0000000000
58878  40.703  -33.198  86.975 0.0000000000
57808  40.597  -33.899  86.577 0.0000000000
57807  41.038  -33.771  85.847 0.0000000000
55514  41.249  -35.431  85.825 0.0000000000
54294  30.357  -35.950  93.491 0.0000000000
56537  30.398  -34.038  95.532 0.0000000000
55382  30.965  -34.613  95.293 0.0000000000
55418  35.077  -35.217  93.804 0.0000000000
57685  34.744  -34.400  93.086 0.0000000000
156597  35.759  -35.041  93.258 0.0000000000
55417  36.284  -35.494  92.986 0.0000000000
171948  36.141  -36.405  93.016 0.0000000000
51903  35.515  -38.242  91.731 0.0000000000
53073  36.222  -37.677  92.398 0.0000000000
152090  36.309  -38.098  90.465 0.0000000000
151847  34.936  -39.415  90.774 0.0000000000
49814  37.036  -40.565  90.172 0.0000000000
73907  54.944  -19.870  72.643 0.0000000000
72671  54.551  -20.561  71.871 0.0000000000
70163  48.025  -22.172  75.071 0.0000000000
71396  47.332  -21.886  74.671 0.0000000000
71380  47.684  -21.343  75.433 0.0000000000
75007  48.637  -18.420  78.015 0.0000000000
162213  47.711  -17.867  76.738 0.0000000000
76132  48.309  -17.606  77.490 0.0000000000
76148  47.874  -17.066  76.816 0.0000000000
76147  48.563  -17.144  77.432 0.0000000000
76130  49.715  -17.348  77.784 0.0000000000
76111  50.423  -18.071  77.857 0.0000000000
156485  50.970  -19.268  77.738 0.0000000000
173541  50.858  -19.279  76.377 0.0000000000
71377  51.858  -22.398  76.212 0.0000000000
170637  51.507  -21.866  75.694 0.0000000000
169655  50.479  -21.012  74.434 0.0000000000
72633  50.143  -19.969  74.475 0.0000000000
61109  39.542  -30.659  90.104 0.0000000000
61110  38.914  -30.966  90.073 0.0000000000
61134  38.490  -30.322  88.628 0.0000000000
65554  39.521  -26.781  85.366 0.0000000000
65598  40.186  -26.770  82.526 0.0000000000
161588  42.098  -26.116  81.323 0.0000000000
65630  41.612  -26.745  80.802 0.0000000000
66733  42.004  -26.351  80.469 0.0000000000
66750  42.109  -26.139  79.757 0.0000000000
66732  42.635  -25.807  80.561 0.0000000000
66731  43.235  -25.233  80.259 0.0000000000
66717  43.269  -25.297  81.038 0.0000000000
68873  44.608  -23.853  83.291 0.0000000000
67785  43.991  -24.328  82.127 0.0000000000
68882  45.047  -23.565  82.540 0.0000000000
70072  45.952  -23.554  82.221 0.0000000000
70064  45.584  -24.000  82.952 0.0000000000
149151  44.268  -26.971  84.935 0.0000000000
153660  44.962  -25.812  84.775 0.0000000000
65553  45.358  -26.569  84.391 0.0000000000
172429  46.731  -27.458  83.108 0.0000000000
65565  46.512  -26.742  83.629 0.0000000000
65580  46.683  -26.819  83.294 0.0000000000
65596  46.526  -26.302  82.678 0.0000000000
64491  46.476  -26.658  82.359 0.0000000000
65613  46.210  -26.514  81.118 0.0000000000
64492  46.182  -27.246  82.196 0.0000000000
64503  45.259  -27.666  80.804 0.0000000000
57806  43.525  -33.710  86.178 0.0000000000
58898  43.910  -32.880  86.455 0.0000000000
57805  44.141  -33.498  86.266 0.0000000000
50766  26.829  -39.566  97.262 0.0000000000
50756  25.458  -39.659  98.278 0.0000000000
160412  43.719  -24.211  77.779 0.0000000000
67815  44.274  -23.850  78.202 0.0000000000
67805  43.806  -24.403  79.454 0.0000000000
50810  30.780  -39.841  93.090 0.0000000000
159139  30.333  -39.029  92.409 0.0000000000
50821  30.494  -39.692  91.959 0.0000000000
49818  30.559  -40.173  90.314 0.0000000000
77174  51.789  -16.058  75.959 0.0000000000
78230  51.409  -15.995  76.277 0.0000000000
77165  51.491  -16.520  76.446 0.0000000000
77157  51.045  -17.221  77.138 0.0000000000
68980  50.251  -24.174  76.336 0.0000000000
68963  51.666  -24.138  76.500 0.0000000000
68979  52.967  -23.933  75.878 0.0000000000
68994  52.012  -24.351  75.026 0.0000000000
58856  41.507  -32.113  88.522 0.0000000000
59992  41.453  -31.110  88.536 0.0000000000
167017  41.553  -30.194  88.640 0.0000000000
62197  42.030  -29.142  89.251 0.0000000000
63299  42.249  -28.652  89.077 0.0000000000
61132  42.167  -29.306  88.652 0.0000000000
62212  42.396  -28.736  88.018 0.0000000000
62227  42.696  -28.919  86.664 0.0000000000
63331  42.680  -28.724  86.578 0.0000000000
161208  43.200  -29.584  86.398 0.0000000000
61145  43.950  -30.685  86.382 0.0000000000
60019  44.118  -31.678  86.527 0.0000000000
51858  28.779  -39.580  95.675 0.0000000000
50780  29.244  -40.661  95.608 0.0000000000
50779  29.835  -39.840  95.851 0.0000000000
50778  30.462  -39.338  95.727 0.0000000000
68965  45.087  -24.356  76.349 0.0000000000
67854  46.293  -25.021  76.159 0.0000000000
67853  47.190  -25.080  76.006 0.0000000000
66747  49.139  -25.689  79.369 0.0000000000
67803  48.354  -25.148  79.764 0.0000000000
65642  48.893  -26.588  79.420 0.0000000000
65644  46.748  -26.641  79.763 0.0000000000
53097  38.392  -37.253  91.308 0.0000000000
53119  39.329  -37.170  90.052 0.0000000000
155213  40.547  -37.881  87.325 0.0000000000
54358  40.187  -36.739  87.823 0.0000000000
55495  40.565  -35.862  88.053 0.0000000000
54367  40.493  -36.724  87.114 0.0000000000
53054  31.522  -36.626  92.957 0.0000000000
175042  31.806  -35.980  94.590 0.0000000000
53029  32.224  -36.460  94.041 0.0000000000
56554  33.245  -34.869  94.383 0.0000000000
55400  33.973  -35.850  94.195 0.0000000000
54275  34.577  -35.986  93.978 0.0000000000
54292  34.756  -36.814  93.698 0.0000000000
53049  35.880  -37.291  92.956 0.0000000000
50818  35.078  -38.742  91.008 0.0000000000
155775  54.309  -18.276  73.235 0.0000000000
75039  51.927  -18.149  75.274 0.0000000000
71363  48.144  -20.790  76.372 0.0000000000
72609  47.537  -20.001  76.451 0.0000000000
73832  47.723  -19.358  76.978 0.0000000000
73831  48.407  -19.311  77.695 0.0000000000
73821  50.086  -19.259  78.412 0.0000000000
165660  50.817  -18.905  78.288 0.0000000000
73820  50.738  -19.136  78.274 0.0000000000
72597  50.846  -20.059  77.613 0.0000000000
72608  51.013  -19.986  77.170 0.0000000000
71395  51.209  -21.870  74.915 0.0000000000
71413  49.769  -21.885  73.443 0.0000000000
57724  38.747  -33.752  91.065 0.0000000000
62229  38.642  -29.518  87.511 0.0000000000
177907  38.597  -29.891  86.873 0.0000000000
62241  38.692  -29.381  86.626 0.0000000000
62251  38.627  -29.398  85.778 0.0000000000
66681  40.722  -26.429  85.310 0.0000000000
150107  39.940  -26.119  84.418 0.0000000000
66690  40.759  -26.121  84.842 0.0000000000
65581  40.724  -26.707  83.103 0.0000000000
65615  40.499  -26.961  81.679 0.0000000000
65597  41.071  -26.856  82.395 0.0000000000
66710  41.854  -26.322  82.281 0.0000000000
66709  42.545  -25.676  82.148 0.0000000000
66708  43.284  -25.106  81.919 0.0000000000
67786  42.893  -25.023  82.803 0.0000000000
67779  43.391  -24.426  83.393 0.0000000000
68863  44.633  -24.086  84.181 0.0000000000
63366  45.807  -28.450  84.177 0.0000000000
64443  45.660  -27.506  84.201 0.0000000000
62257  46.321  -28.590  83.836 0.0000000000
62284  46.601  -28.427  83.020 0.0000000000
63397  46.330  -27.999  82.597 0.0000000000
63405  45.879  -28.078  82.139 0.0000000000
173913  45.823  -29.005  82.003 0.0000000000
49780  28.256  -41.479  95.092 0.0000000000
150018  28.787  -41.218  95.587 0.0000000000
49757  28.644  -41.643  95.972 0.0000000000
47461  28.211  -42.404  96.850 0.0000000000
48621  27.719  -41.942  97.276 0.0000000000
147163  45.393  -24.120  77.265 0.0000000000
169175  46.550  -24.631  78.129 0.0000000000
177603  46.374  -24.168  78.638 0.0000000000
67814  46.922  -24.439  78.978 0.0000000000
162520  45.505  -23.636  78.787 0.0000000000
152746  46.910  -23.797  79.689 0.0000000000
68914  47.186  -23.913  80.006 0.0000000000
68902  47.249  -23.810  80.588 0.0000000000
68891  47.515  -24.511  80.634 0.0000000000
51964  38.114  -37.939  87.772 0.0000000000
55384  28.898  -35.074  94.760 0.0000000000
56538  29.546  -34.117  95.322 0.0000000000
157485  29.433  -35.372  94.654 0.0000000000
53078  29.933  -36.280  93.076 0.0000000000
54312  30.422  -36.455  92.723 0.0000000000
53100  30.335  -37.874  91.319 0.0000000000
53077  30.128  -37.116  92.071 0.0000000000
53076  30.934  -37.015  92.059 0.0000000000
53098  31.530  -37.567  91.489 0.0000000000
51907  32.618  -37.939  92.025 0.0000000000
51924  33.280  -38.582  91.692 0.0000000000
50820  34.097  -38.685  91.862 0.0000000000
50827  33.823  -39.257  91.117 0.0000000000
170989  34.168  -40.337  90.797 0.0000000000
70174  47.611  -22.558  74.603 0.0000000000
70161  49.635  -23.297  75.972 0.0000000000
70147  49.439  -22.308  76.271 0.0000000000
71361  49.978  -21.909  77.369 0.0000000000
70132  51.450  -22.148  77.324 0.0000000000
70171  52.519  -23.493  75.446 0.0000000000
57745  40.941  -33.422  90.261 0.0000000000
58835  40.452  -32.747  90.406 0.0000000000
59977  40.814  -31.962  90.322 0.0000000000
62188  39.879  -29.645  90.052 0.0000000000
61108  40.517  -30.301  90.142 0.0000000000
62199  39.495  -29.651  89.566 0.0000000000
63318  38.986  -28.876  88.073 0.0000000000
64433  39.103  -27.595  86.103 0.0000000000
64444  38.954  -27.074  85.491 0.0000000000
64432  39.627  -27.412  86.423 0.0000000000
65539  40.000  -27.213  85.936 0.0000000000
65538  40.433  -27.137  86.251 0.0000000000
64413  41.592  -27.758  88.262 0.0000000000
65525  40.914  -27.104  86.539 0.0000000000
66670  40.857  -26.711  85.919 0.0000000000
66669  41.522  -26.236  85.532 0.0000000000
171124  42.010  -26.008  85.319 0.0000000000
66668  42.461  -25.721  85.379 0.0000000000
67756  43.300  -25.173  85.186 0.0000000000
65522  43.416  -26.890  85.523 0.0000000000
64422  43.303  -28.005  85.454 0.0000000000
173229  43.934  -28.148  85.071 0.0000000000
63330  43.343  -29.148  86.095 0.0000000000
63329  43.892  -29.418  85.727 0.0000000000
153273  44.902  -29.393  84.584 0.0000000000
62250  45.471  -29.600  84.410 0.0000000000
60053  45.586  -30.420  84.394 0.0000000000
56559  27.515  -34.178  94.693 0.0000000000
51859  27.756  -38.002  95.255 0.0000000000
54262  27.252  -35.760  94.849 0.0000000000
170973  27.646  -35.335  94.792 0.0000000000
55385  28.217  -35.264  94.837 0.0000000000
54260  28.903  -36.146  95.077 0.0000000000
51890  30.138  -38.107  93.718 0.0000000000
50791  30.899  -39.133  95.240 0.0000000000
50802  31.005  -38.997  94.562 0.0000000000
50801  31.132  -39.834  94.173 0.0000000000
67885  47.975  -23.849  74.849 0.0000000000
65694  51.751  -25.715  76.317 0.0000000000
64583  50.761  -26.886  76.534 0.0000000000
64571  50.895  -26.942  77.145 0.0000000000
66767  48.654  -25.518  78.523 0.0000000000
66746  49.686  -26.180  78.916 0.0000000000
64534  49.883  -27.732  78.216 0.0000000000
169848  37.616  -34.717  91.947 0.0000000000
56583  38.158  -34.734  91.981 0.0000000000
54327  38.596  -36.691  91.571 0.0000000000
56598  38.769  -34.734  91.663 0.0000000000
56597  39.229  -34.391  91.299 0.0000000000
55446  39.869  -34.769  90.898 0.0000000000
56613  40.534  -34.227  90.482 0.0000000000
53118  39.861  -36.833  89.701 0.0000000000
53138  39.773  -36.510  88.968 0.0000000000
151629  40.473  -35.951  90.027 0.0000000000
55461  41.045  -35.453  89.791 0.0000000000
168395  41.259  -34.039  90.039 0.0000000000
56634  41.528  -34.278  89.415 0.0000000000
57764  41.762  -33.614  88.936 0.0000000000
55482  41.082  -35.396  88.495 0.0000000000
176114  41.145  -34.260  88.042 0.0000000000
166165  41.593  -32.952  88.572 0.0000000000
58877  40.986  -32.494  87.493 0.0000000000
60020  40.964  -32.116  86.623 0.0000000000
176778  41.534  -31.581  86.149 0.0000000000
176494  41.302  -32.369  86.073 0.0000000000
57823  42.118  -33.732  85.729 0.0000000000
56695  42.925  -34.399  85.993 0.0000000000
55513  42.410  -35.807  85.544 0.0000000000
55512  43.411  -35.370  85.435 0.0000000000
57675  29.511  -33.721  94.885 0.0000000000
55381  31.552  -34.630  95.123 0.0000000000
55435  36.429  -34.992  92.714 0.0000000000
55434  36.932  -35.394  92.569 0.0000000000
173077  37.508  -36.979  92.264 0.0000000000
53072  37.144  -37.467  92.075 0.0000000000
50819  34.602  -38.630  91.498 0.0000000000
50817  35.490  -39.181  90.664 0.0000000000
49799  35.715  -40.423  90.515 0.0000000000
50826  35.843  -39.760  90.547 0.0000000000
50836  36.120  -38.885  90.134 0.0000000000
77158  50.169  -16.776  77.305 0.0000000000
76128  51.078  -18.073  77.544 0.0000000000
74993  51.074  -18.638  78.208 0.0000000000
75005  51.022  -18.539  77.943 0.0000000000
73872  50.314  -19.102  74.523 0.0000000000
66769  41.743  -25.933  78.378 0.0000000000
160970  39.088  -31.505  90.421 0.0000000000
59993  38.526  -31.467  89.550 0.0000000000
65631  40.858  -27.050  80.809 0.0000000000
65667  41.591  -26.413  79.005 0.0000000000
151094  42.251  -25.812  78.951 0.0000000000
67799  43.705  -24.650  80.123 0.0000000000
67793  43.753  -24.752  81.324 0.0000000000
173189  44.259  -24.192  81.422 0.0000000000
68905  44.866  -23.699  81.002 0.0000000000
70083  46.019  -23.118  81.625 0.0000000000
70081  47.022  -23.700  81.359 0.0000000000
67791  46.957  -24.774  81.633 0.0000000000
67762  44.234  -24.874  84.866 0.0000000000
67761  44.773  -24.585  84.721 0.0000000000
66677  45.389  -25.029  84.684 0.0000000000
65552  45.942  -26.103  83.998 0.0000000000
174614  46.003  -25.873  83.953 0.0000000000
67768  46.125  -25.077  83.813 0.0000000000
67777  46.420  -25.104  83.243 0.0000000000
171263  46.728  -25.192  81.848 0.0000000000
66716  46.643  -25.526  81.676 0.0000000000
64493  45.731  -27.357  81.429 0.0000000000
60037  42.590  -31.986  85.990 0.0000000000
60036  43.782  -31.778  86.470 0.0000000000
58875  44.500  -32.083  86.339 0.0000000000
57822  44.449  -33.539  85.694 0.0000000000
57803  44.825  -33.062  86.050 0.0000000000
58918  44.896  -32.450  85.809 0.0000000000
58935  44.858  -32.013  85.127 0.0000000000
50803  28.348  -40.373  93.996 0.0000000000
50848  30.937  -39.645  89.481 0.0000000000
51857  29.828  -37.818  96.174 0.0000000000
51926  31.267  -37.968  90.705 0.0000000000
51927  30.515  -38.554  90.656 0.0000000000
51941  31.802  -38.511  90.317 0.0000000000
51943  30.787  -38.616  90.122 0.0000000000
51953  31.516  -38.932  89.810 0.0000000000
51954  30.977  -38.980  89.628 0.0000000000
53007  29.982  -37.597  95.458 0.0000000000
53050  35.105  -37.500  93.327 0.0000000000
53052  33.753  -37.426  93.805 0.0000000000
53055  29.691  -37.187  92.905 0.0000000000
54244  28.919  -36.932  95.896 0.0000000000
54277  30.936  -35.552  94.264 0.0000000000
54278  29.256  -36.143  94.607 0.0000000000
54291  35.453  -36.667  93.375 0.0000000000
54295  29.705  -35.962  93.823 0.0000000000
55386  27.328  -34.927  94.592 0.0000000000
55401  33.061  -35.327  94.686 0.0000000000
55402  31.747  -35.373  94.984 0.0000000000
55403  30.852  -35.128  95.076 0.0000000000
55404  30.173  -35.424  94.331 0.0000000000
56536  31.050  -34.109  95.367 0.0000000000
56540  27.805  -34.442  94.880 0.0000000000
56553  33.731  -35.276  94.373 0.0000000000
56556  31.751  -34.241  95.034 0.0000000000
56557  29.093  -34.033  95.112 0.0000000000
56558  28.105  -34.045  95.040 0.0000000000
56571  35.141  -34.716  93.283 0.0000000000
56694  43.673  -34.040  86.011 0.0000000000
56696  40.824  -34.594  86.230 0.0000000000
56716  41.642  -34.526  85.753 0.0000000000
57663  30.580  -33.919  95.428 0.0000000000
57664  29.963  -33.914  95.472 0.0000000000
57673  31.125  -33.847  95.085 0.0000000000
57790  40.598  -34.085  87.348 0.0000000000
57804  44.382  -33.428  86.039 0.0000000000
57821  44.753  -32.923  85.702 0.0000000000
58829  39.151  -32.140  90.599 0.0000000000
58876  44.357  -32.312  86.495 0.0000000000
58895  44.905  -31.728  85.721 0.0000000000
58896  44.860  -32.510  86.108 0.0000000000
58919  41.477  -32.987  85.776 0.0000000000
58934  44.987  -31.537  85.122 0.0000000000
59963  38.888  -32.289  90.656 0.0000000000
59976  41.261  -31.675  90.031 0.0000000000
59978  39.983  -31.419  90.282 0.0000000000
60006  38.287  -31.098  88.789 0.0000000000
60018  44.342  -31.414  86.363 0.0000000000
60034  44.966  -30.968  85.418 0.0000000000
60054  45.149  -31.043  85.018 0.0000000000
60055  41.788  -32.312  85.788 0.0000000000
60066  46.046  -30.431  83.696 0.0000000000
61107  41.114  -30.356  90.032 0.0000000000
61118  39.176  -30.213  89.805 0.0000000000
61119  38.710  -30.635  89.380 0.0000000000
61148  41.329  -30.696  86.822 0.0000000000
61155  44.791  -30.819  85.523 0.0000000000
61156  44.531  -30.546  85.710 0.0000000000
61167  45.605  -30.034  84.465 0.0000000000
61179  46.091  -29.904  83.945 0.0000000000
61190  46.403  -29.889  83.319 0.0000000000
61203  46.456  -29.924  82.653 0.0000000000
61216  46.371  -29.987  82.119 0.0000000000
61217  46.318  -30.685  81.665 0.0000000000
62187  40.524  -29.425  90.104 0.0000000000
62198  41.307  -29.216  89.652 0.0000000000
62213  42.416  -28.891  88.851 0.0000000000
62214  39.491  -29.230  88.974 0.0000000000
62215  38.737  -29.605  88.419 0.0000000000
62228  41.533  -30.547  86.754 0.0000000000
62239  44.796  -30.252  85.033 0.0000000000
62258  46.335  -29.213  83.621 0.0000000000
62269  46.495  -28.436  83.459 0.0000000000
62286  46.201  -28.998  82.364 0.0000000000
63301  40.857  -28.609  89.650 0.0000000000
63302  40.241  -28.754  89.546 0.0000000000
63332  39.442  -28.180  87.589 0.0000000000
63347  45.076  -28.423  84.394 0.0000000000
63365  46.221  -28.037  84.057 0.0000000000
63379  46.562  -27.778  83.693 0.0000000000
63391  46.610  -27.873  83.135 0.0000000000
64401  42.119  -28.049  88.773 0.0000000000
64402  41.449  -28.182  89.068 0.0000000000
64412  42.533  -27.870  87.945 0.0000000000
64415  40.093  -27.736  87.875 0.0000000000
64442  46.200  -27.302  83.991 0.0000000000
64465  46.690  -27.243  83.497 0.0000000000
64479  46.689  -26.951  82.952 0.0000000000
65511  41.861  -27.360  87.454 0.0000000000
65512  41.162  -27.420  87.278 0.0000000000
65524  41.999  -26.918  86.574 0.0000000000
65540  39.468  -27.253  85.893 0.0000000000
65551  46.387  -26.742  83.866 0.0000000000
65566  46.192  -26.166  83.924 0.0000000000
66655  42.433  -26.430  85.797 0.0000000000
66656  41.974  -26.345  85.727 0.0000000000
66657  41.449  -26.718  86.175 0.0000000000
66666  43.789  -25.913  85.329 0.0000000000
66667  43.130  -25.835  85.432 0.0000000000
66671  40.285  -26.890  85.563 0.0000000000
66678  44.961  -25.254  84.763 0.0000000000
66679  44.507  -25.314  84.924 0.0000000000
66683  39.150  -26.234  84.916 0.0000000000
66687  45.857  -25.641  84.302 0.0000000000
66688  42.167  -25.388  84.173 0.0000000000
66698  46.575  -26.280  83.264 0.0000000000
66701  40.872  -26.411  83.992 0.0000000000
66707  46.543  -25.732  82.603 0.0000000000
67755  43.874  -25.406  85.153 0.0000000000
67757  42.038  -25.660  85.177 0.0000000000
67769  45.897  -25.354  84.229 0.0000000000
67771  43.382  -24.369  84.280 0.0000000000
67772  42.670  -24.784  84.600 0.0000000000
67778  43.942  -23.932  83.042 0.0000000000
67784  46.614  -25.098  82.435 0.0000000000
67792  44.090  -24.404  80.762 0.0000000000
68861  45.727  -24.798  84.145 0.0000000000
68862  45.203  -24.383  84.217 0.0000000000
68864  43.982  -23.942  83.893 0.0000000000
68870  46.066  -24.490  83.353 0.0000000000
68871  45.566  -24.335  83.673 0.0000000000
68872  44.976  -24.020  83.666 0.0000000000
68881  46.427  -24.503  82.577 0.0000000000
68883  44.487  -23.815  82.630 0.0000000000
68892  47.270  -24.309  81.213 0.0000000000
68894  44.697  -23.770  81.942 0.0000000000
68904  45.741  -23.085  80.936 0.0000000000
68916  45.860  -23.264  79.563 0.0000000000
68932  44.838  -23.591  78.612 0.0000000000
68966  44.441  -23.978  76.107 0.0000000000
68983  44.967  -24.250  75.363 0.0000000000
70063  46.082  -24.062  82.604 0.0000000000
70065  45.237  -23.781  82.996 0.0000000000
70071  46.474  -23.868  82.002 0.0000000000
70073  45.592  -23.511  82.302 0.0000000000
70082  46.497  -23.334  81.450 0.0000000000
70093  46.498  -22.949  80.744 0.0000000000
72588  50.779  -19.471  78.058 0.0000000000
72589  50.482  -19.916  78.232 0.0000000000
73819  50.869  -18.737  78.209 0.0000000000
73822  49.134  -19.310  78.317 0.0000000000
74994  50.327  -18.622  78.232 0.0000000000
75006  51.032  -18.435  78.060 0.0000000000
75008  47.970  -18.524  77.323 0.0000000000
76112  49.701  -18.011  78.004 0.0000000000
76131  48.961  -17.542  78.007 0.0000000000
77159  49.260  -16.917  77.473 0.0000000000
148804  30.289  -38.661  91.512 0.0000000000
149064  40.128  -26.331  84.836 0.0000000000
150632  44.268  -28.915  85.009 0.0000000000
151901  46.478  -25.741  83.234 0.0000000000
152049  40.074  -27.222  86.620 0.0000000000
152166  46.050  -26.812  83.977 0.0000000000
156410  46.211  -25.609  83.723 0.0000000000
157011  50.870  -26.678  77.181 0.0000000000
159707  38.404  -30.080  87.964 0.0000000000
162468  42.706  -27.236  86.152 0.0000000000
162673  33.227  -36.004  94.562 0.0000000000
162717  41.179  -31.224  86.659 0.0000000000
163122  46.062  -28.796  84.067 0.0000000000
163237  43.196  -34.837  85.781 0.0000000000
163703  43.646  -34.496  85.651 0.0000000000
163760  39.858  -29.061  89.914 0.0000000000
164131  44.794  -31.865  86.092 0.0000000000
164966  29.297  -39.163  96.170 0.0000000000
166240  46.540  -28.177  82.880 0.0000000000
166359  45.159  -30.535  84.860 0.0000000000
169773  35.138  -36.064  93.725 0.0000000000
170832  36.688  -36.105  92.701 0.0000000000
171051  28.304  -38.309  95.992 0.0000000000
173819  50.514  -17.507  77.539 0.0000000000
176318  29.483  -34.739  95.046 0.0000000000
177286  44.860  -24.983  84.805 0.0000000000
177370  46.586  -28.028  82.969 0.0000000000
178100  47.123  -18.052  76.352 0.0000000000
178293  45.590  -23.690  82.598 0.0000000000
