#!ascii label  , from subject sub2 vox2ras=TkReg
1136
163735  13.803  -26.545  99.345 0.0000000000
61177  0.446  -30.366  84.796 0.0000000000
66499  4.277  -25.947  101.282 0.0000000000
63278  8.221  -28.687  91.686 0.0000000000
66665  0.469  -24.980  87.422 0.0000000000
67624  10.195  -24.750  101.316 0.0000000000
68782  8.364  -23.661  96.459 0.0000000000
58782  16.001  -33.054  99.109 0.0000000000
59889  11.732  -31.818  100.666 0.0000000000
58741  7.138  -31.518  101.095 0.0000000000
65435  5.570  -26.326  94.306 0.0000000000
149809  4.160  -26.418  89.700 0.0000000000
161099  0.523  -23.997  94.026 0.0000000000
62113  1.599  -29.866  98.365 0.0000000000
63251  3.715  -28.672  93.659 0.0000000000
64318  7.582  -27.377  95.894 0.0000000000
67726  8.762  -24.903  92.293 0.0000000000
62223  5.984  -29.389  88.742 0.0000000000
65592  4.326  -27.296  83.434 0.0000000000
66728  0.689  -26.040  81.547 0.0000000000
172466  1.054  -20.003  84.129 0.0000000000
66509  11.909  -25.922  99.872 0.0000000000
69916  11.159  -22.551  98.280 0.0000000000
62094  15.051  -29.717  99.935 0.0000000000
58755  14.250  -32.203  100.395 0.0000000000
62084  14.073  -29.484  101.934 0.0000000000
64249  12.181  -27.852  103.003 0.0000000000
65438  2.892  -26.003  93.953 0.0000000000
64273  1.865  -27.848  100.016 0.0000000000
64304  3.964  -27.340  97.563 0.0000000000
65386  5.402  -26.689  98.345 0.0000000000
69985  8.813  -22.663  92.879 0.0000000000
68810  9.220  -24.386  93.643 0.0000000000
167943  5.616  -29.023  102.265 0.0000000000
57608  3.709  -32.806  101.561 0.0000000000
61028  3.157  -30.640  100.654 0.0000000000
59892  1.388  -31.797  100.290 0.0000000000
62160  6.791  -29.283  92.942 0.0000000000
62183  5.037  -29.569  91.324 0.0000000000
63280  6.725  -29.053  91.281 0.0000000000
65520  2.305  -26.080  88.714 0.0000000000
66661  4.616  -25.695  87.238 0.0000000000
171600  2.257  -26.183  85.441 0.0000000000
65610  1.600  -26.520  82.377 0.0000000000
66697  1.632  -24.769  84.850 0.0000000000
67619  7.607  -24.769  102.023 0.0000000000
66528  7.291  -24.988  98.686 0.0000000000
69906  9.382  -24.150  98.579 0.0000000000
71117  8.753  -21.921  95.846 0.0000000000
155413  15.275  -35.151  96.950 0.0000000000
56564  14.364  -34.728  94.527 0.0000000000
57647  14.183  -34.053  97.828 0.0000000000
175835  12.216  -32.661  98.151 0.0000000000
168889  9.433  -30.692  101.445 0.0000000000
63140  8.925  -28.115  103.395 0.0000000000
164435  6.895  -26.674  92.868 0.0000000000
171860  6.274  -27.268  90.927 0.0000000000
167902  4.657  -26.738  92.428 0.0000000000
65486  2.547  -26.008  91.436 0.0000000000
66646  0.122  -25.096  90.473 0.0000000000
63200  14.967  -28.230  96.947 0.0000000000
55421  19.899  -35.336  93.357 0.0000000000
56527  20.618  -34.805  96.519 0.0000000000
57627  17.176  -33.148  97.852 0.0000000000
61047  16.536  -30.987  97.870 0.0000000000
61064  1.314  -30.878  96.408 0.0000000000
63236  0.282  -28.928  94.500 0.0000000000
177072  1.638  -28.171  95.949 0.0000000000
167079  5.458  -28.518  95.540 0.0000000000
63229  8.716  -28.271  93.788 0.0000000000
66552  7.952  -25.412  96.604 0.0000000000
65433  9.851  -26.523  93.836 0.0000000000
65467  9.203  -26.539  91.863 0.0000000000
66611  7.099  -25.788  93.911 0.0000000000
173511  1.209  -27.663  91.443 0.0000000000
149243  2.394  -28.279  89.014 0.0000000000
63362  2.455  -28.634  86.210 0.0000000000
64410  6.551  -27.271  89.049 0.0000000000
63359  5.699  -28.077  85.671 0.0000000000
62267  3.107  -29.301  83.683 0.0000000000
62313  1.852  -29.316  81.699 0.0000000000
176511  -0.066  -28.367  80.362 0.0000000000
71181  1.712  -21.741  92.865 0.0000000000
71213  0.982  -21.553  90.266 0.0000000000
74878  2.024  -19.469  89.430 0.0000000000
70053  1.387  -22.952  86.115 0.0000000000
68890  1.168  -23.538  82.869 0.0000000000
66518  12.908  -25.863  99.367 0.0000000000
67657  12.921  -24.088  99.137 0.0000000000
67668  13.329  -24.475  97.648 0.0000000000
63173  14.166  -28.141  99.404 0.0000000000
62095  14.394  -29.529  100.491 0.0000000000
64271  12.998  -28.078  100.030 0.0000000000
65346  12.713  -27.090  100.718 0.0000000000
58947  1.023  -31.769  84.112 0.0000000000
61189  0.160  -30.348  83.982 0.0000000000
65361  3.124  -26.741  100.481 0.0000000000
65387  4.166  -26.392  98.971 0.0000000000
156601  5.062  -25.782  100.136 0.0000000000
55424  15.859  -35.476  93.216 0.0000000000
65339  5.340  -27.815  101.919 0.0000000000
154515  4.505  -29.613  101.248 0.0000000000
63155  4.032  -28.870  100.945 0.0000000000
62091  2.489  -29.601  100.392 0.0000000000
170030  8.257  -29.255  92.142 0.0000000000
62180  6.730  -29.381  91.814 0.0000000000
63279  7.002  -28.682  91.489 0.0000000000
65521  0.970  -26.133  88.216 0.0000000000
65533  2.289  -25.985  86.997 0.0000000000
65550  1.223  -25.726  86.914 0.0000000000
65579  1.828  -25.817  84.935 0.0000000000
66685  1.394  -24.690  86.032 0.0000000000
67625  8.857  -24.023  101.916 0.0000000000
68727  8.124  -23.759  100.518 0.0000000000
68741  9.651  -24.309  99.374 0.0000000000
71105  10.013  -21.593  97.435 0.0000000000
71147  9.082  -21.045  94.293 0.0000000000
57646  15.152  -34.398  98.295 0.0000000000
56518  14.603  -34.622  97.293 0.0000000000
57630  14.622  -33.808  98.691 0.0000000000
58756  13.207  -32.152  100.419 0.0000000000
148558  13.035  -32.861  98.823 0.0000000000
170285  12.024  -32.354  99.551 0.0000000000
59880  11.220  -31.335  101.280 0.0000000000
65343  11.209  -25.935  102.919 0.0000000000
63144  10.568  -28.164  103.446 0.0000000000
66481  9.436  -26.178  103.341 0.0000000000
66482  8.632  -26.051  103.063 0.0000000000
65450  6.482  -26.421  93.743 0.0000000000
64379  5.398  -26.991  92.358 0.0000000000
65452  4.481  -26.291  93.701 0.0000000000
66596  1.285  -25.107  94.084 0.0000000000
65454  2.788  -26.021  93.146 0.0000000000
66626  1.364  -25.291  92.515 0.0000000000
66644  1.169  -25.282  91.073 0.0000000000
66628  1.071  -24.617  92.001 0.0000000000
166942  17.183  -34.580  97.395 0.0000000000
157390  1.364  -30.293  96.914 0.0000000000
62129  1.255  -29.626  96.493 0.0000000000
150630  1.362  -28.870  97.079 0.0000000000
159287  5.940  -27.634  96.601 0.0000000000
64337  5.216  -28.115  96.368 0.0000000000
64336  6.910  -27.935  95.666 0.0000000000
63230  7.632  -28.331  94.314 0.0000000000
64355  8.246  -27.323  94.920 0.0000000000
67658  8.049  -24.190  97.716 0.0000000000
67670  7.526  -24.855  97.848 0.0000000000
66573  8.367  -24.928  96.383 0.0000000000
67725  9.325  -25.132  92.504 0.0000000000
66591  9.697  -25.726  93.928 0.0000000000
66622  9.804  -25.956  92.937 0.0000000000
65466  9.848  -26.632  92.327 0.0000000000
66624  8.635  -25.849  92.290 0.0000000000
65468  7.937  -26.381  92.430 0.0000000000
174646  7.405  -25.369  93.354 0.0000000000
57667  13.230  -33.675  95.507 0.0000000000
56579  13.793  -34.170  94.092 0.0000000000
58762  7.700  -32.320  100.316 0.0000000000
57617  7.257  -33.054  99.936 0.0000000000
57618  6.426  -33.319  100.214 0.0000000000
57614  3.502  -33.253  101.715 0.0000000000
56475  3.795  -33.610  100.857 0.0000000000
61042  1.774  -31.035  99.497 0.0000000000
173223  1.561  -31.507  98.341 0.0000000000
63235  2.161  -28.239  93.916 0.0000000000
172647  0.363  -28.248  92.620 0.0000000000
63267  2.766  -28.534  92.583 0.0000000000
62210  5.014  -29.488  89.658 0.0000000000
63310  4.078  -28.793  89.969 0.0000000000
147475  4.235  -28.957  89.136 0.0000000000
170627  2.605  -28.493  87.949 0.0000000000
63342  4.816  -28.894  87.480 0.0000000000
65494  5.682  -26.881  90.777 0.0000000000
64400  6.479  -27.305  90.142 0.0000000000
161880  5.659  -26.491  88.961 0.0000000000
65560  5.077  -26.562  85.122 0.0000000000
154254  6.112  -26.464  86.724 0.0000000000
64464  5.181  -27.759  84.348 0.0000000000
63387  4.673  -28.620  84.407 0.0000000000
168150  4.407  -28.371  83.187 0.0000000000
154841  3.222  -29.324  82.601 0.0000000000
63404  3.303  -28.760  82.218 0.0000000000
65611  1.526  -26.365  82.312 0.0000000000
64500  0.855  -27.530  81.486 0.0000000000
65640  -0.017  -26.804  80.574 0.0000000000
72406  2.406  -20.862  92.574 0.0000000000
71198  1.339  -21.562  91.639 0.0000000000
73649  2.292  -20.672  91.518 0.0000000000
74925  1.802  -18.763  86.331 0.0000000000
73719  1.163  -19.983  86.511 0.0000000000
71248  1.052  -21.304  87.408 0.0000000000
148355  0.765  -21.233  84.916 0.0000000000
70062  1.162  -22.950  84.433 0.0000000000
153525  0.585  -22.010  83.734 0.0000000000
67623  10.905  -25.008  100.922 0.0000000000
68724  10.837  -24.389  99.860 0.0000000000
68738  12.107  -23.781  99.310 0.0000000000
59899  15.800  -31.636  99.634 0.0000000000
58768  14.669  -32.856  99.982 0.0000000000
166657  14.646  -31.627  100.610 0.0000000000
59877  13.723  -30.883  101.267 0.0000000000
61017  13.501  -30.601  102.044 0.0000000000
61019  11.959  -30.536  102.369 0.0000000000
154907  13.359  -28.940  102.606 0.0000000000
65341  12.475  -26.401  102.351 0.0000000000
66576  4.819  -26.111  95.782 0.0000000000
65437  3.839  -26.158  94.135 0.0000000000
151184  3.277  -25.827  95.864 0.0000000000
154193  0.870  -25.419  95.849 0.0000000000
67694  0.695  -23.908  95.551 0.0000000000
62112  1.775  -29.274  98.914 0.0000000000
64295  1.645  -27.716  98.104 0.0000000000
159825  2.042  -27.210  98.737 0.0000000000
64302  5.352  -27.232  97.839 0.0000000000
168969  6.547  -26.764  97.041 0.0000000000
68802  8.713  -23.623  94.351 0.0000000000
67704  8.771  -24.379  94.653 0.0000000000
68811  9.032  -23.622  93.162 0.0000000000
161385  9.020  -24.452  92.091 0.0000000000
67714  7.856  -25.150  92.601 0.0000000000
59865  6.613  -30.267  101.985 0.0000000000
58751  5.422  -32.074  100.658 0.0000000000
61023  5.362  -30.128  101.554 0.0000000000
59875  3.771  -31.707  101.103 0.0000000000
58752  2.981  -32.223  101.576 0.0000000000
57616  1.722  -32.955  100.965 0.0000000000
61029  2.232  -30.883  100.572 0.0000000000
61041  1.889  -30.225  99.951 0.0000000000
63250  5.427  -29.236  93.771 0.0000000000
63265  4.291  -29.124  92.902 0.0000000000
62172  5.734  -29.778  92.497 0.0000000000
62182  5.771  -29.754  91.108 0.0000000000
62208  7.134  -29.358  89.539 0.0000000000
65505  3.774  -26.184  89.168 0.0000000000
65518  4.589  -26.260  88.880 0.0000000000
169390  3.646  -25.798  88.235 0.0000000000
65547  3.736  -26.038  85.996 0.0000000000
65576  3.688  -26.353  84.460 0.0000000000
64478  3.327  -26.956  83.033 0.0000000000
65578  2.177  -26.088  84.593 0.0000000000
65595  2.092  -25.726  83.972 0.0000000000
156951  1.582  -25.150  82.798 0.0000000000
74966  1.692  -18.946  83.818 0.0000000000
72551  0.916  -20.243  82.534 0.0000000000
72549  1.681  -19.443  81.754 0.0000000000
66497  6.702  -26.063  101.095 0.0000000000
66521  6.531  -25.214  99.934 0.0000000000
67649  7.294  -24.518  100.145 0.0000000000
68758  8.068  -23.891  99.015 0.0000000000
155840  8.613  -23.262  97.081 0.0000000000
69917  10.420  -22.808  98.147 0.0000000000
151932  8.821  -22.468  97.111 0.0000000000
69945  8.345  -22.793  96.297 0.0000000000
71133  8.674  -21.842  94.708 0.0000000000
55373  15.984  -35.430  95.823 0.0000000000
172752  15.437  -35.525  94.496 0.0000000000
56546  15.186  -35.319  96.122 0.0000000000
58783  14.105  -33.324  99.272 0.0000000000
57632  12.813  -33.164  97.806 0.0000000000
58805  12.324  -32.646  96.662 0.0000000000
58747  9.112  -31.745  100.291 0.0000000000
59883  8.446  -31.121  101.155 0.0000000000
61009  10.470  -30.087  102.853 0.0000000000
61010  9.653  -29.914  102.649 0.0000000000
175640  7.749  -29.890  102.617 0.0000000000
174846  7.334  -28.325  103.135 0.0000000000
149590  6.678  -27.510  102.336 0.0000000000
65484  7.220  -26.908  92.085 0.0000000000
156378  6.620  -27.083  91.689 0.0000000000
64378  6.300  -26.992  92.306 0.0000000000
64391  4.867  -26.758  91.558 0.0000000000
166794  3.993  -26.459  91.181 0.0000000000
65453  3.613  -26.201  93.396 0.0000000000
65485  3.347  -26.174  91.742 0.0000000000
152266  3.199  -26.199  90.857 0.0000000000
65497  2.286  -25.934  90.485 0.0000000000
65499  0.579  -25.882  89.976 0.0000000000
65509  -0.264  -25.539  88.750 0.0000000000
64301  14.402  -27.239  98.200 0.0000000000
147914  17.966  -35.236  93.671 0.0000000000
56541  23.135  -34.092  95.078 0.0000000000
56526  21.626  -34.540  96.330 0.0000000000
56562  21.718  -34.776  94.420 0.0000000000
55387  20.248  -35.330  94.942 0.0000000000
55389  18.489  -35.490  95.191 0.0000000000
55390  17.644  -35.462  95.440 0.0000000000
56516  16.485  -34.702  97.671 0.0000000000
57628  16.417  -33.513  98.477 0.0000000000
155329  16.672  -31.736  98.225 0.0000000000
58766  16.231  -32.058  99.047 0.0000000000
61040  15.528  -30.182  99.241 0.0000000000
63181  14.771  -28.822  98.409 0.0000000000
64342  0.864  -28.610  94.941 0.0000000000
64356  2.259  -28.123  94.814 0.0000000000
64323  2.621  -27.666  96.655 0.0000000000
63215  4.109  -28.457  95.509 0.0000000000
176795  4.816  -28.741  94.924 0.0000000000
63249  6.209  -28.996  93.711 0.0000000000
150063  8.080  -28.797  93.475 0.0000000000
63263  9.407  -28.392  92.171 0.0000000000
149764  6.572  -25.534  98.908 0.0000000000
66538  6.688  -26.103  97.450 0.0000000000
65406  7.775  -26.695  96.264 0.0000000000
67703  9.306  -25.050  94.276 0.0000000000
65419  8.939  -26.315  95.091 0.0000000000
65420  8.306  -26.714  95.419 0.0000000000
64353  9.807  -27.472  93.660 0.0000000000
64377  10.009  -27.570  92.474 0.0000000000
65482  9.205  -27.179  91.537 0.0000000000
65449  7.270  -26.277  93.350 0.0000000000
65434  6.571  -26.021  94.496 0.0000000000
67715  7.178  -24.947  93.696 0.0000000000
66592  6.762  -25.331  94.594 0.0000000000
66575  5.772  -25.707  95.690 0.0000000000
56508  6.767  -34.602  98.311 0.0000000000
57619  5.617  -33.502  100.383 0.0000000000
63282  2.924  -28.411  91.630 0.0000000000
63296  1.295  -27.637  90.490 0.0000000000
63378  0.990  -29.351  85.972 0.0000000000
64399  6.603  -27.982  90.710 0.0000000000
64409  7.133  -28.176  89.600 0.0000000000
63323  6.799  -28.387  88.246 0.0000000000
149429  6.140  -26.217  87.569 0.0000000000
64430  6.751  -27.733  87.504 0.0000000000
170701  5.808  -28.795  87.293 0.0000000000
151568  4.524  -28.693  85.875 0.0000000000
63377  3.055  -28.841  85.347 0.0000000000
158101  1.682  -29.448  84.158 0.0000000000
62282  0.885  -29.803  83.180 0.0000000000
152689  2.466  -28.061  81.859 0.0000000000
63414  0.844  -28.573  81.109 0.0000000000
71134  1.166  -22.352  95.134 0.0000000000
162341  1.829  -21.161  95.523 0.0000000000
69987  0.839  -22.769  93.881 0.0000000000
147219  0.697  -22.916  91.802 0.0000000000
149087  0.167  -23.989  90.122 0.0000000000
147537  0.224  -24.430  88.123 0.0000000000
154336  1.549  -20.293  89.901 0.0000000000
150766  0.737  -22.887  87.511 0.0000000000
67760  0.676  -24.417  87.056 0.0000000000
68869  1.426  -24.175  85.320 0.0000000000
149319  1.370  -24.097  83.571 0.0000000000
67789  1.232  -24.410  82.545 0.0000000000
68901  0.419  -22.986  81.160 0.0000000000
65372  13.065  -26.400  99.505 0.0000000000
66527  13.552  -25.394  98.820 0.0000000000
66535  13.747  -25.156  97.781 0.0000000000
64291  14.112  -27.198  99.178 0.0000000000
63163  13.811  -28.338  100.035 0.0000000000
65371  13.433  -27.018  99.624 0.0000000000
164110  12.931  -26.824  99.781 0.0000000000
173597  0.523  -30.739  85.310 0.0000000000
60077  0.432  -30.972  84.680 0.0000000000
60087  0.480  -31.068  83.678 0.0000000000
65349  3.760  -26.770  101.106 0.0000000000
66500  3.760  -26.081  100.572 0.0000000000
66512  4.391  -25.765  100.635 0.0000000000
172225  16.704  -35.359  93.261 0.0000000000
151135  16.366  -35.338  92.528 0.0000000000
55423  16.254  -35.769  94.052 0.0000000000
65345  4.821  -27.387  101.579 0.0000000000
64262  4.499  -28.204  101.554 0.0000000000
64266  4.176  -27.578  101.192 0.0000000000
64263  4.142  -28.339  100.977 0.0000000000
62169  7.899  -29.257  91.882 0.0000000000
65535  0.809  -25.913  87.527 0.0000000000
65534  1.475  -26.025  87.320 0.0000000000
66664  0.723  -25.439  87.345 0.0000000000
65564  1.472  -25.747  86.216 0.0000000000
66675  1.197  -25.153  86.698 0.0000000000
152069  9.570  -24.416  101.844 0.0000000000
68715  9.524  -24.252  101.031 0.0000000000
57629  15.646  -33.890  98.914 0.0000000000
57622  15.120  -33.359  99.380 0.0000000000
166314  12.501  -31.836  100.722 0.0000000000
58757  12.257  -32.204  100.183 0.0000000000
58758  11.348  -32.193  99.931 0.0000000000
59890  10.812  -31.701  100.526 0.0000000000
66496  10.746  -25.045  101.612 0.0000000000
154433  10.245  -25.657  103.008 0.0000000000
67616  10.010  -25.039  102.216 0.0000000000
66488  9.285  -25.417  102.895 0.0000000000
65451  5.188  -26.633  93.254 0.0000000000
159290  0.839  -24.946  93.681 0.0000000000
66613  1.381  -25.243  93.294 0.0000000000
66614  0.955  -24.838  93.011 0.0000000000
66627  1.109  -24.850  92.153 0.0000000000
66615  0.851  -24.549  92.839 0.0000000000
61054  1.672  -30.548  97.858 0.0000000000
62119  1.377  -29.652  97.477 0.0000000000
63184  1.269  -28.962  98.049 0.0000000000
168737  6.779  -27.610  96.331 0.0000000000
63211  7.586  -27.817  95.092 0.0000000000
67683  8.357  -24.086  96.979 0.0000000000
152540  8.428  -24.344  96.208 0.0000000000
66623  9.310  -25.907  92.374 0.0000000000
58749  7.450  -32.085  100.887 0.0000000000
58763  6.952  -32.658  100.535 0.0000000000
58750  6.582  -32.088  100.804 0.0000000000
56476  3.367  -33.676  101.238 0.0000000000
61049  1.805  -30.828  98.763 0.0000000000
63252  2.830  -28.529  93.401 0.0000000000
63253  2.019  -28.433  93.058 0.0000000000
177948  5.591  -29.545  89.198 0.0000000000
63325  5.075  -29.296  88.858 0.0000000000
160990  4.415  -29.060  88.300 0.0000000000
151991  5.384  -29.095  88.118 0.0000000000
65495  4.768  -26.502  90.437 0.0000000000
149306  5.784  -26.660  89.828 0.0000000000
168406  4.986  -26.422  89.565 0.0000000000
65575  4.566  -26.686  84.291 0.0000000000
172571  4.874  -27.329  84.040 0.0000000000
64477  4.750  -27.897  83.622 0.0000000000
150925  4.421  -27.937  83.011 0.0000000000
62297  4.089  -28.544  82.728 0.0000000000
64487  3.917  -27.831  82.669 0.0000000000
178056  0.279  -26.524  81.228 0.0000000000
66745  -0.084  -25.899  80.701 0.0000000000
72405  2.829  -20.451  93.240 0.0000000000
173705  2.622  -20.588  92.503 0.0000000000
73648  2.514  -20.545  91.804 0.0000000000
74958  1.115  -19.309  85.145 0.0000000000
74926  1.455  -19.346  86.622 0.0000000000
174822  0.868  -19.719  85.688 0.0000000000
149478  0.934  -20.424  85.945 0.0000000000
72515  0.773  -20.618  85.216 0.0000000000
71273  0.794  -21.153  83.971 0.0000000000
66510  11.506  -25.360  100.477 0.0000000000
67648  11.581  -24.276  99.783 0.0000000000
67638  11.720  -25.105  99.878 0.0000000000
67669  13.078  -23.869  98.262 0.0000000000
59900  15.632  -30.925  99.676 0.0000000000
174722  15.434  -31.412  99.957 0.0000000000
61031  15.277  -30.435  99.940 0.0000000000
62089  13.968  -29.549  101.085 0.0000000000
61027  14.100  -30.220  100.884 0.0000000000
61016  14.129  -30.115  101.855 0.0000000000
62085  13.697  -29.681  102.281 0.0000000000
63151  13.747  -28.959  102.133 0.0000000000
65360  12.490  -26.556  100.201 0.0000000000
65347  12.425  -26.527  101.123 0.0000000000
148877  11.935  -25.990  100.659 0.0000000000
66495  11.506  -25.444  101.441 0.0000000000
66577  3.956  -25.987  95.856 0.0000000000
66541  1.215  -25.275  97.365 0.0000000000
66542  0.367  -25.168  97.217 0.0000000000
66559  0.351  -25.206  96.291 0.0000000000
67686  0.488  -23.826  96.369 0.0000000000
63174  1.759  -28.631  99.589 0.0000000000
64282  1.703  -27.765  99.033 0.0000000000
64281  2.070  -27.179  99.578 0.0000000000
65373  5.084  -26.227  99.107 0.0000000000
64292  4.911  -27.002  98.422 0.0000000000
65385  5.916  -26.510  97.701 0.0000000000
69973  8.767  -22.739  93.972 0.0000000000
153314  8.469  -24.008  91.714 0.0000000000
67736  7.891  -24.250  91.770 0.0000000000
67727  7.148  -24.279  92.550 0.0000000000
62081  6.125  -29.291  102.373 0.0000000000
59866  5.834  -30.312  101.683 0.0000000000
61015  5.557  -29.295  101.907 0.0000000000
61026  4.118  -30.704  100.773 0.0000000000
61025  4.603  -30.359  101.121 0.0000000000
59876  3.460  -31.711  101.157 0.0000000000
58746  3.385  -32.312  101.753 0.0000000000
59884  2.599  -31.531  100.960 0.0000000000
63159  2.560  -29.007  100.486 0.0000000000
158771  2.144  -30.230  100.307 0.0000000000
62096  2.083  -29.454  100.303 0.0000000000
62104  1.840  -29.476  99.774 0.0000000000
62161  5.883  -29.750  93.104 0.0000000000
62162  5.215  -29.712  93.158 0.0000000000
62171  6.394  -29.621  92.404 0.0000000000
157380  6.063  -29.724  91.807 0.0000000000
62181  6.220  -29.459  91.055 0.0000000000
147333  6.137  -29.678  90.425 0.0000000000
62193  6.856  -29.428  90.212 0.0000000000
66649  3.165  -26.018  88.882 0.0000000000
65519  3.911  -25.942  88.624 0.0000000000
66663  2.976  -25.821  88.130 0.0000000000
65548  2.688  -26.061  86.134 0.0000000000
66674  3.252  -25.784  86.811 0.0000000000
65562  3.208  -26.167  85.306 0.0000000000
65577  2.773  -26.254  84.738 0.0000000000
157138  1.792  -25.397  84.735 0.0000000000
66696  1.987  -25.166  84.114 0.0000000000
66706  2.034  -25.568  83.033 0.0000000000
67783  1.781  -24.738  83.726 0.0000000000
156064  2.080  -18.565  84.992 0.0000000000
74965  2.251  -18.847  83.976 0.0000000000
73786  1.487  -19.289  82.492 0.0000000000
73785  2.228  -19.292  82.504 0.0000000000
67620  7.201  -25.185  101.434 0.0000000000
67628  6.803  -25.313  100.940 0.0000000000
67641  7.281  -24.516  100.988 0.0000000000
68742  8.647  -24.100  99.511 0.0000000000
69907  8.670  -24.087  98.662 0.0000000000
68769  8.651  -23.710  97.667 0.0000000000
69919  9.020  -23.815  98.055 0.0000000000
68756  10.955  -23.307  98.722 0.0000000000
69928  10.523  -21.909  97.992 0.0000000000
69944  9.290  -21.746  96.849 0.0000000000
176439  8.717  -22.185  96.563 0.0000000000
69959  8.344  -22.751  95.115 0.0000000000
56531  15.963  -35.373  96.629 0.0000000000
174222  14.155  -34.490  96.674 0.0000000000
57657  13.866  -34.123  96.929 0.0000000000
58769  13.659  -32.707  99.827 0.0000000000
58784  12.227  -32.506  98.917 0.0000000000
58796  12.216  -32.690  97.322 0.0000000000
58797  11.452  -32.384  97.713 0.0000000000
58798  10.608  -32.302  97.882 0.0000000000
59891  9.934  -31.555  100.347 0.0000000000
59882  9.213  -31.255  100.788 0.0000000000
58748  8.340  -31.941  100.875 0.0000000000
62075  11.918  -29.333  102.842 0.0000000000
61008  11.348  -29.945  102.780 0.0000000000
62076  11.323  -29.194  103.101 0.0000000000
64252  9.775  -27.609  103.598 0.0000000000
62077  10.093  -29.549  103.157 0.0000000000
62078  9.257  -29.432  102.829 0.0000000000
169256  8.911  -29.716  102.320 0.0000000000
63145  8.690  -28.869  102.904 0.0000000000
152652  7.405  -29.659  102.932 0.0000000000
63141  8.019  -28.397  103.211 0.0000000000
66490  7.808  -25.416  102.261 0.0000000000
65337  7.374  -27.124  102.594 0.0000000000
170851  7.607  -26.200  102.007 0.0000000000
66485  6.565  -26.931  101.407 0.0000000000
152172  4.046  -26.483  92.069 0.0000000000
66595  3.191  -26.037  94.697 0.0000000000
65472  2.728  -26.008  92.294 0.0000000000
149345  3.239  -26.112  89.863 0.0000000000
66645  0.561  -25.248  90.609 0.0000000000
65498  1.299  -25.576  90.560 0.0000000000
65508  -0.048  -26.068  89.091 0.0000000000
66650  -0.151  -25.518  89.896 0.0000000000
64317  14.694  -27.423  97.217 0.0000000000
66550  14.349  -26.003  96.671 0.0000000000
65404  14.678  -26.924  96.568 0.0000000000
55437  20.262  -35.279  92.765 0.0000000000
55451  20.201  -35.307  92.046 0.0000000000
55438  19.583  -35.362  92.581 0.0000000000
55422  18.904  -35.362  93.308 0.0000000000
56512  20.245  -34.204  97.011 0.0000000000
56511  21.060  -34.084  96.917 0.0000000000
56543  21.849  -34.736  95.379 0.0000000000
56544  20.974  -35.207  95.810 0.0000000000
162270  21.177  -35.142  94.997 0.0000000000
56545  19.988  -35.353  96.019 0.0000000000
55370  18.391  -35.357  96.206 0.0000000000
55371  17.362  -35.389  96.338 0.0000000000
57645  17.070  -34.029  97.952 0.0000000000
59908  16.236  -30.988  98.920 0.0000000000
61048  15.898  -30.310  98.296 0.0000000000
63189  14.969  -28.831  97.549 0.0000000000
157843  15.054  -29.243  97.994 0.0000000000
63190  14.631  -28.075  97.787 0.0000000000
174164  1.267  -31.275  96.089 0.0000000000
148646  1.027  -30.120  95.969 0.0000000000
63201  1.363  -29.109  96.010 0.0000000000
64325  1.310  -28.636  95.631 0.0000000000
64341  1.537  -28.205  95.307 0.0000000000
64340  2.283  -27.927  95.785 0.0000000000
155076  2.960  -27.416  97.447 0.0000000000
64305  2.006  -27.602  97.334 0.0000000000
64322  3.669  -27.715  96.837 0.0000000000
64338  4.326  -28.208  96.289 0.0000000000
63214  4.784  -28.535  95.778 0.0000000000
177270  5.132  -28.929  94.297 0.0000000000
63232  5.672  -28.770  94.582 0.0000000000
63248  8.733  -28.792  92.733 0.0000000000
66520  7.050  -24.957  99.395 0.0000000000
66537  7.361  -25.553  97.168 0.0000000000
66553  7.757  -26.055  96.545 0.0000000000
65394  7.273  -26.481  96.858 0.0000000000
65418  9.464  -26.252  94.539 0.0000000000
64335  9.210  -26.953  94.628 0.0000000000
65481  9.734  -27.110  91.841 0.0000000000
65483  8.352  -26.984  91.550 0.0000000000
66610  7.729  -25.919  93.116 0.0000000000
55393  14.828  -35.269  94.777 0.0000000000
55410  14.846  -35.249  94.071 0.0000000000
57623  6.753  -33.716  99.507 0.0000000000
57635  7.026  -34.098  98.885 0.0000000000
57607  4.306  -32.191  100.629 0.0000000000
57612  4.936  -32.784  100.555 0.0000000000
59909  1.591  -31.382  97.391 0.0000000000
59915  1.411  -31.793  96.675 0.0000000000
64392  0.712  -27.835  92.047 0.0000000000
63270  -0.394  -28.828  92.475 0.0000000000
64393  -0.068  -28.248  92.002 0.0000000000
63284  0.424  -27.762  91.220 0.0000000000
62174  4.358  -29.115  91.931 0.0000000000
63266  3.610  -28.739  92.268 0.0000000000
62184  4.303  -29.102  91.228 0.0000000000
173831  2.831  -28.282  89.618 0.0000000000
63311  3.175  -28.408  90.089 0.0000000000
149620  2.290  -28.146  89.912 0.0000000000
175553  0.721  -27.739  89.915 0.0000000000
63327  1.212  -28.449  88.742 0.0000000000
157954  3.086  -28.623  86.949 0.0000000000
63344  2.034  -28.459  87.085 0.0000000000
63363  1.435  -28.873  86.406 0.0000000000
64389  6.548  -27.627  91.213 0.0000000000
63309  7.238  -28.835  89.132 0.0000000000
159092  7.074  -28.085  88.776 0.0000000000
66653  4.497  -25.754  88.033 0.0000000000
65517  5.516  -26.043  88.189 0.0000000000
65532  5.440  -25.809  87.377 0.0000000000
64441  5.977  -27.330  85.932 0.0000000000
64440  6.497  -27.471  86.806 0.0000000000
63340  6.399  -28.274  87.210 0.0000000000
63341  5.887  -28.414  86.524 0.0000000000
175125  5.262  -28.695  86.804 0.0000000000
63360  5.226  -28.523  86.108 0.0000000000
62266  3.991  -28.994  83.673 0.0000000000
63376  4.153  -28.730  85.237 0.0000000000
63388  3.641  -28.899  84.487 0.0000000000
63389  2.660  -29.079  84.605 0.0000000000
62281  2.505  -29.569  82.838 0.0000000000
62299  2.543  -29.338  82.158 0.0000000000
62314  1.065  -29.508  81.479 0.0000000000
170344  2.396  -27.048  82.368 0.0000000000
64489  1.584  -27.341  81.878 0.0000000000
64510  0.322  -28.042  80.854 0.0000000000
62329  -0.244  -28.898  79.900 0.0000000000
72367  2.540  -20.463  94.894 0.0000000000
72368  2.093  -21.251  94.610 0.0000000000
71151  1.230  -22.458  94.322 0.0000000000
71167  1.269  -22.332  93.403 0.0000000000
69999  0.805  -22.697  92.873 0.0000000000
71182  1.364  -21.988  92.466 0.0000000000
170968  1.272  -21.317  90.979 0.0000000000
159148  0.593  -22.432  90.558 0.0000000000
68845  0.212  -23.483  89.497 0.0000000000
147756  0.346  -23.069  88.800 0.0000000000
74895  2.536  -19.043  89.133 0.0000000000
74876  3.051  -19.261  90.066 0.0000000000
74877  2.466  -19.582  89.805 0.0000000000
73674  2.043  -20.027  90.043 0.0000000000
73686  1.568  -19.815  89.547 0.0000000000
71264  1.070  -22.097  86.286 0.0000000000
70046  1.020  -22.936  86.832 0.0000000000
68857  0.570  -23.861  87.334 0.0000000000
148519  1.001  -23.819  86.662 0.0000000000
67767  1.211  -24.301  86.461 0.0000000000
68860  1.415  -23.709  85.846 0.0000000000
68880  1.116  -22.983  83.453 0.0000000000
161829  1.327  -23.735  84.396 0.0000000000
71289  0.392  -20.632  81.995 0.0000000000
66519  12.297  -25.594  99.548 0.0000000000
67647  12.291  -24.587  99.578 0.0000000000
67646  13.070  -24.885  99.319 0.0000000000
67656  13.269  -24.665  98.517 0.0000000000
68766  13.188  -23.809  97.205 0.0000000000
62103  14.465  -28.921  99.831 0.0000000000
155251  13.956  -28.892  100.584 0.0000000000
64264  13.480  -28.372  100.726 0.0000000000
63157  13.476  -28.308  101.599 0.0000000000
65359  12.892  -27.364  100.128 0.0000000000
61202  0.083  -30.407  82.976 0.0000000000
64272  2.505  -27.339  100.326 0.0000000000
175216  2.620  -26.786  99.948 0.0000000000
65375  3.347  -26.417  99.735 0.0000000000
65374  4.185  -25.860  99.849 0.0000000000
63149  5.152  -28.665  102.237 0.0000000000
62082  5.158  -28.921  102.126 0.0000000000
168469  4.958  -28.779  101.998 0.0000000000
62083  4.035  -28.978  101.341 0.0000000000
168432  3.772  -29.252  100.747 0.0000000000
62090  3.167  -29.753  100.457 0.0000000000
161563  3.204  -29.170  100.535 0.0000000000
63158  3.369  -28.624  100.681 0.0000000000
62170  7.398  -29.369  92.254 0.0000000000
177391  1.673  -26.168  88.507 0.0000000000
160031  2.051  -26.110  87.929 0.0000000000
65549  1.761  -26.081  86.331 0.0000000000
65563  1.786  -25.953  85.537 0.0000000000
178281  1.568  -25.397  85.586 0.0000000000
67618  8.287  -24.549  102.295 0.0000000000
68717  7.883  -23.796  101.138 0.0000000000
68716  8.515  -23.723  101.193 0.0000000000
68726  9.063  -24.127  100.315 0.0000000000
71116  10.157  -21.094  96.806 0.0000000000
71132  9.282  -21.244  95.184 0.0000000000
72346  9.825  -20.757  94.712 0.0000000000
56517  15.552  -34.829  97.707 0.0000000000
58770  12.745  -32.466  99.617 0.0000000000
59881  10.209  -31.157  101.043 0.0000000000
64250  11.351  -27.610  103.188 0.0000000000
63143  11.333  -28.436  103.195 0.0000000000
64251  10.633  -27.376  103.372 0.0000000000
65333  10.278  -26.594  103.372 0.0000000000
65334  9.420  -26.865  103.580 0.0000000000
65335  8.775  -26.723  103.418 0.0000000000
66489  8.467  -25.262  102.668 0.0000000000
65469  6.017  -26.941  92.972 0.0000000000
65470  4.205  -26.392  92.913 0.0000000000
150608  2.248  -25.306  94.566 0.0000000000
66612  2.137  -25.447  93.700 0.0000000000
66625  2.018  -25.740  92.857 0.0000000000
66637  1.888  -25.830  92.024 0.0000000000
65487  1.713  -25.719  91.226 0.0000000000
66638  1.321  -25.281  91.715 0.0000000000
66639  1.084  -24.939  91.271 0.0000000000
66640  1.000  -24.741  91.078 0.0000000000
56577  20.737  -35.098  93.326 0.0000000000
55369  19.734  -34.884  96.702 0.0000000000
56529  17.853  -34.943  96.975 0.0000000000
56515  17.769  -34.159  97.329 0.0000000000
64307  1.495  -28.429  96.402 0.0000000000
64320  5.309  -27.644  97.177 0.0000000000
64321  4.619  -27.795  97.037 0.0000000000
166060  6.090  -28.045  95.982 0.0000000000
63213  6.296  -28.418  95.282 0.0000000000
63212  7.010  -28.230  95.022 0.0000000000
171895  8.229  -27.871  94.505 0.0000000000
67659  7.809  -24.256  98.476 0.0000000000
66536  7.802  -24.718  97.044 0.0000000000
67713  9.612  -25.111  93.229 0.0000000000
65448  10.085  -26.822  93.017 0.0000000000
56565  13.859  -34.213  95.028 0.0000000000
153220  3.989  -33.051  100.787 0.0000000000
59893  1.147  -31.689  99.833 0.0000000000
64358  0.666  -28.657  94.117 0.0000000000
63254  -0.085  -28.834  93.795 0.0000000000
64369  1.344  -28.426  93.597 0.0000000000
64380  1.150  -28.269  92.809 0.0000000000
63268  1.844  -28.121  92.136 0.0000000000
62195  4.590  -29.322  90.567 0.0000000000
170201  3.401  -28.462  89.411 0.0000000000
174226  1.963  -28.407  88.413 0.0000000000
63326  3.483  -28.603  88.582 0.0000000000
63343  3.758  -28.807  87.661 0.0000000000
66660  5.193  -25.913  86.585 0.0000000000
147021  5.531  -26.530  85.885 0.0000000000
65559  5.646  -26.994  85.232 0.0000000000
64452  5.636  -27.603  85.036 0.0000000000
63374  5.344  -28.201  84.761 0.0000000000
63396  4.497  -28.536  83.683 0.0000000000
62298  3.722  -29.124  82.722 0.0000000000
63412  2.349  -28.954  81.609 0.0000000000
64490  1.086  -26.882  82.083 0.0000000000
65626  0.834  -26.681  81.759 0.0000000000
64501  0.334  -27.177  81.127 0.0000000000
64511  -0.009  -27.626  80.423 0.0000000000
72385  2.476  -20.779  93.841 0.0000000000
72386  2.099  -21.361  93.306 0.0000000000
72407  2.111  -21.172  92.212 0.0000000000
72424  1.959  -20.848  91.359 0.0000000000
72441  1.476  -20.871  90.462 0.0000000000
73695  2.015  -19.257  88.025 0.0000000000
148954  1.442  -19.809  88.139 0.0000000000
168693  0.978  -20.131  88.898 0.0000000000
72481  1.314  -20.731  86.981 0.0000000000
72499  1.217  -21.173  86.582 0.0000000000
71263  1.088  -22.088  85.505 0.0000000000
70052  1.361  -22.945  85.278 0.0000000000
157664  0.847  -22.080  84.641 0.0000000000
147302  0.409  -21.796  82.717 0.0000000000
67640  10.377  -24.688  100.559 0.0000000000
68739  11.331  -23.783  99.325 0.0000000000
68755  11.669  -23.110  98.843 0.0000000000
68754  12.379  -23.473  98.523 0.0000000000
68768  11.915  -22.658  98.107 0.0000000000
58767  15.548  -32.523  99.629 0.0000000000
58754  15.135  -32.000  100.242 0.0000000000
61032  14.866  -30.292  100.454 0.0000000000
59887  14.414  -30.960  100.791 0.0000000000
156420  13.897  -31.550  100.787 0.0000000000
59888  13.103  -31.501  101.036 0.0000000000
59879  12.300  -31.387  101.402 0.0000000000
59868  11.639  -31.102  102.049 0.0000000000
59867  12.655  -30.999  102.144 0.0000000000
174002  13.041  -29.503  102.575 0.0000000000
63153  12.841  -28.341  102.792 0.0000000000
64258  13.167  -27.713  101.909 0.0000000000
64259  12.800  -27.446  102.531 0.0000000000
64260  12.185  -26.952  103.014 0.0000000000
66486  11.910  -25.735  102.379 0.0000000000
66594  5.208  -26.235  95.032 0.0000000000
65436  4.631  -26.220  94.364 0.0000000000
65421  4.163  -26.185  95.001 0.0000000000
173168  3.489  -26.028  95.352 0.0000000000
66540  2.417  -25.278  96.937 0.0000000000
66557  2.610  -25.542  96.113 0.0000000000
154482  1.167  -25.061  94.982 0.0000000000
66597  0.756  -24.792  94.456 0.0000000000
67706  0.636  -23.865  94.707 0.0000000000
63183  1.531  -28.422  98.629 0.0000000000
170163  2.241  -27.380  98.006 0.0000000000
64294  3.098  -27.110  98.284 0.0000000000
171297  3.490  -26.738  98.823 0.0000000000
64293  4.141  -26.950  98.228 0.0000000000
64303  4.828  -27.488  97.820 0.0000000000
65395  5.852  -27.135  97.108 0.0000000000
64319  7.206  -27.164  96.627 0.0000000000
68794  8.400  -23.804  95.516 0.0000000000
68820  8.872  -23.697  91.971 0.0000000000
68819  9.230  -24.459  92.612 0.0000000000
59871  6.863  -30.893  101.466 0.0000000000
58742  6.204  -31.507  101.121 0.0000000000
59872  6.162  -31.056  101.448 0.0000000000
58743  5.013  -31.475  100.846 0.0000000000
58744  3.948  -31.642  100.724 0.0000000000
61024  5.044  -30.059  101.504 0.0000000000
59874  4.351  -30.942  100.882 0.0000000000
58745  3.481  -32.289  101.489 0.0000000000
57609  3.635  -32.883  101.778 0.0000000000
57610  3.335  -32.689  101.825 0.0000000000
57615  2.685  -32.990  101.407 0.0000000000
58753  2.130  -32.233  101.075 0.0000000000
59885  1.847  -31.627  100.624 0.0000000000
169502  2.530  -30.218  100.438 0.0000000000
61033  1.851  -31.139  100.110 0.0000000000
62105  1.823  -30.123  99.244 0.0000000000
157391  4.662  -28.991  93.899 0.0000000000
62173  5.067  -29.551  92.296 0.0000000000
176927  5.564  -29.686  91.809 0.0000000000
62194  5.485  -29.703  90.426 0.0000000000
62209  6.306  -29.675  89.576 0.0000000000
169761  2.876  -25.781  87.484 0.0000000000
66662  3.719  -25.705  87.528 0.0000000000
66673  4.213  -25.801  86.670 0.0000000000
65546  4.725  -26.101  85.873 0.0000000000
65561  4.246  -26.219  85.121 0.0000000000
65593  3.875  -26.646  83.751 0.0000000000
147142  2.981  -26.393  83.914 0.0000000000
65594  2.368  -26.193  83.202 0.0000000000
169641  1.681  -26.124  83.161 0.0000000000
160634  1.416  -25.961  82.163 0.0000000000
155207  1.162  -25.357  82.038 0.0000000000
74941  1.566  -18.797  85.422 0.0000000000
73750  1.150  -19.494  84.355 0.0000000000
72535  1.097  -20.323  83.439 0.0000000000
73787  1.217  -19.742  82.842 0.0000000000
72548  2.829  -19.829  81.859 0.0000000000
61178  0.864  -30.303  85.674 0.0000000000
168219  5.008  -25.865  101.285 0.0000000000
148076  5.018  -25.653  100.954 0.0000000000
66498  5.882  -25.787  100.804 0.0000000000
67629  6.588  -25.089  100.700 0.0000000000
154575  7.578  -24.371  99.276 0.0000000000
68728  7.715  -23.894  100.564 0.0000000000
68743  7.852  -23.901  99.888 0.0000000000
68757  8.378  -23.987  98.274 0.0000000000
68740  10.558  -24.108  99.260 0.0000000000
69905  10.213  -23.806  98.541 0.0000000000
69918  9.693  -23.370  98.005 0.0000000000
69929  9.614  -22.290  97.719 0.0000000000
69930  9.052  -23.086  97.656 0.0000000000
71148  8.811  -21.822  93.691 0.0000000000
153672  16.135  -35.515  95.003 0.0000000000
55392  15.288  -35.409  95.289 0.0000000000
56547  14.474  -34.965  95.476 0.0000000000
156372  14.526  -34.882  96.438 0.0000000000
178323  13.843  -34.332  96.064 0.0000000000
57659  12.653  -33.013  96.004 0.0000000000
57631  13.656  -33.531  98.319 0.0000000000
57648  13.438  -33.559  97.339 0.0000000000
57649  12.767  -33.121  96.910 0.0000000000
156339  9.047  -32.120  99.563 0.0000000000
58740  7.851  -31.672  101.129 0.0000000000
151715  7.694  -30.969  101.347 0.0000000000
59869  10.612  -30.996  101.902 0.0000000000
61021  10.035  -30.314  102.130 0.0000000000
154918  10.614  -29.000  103.325 0.0000000000
61022  9.111  -29.993  101.898 0.0000000000
59870  8.359  -30.512  101.681 0.0000000000
59864  7.507  -30.482  101.944 0.0000000000
61012  7.332  -30.084  102.590 0.0000000000
62080  6.649  -29.289  103.023 0.0000000000
63147  6.708  -28.558  103.042 0.0000000000
64254  7.506  -27.428  103.015 0.0000000000
64255  6.762  -27.726  102.635 0.0000000000
148182  6.263  -28.180  102.668 0.0000000000
65338  6.118  -27.601  101.884 0.0000000000
65344  5.561  -27.200  101.426 0.0000000000
64388  7.348  -27.551  91.492 0.0000000000
64390  5.892  -27.059  91.576 0.0000000000
65471  3.464  -26.196  92.587 0.0000000000
65496  3.846  -26.409  90.407 0.0000000000
65506  2.358  -25.985  89.529 0.0000000000
172419  1.600  -25.849  89.965 0.0000000000
65507  1.327  -26.120  89.168 0.0000000000
168770  0.135  -25.684  88.038 0.0000000000
65383  14.182  -26.452  98.725 0.0000000000
66526  14.106  -25.789  98.348 0.0000000000
65393  14.410  -26.460  97.650 0.0000000000
148179  17.197  -35.320  93.897 0.0000000000
56525  22.438  -34.440  95.973 0.0000000000
55420  20.282  -35.257  93.990 0.0000000000
55406  19.539  -35.406  94.129 0.0000000000
175597  19.667  -35.450  95.417 0.0000000000
55407  18.664  -35.456  94.288 0.0000000000
55408  17.821  -35.406  94.532 0.0000000000
55409  16.982  -35.492  94.752 0.0000000000
55391  16.796  -35.499  95.621 0.0000000000
56530  16.794  -35.247  97.062 0.0000000000
150752  16.019  -35.200  97.274 0.0000000000
56502  16.124  -34.307  98.348 0.0000000000
58795  17.189  -32.367  97.603 0.0000000000
58781  16.585  -32.614  98.416 0.0000000000
62111  15.219  -29.617  98.482 0.0000000000
62102  14.985  -29.300  99.225 0.0000000000
63172  14.492  -28.658  99.105 0.0000000000
63182  14.406  -27.994  98.696 0.0000000000
62140  0.932  -29.537  95.501 0.0000000000
63217  0.817  -29.005  95.165 0.0000000000
64357  1.455  -28.338  94.463 0.0000000000
63234  3.020  -28.277  94.245 0.0000000000
64306  1.416  -27.960  97.223 0.0000000000
64324  1.825  -27.856  96.551 0.0000000000
64339  3.371  -28.035  96.051 0.0000000000
63216  3.175  -28.129  95.159 0.0000000000
63233  3.954  -28.551  94.586 0.0000000000
63231  6.638  -28.562  94.441 0.0000000000
148039  7.170  -28.802  93.601 0.0000000000
62159  7.834  -29.187  92.790 0.0000000000
63264  8.718  -28.966  91.954 0.0000000000
63277  9.048  -28.442  91.822 0.0000000000
66511  5.825  -25.567  100.480 0.0000000000
66522  5.844  -25.776  99.550 0.0000000000
66530  5.817  -26.106  98.584 0.0000000000
150011  6.983  -25.525  98.041 0.0000000000
67692  8.746  -24.927  95.464 0.0000000000
65405  8.430  -25.886  95.875 0.0000000000
66572  9.162  -25.705  94.897 0.0000000000
64354  9.056  -27.703  94.300 0.0000000000
172945  9.388  -27.951  93.758 0.0000000000
64368  9.554  -28.209  93.100 0.0000000000
64386  9.496  -27.778  91.786 0.0000000000
64387  8.676  -27.784  91.589 0.0000000000
66593  6.250  -25.914  95.084 0.0000000000
178317  15.453  -35.529  93.801 0.0000000000
55425  14.946  -35.186  93.188 0.0000000000
56578  14.368  -34.667  93.674 0.0000000000
57611  6.059  -32.759  100.539 0.0000000000
56485  6.106  -34.121  100.044 0.0000000000
63255  -0.376  -29.019  93.252 0.0000000000
63283  1.998  -27.938  91.277 0.0000000000
63294  3.668  -28.696  90.822 0.0000000000
63295  2.609  -28.168  90.697 0.0000000000
63297  0.262  -27.851  90.349 0.0000000000
63298  -0.197  -28.533  90.226 0.0000000000
156802  1.619  -28.601  87.908 0.0000000000
62256  0.896  -29.945  85.303 0.0000000000
62192  7.344  -29.029  90.026 0.0000000000
62222  6.807  -29.227  88.855 0.0000000000
63324  6.231  -28.844  88.088 0.0000000000
65516  6.360  -26.628  88.204 0.0000000000
65531  6.636  -26.909  87.442 0.0000000000
64421  6.828  -27.492  88.138 0.0000000000
156061  4.317  -28.756  86.706 0.0000000000
63361  3.590  -28.733  86.074 0.0000000000
63375  5.174  -28.554  85.237 0.0000000000
63390  1.789  -28.978  85.382 0.0000000000
62255  1.113  -29.631  85.076 0.0000000000
62268  0.497  -29.921  84.273 0.0000000000
62283  0.059  -30.006  83.437 0.0000000000
62301  -0.063  -29.899  82.640 0.0000000000
64488  3.115  -27.702  82.372 0.0000000000
64499  1.651  -28.321  81.426 0.0000000000
63413  1.536  -29.109  81.299 0.0000000000
62327  0.770  -29.245  81.116 0.0000000000
69947  0.617  -22.556  96.119 0.0000000000
68795  0.537  -22.871  95.711 0.0000000000
172678  0.577  -23.412  94.314 0.0000000000
71150  1.510  -21.886  94.883 0.0000000000
69975  0.863  -22.809  94.644 0.0000000000
68813  0.520  -23.451  93.812 0.0000000000
68822  0.581  -23.452  93.155 0.0000000000
67737  0.870  -24.172  91.709 0.0000000000
67743  0.557  -24.307  90.731 0.0000000000
70012  1.053  -22.200  91.892 0.0000000000
68839  0.512  -23.266  90.856 0.0000000000
152581  -0.214  -25.012  89.900 0.0000000000
67749  -0.065  -24.319  89.490 0.0000000000
66651  -0.343  -25.064  88.953 0.0000000000
66654  -0.053  -25.152  88.125 0.0000000000
72440  1.925  -20.517  90.611 0.0000000000
72456  1.104  -20.773  89.629 0.0000000000
72467  0.982  -20.755  88.005 0.0000000000
71238  0.892  -21.448  88.301 0.0000000000
70036  0.785  -22.269  88.639 0.0000000000
68853  0.456  -23.507  88.110 0.0000000000
67754  0.320  -24.658  87.548 0.0000000000
66676  0.974  -24.641  86.837 0.0000000000
68868  1.390  -23.580  85.060 0.0000000000
67776  1.494  -24.293  84.403 0.0000000000
174154  1.543  -24.631  83.201 0.0000000000
67796  0.928  -24.696  81.703 0.0000000000
71280  0.843  -21.017  82.980 0.0000000000
155417  0.851  -23.315  82.015 0.0000000000
165884  0.817  -23.853  81.489 0.0000000000
66744  0.438  -25.207  81.264 0.0000000000
55388  19.177  -35.494  95.739 0.0000000000
56542  22.597  -34.363  95.421 0.0000000000
56563  20.954  -35.063  94.196 0.0000000000
59873  5.089  -30.851  101.244 0.0000000000
59878  13.132  -31.155  101.750 0.0000000000
59886  15.113  -31.109  100.304 0.0000000000
61007  12.276  -29.763  102.593 0.0000000000
61011  8.155  -30.070  102.282 0.0000000000
61013  6.671  -29.847  102.726 0.0000000000
61014  6.102  -29.671  102.000 0.0000000000
61018  12.864  -30.217  102.367 0.0000000000
61020  11.010  -30.615  102.415 0.0000000000
62074  7.317  -28.922  103.095 0.0000000000
62079  8.308  -29.568  102.600 0.0000000000
62086  12.709  -29.050  102.886 0.0000000000
62087  4.943  -29.322  101.681 0.0000000000
62088  3.958  -29.785  100.693 0.0000000000
62279  4.128  -28.993  83.111 0.0000000000
62280  3.546  -29.335  83.014 0.0000000000
63142  12.033  -28.687  102.945 0.0000000000
63146  7.043  -27.987  102.971 0.0000000000
63148  5.973  -28.790  102.702 0.0000000000
63150  4.874  -28.610  101.929 0.0000000000
63152  13.253  -28.288  102.314 0.0000000000
63154  4.482  -28.706  101.586 0.0000000000
63156  13.830  -28.916  101.380 0.0000000000
63164  2.596  -28.254  100.545 0.0000000000
63165  1.984  -28.676  100.339 0.0000000000
63191  1.252  -28.208  97.906 0.0000000000
63269  -0.108  -28.691  92.900 0.0000000000
63281  3.793  -28.766  91.571 0.0000000000
63285  -0.189  -28.308  91.044 0.0000000000
63312  1.333  -28.007  89.561 0.0000000000
63358  6.154  -27.960  86.396 0.0000000000
63386  4.952  -28.216  84.134 0.0000000000
64247  8.347  -27.766  103.406 0.0000000000
64248  7.715  -27.820  103.265 0.0000000000
64253  8.907  -27.365  103.549 0.0000000000
64256  5.999  -27.965  102.398 0.0000000000
64257  5.191  -28.333  102.245 0.0000000000
64261  4.929  -27.882  101.896 0.0000000000
64265  13.013  -27.786  100.857 0.0000000000
64280  13.492  -27.745  99.695 0.0000000000
64381  0.491  -28.522  93.323 0.0000000000
65331  8.215  -27.288  103.334 0.0000000000
65332  11.258  -26.778  103.110 0.0000000000
65336  8.047  -26.780  103.061 0.0000000000
65340  12.930  -27.068  101.709 0.0000000000
65342  11.958  -26.227  102.883 0.0000000000
65348  4.273  -26.905  101.417 0.0000000000
65350  3.449  -27.738  100.767 0.0000000000
65358  13.037  -27.527  99.764 0.0000000000
65376  2.675  -26.863  99.252 0.0000000000
65384  13.687  -25.965  99.188 0.0000000000
65574  5.256  -27.128  84.631 0.0000000000
66483  7.907  -26.240  102.516 0.0000000000
66484  7.194  -26.831  101.985 0.0000000000
66487  11.038  -25.329  102.361 0.0000000000
66491  7.321  -26.013  101.602 0.0000000000
66492  5.717  -26.406  101.157 0.0000000000
66493  4.807  -26.472  101.456 0.0000000000
66494  12.217  -25.839  101.715 0.0000000000
66508  12.498  -26.236  99.583 0.0000000000
66529  6.342  -25.936  98.095 0.0000000000
66534  14.198  -25.710  97.505 0.0000000000
66543  0.121  -24.818  96.530 0.0000000000
66558  1.604  -25.397  96.414 0.0000000000
66560  0.435  -24.765  95.849 0.0000000000
66578  2.764  -25.667  95.320 0.0000000000
66579  1.946  -25.308  95.475 0.0000000000
66580  0.612  -25.004  95.432 0.0000000000
66581  0.704  -24.473  95.055 0.0000000000
66598  0.656  -24.568  93.673 0.0000000000
67617  9.055  -24.645  102.419 0.0000000000
67626  8.068  -23.946  101.820 0.0000000000
67627  7.584  -24.358  101.545 0.0000000000
67639  11.120  -24.785  100.242 0.0000000000
67675  0.213  -24.341  97.275 0.0000000000
67716  0.588  -24.071  93.384 0.0000000000
67728  0.734  -24.122  92.605 0.0000000000
68725  9.961  -24.472  100.055 0.0000000000
68772  0.281  -23.382  97.061 0.0000000000
68785  0.352  -23.020  96.330 0.0000000000
68804  0.673  -23.129  95.001 0.0000000000
68832  0.678  -23.509  92.289 0.0000000000
68849  0.282  -23.995  88.834 0.0000000000
69961  0.792  -22.671  95.387 0.0000000000
70029  0.571  -22.493  89.589 0.0000000000
70042  0.937  -22.135  87.825 0.0000000000
71166  1.604  -21.910  93.891 0.0000000000
71226  0.866  -20.804  88.825 0.0000000000
71227  0.879  -21.549  89.218 0.0000000000
71254  1.066  -21.261  85.837 0.0000000000
72408  1.713  -21.362  91.956 0.0000000000
72425  1.647  -21.019  91.192 0.0000000000
72480  1.240  -20.307  87.637 0.0000000000
72525  0.863  -20.523  84.397 0.0000000000
73664  2.209  -20.382  90.748 0.0000000000
73696  1.599  -19.503  88.891 0.0000000000
73707  1.581  -19.733  87.368 0.0000000000
73730  0.805  -19.951  84.988 0.0000000000
73749  1.409  -19.239  83.874 0.0000000000
73768  1.864  -19.060  83.195 0.0000000000
73769  1.545  -19.353  83.261 0.0000000000
73770  1.257  -19.691  83.609 0.0000000000
74904  2.364  -19.075  88.884 0.0000000000
74916  1.841  -19.099  87.099 0.0000000000
74942  1.149  -19.217  85.926 0.0000000000
74957  1.519  -18.926  84.516 0.0000000000
147706  0.350  -23.154  90.133 0.0000000000
148139  4.460  -27.642  101.438 0.0000000000
148626  0.926  -21.974  86.957 0.0000000000
149893  0.745  -23.637  91.480 0.0000000000
151350  5.578  -28.470  102.418 0.0000000000
152877  3.422  -28.761  92.974 0.0000000000
161741  0.720  -25.389  96.655 0.0000000000
162099  10.760  -29.578  103.096 0.0000000000
165501  0.912  -21.822  91.146 0.0000000000
166502  0.619  -24.406  94.345 0.0000000000
168254  5.353  -28.757  102.409 0.0000000000
168421  7.955  -29.054  102.801 0.0000000000
170072  2.268  -20.110  90.355 0.0000000000
171279  1.203  -24.888  91.611 0.0000000000
171443  1.125  -21.576  86.419 0.0000000000
171554  -0.306  -25.509  89.266 0.0000000000
171873  0.539  -23.230  95.794 0.0000000000
172232  0.584  -23.035  94.212 0.0000000000
172696  1.944  -18.670  84.349 0.0000000000
173172  1.894  -29.022  100.114 0.0000000000
173787  0.682  -22.473  91.263 0.0000000000
174899  4.751  -28.790  101.818 0.0000000000
175149  0.582  -23.012  93.648 0.0000000000
175516  9.730  -28.743  103.386 0.0000000000
176450  0.619  -22.790  88.159 0.0000000000
176510  4.663  -29.009  101.711 0.0000000000
176543  6.506  -27.281  96.725 0.0000000000
177531  6.667  -27.250  101.872 0.0000000000
177771  0.507  -24.341  96.083 0.0000000000
177895  1.472  -27.957  98.395 0.0000000000
