#!ascii label  , from subject sub2 vox2ras=TkReg
1750
53002  7.682  -38.064  96.626 0.0000000000
159454  40.158  -19.994  69.481 0.0000000000
60045  26.453  -31.407  85.762 0.0000000000
176187  35.507  -34.749  90.202 0.0000000000
53194  21.988  -37.116  86.195 0.0000000000
54232  17.151  -37.068  97.705 0.0000000000
79475  50.215  -14.498  66.145 0.0000000000
77188  48.983  -16.691  75.016 0.0000000000
64517  34.994  -26.835  79.495 0.0000000000
79556  56.959  -14.123  61.810 0.0000000000
51910  27.064  -38.869  91.829 0.0000000000
55394  12.089  -35.653  95.940 0.0000000000
77253  50.308  -16.776  69.726 0.0000000000
161073  44.921  -16.869  68.021 0.0000000000
69001  41.411  -23.763  74.205 0.0000000000
70175  46.251  -22.774  73.872 0.0000000000
151883  38.028  -25.233  74.164 0.0000000000
56785  31.975  -34.528  82.493 0.0000000000
55486  30.561  -36.105  88.560 0.0000000000
53059  24.313  -38.125  92.874 0.0000000000
54227  22.032  -36.584  97.240 0.0000000000
53085  19.187  -38.033  92.219 0.0000000000
53133  14.237  -36.884  90.924 0.0000000000
160304  23.562  -33.887  85.783 0.0000000000
80679  56.663  -13.989  68.423 0.0000000000
77224  54.750  -16.461  71.267 0.0000000000
75077  43.760  -17.878  72.148 0.0000000000
66734  37.173  -26.199  80.089 0.0000000000
58952  37.414  -32.412  83.618 0.0000000000
78381  53.896  -15.716  63.788 0.0000000000
78363  60.047  -14.401  64.479 0.0000000000
75195  60.147  -19.298  60.225 0.0000000000
49782  26.569  -40.851  94.882 0.0000000000
54269  9.674  -36.505  95.472 0.0000000000
56493  11.189  -34.428  99.281 0.0000000000
55342  8.771  -35.090  99.221 0.0000000000
77308  45.600  -16.448  66.501 0.0000000000
154029  41.708  -24.904  76.109 0.0000000000
147061  43.881  -23.846  75.937 0.0000000000
52949  3.050  -37.900  100.961 0.0000000000
151799  36.768  -23.861  71.252 0.0000000000
58978  26.328  -32.587  82.402 0.0000000000
56737  28.634  -34.944  84.063 0.0000000000
57792  28.177  -33.975  87.043 0.0000000000
53124  23.008  -38.157  90.098 0.0000000000
54316  22.111  -36.896  92.708 0.0000000000
151278  20.388  -37.382  89.193 0.0000000000
54390  24.310  -36.585  85.325 0.0000000000
51965  25.766  -38.800  88.429 0.0000000000
54230  19.288  -36.944  97.229 0.0000000000
80698  52.840  -13.834  67.033 0.0000000000
78291  55.768  -14.815  69.870 0.0000000000
79441  52.420  -13.931  69.102 0.0000000000
77214  49.512  -16.771  72.175 0.0000000000
78250  52.597  -15.100  73.612 0.0000000000
76230  40.064  -17.487  69.047 0.0000000000
77260  41.539  -16.683  69.329 0.0000000000
75092  41.727  -18.385  70.760 0.0000000000
67821  33.238  -24.274  78.160 0.0000000000
67840  35.090  -24.844  77.859 0.0000000000
67800  35.679  -25.001  80.379 0.0000000000
56701  34.791  -35.432  86.199 0.0000000000
57852  34.696  -33.740  83.409 0.0000000000
56699  37.298  -34.960  86.365 0.0000000000
79522  50.354  -14.930  63.433 0.0000000000
79539  51.640  -14.443  62.660 0.0000000000
79505  51.999  -15.602  64.644 0.0000000000
78350  54.505  -15.768  65.794 0.0000000000
77363  60.616  -16.081  60.404 0.0000000000
78391  60.587  -14.918  62.279 0.0000000000
76272  59.092  -17.691  62.137 0.0000000000
79515  58.827  -14.712  62.996 0.0000000000
57756  25.122  -33.984  89.840 0.0000000000
57754  26.842  -33.732  90.602 0.0000000000
55419  26.446  -35.061  93.489 0.0000000000
54251  14.243  -36.600  96.606 0.0000000000
55338  15.731  -35.814  100.118 0.0000000000
55340  13.422  -34.883  99.423 0.0000000000
79495  48.697  -14.887  65.388 0.0000000000
78318  50.221  -15.212  68.030 0.0000000000
77284  48.009  -16.096  67.154 0.0000000000
76239  47.405  -17.363  69.011 0.0000000000
76215  46.800  -17.262  70.536 0.0000000000
150409  41.089  -21.654  71.127 0.0000000000
153777  43.141  -21.583  72.098 0.0000000000
69016  43.899  -23.284  73.743 0.0000000000
63470  34.269  -28.701  77.795 0.0000000000
57725  38.430  -34.139  90.887 0.0000000000
51843  6.288  -39.643  97.205 0.0000000000
54206  6.520  -36.822  99.726 0.0000000000
52948  4.763  -37.508  100.662 0.0000000000
72730  38.451  -20.862  69.107 0.0000000000
152782  39.174  -22.910  71.467 0.0000000000
67905  39.532  -24.457  74.102 0.0000000000
67857  39.859  -24.956  76.137 0.0000000000
57896  29.582  -33.919  81.154 0.0000000000
55532  31.504  -36.100  85.257 0.0000000000
56639  33.333  -35.040  89.315 0.0000000000
57731  30.224  -33.793  91.569 0.0000000000
57686  32.412  -34.242  93.742 0.0000000000
51860  25.111  -38.089  95.461 0.0000000000
54225  23.895  -36.852  97.921 0.0000000000
148987  23.360  -36.823  95.278 0.0000000000
160384  20.915  -37.399  95.009 0.0000000000
174632  18.138  -38.423  95.583 0.0000000000
51959  17.826  -38.390  89.608 0.0000000000
51915  16.696  -38.960  92.274 0.0000000000
53018  15.179  -38.036  94.781 0.0000000000
54300  12.792  -36.330  93.300 0.0000000000
54320  10.888  -37.163  92.691 0.0000000000
51899  9.134  -38.677  92.870 0.0000000000
61212  25.335  -29.900  82.923 0.0000000000
62295  22.973  -29.488  83.114 0.0000000000
61163  24.086  -30.912  86.067 0.0000000000
54351  25.288  -35.920  88.757 0.0000000000
50823  25.912  -40.254  92.173 0.0000000000
73963  55.731  -19.273  69.628 0.0000000000
79408  53.049  -13.893  72.410 0.0000000000
77290  42.246  -16.842  67.545 0.0000000000
77258  44.396  -16.797  69.968 0.0000000000
77202  46.004  -16.780  73.887 0.0000000000
163456  44.991  -20.153  73.029 0.0000000000
73843  46.690  -19.292  75.730 0.0000000000
67893  35.515  -25.482  74.463 0.0000000000
66818  37.823  -26.283  76.374 0.0000000000
65669  39.784  -27.089  78.896 0.0000000000
60118  35.428  -31.408  80.600 0.0000000000
62304  37.017  -29.858  81.034 0.0000000000
60022  37.827  -32.067  87.606 0.0000000000
61180  38.408  -30.110  84.469 0.0000000000
64482  36.410  -27.012  82.716 0.0000000000
147076  37.655  -25.788  83.092 0.0000000000
65616  39.541  -26.784  81.855 0.0000000000
78394  55.702  -15.047  62.925 0.0000000000
77334  56.657  -16.190  64.577 0.0000000000
79466  58.446  -14.437  66.400 0.0000000000
49770  27.252  -40.196  96.701 0.0000000000
150631  8.455  -37.303  95.955 0.0000000000
55377  8.922  -35.806  96.847 0.0000000000
54238  7.816  -36.470  97.593 0.0000000000
66813  42.252  -25.247  76.952 0.0000000000
147289  42.941  -24.667  76.742 0.0000000000
51823  2.477  -38.181  99.237 0.0000000000
60073  26.171  -31.889  84.024 0.0000000000
57826  27.230  -33.601  85.110 0.0000000000
58908  27.381  -32.817  86.549 0.0000000000
53174  22.565  -38.136  87.503 0.0000000000
159463  21.904  -37.401  89.698 0.0000000000
174178  21.429  -37.399  88.228 0.0000000000
55570  23.189  -35.857  83.539 0.0000000000
53210  23.558  -37.373  85.221 0.0000000000
53173  23.550  -38.645  87.264 0.0000000000
54231  18.057  -37.123  97.737 0.0000000000
166662  17.690  -36.750  98.641 0.0000000000
169301  51.357  -13.878  66.663 0.0000000000
80683  52.581  -13.637  67.580 0.0000000000
176407  51.091  -13.835  67.144 0.0000000000
168015  49.151  -16.670  73.317 0.0000000000
78246  51.295  -15.541  74.974 0.0000000000
75099  39.901  -18.571  69.556 0.0000000000
76218  40.834  -17.706  69.978 0.0000000000
73954  41.210  -18.958  70.395 0.0000000000
65688  34.065  -26.871  77.998 0.0000000000
148614  34.599  -25.885  79.316 0.0000000000
67808  34.605  -24.823  79.187 0.0000000000
65650  34.955  -25.911  80.129 0.0000000000
174726  35.074  -35.026  88.242 0.0000000000
56700  35.634  -35.338  86.263 0.0000000000
56676  36.906  -35.307  87.867 0.0000000000
79493  50.553  -14.719  65.310 0.0000000000
79507  50.771  -14.914  64.379 0.0000000000
79492  51.337  -14.793  65.147 0.0000000000
79491  52.113  -14.965  65.492 0.0000000000
79552  60.936  -14.401  61.646 0.0000000000
79554  58.786  -14.347  61.338 0.0000000000
176023  60.396  -14.698  62.936 0.0000000000
79534  58.446  -14.661  62.107 0.0000000000
55449  25.867  -35.578  91.206 0.0000000000
159251  25.857  -34.125  91.114 0.0000000000
54313  26.373  -36.532  92.842 0.0000000000
152051  12.966  -36.166  96.037 0.0000000000
54217  14.098  -35.785  97.847 0.0000000000
154705  12.541  -35.283  97.407 0.0000000000
56482  10.088  -34.346  100.859 0.0000000000
150680  11.642  -34.012  101.081 0.0000000000
159790  47.260  -15.289  64.803 0.0000000000
78353  48.148  -15.118  65.951 0.0000000000
78336  46.898  -15.909  66.185 0.0000000000
164175  45.114  -16.658  67.179 0.0000000000
77286  46.661  -16.668  67.523 0.0000000000
157344  46.340  -16.902  68.364 0.0000000000
76228  46.729  -17.343  69.561 0.0000000000
77256  46.103  -17.008  69.149 0.0000000000
151731  41.191  -22.875  72.463 0.0000000000
151101  42.052  -22.742  72.626 0.0000000000
69017  43.050  -23.426  73.866 0.0000000000
175182  48.458  -14.932  64.690 0.0000000000
52971  5.399  -38.777  98.839 0.0000000000
51820  4.701  -39.104  99.104 0.0000000000
151426  37.752  -21.504  69.301 0.0000000000
71461  38.729  -22.122  69.948 0.0000000000
71462  37.808  -22.139  69.787 0.0000000000
67920  37.560  -24.679  72.594 0.0000000000
69036  38.226  -24.169  72.253 0.0000000000
67906  38.680  -24.769  73.520 0.0000000000
67890  39.634  -24.677  75.238 0.0000000000
67876  38.936  -25.216  75.295 0.0000000000
57898  27.794  -33.681  81.186 0.0000000000
56722  28.948  -35.797  86.325 0.0000000000
170393  29.771  -35.761  84.648 0.0000000000
55519  30.631  -36.181  86.839 0.0000000000
55498  32.211  -36.451  87.706 0.0000000000
55473  31.931  -35.645  89.551 0.0000000000
57710  27.992  -33.608  92.872 0.0000000000
150397  28.649  -33.807  90.550 0.0000000000
57689  29.192  -33.458  93.874 0.0000000000
56555  32.362  -34.941  94.872 0.0000000000
56572  34.305  -34.744  93.825 0.0000000000
51874  25.076  -38.312  94.362 0.0000000000
53011  24.479  -37.421  95.785 0.0000000000
53035  23.946  -37.140  94.163 0.0000000000
53083  20.617  -37.423  92.683 0.0000000000
153965  21.159  -37.438  94.201 0.0000000000
53063  19.764  -38.043  93.984 0.0000000000
53014  19.416  -37.871  95.648 0.0000000000
51875  19.255  -38.450  94.365 0.0000000000
53178  18.529  -37.801  87.684 0.0000000000
54341  14.491  -36.829  89.925 0.0000000000
53131  15.600  -37.950  90.292 0.0000000000
53086  15.322  -38.017  92.095 0.0000000000
51898  15.740  -38.630  93.523 0.0000000000
53087  14.598  -37.554  92.447 0.0000000000
53041  14.556  -37.609  94.177 0.0000000000
158720  13.303  -36.581  92.085 0.0000000000
53090  9.732  -38.292  92.488 0.0000000000
164139  25.361  -30.757  81.245 0.0000000000
62309  24.448  -28.854  81.738 0.0000000000
57855  23.202  -32.942  83.990 0.0000000000
175765  22.702  -31.592  84.158 0.0000000000
162881  23.431  -30.492  84.586 0.0000000000
58910  23.474  -32.371  86.354 0.0000000000
56663  24.157  -33.952  87.932 0.0000000000
158552  24.759  -35.325  87.651 0.0000000000
50833  24.867  -39.529  91.191 0.0000000000
50841  25.964  -39.623  90.131 0.0000000000
50814  24.958  -38.971  92.596 0.0000000000
51892  25.504  -39.183  93.927 0.0000000000
54226  22.879  -36.847  97.630 0.0000000000
54189  6.029  -36.966  101.161 0.0000000000
54188  6.939  -36.758  100.968 0.0000000000
77268  57.186  -16.589  67.756 0.0000000000
171915  55.432  -15.269  70.337 0.0000000000
76238  55.156  -17.165  68.607 0.0000000000
175519  55.115  -18.055  70.420 0.0000000000
157220  55.214  -18.498  71.432 0.0000000000
78308  49.738  -16.063  68.459 0.0000000000
78306  51.310  -15.206  69.114 0.0000000000
78282  51.292  -15.975  70.220 0.0000000000
77197  53.377  -16.769  73.437 0.0000000000
76216  42.258  -17.140  70.645 0.0000000000
148121  42.376  -16.743  69.838 0.0000000000
77233  43.347  -16.890  71.355 0.0000000000
77231  44.900  -16.470  71.600 0.0000000000
76197  44.303  -17.092  73.059 0.0000000000
71415  44.564  -21.759  72.915 0.0000000000
71430  44.413  -20.783  72.497 0.0000000000
71414  45.330  -21.482  73.374 0.0000000000
67895  33.753  -24.276  75.045 0.0000000000
66773  36.616  -25.901  78.466 0.0000000000
66800  36.428  -25.886  77.678 0.0000000000
149038  37.652  -26.476  77.991 0.0000000000
66772  38.643  -26.777  77.818 0.0000000000
65647  39.021  -27.184  79.615 0.0000000000
162272  31.017  -33.704  80.663 0.0000000000
57893  32.522  -33.487  81.257 0.0000000000
58954  35.888  -32.889  83.268 0.0000000000
58992  35.375  -32.274  81.753 0.0000000000
60092  36.164  -31.826  81.950 0.0000000000
61219  36.680  -30.646  80.779 0.0000000000
60091  37.084  -31.383  82.121 0.0000000000
58842  37.904  -33.063  89.284 0.0000000000
62259  38.400  -29.256  84.872 0.0000000000
63398  37.342  -28.931  83.008 0.0000000000
64454  37.525  -27.379  84.326 0.0000000000
64467  36.750  -26.309  83.251 0.0000000000
65568  37.899  -26.332  84.459 0.0000000000
79520  52.658  -15.120  63.245 0.0000000000
78380  55.118  -15.464  63.312 0.0000000000
78379  55.935  -15.993  63.145 0.0000000000
77336  54.893  -16.258  64.391 0.0000000000
170882  55.032  -14.553  67.114 0.0000000000
78331  56.253  -15.157  66.328 0.0000000000
79454  57.468  -14.307  67.541 0.0000000000
77282  58.756  -15.971  67.309 0.0000000000
75211  59.727  -18.157  59.919 0.0000000000
76264  59.318  -16.697  63.904 0.0000000000
75157  58.595  -18.408  63.946 0.0000000000
76262  58.868  -17.501  65.366 0.0000000000
48663  27.451  -41.262  93.198 0.0000000000
50804  27.902  -39.584  93.939 0.0000000000
48641  28.268  -41.505  94.383 0.0000000000
157002  10.614  -35.853  95.020 0.0000000000
55354  11.660  -34.881  97.556 0.0000000000
55362  10.225  -34.864  97.148 0.0000000000
56506  9.663  -34.671  98.914 0.0000000000
56483  9.118  -34.776  101.134 0.0000000000
77325  44.415  -16.312  65.695 0.0000000000
157955  44.360  -16.665  66.929 0.0000000000
67888  42.053  -24.207  75.084 0.0000000000
68986  42.914  -23.929  75.034 0.0000000000
67873  42.832  -24.165  75.547 0.0000000000
68967  44.056  -23.851  76.618 0.0000000000
50752  3.583  -39.159  98.712 0.0000000000
51835  3.002  -38.527  98.797 0.0000000000
52950  2.223  -38.321  100.759 0.0000000000
152384  36.870  -22.952  70.357 0.0000000000
67940  35.934  -24.820  72.179 0.0000000000
154266  27.614  -33.727  82.018 0.0000000000
56766  27.421  -34.104  83.542 0.0000000000
56723  28.219  -35.199  85.720 0.0000000000
56679  28.805  -35.309  88.083 0.0000000000
51931  23.403  -38.011  91.438 0.0000000000
53081  23.434  -37.571  92.830 0.0000000000
53104  22.412  -37.357  91.322 0.0000000000
53105  21.665  -37.150  91.404 0.0000000000
53128  19.630  -37.427  90.816 0.0000000000
54343  12.632  -36.760  90.468 0.0000000000
54354  12.476  -36.789  89.332 0.0000000000
56767  22.936  -34.090  83.751 0.0000000000
55537  23.809  -35.322  85.629 0.0000000000
55502  24.877  -35.885  86.996 0.0000000000
53172  25.056  -37.736  86.608 0.0000000000
161912  24.062  -39.430  88.822 0.0000000000
54229  20.110  -36.712  97.434 0.0000000000
155464  54.950  -13.117  67.917 0.0000000000
79427  56.540  -14.142  69.450 0.0000000000
81797  54.930  -13.039  68.979 0.0000000000
81770  54.875  -13.267  70.107 0.0000000000
80634  54.291  -13.338  70.952 0.0000000000
77241  50.075  -16.888  70.567 0.0000000000
78271  51.084  -15.868  71.885 0.0000000000
78261  51.235  -15.753  73.074 0.0000000000
168870  52.333  -15.753  74.825 0.0000000000
77275  40.823  -16.849  68.826 0.0000000000
77261  40.696  -16.999  69.211 0.0000000000
76217  41.556  -17.480  70.465 0.0000000000
166022  42.882  -17.899  71.326 0.0000000000
71396  47.332  -21.886  74.671 0.0000000000
68969  33.480  -23.759  77.259 0.0000000000
67859  34.156  -23.976  76.663 0.0000000000
67820  34.415  -24.615  78.462 0.0000000000
67806  35.886  -24.952  79.238 0.0000000000
66735  36.195  -25.336  80.423 0.0000000000
56735  33.555  -34.903  84.324 0.0000000000
57853  33.958  -34.116  83.024 0.0000000000
175858  35.002  -34.615  84.876 0.0000000000
57838  36.009  -33.782  84.392 0.0000000000
57836  37.574  -33.387  84.977 0.0000000000
79523  49.753  -14.775  62.965 0.0000000000
80733  51.073  -13.913  62.330 0.0000000000
174585  51.027  -15.007  63.509 0.0000000000
78383  52.170  -15.672  63.781 0.0000000000
78367  52.584  -16.016  64.347 0.0000000000
77322  54.268  -16.202  65.003 0.0000000000
78352  52.644  -15.919  65.151 0.0000000000
79471  53.246  -14.484  66.528 0.0000000000
78400  61.362  -14.599  61.093 0.0000000000
165897  60.283  -15.991  61.187 0.0000000000
77359  59.690  -16.763  61.576 0.0000000000
75184  59.164  -18.611  61.513 0.0000000000
77351  59.734  -16.410  62.567 0.0000000000
78377  60.173  -14.893  63.647 0.0000000000
79502  60.078  -13.902  64.304 0.0000000000
159124  25.528  -32.058  87.884 0.0000000000
172350  27.080  -32.628  87.372 0.0000000000
166633  26.064  -33.458  90.093 0.0000000000
57712  26.172  -33.910  92.605 0.0000000000
158658  27.071  -34.353  94.286 0.0000000000
54234  15.280  -36.828  97.531 0.0000000000
54202  16.167  -36.240  99.293 0.0000000000
54203  15.183  -35.953  99.054 0.0000000000
147024  14.856  -35.525  99.963 0.0000000000
56503  12.090  -34.688  99.037 0.0000000000
163077  13.069  -34.479  101.296 0.0000000000
79494  49.624  -14.791  65.515 0.0000000000
79459  49.964  -14.747  67.116 0.0000000000
78333  49.114  -15.086  66.992 0.0000000000
78320  48.688  -15.677  67.483 0.0000000000
77270  48.981  -16.690  68.431 0.0000000000
77307  46.403  -16.388  66.690 0.0000000000
77285  47.638  -16.659  67.650 0.0000000000
155159  48.814  -17.170  68.931 0.0000000000
76226  48.271  -17.424  70.248 0.0000000000
76196  48.295  -17.169  72.006 0.0000000000
147001  47.792  -16.986  72.707 0.0000000000
149837  40.619  -21.425  70.272 0.0000000000
159817  42.010  -20.294  70.755 0.0000000000
71444  41.845  -21.149  71.247 0.0000000000
70203  43.270  -22.224  72.556 0.0000000000
69015  44.719  -23.143  73.634 0.0000000000
68999  43.536  -23.716  74.568 0.0000000000
68997  45.626  -24.160  74.575 0.0000000000
68996  46.529  -23.620  74.328 0.0000000000
64539  35.047  -27.719  78.668 0.0000000000
154768  37.489  -34.728  91.509 0.0000000000
79542  48.645  -14.107  62.438 0.0000000000
79508  49.528  -14.986  63.726 0.0000000000
161659  49.192  -14.967  64.636 0.0000000000
162710  58.410  -13.212  60.793 0.0000000000
80728  57.072  -13.562  61.918 0.0000000000
51842  7.052  -38.850  96.941 0.0000000000
150949  6.764  -37.498  98.080 0.0000000000
52970  6.130  -38.039  98.437 0.0000000000
52946  5.877  -37.019  99.922 0.0000000000
52934  5.360  -37.117  101.237 0.0000000000
51811  3.619  -38.056  100.231 0.0000000000
75107  38.766  -19.016  69.060 0.0000000000
73976  38.041  -19.327  68.611 0.0000000000
72729  39.389  -20.442  69.212 0.0000000000
71460  39.689  -21.937  70.208 0.0000000000
151734  39.923  -22.659  71.692 0.0000000000
70205  40.329  -23.005  72.374 0.0000000000
70221  38.427  -23.139  71.128 0.0000000000
150863  38.929  -23.953  72.413 0.0000000000
69019  40.239  -23.886  73.644 0.0000000000
67875  40.452  -24.410  75.149 0.0000000000
67856  40.756  -24.985  76.210 0.0000000000
170566  40.890  -25.942  77.423 0.0000000000
56806  30.755  -34.360  81.989 0.0000000000
56788  28.664  -34.403  82.586 0.0000000000
56763  30.831  -35.183  83.261 0.0000000000
55567  32.250  -35.290  83.755 0.0000000000
163463  33.073  -35.972  86.002 0.0000000000
55497  33.964  -35.807  87.743 0.0000000000
56616  34.866  -34.562  90.212 0.0000000000
57781  27.664  -33.673  88.418 0.0000000000
57766  28.891  -34.283  88.995 0.0000000000
56641  30.342  -35.083  89.861 0.0000000000
176787  30.401  -33.646  94.039 0.0000000000
57707  31.243  -33.837  92.585 0.0000000000
56619  31.611  -34.642  90.793 0.0000000000
56599  33.150  -34.623  91.186 0.0000000000
57750  34.092  -34.235  91.334 0.0000000000
56570  35.735  -34.781  92.775 0.0000000000
159328  25.673  -37.816  97.280 0.0000000000
174766  24.738  -36.960  96.703 0.0000000000
54263  23.931  -36.949  96.224 0.0000000000
156187  22.236  -36.621  96.431 0.0000000000
54298  22.793  -36.926  93.753 0.0000000000
53036  21.724  -37.103  94.874 0.0000000000
54248  21.398  -36.724  96.558 0.0000000000
54250  19.787  -36.907  96.746 0.0000000000
52978  19.161  -37.517  96.489 0.0000000000
52980  17.669  -37.591  96.947 0.0000000000
149614  20.032  -37.507  87.659 0.0000000000
168246  19.491  -37.534  89.301 0.0000000000
51958  18.395  -38.254  90.248 0.0000000000
149559  15.953  -37.863  88.937 0.0000000000
51949  16.841  -38.733  90.657 0.0000000000
51914  18.470  -38.761  92.223 0.0000000000
168850  17.565  -38.962  93.500 0.0000000000
51862  16.840  -38.904  94.976 0.0000000000
52997  16.093  -37.868  96.302 0.0000000000
52998  14.989  -37.714  95.535 0.0000000000
53020  14.006  -36.797  95.228 0.0000000000
54284  12.783  -36.000  94.813 0.0000000000
54332  12.547  -36.651  91.392 0.0000000000
54301  11.843  -36.381  93.119 0.0000000000
54302  11.410  -36.108  93.815 0.0000000000
54304  10.278  -37.138  94.031 0.0000000000
53043  9.675  -37.668  94.370 0.0000000000
51864  8.411  -38.620  95.031 0.0000000000
50795  7.332  -39.655  95.177 0.0000000000
50796  6.533  -39.733  95.411 0.0000000000
58996  25.978  -32.231  81.478 0.0000000000
60099  25.670  -30.772  82.719 0.0000000000
60074  25.804  -30.782  84.403 0.0000000000
156910  24.160  -29.249  82.957 0.0000000000
61197  25.110  -29.949  84.294 0.0000000000
61173  25.271  -30.733  85.711 0.0000000000
58865  24.621  -32.659  88.209 0.0000000000
56643  24.874  -34.342  89.119 0.0000000000
173132  26.436  -37.023  90.735 0.0000000000
53142  26.134  -37.930  88.880 0.0000000000
51944  26.647  -38.523  90.201 0.0000000000
50830  27.165  -40.020  91.960 0.0000000000
49791  26.312  -40.701  93.811 0.0000000000
50794  26.047  -39.754  95.374 0.0000000000
54205  7.434  -36.209  98.881 0.0000000000
55332  8.206  -35.554  100.613 0.0000000000
77269  55.641  -16.073  68.202 0.0000000000
79443  50.959  -14.786  68.300 0.0000000000
79428  52.764  -14.138  69.864 0.0000000000
79395  54.400  -14.105  72.850 0.0000000000
79397  52.941  -14.429  73.248 0.0000000000
79387  53.750  -14.577  73.216 0.0000000000
76204  54.617  -17.164  71.815 0.0000000000
177288  42.645  -16.829  66.896 0.0000000000
156820  44.026  -16.916  68.133 0.0000000000
170151  41.952  -16.695  68.551 0.0000000000
149200  43.620  -16.862  68.952 0.0000000000
77273  44.592  -16.841  68.936 0.0000000000
77244  45.172  -16.767  70.468 0.0000000000
159519  45.811  -16.605  71.962 0.0000000000
77189  47.246  -16.630  74.706 0.0000000000
73936  42.606  -19.776  71.129 0.0000000000
73914  43.704  -19.442  71.920 0.0000000000
164798  43.989  -18.675  72.312 0.0000000000
72635  46.313  -20.861  74.577 0.0000000000
73873  45.708  -19.786  74.092 0.0000000000
162971  45.194  -18.750  73.368 0.0000000000
76161  46.293  -17.655  75.155 0.0000000000
76159  47.283  -16.919  76.124 0.0000000000
67922  35.284  -24.994  72.790 0.0000000000
67892  36.241  -25.506  73.684 0.0000000000
67858  35.207  -25.347  76.117 0.0000000000
66835  36.701  -26.024  75.375 0.0000000000
66834  37.651  -26.004  75.497 0.0000000000
175300  39.077  -26.104  76.756 0.0000000000
66796  40.243  -26.324  77.595 0.0000000000
157045  41.055  -26.400  78.155 0.0000000000
57891  34.153  -33.176  81.898 0.0000000000
62334  35.236  -30.002  79.154 0.0000000000
62346  35.686  -29.276  79.232 0.0000000000
63417  36.173  -28.424  80.187 0.0000000000
57779  37.887  -34.215  88.972 0.0000000000
57809  37.862  -33.596  86.539 0.0000000000
58901  37.956  -32.613  86.048 0.0000000000
60056  38.473  -31.036  85.660 0.0000000000
60079  37.897  -31.451  83.550 0.0000000000
62287  37.511  -29.542  82.461 0.0000000000
63407  36.567  -28.373  81.579 0.0000000000
64505  35.620  -27.046  80.719 0.0000000000
65617  35.930  -25.994  81.402 0.0000000000
66714  36.443  -25.762  81.766 0.0000000000
168590  37.465  -25.973  80.943 0.0000000000
66703  38.356  -25.804  83.631 0.0000000000
65600  38.673  -26.184  82.020 0.0000000000
147508  38.893  -26.855  81.222 0.0000000000
65646  40.177  -27.213  79.953 0.0000000000
80729  56.428  -13.988  62.358 0.0000000000
177208  56.206  -14.639  62.664 0.0000000000
78392  57.093  -15.230  62.767 0.0000000000
79516  57.949  -14.886  63.444 0.0000000000
79504  58.666  -14.462  64.650 0.0000000000
77320  55.968  -16.278  65.085 0.0000000000
79487  58.477  -14.454  65.873 0.0000000000
78346  59.506  -14.772  65.273 0.0000000000
76259  59.162  -16.920  66.290 0.0000000000
51851  26.205  -38.448  97.306 0.0000000000
50781  26.763  -39.121  97.008 0.0000000000
53001  8.076  -37.407  96.338 0.0000000000
54254  8.611  -36.693  96.478 0.0000000000
52984  7.911  -37.032  96.899 0.0000000000
66794  42.400  -25.468  78.075 0.0000000000
67817  43.031  -24.805  77.637 0.0000000000
60060  26.391  -31.385  84.993 0.0000000000
58928  26.829  -32.027  85.396 0.0000000000
58909  27.023  -31.980  86.150 0.0000000000
53193  22.278  -37.764  86.755 0.0000000000
53175  21.787  -37.534  87.630 0.0000000000
147764  21.468  -37.394  86.907 0.0000000000
153732  22.945  -37.750  85.926 0.0000000000
149709  23.230  -38.197  86.603 0.0000000000
159986  50.988  -14.184  66.029 0.0000000000
79474  50.673  -14.005  66.740 0.0000000000
150413  49.068  -16.646  74.051 0.0000000000
77187  49.742  -16.326  74.684 0.0000000000
77176  49.727  -16.200  75.700 0.0000000000
73956  40.078  -19.157  69.805 0.0000000000
75098  40.575  -18.566  69.992 0.0000000000
73955  40.736  -19.522  69.916 0.0000000000
150830  34.601  -26.866  78.577 0.0000000000
65672  34.089  -25.961  78.591 0.0000000000
65649  35.334  -26.797  80.201 0.0000000000
56637  35.672  -34.956  89.552 0.0000000000
147729  35.690  -35.180  87.904 0.0000000000
56615  36.259  -34.967  90.167 0.0000000000
79473  51.712  -14.153  66.044 0.0000000000
79555  57.641  -14.359  61.726 0.0000000000
53102  26.512  -37.001  91.381 0.0000000000
54330  26.034  -36.184  91.980 0.0000000000
53080  26.706  -37.765  92.613 0.0000000000
54267  12.665  -35.960  95.455 0.0000000000
54237  12.714  -35.749  96.668 0.0000000000
78354  47.451  -15.465  65.637 0.0000000000
78355  46.661  -15.698  65.335 0.0000000000
77287  45.764  -16.763  67.798 0.0000000000
77272  45.534  -16.850  68.635 0.0000000000
69018  41.578  -23.303  73.340 0.0000000000
148717  42.207  -23.546  74.084 0.0000000000
50763  4.674  -39.827  98.026 0.0000000000
72732  36.780  -20.794  68.774 0.0000000000
71478  36.928  -21.583  69.072 0.0000000000
176836  37.343  -21.925  69.429 0.0000000000
67907  37.756  -24.978  73.362 0.0000000000
67919  38.229  -24.700  72.845 0.0000000000
67891  38.830  -24.918  74.579 0.0000000000
55501  29.620  -36.015  87.016 0.0000000000
148710  29.876  -36.052  86.311 0.0000000000
55500  30.158  -36.119  87.706 0.0000000000
55499  31.135  -36.282  87.755 0.0000000000
56658  30.948  -35.725  89.384 0.0000000000
57677  27.722  -33.913  94.488 0.0000000000
160402  28.729  -33.360  93.078 0.0000000000
57676  28.622  -33.805  94.647 0.0000000000
53034  24.446  -37.822  93.836 0.0000000000
153891  24.430  -37.652  94.779 0.0000000000
53060  23.868  -37.510  93.475 0.0000000000
53107  19.947  -37.657  92.114 0.0000000000
53062  20.487  -37.652  93.602 0.0000000000
53084  19.711  -37.937  93.012 0.0000000000
51894  19.216  -38.585  93.615 0.0000000000
53132  14.961  -37.360  90.652 0.0000000000
53109  14.763  -37.459  91.531 0.0000000000
53110  14.089  -36.902  91.858 0.0000000000
57828  23.515  -33.733  85.094 0.0000000000
58944  22.719  -31.971  84.643 0.0000000000
58929  23.124  -32.115  85.513 0.0000000000
150432  23.494  -33.054  85.675 0.0000000000
57812  23.632  -33.462  86.531 0.0000000000
56682  23.898  -34.437  87.136 0.0000000000
51911  24.526  -38.857  91.972 0.0000000000
51893  25.015  -38.612  93.408 0.0000000000
168859  5.526  -37.072  101.776 0.0000000000
54182  6.340  -37.046  101.475 0.0000000000
79440  57.836  -14.548  68.316 0.0000000000
149976  58.105  -15.633  68.381 0.0000000000
78304  57.695  -14.801  68.578 0.0000000000
147095  55.299  -15.438  71.116 0.0000000000
77239  54.853  -16.040  70.517 0.0000000000
166096  54.861  -17.313  70.906 0.0000000000
169849  54.850  -17.619  71.562 0.0000000000
78295  50.290  -16.391  69.100 0.0000000000
78294  50.962  -16.128  69.562 0.0000000000
77240  50.822  -16.545  70.363 0.0000000000
76207  42.792  -17.228  71.110 0.0000000000
77234  42.802  -16.870  70.524 0.0000000000
77218  43.624  -16.869  72.044 0.0000000000
76198  43.819  -17.116  72.458 0.0000000000
70188  45.031  -22.379  73.342 0.0000000000
70176  45.780  -22.092  73.634 0.0000000000
66751  37.277  -26.381  78.998 0.0000000000
65671  38.071  -26.739  78.552 0.0000000000
65648  38.061  -26.820  79.399 0.0000000000
56805  32.083  -33.990  81.782 0.0000000000
57894  31.804  -33.680  80.938 0.0000000000
58953  36.606  -32.486  83.106 0.0000000000
167808  36.609  -32.055  82.497 0.0000000000
60080  37.315  -31.884  82.886 0.0000000000
63367  38.551  -28.670  85.493 0.0000000000
63381  37.865  -28.587  84.235 0.0000000000
65583  37.145  -26.300  83.863 0.0000000000
64453  38.324  -27.162  84.953 0.0000000000
78382  52.998  -15.790  63.742 0.0000000000
79519  53.530  -15.110  63.308 0.0000000000
79518  54.432  -14.976  63.331 0.0000000000
77348  54.619  -15.911  63.763 0.0000000000
78365  54.217  -16.126  64.283 0.0000000000
79456  55.442  -13.924  67.644 0.0000000000
79455  56.403  -14.078  67.747 0.0000000000
80678  57.853  -14.322  67.864 0.0000000000
78303  58.377  -14.984  68.266 0.0000000000
75210  60.386  -19.038  59.292 0.0000000000
74054  60.629  -19.977  59.760 0.0000000000
76268  58.745  -17.569  63.656 0.0000000000
76265  58.710  -17.530  64.379 0.0000000000
152357  59.166  -16.596  64.707 0.0000000000
49790  26.961  -41.436  93.952 0.0000000000
48652  27.794  -41.564  93.920 0.0000000000
48642  27.554  -41.536  94.641 0.0000000000
54268  9.995  -35.975  94.970 0.0000000000
55375  10.591  -35.256  96.423 0.0000000000
55376  9.795  -35.526  96.654 0.0000000000
55364  8.540  -35.714  97.717 0.0000000000
55355  9.122  -35.093  98.292 0.0000000000
56495  9.451  -34.722  99.985 0.0000000000
56496  8.717  -35.127  100.322 0.0000000000
77326  43.595  -16.373  65.561 0.0000000000
77310  43.948  -16.583  66.334 0.0000000000
170785  42.524  -24.648  76.077 0.0000000000
52960  1.861  -38.161  99.636 0.0000000000
57873  26.750  -33.213  82.510 0.0000000000
57854  26.864  -33.399  83.271 0.0000000000
158293  27.561  -33.541  85.936 0.0000000000
56724  27.665  -34.341  85.399 0.0000000000
57810  27.937  -34.237  86.265 0.0000000000
56704  28.216  -35.024  86.746 0.0000000000
56680  28.294  -34.762  87.597 0.0000000000
51946  23.480  -38.512  90.724 0.0000000000
53103  22.906  -37.794  91.027 0.0000000000
53145  21.404  -37.383  89.009 0.0000000000
53126  21.631  -37.350  90.535 0.0000000000
53146  21.014  -37.331  89.886 0.0000000000
53127  20.665  -37.313  90.839 0.0000000000
53147  19.990  -37.260  90.029 0.0000000000
54404  23.890  -36.346  84.739 0.0000000000
165266  23.251  -35.115  83.947 0.0000000000
175158  23.931  -35.898  84.619 0.0000000000
56740  23.400  -34.389  84.532 0.0000000000
55520  24.312  -36.039  85.673 0.0000000000
54377  24.789  -36.736  86.112 0.0000000000
53191  24.638  -37.639  86.061 0.0000000000
53143  23.109  -38.863  89.056 0.0000000000
51967  23.772  -39.127  87.990 0.0000000000
172730  19.444  -36.767  98.071 0.0000000000
80697  53.646  -13.957  67.328 0.0000000000
80681  54.082  -13.196  67.851 0.0000000000
80682  53.318  -13.390  67.788 0.0000000000
80662  52.537  -13.510  68.336 0.0000000000
80661  53.203  -12.978  68.208 0.0000000000
80647  53.250  -13.023  69.200 0.0000000000
80633  55.017  -13.653  70.962 0.0000000000
77227  49.776  -16.842  71.440 0.0000000000
77213  50.336  -16.404  72.287 0.0000000000
77262  40.164  -17.126  68.536 0.0000000000
75097  41.146  -18.184  70.367 0.0000000000
76208  42.280  -17.778  70.954 0.0000000000
75091  42.547  -18.712  71.183 0.0000000000
68953  32.646  -23.827  77.332 0.0000000000
68952  33.039  -23.848  77.943 0.0000000000
68937  33.689  -24.027  78.092 0.0000000000
66736  35.323  -25.286  80.374 0.0000000000
67807  35.324  -24.857  79.769 0.0000000000
170606  35.874  -24.949  79.949 0.0000000000
56721  33.965  -35.075  84.985 0.0000000000
56734  34.415  -34.705  84.576 0.0000000000
56720  34.578  -34.992  85.324 0.0000000000
56718  36.436  -35.067  85.748 0.0000000000
174589  36.011  -34.771  85.207 0.0000000000
56717  37.347  -34.487  85.597 0.0000000000
57837  36.933  -33.587  84.621 0.0000000000
56698  37.743  -34.259  86.195 0.0000000000
79506  51.435  -15.268  64.073 0.0000000000
79472  52.441  -14.262  66.267 0.0000000000
78401  61.016  -15.212  61.562 0.0000000000
77358  60.352  -15.712  62.085 0.0000000000
79532  60.029  -14.320  63.323 0.0000000000
79514  59.956  -13.856  63.774 0.0000000000
78362  60.188  -13.929  63.925 0.0000000000
58864  25.169  -32.457  88.397 0.0000000000
58848  25.476  -32.863  88.928 0.0000000000
57770  25.433  -33.362  89.532 0.0000000000
56586  26.083  -34.477  92.594 0.0000000000
57736  26.041  -33.930  91.845 0.0000000000
56585  26.038  -34.014  93.062 0.0000000000
57692  26.569  -33.915  93.348 0.0000000000
56573  26.611  -34.438  93.616 0.0000000000
52983  14.862  -37.146  96.805 0.0000000000
54216  14.859  -36.293  98.136 0.0000000000
55351  13.842  -35.311  98.767 0.0000000000
55339  14.498  -35.544  99.168 0.0000000000
157192  14.038  -35.294  99.755 0.0000000000
55330  14.487  -34.942  100.707 0.0000000000
55331  13.453  -34.730  100.390 0.0000000000
56504  11.421  -34.644  98.390 0.0000000000
177158  49.565  -14.746  66.412 0.0000000000
79476  48.873  -14.872  66.210 0.0000000000
78335  47.680  -15.721  66.437 0.0000000000
78334  48.387  -15.390  66.730 0.0000000000
78309  48.980  -15.944  68.085 0.0000000000
77271  48.414  -16.431  67.841 0.0000000000
77323  46.091  -16.140  65.902 0.0000000000
156670  47.170  -16.959  68.302 0.0000000000
150528  48.121  -17.047  68.439 0.0000000000
77255  48.197  -17.386  69.327 0.0000000000
147011  48.969  -17.303  69.688 0.0000000000
76214  47.610  -17.380  70.643 0.0000000000
76205  47.315  -17.177  71.297 0.0000000000
168328  47.724  -17.172  71.877 0.0000000000
70219  41.680  -22.047  71.894 0.0000000000
70190  43.380  -22.859  73.137 0.0000000000
174219  42.754  -22.628  72.767 0.0000000000
70189  44.249  -22.656  73.213 0.0000000000
68985  43.453  -23.907  75.414 0.0000000000
68984  44.206  -23.902  75.188 0.0000000000
158479  44.873  -23.945  74.645 0.0000000000
67887  46.338  -24.439  74.823 0.0000000000
67886  47.092  -24.197  74.774 0.0000000000
64561  34.389  -27.808  77.914 0.0000000000
63451  34.783  -28.583  78.309 0.0000000000
79524  49.050  -14.764  63.000 0.0000000000
79509  48.692  -14.975  63.873 0.0000000000
81872  57.741  -13.054  61.430 0.0000000000
52986  6.590  -38.519  97.721 0.0000000000
51833  5.819  -39.210  98.114 0.0000000000
52958  5.106  -38.178  99.353 0.0000000000
150945  5.297  -37.441  99.892 0.0000000000
52947  5.621  -37.106  100.540 0.0000000000
51822  3.214  -38.617  99.409 0.0000000000
75106  39.251  -18.448  69.254 0.0000000000
75114  38.518  -18.252  68.788 0.0000000000
73969  38.045  -20.201  68.736 0.0000000000
73968  38.741  -19.901  68.894 0.0000000000
72715  40.050  -21.035  69.605 0.0000000000
71476  39.180  -21.430  69.447 0.0000000000
70235  39.007  -22.607  70.631 0.0000000000
70234  39.628  -22.453  70.996 0.0000000000
177930  37.422  -22.695  70.238 0.0000000000
69055  37.452  -23.342  70.918 0.0000000000
69021  38.735  -24.452  72.755 0.0000000000
69020  39.436  -24.183  73.012 0.0000000000
67889  40.991  -24.166  74.770 0.0000000000
67904  40.240  -24.208  74.531 0.0000000000
176801  40.342  -24.648  75.677 0.0000000000
66814  41.305  -25.506  76.827 0.0000000000
66815  40.244  -25.643  76.833 0.0000000000
57895  30.455  -33.957  81.278 0.0000000000
56807  29.915  -34.276  81.909 0.0000000000
56789  27.874  -34.146  82.682 0.0000000000
56765  28.240  -34.569  83.365 0.0000000000
55550  30.525  -35.927  84.944 0.0000000000
55569  30.457  -35.676  84.020 0.0000000000
157130  31.179  -35.911  84.455 0.0000000000
55568  31.407  -35.601  83.794 0.0000000000
55549  31.959  -35.836  84.416 0.0000000000
55531  32.496  -35.918  85.136 0.0000000000
148231  32.168  -36.142  85.835 0.0000000000
162411  33.061  -36.130  88.157 0.0000000000
148568  33.073  -36.001  87.153 0.0000000000
55483  33.629  -35.606  88.662 0.0000000000
148106  34.085  -34.943  88.970 0.0000000000
148499  34.016  -34.666  89.725 0.0000000000
58846  26.886  -33.151  88.848 0.0000000000
58884  27.208  -33.014  88.041 0.0000000000
57768  27.413  -33.614  89.266 0.0000000000
57732  29.348  -33.794  91.269 0.0000000000
57753  29.113  -33.952  89.763 0.0000000000
170236  29.485  -33.904  90.471 0.0000000000
56642  29.479  -34.711  89.528 0.0000000000
57752  30.151  -33.913  90.796 0.0000000000
169571  32.460  -34.501  94.411 0.0000000000
165504  31.764  -33.999  94.454 0.0000000000
57706  32.108  -34.160  92.748 0.0000000000
151925  31.692  -34.237  91.766 0.0000000000
56600  32.286  -34.582  91.288 0.0000000000
57730  32.630  -34.527  92.009 0.0000000000
153662  34.191  -34.500  93.289 0.0000000000
152095  34.992  -34.318  92.463 0.0000000000
53010  25.183  -37.593  96.533 0.0000000000
53012  23.997  -36.931  95.007 0.0000000000
157039  23.042  -36.731  96.259 0.0000000000
54315  22.767  -37.023  92.847 0.0000000000
172852  22.265  -36.971  93.282 0.0000000000
174816  21.278  -37.180  95.347 0.0000000000
54265  21.655  -36.903  95.735 0.0000000000
52993  20.845  -37.187  95.813 0.0000000000
54249  20.513  -36.828  96.650 0.0000000000
52994  19.967  -37.292  96.087 0.0000000000
53039  18.818  -38.413  95.091 0.0000000000
53015  18.634  -38.005  95.913 0.0000000000
52995  18.388  -37.744  96.540 0.0000000000
163052  17.856  -37.995  96.126 0.0000000000
51968  17.887  -38.090  88.744 0.0000000000
53163  18.569  -37.842  88.388 0.0000000000
53148  18.648  -37.957  89.298 0.0000000000
149167  19.133  -37.652  90.096 0.0000000000
53166  15.688  -37.440  88.213 0.0000000000
174157  15.365  -37.380  88.920 0.0000000000
51950  16.051  -38.588  90.897 0.0000000000
53130  16.282  -38.468  90.249 0.0000000000
51933  16.727  -38.879  91.407 0.0000000000
169547  17.419  -38.807  91.106 0.0000000000
51896  17.582  -38.992  92.737 0.0000000000
51879  15.619  -38.566  94.281 0.0000000000
51878  16.329  -38.827  94.203 0.0000000000
51863  15.961  -38.675  94.974 0.0000000000
53017  16.471  -38.438  95.680 0.0000000000
147170  15.631  -38.121  95.610 0.0000000000
168028  15.223  -37.666  96.232 0.0000000000
172551  13.587  -36.621  93.317 0.0000000000
53042  14.102  -36.966  94.440 0.0000000000
153119  13.549  -36.546  93.911 0.0000000000
54283  13.488  -36.428  94.641 0.0000000000
148395  12.842  -36.136  94.095 0.0000000000
54344  11.845  -37.077  90.653 0.0000000000
54334  10.939  -37.598  91.672 0.0000000000
54319  11.481  -36.791  92.414 0.0000000000
170330  11.322  -36.633  93.188 0.0000000000
54303  10.883  -36.789  93.765 0.0000000000
53068  9.889  -38.087  93.458 0.0000000000
53069  9.132  -38.476  93.788 0.0000000000
53044  8.944  -38.057  94.627 0.0000000000
159763  8.420  -39.038  93.229 0.0000000000
50806  7.338  -39.558  94.262 0.0000000000
50807  6.616  -39.601  94.351 0.0000000000
50785  6.954  -39.717  95.932 0.0000000000
61224  25.385  -30.239  82.075 0.0000000000
60113  25.601  -31.275  81.803 0.0000000000
60084  25.941  -31.297  83.393 0.0000000000
156465  25.538  -30.341  83.567 0.0000000000
62310  23.336  -28.515  82.172 0.0000000000
62293  23.997  -28.714  82.294 0.0000000000
62294  23.383  -28.912  82.772 0.0000000000
61175  23.809  -30.835  85.388 0.0000000000
177154  23.783  -29.914  84.347 0.0000000000
61186  24.261  -30.074  84.811 0.0000000000
61185  25.149  -30.504  85.019 0.0000000000
61162  24.774  -30.867  86.248 0.0000000000
60047  24.821  -31.327  86.941 0.0000000000
60029  24.186  -31.723  87.245 0.0000000000
55487  24.852  -35.158  88.434 0.0000000000
56662  24.508  -34.383  88.408 0.0000000000
55474  25.027  -35.250  89.399 0.0000000000
55464  25.682  -35.720  90.556 0.0000000000
54350  25.661  -36.028  89.642 0.0000000000
53159  25.887  -37.839  88.089 0.0000000000
54368  25.730  -36.944  87.811 0.0000000000
50832  25.810  -39.891  91.360 0.0000000000
50840  26.425  -39.292  90.295 0.0000000000
49811  26.416  -40.263  91.883 0.0000000000
51929  26.873  -38.960  90.953 0.0000000000
49806  26.583  -40.553  92.500 0.0000000000
49796  26.725  -40.986  93.158 0.0000000000
49797  26.123  -40.461  92.965 0.0000000000
51873  25.577  -38.957  94.988 0.0000000000
50782  25.976  -38.632  96.367 0.0000000000
52977  24.629  -36.893  97.942 0.0000000000
54201  17.216  -36.294  99.569 0.0000000000
55337  16.569  -36.006  100.140 0.0000000000
52969  6.693  -36.951  98.823 0.0000000000
54219  7.247  -36.688  98.139 0.0000000000
156242  7.113  -36.299  99.593 0.0000000000
55326  7.764  -36.301  101.136 0.0000000000
55333  7.589  -35.977  100.856 0.0000000000
55325  8.422  -35.630  101.026 0.0000000000
55319  8.925  -36.043  101.312 0.0000000000
78290  56.392  -14.343  69.535 0.0000000000
78305  55.978  -14.967  68.917 0.0000000000
75105  55.141  -18.211  69.430 0.0000000000
79458  50.678  -14.460  67.512 0.0000000000
78292  52.263  -14.918  70.294 0.0000000000
79429  52.011  -14.714  69.489 0.0000000000
79418  52.920  -14.075  71.012 0.0000000000
79407  53.639  -13.535  71.676 0.0000000000
168582  53.831  -13.634  72.585 0.0000000000
78260  51.805  -15.441  72.479 0.0000000000
78259  52.324  -15.106  72.909 0.0000000000
77212  53.630  -15.998  72.693 0.0000000000
77211  54.324  -16.554  72.129 0.0000000000
76203  54.934  -18.463  72.231 0.0000000000
77312  42.023  -16.898  66.625 0.0000000000
77289  43.472  -16.806  67.217 0.0000000000
156819  42.957  -16.829  68.255 0.0000000000
77274  41.248  -16.784  68.656 0.0000000000
77259  43.336  -16.769  69.847 0.0000000000
149199  42.588  -16.733  69.151 0.0000000000
168301  44.037  -16.844  69.418 0.0000000000
77257  45.318  -16.875  69.516 0.0000000000
77216  45.014  -16.509  72.500 0.0000000000
77215  45.752  -16.707  73.022 0.0000000000
147565  46.803  -16.897  73.266 0.0000000000
147852  46.719  -16.731  74.155 0.0000000000
72694  42.566  -20.637  71.328 0.0000000000
72674  43.007  -20.960  71.783 0.0000000000
148670  45.045  -20.953  73.025 0.0000000000
152614  43.895  -20.219  72.100 0.0000000000
73913  44.396  -19.632  72.515 0.0000000000
72610  47.003  -19.861  75.920 0.0000000000
72620  46.610  -20.069  75.106 0.0000000000
73857  46.017  -19.506  74.658 0.0000000000
75040  45.712  -18.900  74.069 0.0000000000
75027  46.101  -18.635  74.846 0.0000000000
161155  46.011  -17.905  74.282 0.0000000000
75026  46.455  -18.543  75.516 0.0000000000
67910  34.581  -24.928  73.501 0.0000000000
67909  35.361  -25.200  73.627 0.0000000000
148555  34.612  -24.702  77.000 0.0000000000
152284  34.623  -24.730  76.136 0.0000000000
162958  35.323  -25.390  76.893 0.0000000000
66799  37.258  -26.289  77.428 0.0000000000
66819  36.710  -26.081  76.854 0.0000000000
160300  36.981  -26.163  76.065 0.0000000000
66833  38.525  -25.847  75.678 0.0000000000
66798  38.419  -26.439  77.056 0.0000000000
66771  39.548  -26.861  77.990 0.0000000000
66770  40.314  -26.824  78.285 0.0000000000
65668  40.765  -26.958  79.008 0.0000000000
57870  33.531  -33.752  82.298 0.0000000000
57869  34.415  -33.503  82.606 0.0000000000
60106  34.981  -31.978  81.096 0.0000000000
59011  34.221  -32.287  80.918 0.0000000000
60119  34.608  -31.671  80.422 0.0000000000
60131  34.268  -31.286  79.716 0.0000000000
61232  35.017  -30.987  80.035 0.0000000000
62333  35.876  -29.959  79.687 0.0000000000
62319  36.625  -29.938  80.216 0.0000000000
62332  36.253  -29.190  79.839 0.0000000000
153515  36.686  -28.962  80.662 0.0000000000
57702  38.272  -34.513  91.425 0.0000000000
56635  37.601  -34.804  89.385 0.0000000000
57765  38.071  -34.367  89.770 0.0000000000
167168  37.828  -32.423  88.404 0.0000000000
58857  37.856  -33.406  88.394 0.0000000000
58879  37.841  -32.751  87.049 0.0000000000
60039  37.937  -31.874  86.791 0.0000000000
61169  38.556  -30.200  85.261 0.0000000000
61159  38.576  -30.213  86.260 0.0000000000
61170  38.313  -31.064  84.619 0.0000000000
61181  38.118  -30.454  83.789 0.0000000000
61191  37.910  -30.705  83.073 0.0000000000
62271  37.828  -29.802  83.137 0.0000000000
64481  36.725  -28.073  83.000 0.0000000000
63399  36.990  -28.843  82.244 0.0000000000
152102  36.471  -27.972  82.330 0.0000000000
165090  36.067  -27.370  81.899 0.0000000000
64494  35.772  -26.759  81.359 0.0000000000
147089  36.089  -26.373  82.011 0.0000000000
65601  37.043  -25.851  83.258 0.0000000000
65602  36.585  -25.996  82.635 0.0000000000
66713  37.023  -25.767  82.494 0.0000000000
66720  37.227  -25.778  81.663 0.0000000000
147052  37.843  -25.788  82.245 0.0000000000
66692  38.549  -25.972  84.431 0.0000000000
66691  39.345  -26.076  84.721 0.0000000000
65599  39.308  -26.327  82.663 0.0000000000
162655  39.213  -27.204  80.468 0.0000000000
65632  39.867  -27.194  81.015 0.0000000000
81858  56.765  -12.989  62.722 0.0000000000
78393  56.435  -15.325  62.833 0.0000000000
77346  56.286  -16.352  63.827 0.0000000000
78378  56.892  -15.904  63.389 0.0000000000
78364  57.375  -15.612  64.191 0.0000000000
77321  55.162  -16.222  65.089 0.0000000000
78349  55.604  -15.868  65.706 0.0000000000
152488  58.027  -14.217  66.748 0.0000000000
79488  57.369  -14.844  66.136 0.0000000000
79465  59.035  -14.351  65.662 0.0000000000
78330  58.906  -15.148  66.113 0.0000000000
77319  59.400  -15.762  65.874 0.0000000000
77305  59.074  -15.980  66.733 0.0000000000
165228  59.001  -16.861  67.147 0.0000000000
78407  61.152  -15.597  60.116 0.0000000000
77366  60.827  -16.180  59.490 0.0000000000
54270  8.927  -36.816  95.716 0.0000000000
54253  9.294  -36.127  96.134 0.0000000000
55356  8.467  -35.485  98.500 0.0000000000
58962  26.160  -32.289  83.175 0.0000000000
58961  26.509  -32.771  83.694 0.0000000000
58943  26.583  -32.430  84.550 0.0000000000
58927  27.147  -32.816  85.685 0.0000000000
57811  27.861  -33.478  86.687 0.0000000000
53160  22.844  -38.341  88.279 0.0000000000
53144  22.377  -37.888  89.346 0.0000000000
173580  22.045  -37.717  88.488 0.0000000000
53161  20.700  -37.385  88.379 0.0000000000
53223  23.599  -36.791  84.785 0.0000000000
53192  23.931  -37.913  85.858 0.0000000000
51985  24.269  -38.293  86.518 0.0000000000
174167  18.761  -36.922  97.675 0.0000000000
54213  18.568  -36.808  98.392 0.0000000000
152764  18.393  -36.638  99.251 0.0000000000
176997  17.830  -36.461  99.426 0.0000000000
80699  52.112  -13.912  66.788 0.0000000000
80684  51.723  -13.799  67.255 0.0000000000
80663  51.953  -13.714  67.848 0.0000000000
166576  49.661  -16.560  72.897 0.0000000000
77198  50.399  -16.115  73.371 0.0000000000
77186  50.468  -15.919  74.357 0.0000000000
77175  50.553  -15.754  75.397 0.0000000000
164404  39.780  -18.010  69.276 0.0000000000
76219  40.300  -17.928  69.522 0.0000000000
66775  33.696  -25.094  78.487 0.0000000000
163752  33.980  -24.632  78.625 0.0000000000
66774  34.233  -25.127  79.086 0.0000000000
66753  34.785  -25.216  79.733 0.0000000000
56677  34.636  -35.762  87.148 0.0000000000
147354  35.345  -35.605  87.080 0.0000000000
153453  36.413  -35.422  86.905 0.0000000000
176447  37.291  -35.074  87.156 0.0000000000
153087  50.035  -14.903  64.528 0.0000000000
79553  60.108  -14.156  61.747 0.0000000000
149524  60.393  -14.468  62.274 0.0000000000
79533  59.739  -14.405  62.517 0.0000000000
79535  57.704  -14.803  62.478 0.0000000000
56602  25.433  -34.529  90.434 0.0000000000
57755  25.711  -33.901  90.293 0.0000000000
56601  25.912  -34.757  91.141 0.0000000000
55436  26.230  -35.141  91.913 0.0000000000
54314  26.209  -35.420  92.857 0.0000000000
177674  13.991  -36.130  97.112 0.0000000000
54236  13.364  -35.727  97.265 0.0000000000
55352  13.212  -35.304  98.028 0.0000000000
55341  12.983  -34.865  98.812 0.0000000000
56494  10.305  -34.412  99.613 0.0000000000
56481  10.992  -34.208  100.284 0.0000000000
79496  47.961  -14.947  65.148 0.0000000000
162998  45.917  -16.605  67.122 0.0000000000
171662  46.729  -17.204  68.839 0.0000000000
77243  45.996  -17.185  70.028 0.0000000000
70220  40.727  -22.375  71.778 0.0000000000
70191  42.502  -23.096  73.300 0.0000000000
68983  44.967  -24.250  75.363 0.0000000000
51844  5.435  -39.803  97.723 0.0000000000
51834  5.081  -39.598  98.533 0.0000000000
52959  4.484  -38.130  99.729 0.0000000000
72731  37.511  -20.802  68.987 0.0000000000
71477  38.394  -21.646  69.477 0.0000000000
150794  38.162  -22.707  70.411 0.0000000000
69037  37.319  -24.064  71.827 0.0000000000
66832  39.240  -25.241  75.904 0.0000000000
57897  28.690  -33.873  81.085 0.0000000000
55535  28.855  -35.583  84.853 0.0000000000
55534  29.616  -35.919  85.493 0.0000000000
55533  30.605  -36.099  85.855 0.0000000000
55518  31.446  -36.254  86.223 0.0000000000
55517  32.277  -36.361  86.635 0.0000000000
152701  31.538  -36.424  87.028 0.0000000000
178041  32.454  -36.246  88.428 0.0000000000
55484  32.748  -35.911  89.042 0.0000000000
57734  27.740  -33.731  91.041 0.0000000000
165829  27.757  -33.706  90.059 0.0000000000
57733  28.483  -33.732  91.394 0.0000000000
156798  28.782  -33.615  92.174 0.0000000000
57709  29.440  -33.470  92.818 0.0000000000
156540  32.597  -35.598  94.831 0.0000000000
166463  33.425  -34.467  93.797 0.0000000000
54281  23.399  -36.912  94.368 0.0000000000
53082  21.527  -36.921  92.284 0.0000000000
53061  21.435  -37.182  93.263 0.0000000000
53037  20.343  -37.711  94.493 0.0000000000
53013  20.183  -37.608  95.320 0.0000000000
53038  19.623  -38.036  94.826 0.0000000000
53164  17.161  -37.954  88.221 0.0000000000
53152  15.031  -36.989  89.364 0.0000000000
53151  15.466  -37.655  89.503 0.0000000000
176456  15.129  -37.276  89.962 0.0000000000
53108  15.437  -37.992  91.203 0.0000000000
51934  15.924  -38.662  91.731 0.0000000000
51916  15.860  -38.645  92.643 0.0000000000
53064  15.126  -38.169  92.971 0.0000000000
53040  15.058  -38.180  93.841 0.0000000000
53065  14.523  -37.655  93.331 0.0000000000
53088  13.981  -36.892  92.810 0.0000000000
54317  13.221  -36.527  92.783 0.0000000000
53089  10.259  -38.017  92.008 0.0000000000
53067  10.428  -37.543  93.075 0.0000000000
61225  24.980  -29.814  81.245 0.0000000000
62292  24.794  -29.399  82.365 0.0000000000
60085  22.685  -31.124  83.822 0.0000000000
61199  22.747  -30.242  83.508 0.0000000000
62264  23.303  -29.867  83.901 0.0000000000
61187  22.929  -30.479  84.118 0.0000000000
60075  23.058  -31.351  85.165 0.0000000000
60062  23.565  -31.527  86.041 0.0000000000
58888  23.669  -31.870  86.974 0.0000000000
172863  23.646  -32.567  87.066 0.0000000000
56681  24.292  -34.780  87.836 0.0000000000
166220  25.316  -39.595  89.842 0.0000000000
50842  25.407  -39.639  90.568 0.0000000000
50824  25.250  -39.658  91.962 0.0000000000
50813  25.504  -39.682  92.889 0.0000000000
172902  25.855  -40.019  93.581 0.0000000000
54195  6.370  -36.868  100.453 0.0000000000
54194  7.030  -36.430  100.381 0.0000000000
54181  7.138  -37.064  101.399 0.0000000000
77252  55.141  -15.769  69.192 0.0000000000
76225  54.809  -17.059  69.844 0.0000000000
166594  55.423  -18.933  70.547 0.0000000000
78307  50.607  -15.695  68.756 0.0000000000
78293  51.656  -15.521  69.838 0.0000000000
78280  52.416  -14.959  71.286 0.0000000000
175301  52.861  -16.468  73.864 0.0000000000
78243  53.033  -15.733  73.320 0.0000000000
77291  41.319  -17.024  67.227 0.0000000000
77246  41.928  -16.862  70.121 0.0000000000
77245  43.672  -16.783  70.771 0.0000000000
168910  44.447  -16.683  70.876 0.0000000000
77232  43.987  -16.701  71.583 0.0000000000
77217  44.246  -16.741  72.435 0.0000000000
77204  44.788  -16.827  73.158 0.0000000000
71431  43.859  -21.634  72.421 0.0000000000
72673  43.636  -20.930  72.030 0.0000000000
73842  47.105  -19.340  76.376 0.0000000000
155021  33.989  -24.667  74.132 0.0000000000
67894  34.660  -24.831  74.542 0.0000000000
67818  35.871  -25.115  78.330 0.0000000000
67839  35.879  -25.599  77.323 0.0000000000
65670  38.837  -27.022  78.678 0.0000000000
57851  35.529  -33.430  83.699 0.0000000000
58974  34.912  -32.881  82.209 0.0000000000
58973  35.788  -32.495  82.551 0.0000000000
60105  35.758  -31.661  81.266 0.0000000000
60117  36.092  -31.150  80.821 0.0000000000
60104  36.548  -31.250  81.370 0.0000000000
61206  37.122  -30.607  81.542 0.0000000000
58837  38.406  -33.415  90.199 0.0000000000
58831  38.745  -33.069  90.762 0.0000000000
59994  38.296  -32.364  89.787 0.0000000000
60007  37.974  -31.958  89.043 0.0000000000
62260  38.099  -29.538  83.999 0.0000000000
63392  37.245  -28.235  83.670 0.0000000000
64466  36.820  -27.175  83.559 0.0000000000
66693  37.668  -25.877  83.848 0.0000000000
79538  52.369  -14.425  62.803 0.0000000000
77347  55.407  -16.254  63.730 0.0000000000
77335  55.736  -16.404  64.444 0.0000000000
78332  55.228  -15.159  66.441 0.0000000000
79469  55.870  -14.592  67.090 0.0000000000
79468  56.951  -14.447  66.995 0.0000000000
80677  58.354  -14.389  67.207 0.0000000000
78316  58.753  -15.177  66.927 0.0000000000
78317  58.632  -15.111  67.588 0.0000000000
76286  60.213  -17.067  59.562 0.0000000000
76287  60.352  -18.030  58.906 0.0000000000
76267  59.160  -17.064  63.109 0.0000000000
75169  58.753  -18.203  63.082 0.0000000000
75156  59.015  -19.353  63.416 0.0000000000
51909  27.387  -39.676  92.325 0.0000000000
53079  27.072  -38.748  92.703 0.0000000000
50812  28.002  -40.243  93.104 0.0000000000
49789  28.494  -41.033  94.171 0.0000000000
49781  27.489  -40.931  95.725 0.0000000000
55395  11.336  -35.628  95.436 0.0000000000
165983  11.858  -35.257  96.784 0.0000000000
55374  11.260  -35.309  96.211 0.0000000000
56519  10.765  -34.687  97.750 0.0000000000
56505  10.507  -34.523  98.625 0.0000000000
55363  9.415  -35.219  97.444 0.0000000000
56520  9.919  -34.724  97.987 0.0000000000
56473  9.665  -34.681  101.926 0.0000000000
77324  45.249  -16.271  65.733 0.0000000000
77309  44.790  -16.502  66.396 0.0000000000
77288  44.394  -16.785  67.502 0.0000000000
67855  43.343  -24.049  76.184 0.0000000000
68966  44.441  -23.978  76.107 0.0000000000
51812  2.601  -38.398  100.050 0.0000000000
69038  36.450  -24.355  71.711 0.0000000000
67921  36.736  -24.689  72.380 0.0000000000
67908  36.937  -25.038  73.137 0.0000000000
57872  27.252  -33.696  82.674 0.0000000000
156447  27.882  -34.624  84.067 0.0000000000
57840  26.971  -33.397  84.220 0.0000000000
56739  27.446  -34.246  84.526 0.0000000000
56738  28.070  -34.869  84.786 0.0000000000
56703  28.779  -35.565  87.271 0.0000000000
56678  29.593  -35.764  88.386 0.0000000000
51912  23.808  -37.992  92.053 0.0000000000
154509  23.007  -37.330  91.925 0.0000000000
54331  22.326  -36.907  92.057 0.0000000000
53125  22.354  -37.614  90.439 0.0000000000
175344  22.036  -37.361  90.931 0.0000000000
53106  20.728  -37.213  91.787 0.0000000000
163232  20.044  -37.408  91.432 0.0000000000
151933  19.364  -37.686  91.532 0.0000000000
54342  13.545  -36.624  90.217 0.0000000000
159105  13.411  -36.663  91.187 0.0000000000
56725  23.603  -34.530  85.347 0.0000000000
55521  24.061  -35.484  86.493 0.0000000000
54369  25.282  -36.860  87.078 0.0000000000
51975  25.505  -38.526  87.720 0.0000000000
51976  24.787  -38.630  87.198 0.0000000000
51966  24.868  -39.146  88.048 0.0000000000
50857  25.013  -39.421  88.706 0.0000000000
51945  24.387  -39.360  90.407 0.0000000000
51930  24.077  -38.656  91.280 0.0000000000
80680  55.736  -13.493  68.257 0.0000000000
80659  56.439  -13.684  69.205 0.0000000000
80660  55.868  -13.411  68.910 0.0000000000
81795  55.750  -13.000  69.699 0.0000000000
81782  55.687  -12.596  69.704 0.0000000000
81783  55.589  -13.017  69.492 0.0000000000
79416  55.613  -14.106  70.450 0.0000000000
78279  55.596  -14.686  70.720 0.0000000000
79405  55.293  -14.409  71.280 0.0000000000
78267  55.366  -14.955  71.407 0.0000000000
77226  50.621  -16.597  71.239 0.0000000000
166661  51.990  -15.375  73.320 0.0000000000
78251  51.094  -15.743  74.012 0.0000000000
78245  51.929  -15.491  74.214 0.0000000000
78244  52.360  -15.851  73.843 0.0000000000
77247  41.148  -17.065  69.806 0.0000000000
76229  40.586  -17.380  69.503 0.0000000000
68995  47.419  -23.286  74.520 0.0000000000
148893  47.008  -22.610  74.248 0.0000000000
147035  32.722  -23.643  76.498 0.0000000000
67860  33.584  -23.813  76.133 0.0000000000
68968  34.053  -23.909  77.484 0.0000000000
67819  35.245  -24.760  78.883 0.0000000000
66752  36.468  -25.673  79.534 0.0000000000
56761  32.628  -34.726  83.125 0.0000000000
56783  33.299  -34.349  82.810 0.0000000000
56760  33.453  -34.634  83.463 0.0000000000
56759  34.209  -34.400  83.810 0.0000000000
57839  35.030  -34.053  84.284 0.0000000000
167836  35.398  -34.946  85.485 0.0000000000
56719  35.623  -34.396  84.828 0.0000000000
57850  36.524  -33.058  83.883 0.0000000000
58936  37.488  -32.942  84.396 0.0000000000
79540  50.298  -14.428  62.622 0.0000000000
158484  51.005  -14.718  62.853 0.0000000000
79521  51.745  -15.004  63.233 0.0000000000
78366  53.407  -16.157  64.571 0.0000000000
78351  53.501  -15.944  65.471 0.0000000000
79490  52.868  -15.295  65.828 0.0000000000
79489  53.679  -15.214  66.051 0.0000000000
79470  54.244  -14.775  66.696 0.0000000000
80696  54.529  -14.005  67.525 0.0000000000
170921  61.247  -15.355  60.850 0.0000000000
77364  59.852  -16.950  60.569 0.0000000000
76281  59.323  -17.816  61.018 0.0000000000
75196  59.548  -18.838  60.810 0.0000000000
77344  60.383  -15.417  62.916 0.0000000000
77345  59.939  -16.039  63.455 0.0000000000
154137  59.805  -15.635  64.181 0.0000000000
60027  26.379  -31.695  86.528 0.0000000000
160063  27.004  -32.115  86.763 0.0000000000
58863  26.190  -32.679  88.260 0.0000000000
58847  26.091  -33.038  89.281 0.0000000000
57769  26.782  -33.432  89.678 0.0000000000
154764  26.040  -33.752  90.996 0.0000000000
57711  27.042  -33.775  92.713 0.0000000000
57691  27.368  -33.774  93.624 0.0000000000
53057  26.966  -38.044  93.614 0.0000000000
53058  26.610  -37.025  93.559 0.0000000000
53033  26.719  -36.550  94.321 0.0000000000
153493  27.477  -37.095  95.178 0.0000000000
54280  26.848  -35.749  94.533 0.0000000000
53195  21.037  -37.142  86.234 0.0000000000
54233  16.189  -36.970  97.646 0.0000000000
54214  16.682  -36.622  98.512 0.0000000000
54215  15.703  -36.496  98.341 0.0000000000
173545  14.507  -35.754  98.567 0.0000000000
55329  15.444  -35.102  100.960 0.0000000000
55353  12.335  -34.925  98.191 0.0000000000
56492  12.755  -34.610  99.667 0.0000000000
148584  11.861  -34.429  99.973 0.0000000000
56480  12.518  -34.361  100.696 0.0000000000
78319  49.447  -15.437  67.726 0.0000000000
77254  49.610  -16.932  69.096 0.0000000000
77306  47.233  -16.286  66.922 0.0000000000
162996  49.639  -17.088  69.943 0.0000000000
77242  49.140  -17.248  70.699 0.0000000000
77228  48.947  -17.064  71.688 0.0000000000
76227  47.493  -17.449  69.886 0.0000000000
76213  48.193  -17.328  71.222 0.0000000000
149026  48.824  -16.867  72.588 0.0000000000
77200  48.445  -16.803  73.428 0.0000000000
147572  48.237  -16.736  74.352 0.0000000000
72714  40.790  -20.494  69.873 0.0000000000
71459  41.348  -20.850  70.503 0.0000000000
71432  42.473  -21.448  71.735 0.0000000000
70204  42.562  -22.142  72.254 0.0000000000
71416  43.864  -22.246  72.846 0.0000000000
69014  45.491  -22.962  73.655 0.0000000000
69000  42.746  -23.770  74.526 0.0000000000
68998  44.400  -23.630  74.272 0.0000000000
166939  45.172  -23.618  74.052 0.0000000000
175643  45.842  -23.496  73.984 0.0000000000
169770  35.538  -27.753  79.288 0.0000000000
57726  36.332  -34.721  91.775 0.0000000000
57747  36.626  -34.944  90.974 0.0000000000
56583  38.158  -34.734  91.981 0.0000000000
79541  49.508  -14.190  62.501 0.0000000000
80740  58.067  -13.813  61.224 0.0000000000
80741  57.418  -13.825  61.569 0.0000000000
51852  7.541  -39.232  96.125 0.0000000000
52985  7.288  -37.580  97.433 0.0000000000
163033  5.840  -37.511  99.245 0.0000000000
51821  3.990  -38.970  99.347 0.0000000000
52935  4.761  -37.350  101.580 0.0000000000
52927  4.740  -37.444  102.092 0.0000000000
76231  39.208  -17.771  69.071 0.0000000000
73967  39.469  -19.334  69.345 0.0000000000
71445  40.268  -22.063  71.053 0.0000000000
69034  40.715  -23.390  73.052 0.0000000000
150241  38.035  -23.660  71.579 0.0000000000
69054  38.707  -23.515  71.858 0.0000000000
69035  39.498  -23.360  72.256 0.0000000000
150242  40.050  -23.554  72.868 0.0000000000
150864  40.934  -23.630  73.683 0.0000000000
69002  40.745  -23.881  74.185 0.0000000000
67874  41.086  -24.599  75.473 0.0000000000
66795  41.615  -25.767  77.617 0.0000000000
173615  31.279  -34.021  81.438 0.0000000000
173812  31.452  -34.326  82.058 0.0000000000
56809  28.273  -34.018  81.913 0.0000000000
56808  29.074  -34.181  81.855 0.0000000000
55551  29.486  -35.372  84.008 0.0000000000
159673  30.048  -35.140  83.445 0.0000000000
56786  30.207  -34.661  82.720 0.0000000000
160148  31.156  -34.691  82.608 0.0000000000
56762  31.699  -34.978  83.182 0.0000000000
55548  32.771  -35.408  84.388 0.0000000000
55530  33.337  -35.552  85.061 0.0000000000
56702  33.991  -35.536  85.670 0.0000000000
55516  33.958  -35.830  86.653 0.0000000000
164357  34.798  -35.228  87.872 0.0000000000
56638  34.750  -34.855  89.324 0.0000000000
57793  27.795  -33.302  87.337 0.0000000000
170631  28.097  -34.064  87.858 0.0000000000
57767  28.230  -33.981  89.274 0.0000000000
57780  28.298  -34.169  88.541 0.0000000000
56661  28.549  -34.501  88.356 0.0000000000
56660  29.066  -35.073  88.829 0.0000000000
56659  29.929  -35.508  89.173 0.0000000000
172283  29.879  -33.577  94.270 0.0000000000
57708  30.317  -33.689  92.491 0.0000000000
155279  30.763  -33.708  93.344 0.0000000000
57751  30.943  -33.988  91.130 0.0000000000
56620  30.708  -34.570  90.471 0.0000000000
148225  32.128  -34.987  90.123 0.0000000000
151202  33.060  -34.714  90.111 0.0000000000
174050  33.848  -34.419  93.091 0.0000000000
57729  33.647  -34.463  92.176 0.0000000000
56617  34.027  -34.396  90.583 0.0000000000
57749  34.746  -34.188  91.032 0.0000000000
57727  35.401  -34.494  91.592 0.0000000000
51838  26.067  -38.122  97.923 0.0000000000
52992  25.126  -36.970  97.402 0.0000000000
54246  24.385  -36.893  97.338 0.0000000000
54247  23.488  -36.779  97.154 0.0000000000
172372  22.725  -36.589  97.015 0.0000000000
54297  23.339  -37.183  93.599 0.0000000000
54282  22.679  -36.844  94.580 0.0000000000
54299  22.002  -37.128  93.994 0.0000000000
54264  22.470  -36.760  95.489 0.0000000000
54228  21.073  -36.720  97.353 0.0000000000
52979  18.556  -37.362  97.115 0.0000000000
147917  21.051  -37.361  87.640 0.0000000000
53162  19.809  -37.520  88.525 0.0000000000
161528  19.124  -37.679  88.687 0.0000000000
53129  18.861  -37.822  90.935 0.0000000000
152945  18.800  -38.128  91.617 0.0000000000
53165  16.422  -37.887  88.401 0.0000000000
53149  16.929  -38.171  89.056 0.0000000000
53150  16.158  -38.170  89.627 0.0000000000
51960  16.967  -38.494  89.917 0.0000000000
51948  17.662  -38.612  90.455 0.0000000000
51947  18.187  -38.577  91.190 0.0000000000
51913  19.077  -38.588  92.849 0.0000000000
51895  18.413  -38.933  93.302 0.0000000000
159177  17.940  -38.905  94.015 0.0000000000
51861  17.873  -38.869  94.865 0.0000000000
51897  16.695  -38.900  93.288 0.0000000000
51877  17.208  -38.940  94.141 0.0000000000
53016  17.371  -38.556  95.660 0.0000000000
52996  17.009  -37.963  96.273 0.0000000000
52981  16.626  -37.475  96.963 0.0000000000
52982  15.669  -37.379  96.937 0.0000000000
53019  14.555  -37.410  95.025 0.0000000000
52999  14.487  -37.235  95.955 0.0000000000
53000  13.825  -36.491  95.940 0.0000000000
55411  12.020  -35.760  95.076 0.0000000000
54318  12.381  -36.455  92.352 0.0000000000
54333  11.667  -36.943  91.488 0.0000000000
176797  12.141  -36.067  93.684 0.0000000000
55426  12.051  -35.891  94.317 0.0000000000
55412  11.320  -35.840  94.631 0.0000000000
55413  10.836  -36.069  94.303 0.0000000000
54285  10.451  -36.413  94.542 0.0000000000
54286  9.997  -36.843  94.825 0.0000000000
54287  9.156  -37.082  94.973 0.0000000000
53021  8.672  -37.646  95.378 0.0000000000
53022  8.036  -38.148  95.824 0.0000000000
51881  7.791  -39.323  93.743 0.0000000000
51865  7.922  -39.357  94.609 0.0000000000
164194  7.926  -39.160  95.396 0.0000000000
51853  6.843  -39.558  96.516 0.0000000000
50786  6.254  -39.820  96.344 0.0000000000
50797  5.664  -39.666  95.632 0.0000000000
50772  5.686  -39.891  97.031 0.0000000000
50773  5.028  -39.923  97.244 0.0000000000
58979  25.919  -31.798  82.497 0.0000000000
149114  23.563  -29.445  83.318 0.0000000000
61198  24.250  -29.614  83.860 0.0000000000
164445  25.088  -29.755  83.592 0.0000000000
60061  25.922  -30.836  85.397 0.0000000000
60028  25.540  -31.635  87.161 0.0000000000
58886  24.726  -31.908  87.772 0.0000000000
58849  24.961  -32.956  88.917 0.0000000000
58887  23.977  -32.296  87.658 0.0000000000
57782  24.614  -33.521  88.586 0.0000000000
57771  24.993  -33.535  89.272 0.0000000000
55465  25.195  -35.205  90.182 0.0000000000
54340  25.992  -36.337  91.073 0.0000000000
53101  26.746  -37.940  91.598 0.0000000000
55503  24.274  -35.165  87.251 0.0000000000
171595  25.715  -36.352  88.225 0.0000000000
54359  25.896  -36.851  88.677 0.0000000000
51956  26.202  -38.828  89.160 0.0000000000
53141  26.436  -38.171  89.569 0.0000000000
150324  26.106  -37.148  89.559 0.0000000000
53123  26.523  -37.520  90.157 0.0000000000
49804  27.438  -40.774  92.724 0.0000000000
50805  25.912  -39.933  94.431 0.0000000000
54218  7.848  -35.935  98.261 0.0000000000
54204  8.007  -35.605  99.007 0.0000000000
55344  7.544  -35.835  100.222 0.0000000000
55343  8.143  -35.497  99.800 0.0000000000
56484  8.657  -35.178  101.138 0.0000000000
55324  8.855  -35.046  101.650 0.0000000000
171047  56.902  -15.295  68.498 0.0000000000
79457  51.312  -14.016  67.754 0.0000000000
79442  51.782  -14.255  68.553 0.0000000000
79417  53.546  -13.557  70.423 0.0000000000
79406  54.788  -14.012  71.907 0.0000000000
78268  54.885  -15.660  71.632 0.0000000000
77225  51.186  -15.972  70.947 0.0000000000
78270  51.780  -15.493  71.518 0.0000000000
78269  52.453  -14.987  72.254 0.0000000000
79388  53.162  -14.709  73.357 0.0000000000
79396  53.690  -13.911  73.239 0.0000000000
78258  54.395  -15.099  72.379 0.0000000000
77311  42.939  -16.713  66.200 0.0000000000
171674  41.453  -16.993  67.992 0.0000000000
77230  45.913  -16.851  70.954 0.0000000000
174143  46.567  -16.933  71.373 0.0000000000
77229  46.854  -16.901  72.201 0.0000000000
77201  47.558  -16.822  73.741 0.0000000000
147853  48.004  -16.666  75.333 0.0000000000
72713  41.439  -19.940  70.174 0.0000000000
73937  41.915  -19.349  70.744 0.0000000000
72693  43.264  -20.201  71.622 0.0000000000
73935  43.119  -19.330  71.486 0.0000000000
75090  43.376  -18.480  71.680 0.0000000000
71397  46.541  -21.751  74.174 0.0000000000
71398  45.838  -21.154  74.040 0.0000000000
72653  45.474  -20.503  73.695 0.0000000000
71381  46.955  -21.058  74.928 0.0000000000
72636  45.973  -20.328  74.400 0.0000000000
73890  45.351  -19.605  73.577 0.0000000000
161997  44.631  -18.699  72.823 0.0000000000
75076  44.265  -17.862  72.624 0.0000000000
75059  44.823  -17.873  73.157 0.0000000000
76187  44.911  -17.140  73.550 0.0000000000
76174  45.966  -17.148  74.593 0.0000000000
162212  46.680  -17.815  75.902 0.0000000000
76173  46.231  -16.990  75.109 0.0000000000
77178  47.212  -16.747  75.549 0.0000000000
77169  47.883  -16.793  76.179 0.0000000000
77177  48.852  -16.628  76.031 0.0000000000
153733  36.112  -25.013  72.961 0.0000000000
161689  37.157  -25.540  73.872 0.0000000000
67878  34.290  -24.445  75.639 0.0000000000
67877  35.077  -24.985  75.336 0.0000000000
66820  36.032  -25.884  76.251 0.0000000000
66836  35.736  -25.796  75.310 0.0000000000
66847  36.429  -25.871  74.520 0.0000000000
66846  37.407  -25.817  74.682 0.0000000000
66845  38.268  -25.599  74.945 0.0000000000
66816  39.467  -25.690  76.488 0.0000000000
66797  39.402  -26.253  77.177 0.0000000000
57871  32.817  -33.682  81.882 0.0000000000
57892  33.318  -33.202  81.525 0.0000000000
58993  34.607  -32.591  81.537 0.0000000000
58994  33.947  -32.777  81.371 0.0000000000
62347  35.030  -29.348  78.673 0.0000000000
61231  35.932  -30.699  80.199 0.0000000000
63450  35.444  -28.517  78.857 0.0000000000
63431  35.877  -28.484  79.528 0.0000000000
63418  35.755  -27.671  80.064 0.0000000000
56614  37.301  -34.936  90.068 0.0000000000
56654  37.474  -34.991  88.653 0.0000000000
56675  37.720  -34.763  87.741 0.0000000000
57791  37.896  -33.726  87.528 0.0000000000
165637  37.771  -34.434  86.917 0.0000000000
57824  37.781  -33.611  85.654 0.0000000000
58920  37.875  -32.778  85.131 0.0000000000
60069  37.924  -32.119  84.415 0.0000000000
165581  37.892  -31.547  88.203 0.0000000000
163619  38.390  -30.385  87.203 0.0000000000
60038  38.291  -31.070  86.547 0.0000000000
60057  38.095  -31.869  85.326 0.0000000000
60090  37.701  -31.245  82.703 0.0000000000
61205  37.633  -30.469  82.327 0.0000000000
62288  37.290  -29.739  81.827 0.0000000000
171266  36.962  -29.159  81.451 0.0000000000
64504  36.016  -27.798  80.969 0.0000000000
65634  35.538  -26.131  80.757 0.0000000000
66721  35.869  -25.376  81.021 0.0000000000
148133  36.646  -25.741  81.033 0.0000000000
65567  38.736  -26.449  84.954 0.0000000000
66702  39.142  -25.912  84.044 0.0000000000
66712  38.473  -25.843  82.817 0.0000000000
66719  38.045  -26.047  81.433 0.0000000000
65633  38.213  -26.798  80.467 0.0000000000
65631  40.858  -27.050  80.809 0.0000000000
79536  56.842  -14.639  62.312 0.0000000000
164215  59.194  -14.230  63.911 0.0000000000
79503  59.676  -13.925  64.463 0.0000000000
79485  59.693  -14.108  64.834 0.0000000000
78348  56.571  -15.768  65.475 0.0000000000
78347  57.534  -15.317  65.132 0.0000000000
79486  59.185  -14.227  65.346 0.0000000000
77332  59.628  -15.508  64.967 0.0000000000
157956  59.248  -16.462  65.452 0.0000000000
155217  59.195  -17.934  66.274 0.0000000000
48651  28.268  -41.292  93.880 0.0000000000
48662  28.080  -41.237  93.470 0.0000000000
49794  28.261  -40.903  93.561 0.0000000000
49795  27.952  -40.840  93.030 0.0000000000
49805  27.070  -40.911  92.688 0.0000000000
49810  27.044  -40.439  92.201 0.0000000000
50822  27.515  -40.378  92.576 0.0000000000
50831  26.622  -39.764  91.360 0.0000000000
50849  26.144  -39.352  89.627 0.0000000000
50850  25.588  -39.384  89.107 0.0000000000
50851  24.594  -39.523  89.464 0.0000000000
51876  18.620  -38.777  94.229 0.0000000000
51880  8.498  -38.957  94.146 0.0000000000
51891  27.444  -39.177  93.295 0.0000000000
51928  27.045  -39.483  91.647 0.0000000000
51932  17.547  -38.927  91.816 0.0000000000
51955  26.460  -38.957  89.709 0.0000000000
51957  23.627  -39.145  89.783 0.0000000000
53066  14.100  -37.038  93.676 0.0000000000
53171  25.550  -37.842  87.289 0.0000000000
53176  20.541  -37.401  86.911 0.0000000000
53209  24.368  -37.265  85.506 0.0000000000
53222  24.024  -36.923  85.086 0.0000000000
54235  14.552  -36.522  97.357 0.0000000000
54252  13.528  -36.150  96.582 0.0000000000
54266  13.325  -36.300  95.364 0.0000000000
54276  32.493  -36.121  94.688 0.0000000000
54279  27.101  -36.403  94.962 0.0000000000
54296  26.418  -35.896  93.745 0.0000000000
54329  26.543  -37.037  92.094 0.0000000000
54360  25.325  -35.989  87.814 0.0000000000
55361  11.028  -34.876  96.927 0.0000000000
55396  10.154  -35.867  95.811 0.0000000000
55405  26.791  -35.050  94.057 0.0000000000
55450  25.553  -35.157  90.656 0.0000000000
55485  31.721  -36.177  88.683 0.0000000000
55536  24.160  -35.929  85.039 0.0000000000
55552  23.730  -35.292  84.718 0.0000000000
56574  26.253  -34.611  93.119 0.0000000000
56618  32.416  -34.735  90.695 0.0000000000
56621  29.927  -34.209  90.120 0.0000000000
56622  24.980  -34.670  89.873 0.0000000000
56636  36.850  -35.095  89.433 0.0000000000
56640  31.256  -35.113  90.035 0.0000000000
56655  36.304  -35.154  88.694 0.0000000000
56656  35.319  -34.992  88.703 0.0000000000
56657  34.697  -35.026  88.576 0.0000000000
56705  23.666  -34.557  86.197 0.0000000000
56736  32.900  -34.910  83.851 0.0000000000
56764  29.245  -34.804  83.237 0.0000000000
56784  32.746  -34.223  82.371 0.0000000000
56787  29.418  -34.476  82.468 0.0000000000
57674  30.368  -33.664  94.975 0.0000000000
57678  26.991  -33.950  94.179 0.0000000000
57687  31.562  -33.916  93.516 0.0000000000
57688  30.003  -33.576  93.432 0.0000000000
57690  28.259  -33.615  93.788 0.0000000000
57703  35.618  -34.640  92.287 0.0000000000
57704  34.418  -34.269  92.732 0.0000000000
57705  32.998  -34.557  92.940 0.0000000000
57713  26.003  -34.003  92.465 0.0000000000
57728  34.590  -34.280  91.889 0.0000000000
57735  26.779  -33.893  91.677 0.0000000000
57746  37.881  -34.640  90.629 0.0000000000
57748  35.466  -34.581  90.710 0.0000000000
57794  24.179  -33.090  88.027 0.0000000000
57795  23.855  -33.290  87.432 0.0000000000
57825  36.545  -34.314  85.037 0.0000000000
57827  26.921  -32.905  84.977 0.0000000000
57841  23.327  -33.614  84.428 0.0000000000
57868  35.192  -33.160  82.948 0.0000000000
58836  38.646  -32.551  90.382 0.0000000000
58885  26.351  -32.104  87.316 0.0000000000
60021  37.982  -31.241  87.397 0.0000000000
60046  25.705  -30.978  86.319 0.0000000000
60048  24.138  -31.324  86.620 0.0000000000
60076  22.820  -31.144  84.459 0.0000000000
61174  24.504  -30.634  85.564 0.0000000000
61246  35.408  -30.492  79.635 0.0000000000
62276  24.796  -29.568  83.138 0.0000000000
66711  39.008  -25.889  83.333 0.0000000000
66817  38.805  -25.992  76.345 0.0000000000
67838  43.574  -24.208  77.055 0.0000000000
67841  34.291  -24.339  77.868 0.0000000000
68950  44.680  -23.934  77.000 0.0000000000
73856  46.334  -19.216  75.197 0.0000000000
73891  44.956  -19.386  73.038 0.0000000000
75016  46.796  -18.631  76.169 0.0000000000
75058  45.432  -17.922  73.683 0.0000000000
76149  47.183  -17.340  76.254 0.0000000000
76160  46.668  -17.034  75.677 0.0000000000
76186  45.514  -17.180  74.013 0.0000000000
76206  43.327  -17.383  71.758 0.0000000000
77179  46.629  -16.769  75.085 0.0000000000
77190  46.209  -16.842  74.568 0.0000000000
77191  45.717  -16.934  74.213 0.0000000000
77199  49.749  -16.413  73.753 0.0000000000
77203  45.291  -16.878  73.769 0.0000000000
77333  56.850  -16.234  63.976 0.0000000000
78257  54.956  -14.649  71.986 0.0000000000
78278  55.919  -14.235  69.930 0.0000000000
78281  51.773  -15.515  70.621 0.0000000000
78289  56.893  -14.501  68.976 0.0000000000
79426  57.044  -14.427  68.750 0.0000000000
79439  58.352  -14.548  67.752 0.0000000000
79452  58.612  -14.611  66.461 0.0000000000
79453  58.541  -14.549  67.088 0.0000000000
79467  58.225  -14.268  67.139 0.0000000000
80604  54.245  -13.753  72.758 0.0000000000
80618  55.262  -14.013  71.033 0.0000000000
80631  55.623  -13.532  69.864 0.0000000000
80632  55.437  -13.730  70.429 0.0000000000
80645  56.786  -14.015  69.202 0.0000000000
80646  56.210  -13.749  69.576 0.0000000000
80658  57.061  -14.288  68.659 0.0000000000
81769  55.417  -13.437  70.027 0.0000000000
81784  54.419  -12.911  69.342 0.0000000000
81796  55.648  -12.660  69.629 0.0000000000
81798  53.936  -12.790  68.608 0.0000000000
81807  55.216  -13.172  68.713 0.0000000000
81808  54.420  -12.914  68.284 0.0000000000
81809  53.761  -12.917  68.131 0.0000000000
148484  54.071  -13.220  69.975 0.0000000000
151134  31.013  -33.772  94.261 0.0000000000
151572  10.818  -35.596  95.797 0.0000000000
152592  26.085  -36.581  90.302 0.0000000000
152657  54.352  -13.497  71.973 0.0000000000
155506  26.000  -34.278  91.895 0.0000000000
155714  26.814  -37.276  94.175 0.0000000000
155748  29.625  -33.677  92.039 0.0000000000
156797  27.810  -33.740  91.962 0.0000000000
157900  38.721  -34.303  91.416 0.0000000000
158247  30.905  -33.826  91.869 0.0000000000
158461  8.379  -36.322  97.115 0.0000000000
158573  23.344  -32.895  84.840 0.0000000000
162306  26.697  -37.859  90.806 0.0000000000
162424  38.180  -31.678  86.071 0.0000000000
162533  26.088  -39.707  90.667 0.0000000000
162899  36.640  -34.821  92.195 0.0000000000
163476  46.669  -16.705  74.647 0.0000000000
163946  56.011  -14.028  69.859 0.0000000000
165941  37.896  -34.301  88.271 0.0000000000
167712  37.747  -29.012  83.565 0.0000000000
168113  32.643  -35.170  89.622 0.0000000000
168221  37.824  -32.845  87.797 0.0000000000
169111  35.201  -34.484  92.806 0.0000000000
169379  37.315  -33.916  85.136 0.0000000000
169848  37.616  -34.717  91.947 0.0000000000
170264  23.694  -35.896  84.159 0.0000000000
171120  26.484  -32.903  83.015 0.0000000000
173757  26.966  -36.999  94.785 0.0000000000
173896  7.598  -35.801  99.523 0.0000000000
174049  29.347  -35.866  87.706 0.0000000000
174597  50.487  -15.859  76.156 0.0000000000
174914  35.441  -27.277  79.743 0.0000000000
174932  28.843  -35.745  85.588 0.0000000000
175224  21.983  -37.489  89.169 0.0000000000
175473  60.936  -15.652  61.070 0.0000000000
175647  34.381  -35.305  94.100 0.0000000000
176096  28.468  -33.839  89.898 0.0000000000
176737  52.784  -15.203  73.519 0.0000000000
177232  34.282  -35.314  88.380 0.0000000000
