#!ascii label  , from subject sub2 vox2ras=TkReg
1842
118275  52.119  26.591  44.921 0.0000000000
122583  51.513  32.463  54.712 0.0000000000
109738  57.870  15.755  38.201 0.0000000000
113761  46.581  20.524  45.430 0.0000000000
109725  48.279  16.479  41.504 0.0000000000
158554  52.419  38.190  50.817 0.0000000000
122601  42.992  32.577  51.341 0.0000000000
127553  42.437  40.189  54.303 0.0000000000
109699  52.771  15.273  44.575 0.0000000000
104086  59.210  9.959  43.322 0.0000000000
171429  55.911  31.229  49.636 0.0000000000
112996  55.381  20.151  43.188 0.0000000000
117510  56.501  25.733  46.603 0.0000000000
112971  58.120  19.551  46.475 0.0000000000
126958  47.893  37.908  48.245 0.0000000000
128859  48.862  42.879  54.821 0.0000000000
105095  51.938  10.714  40.304 0.0000000000
160952  49.191  23.165  45.068 0.0000000000
111379  47.936  17.812  43.586 0.0000000000
113778  50.265  20.610  43.329 0.0000000000
120472  53.275  30.099  49.370 0.0000000000
118972  50.544  27.211  47.098 0.0000000000
124852  37.209  35.631  53.400 0.0000000000
107938  53.188  13.036  47.746 0.0000000000
157568  56.480  11.471  47.660 0.0000000000
169264  57.588  9.622  51.537 0.0000000000
127019  51.106  38.648  43.244 0.0000000000
121870  53.380  31.607  54.838 0.0000000000
118955  57.456  28.477  47.663 0.0000000000
118915  55.514  27.591  53.713 0.0000000000
116001  50.047  23.285  50.452 0.0000000000
115240  53.893  22.603  47.400 0.0000000000
113721  55.614  20.091  49.103 0.0000000000
167131  60.229  17.624  48.199 0.0000000000
163297  45.621  37.062  53.395 0.0000000000
129563  44.673  43.312  55.008 0.0000000000
155784  48.954  36.766  53.896 0.0000000000
125531  51.087  36.508  54.823 0.0000000000
111421  56.418  17.817  39.928 0.0000000000
178237  52.403  17.014  37.980 0.0000000000
108018  54.126  14.167  37.898 0.0000000000
107035  46.670  12.159  43.770 0.0000000000
105061  47.819  10.351  42.820 0.0000000000
129622  52.524  42.844  49.179 0.0000000000
126955  51.729  39.372  48.309 0.0000000000
122595  46.947  33.123  51.962 0.0000000000
119666  51.673  28.925  54.660 0.0000000000
127639  39.752  39.535  46.869 0.0000000000
127592  42.206  40.519  50.575 0.0000000000
125557  41.518  36.468  53.135 0.0000000000
109722  54.458  15.735  41.399 0.0000000000
107055  54.627  11.926  40.438 0.0000000000
107032  55.441  11.725  44.312 0.0000000000
104057  60.590  10.143  47.417 0.0000000000
166682  55.158  28.382  46.147 0.0000000000
116077  53.834  23.626  43.702 0.0000000000
119026  56.315  27.448  43.586 0.0000000000
116081  57.620  23.585  42.550 0.0000000000
113790  59.255  20.244  41.741 0.0000000000
118221  53.767  26.380  49.621 0.0000000000
115251  57.437  22.496  45.885 0.0000000000
150320  59.133  17.342  41.938 0.0000000000
147797  57.360  17.538  44.895 0.0000000000
111348  54.530  17.282  46.619 0.0000000000
127022  48.696  37.919  43.984 0.0000000000
128253  49.710  40.643  47.976 0.0000000000
128888  48.218  42.053  52.279 0.0000000000
130943  50.190  44.781  50.780 0.0000000000
128887  50.976  41.146  53.802 0.0000000000
124136  53.742  34.070  51.206 0.0000000000
112234  51.359  18.535  41.166 0.0000000000
107990  50.367  13.094  40.989 0.0000000000
106064  51.307  11.296  44.068 0.0000000000
174635  55.812  9.598  41.676 0.0000000000
117546  50.998  25.449  45.203 0.0000000000
115269  49.730  22.213  44.467 0.0000000000
153836  51.626  22.809  44.757 0.0000000000
118969  53.183  27.628  46.827 0.0000000000
119723  51.979  28.898  49.308 0.0000000000
119008  51.423  26.756  45.594 0.0000000000
149066  49.814  25.926  45.424 0.0000000000
106993  53.150  12.683  48.944 0.0000000000
105960  56.132  10.953  49.999 0.0000000000
104943  55.689  10.500  51.278 0.0000000000
105990  48.797  11.109  48.109 0.0000000000
122575  52.698  32.268  55.454 0.0000000000
121141  54.000  29.660  53.963 0.0000000000
121127  53.314  30.269  55.269 0.0000000000
114445  50.258  21.279  49.947 0.0000000000
114456  51.800  21.540  49.040 0.0000000000
159722  48.210  34.382  52.594 0.0000000000
126206  47.465  37.326  53.608 0.0000000000
149305  49.590  35.187  53.541 0.0000000000
124109  51.262  35.001  54.861 0.0000000000
111449  57.987  17.173  37.836 0.0000000000
110575  54.943  16.234  37.553 0.0000000000
108906  56.172  15.016  36.543 0.0000000000
112179  45.567  18.710  45.914 0.0000000000
111364  45.003  17.302  43.253 0.0000000000
111402  47.376  16.954  42.256 0.0000000000
168992  47.124  16.324  43.098 0.0000000000
174384  48.259  14.752  43.769 0.0000000000
105063  46.926  10.858  42.498 0.0000000000
107979  48.233  12.549  42.845 0.0000000000
128234  52.084  40.561  50.153 0.0000000000
128252  52.722  40.840  48.273 0.0000000000
161180  52.148  38.816  49.893 0.0000000000
116066  46.955  22.974  45.087 0.0000000000
114496  45.463  21.563  45.615 0.0000000000
122599  44.859  33.146  51.805 0.0000000000
121888  47.530  31.035  52.438 0.0000000000
121890  45.781  30.916  52.073 0.0000000000
124141  39.967  34.509  51.683 0.0000000000
124849  39.844  35.730  53.324 0.0000000000
124139  42.146  34.721  51.956 0.0000000000
124126  44.584  34.640  52.359 0.0000000000
109713  53.405  15.438  42.722 0.0000000000
107983  53.201  13.391  42.672 0.0000000000
107977  53.253  13.225  43.658 0.0000000000
104955  59.568  10.114  49.781 0.0000000000
104991  59.258  10.936  47.770 0.0000000000
104020  61.528  8.992  49.655 0.0000000000
121224  56.595  30.493  47.750 0.0000000000
119783  55.812  28.214  44.313 0.0000000000
120497  57.211  30.080  46.064 0.0000000000
118256  57.060  27.108  46.671 0.0000000000
118274  57.800  26.810  44.882 0.0000000000
174564  58.165  24.809  44.699 0.0000000000
114521  58.191  21.782  42.216 0.0000000000
116059  58.732  23.340  44.111 0.0000000000
118160  52.399  26.418  54.387 0.0000000000
118207  54.049  26.255  53.664 0.0000000000
118211  53.059  26.059  52.228 0.0000000000
114478  55.389  21.052  47.116 0.0000000000
154202  55.474  22.740  46.681 0.0000000000
112985  57.840  20.122  45.712 0.0000000000
152211  60.165  19.710  43.567 0.0000000000
112200  60.535  17.988  44.645 0.0000000000
111386  58.204  17.481  43.281 0.0000000000
166905  59.699  17.182  45.292 0.0000000000
151569  59.546  17.212  49.210 0.0000000000
147801  57.409  17.594  47.208 0.0000000000
126978  48.596  38.383  46.079 0.0000000000
152142  49.700  39.487  46.188 0.0000000000
162275  48.988  39.395  47.993 0.0000000000
128908  41.614  41.295  51.600 0.0000000000
127582  43.737  39.454  51.981 0.0000000000
156313  43.780  41.817  52.735 0.0000000000
156777  46.939  43.144  54.991 0.0000000000
167862  45.170  43.978  54.026 0.0000000000
130260  47.477  44.490  54.120 0.0000000000
129589  49.263  43.539  52.049 0.0000000000
130909  49.041  44.994  53.874 0.0000000000
130257  50.884  43.638  52.980 0.0000000000
129558  50.090  42.410  54.636 0.0000000000
122591  53.360  33.301  52.837 0.0000000000
153784  52.479  35.389  52.953 0.0000000000
122596  54.308  32.592  51.062 0.0000000000
121956  55.340  31.114  48.936 0.0000000000
158516  54.768  21.524  43.798 0.0000000000
113775  52.889  20.405  44.150 0.0000000000
112217  53.535  18.475  42.543 0.0000000000
108014  51.878  14.037  38.438 0.0000000000
108901  50.714  15.300  38.957 0.0000000000
107066  51.221  12.044  40.239 0.0000000000
105072  50.080  10.752  41.677 0.0000000000
152300  51.563  10.508  41.813 0.0000000000
106094  57.310  10.515  41.262 0.0000000000
105091  56.653  10.039  39.438 0.0000000000
104100  57.893  9.412  41.986 0.0000000000
114506  47.663  21.855  44.187 0.0000000000
112191  47.172  18.842  45.123 0.0000000000
113768  48.228  20.447  44.143 0.0000000000
113003  49.125  19.475  43.400 0.0000000000
112221  49.602  18.646  42.327 0.0000000000
124151  53.002  34.856  50.277 0.0000000000
116809  48.335  24.471  45.414 0.0000000000
107958  52.647  13.673  46.368 0.0000000000
107026  54.281  12.559  45.723 0.0000000000
106990  55.002  11.888  47.637 0.0000000000
104957  57.489  10.366  50.338 0.0000000000
121172  55.052  30.812  51.544 0.0000000000
120471  57.449  30.018  48.751 0.0000000000
120454  56.063  29.401  51.580 0.0000000000
118940  56.707  27.941  51.080 0.0000000000
118950  56.131  27.622  49.724 0.0000000000
159011  50.927  24.431  52.509 0.0000000000
117481  51.841  25.013  49.963 0.0000000000
116017  51.858  23.621  48.667 0.0000000000
114463  54.368  21.037  48.194 0.0000000000
159566  56.705  19.647  48.133 0.0000000000
112169  60.536  18.041  47.214 0.0000000000
112944  58.623  19.135  49.111 0.0000000000
112923  60.147  19.134  50.092 0.0000000000
112142  60.334  18.364  51.089 0.0000000000
154546  46.757  37.036  48.088 0.0000000000
127552  43.539  39.283  54.402 0.0000000000
159593  43.898  41.227  54.803 0.0000000000
127550  45.426  39.497  54.003 0.0000000000
127535  46.616  40.063  54.181 0.0000000000
127533  48.756  39.591  54.286 0.0000000000
154490  50.163  40.195  54.366 0.0000000000
126193  50.113  37.799  54.754 0.0000000000
123355  52.386  34.053  54.775 0.0000000000
112230  55.662  18.452  41.377 0.0000000000
111424  53.518  17.518  40.145 0.0000000000
111452  54.071  16.983  38.765 0.0000000000
109760  52.706  15.590  37.267 0.0000000000
107082  53.168  12.170  38.722 0.0000000000
104059  58.654  9.433  46.776 0.0000000000
104060  57.519  9.288  46.520 0.0000000000
107028  44.854  12.218  45.366 0.0000000000
111391  45.672  16.972  42.734 0.0000000000
108852  46.757  14.039  45.300 0.0000000000
107037  44.850  11.228  43.822 0.0000000000
147350  46.354  10.331  43.923 0.0000000000
106052  47.792  10.929  45.402 0.0000000000
106035  49.275  11.485  46.470 0.0000000000
128943  53.934  41.906  46.719 0.0000000000
127633  52.878  40.111  46.815 0.0000000000
122592  49.544  32.378  53.227 0.0000000000
121134  51.826  30.705  54.860 0.0000000000
121143  49.298  30.576  53.922 0.0000000000
119667  50.087  28.827  54.511 0.0000000000
118162  50.144  26.975  54.011 0.0000000000
117465  50.239  25.201  53.680 0.0000000000
116743  49.873  23.982  53.442 0.0000000000
162661  40.814  40.741  49.347 0.0000000000
127594  40.655  40.928  50.730 0.0000000000
127565  40.885  39.280  52.438 0.0000000000
126211  41.927  37.885  53.992 0.0000000000
125545  43.992  36.855  52.910 0.0000000000
148810  45.930  35.124  52.874 0.0000000000
110558  56.850  16.094  39.994 0.0000000000
108888  55.375  14.489  38.288 0.0000000000
108881  54.322  14.695  40.171 0.0000000000
106087  55.292  11.616  41.872 0.0000000000
106071  58.451  10.638  43.201 0.0000000000
150075  55.637  11.779  45.732 0.0000000000
106045  58.617  11.123  45.360 0.0000000000
104069  60.138  9.995  45.228 0.0000000000
118988  53.810  27.625  45.665 0.0000000000
117543  53.234  25.150  44.344 0.0000000000
118288  54.581  26.858  43.926 0.0000000000
116832  55.344  25.014  43.545 0.0000000000
146943  55.384  23.165  43.023 0.0000000000
119754  57.452  28.588  45.454 0.0000000000
116830  56.632  24.665  42.997 0.0000000000
114513  56.435  22.025  43.070 0.0000000000
113008  57.407  19.997  42.030 0.0000000000
112242  57.881  18.658  40.185 0.0000000000
112251  59.037  17.928  39.396 0.0000000000
119664  54.354  27.947  54.871 0.0000000000
118209  55.491  27.120  51.605 0.0000000000
118225  54.840  26.750  48.483 0.0000000000
116769  53.210  25.035  47.811 0.0000000000
116786  55.098  24.766  46.907 0.0000000000
164984  56.776  24.041  46.280 0.0000000000
150477  59.358  22.034  44.237 0.0000000000
112228  59.708  18.438  41.287 0.0000000000
110557  58.904  16.557  40.084 0.0000000000
111408  57.618  16.951  41.736 0.0000000000
111398  56.347  17.201  42.620 0.0000000000
110522  54.208  16.924  44.126 0.0000000000
149617  58.464  17.495  46.441 0.0000000000
147798  56.096  17.588  46.204 0.0000000000
110511  53.347  16.373  45.365 0.0000000000
109679  52.301  15.048  46.834 0.0000000000
127020  50.194  38.339  43.326 0.0000000000
128287  50.567  40.507  46.010 0.0000000000
128954  50.687  41.293  46.778 0.0000000000
129594  44.279  43.170  53.579 0.0000000000
127577  48.225  39.541  50.840 0.0000000000
128235  49.099  40.887  49.978 0.0000000000
162405  49.784  42.476  49.731 0.0000000000
130316  50.743  43.270  48.588 0.0000000000
130297  51.023  44.506  50.712 0.0000000000
129599  51.558  42.927  51.800 0.0000000000
128219  50.983  40.289  51.753 0.0000000000
127546  50.523  39.381  54.113 0.0000000000
126221  51.659  37.762  52.808 0.0000000000
125566  52.754  36.492  51.382 0.0000000000
122626  53.348  32.544  49.972 0.0000000000
119730  54.393  28.874  48.115 0.0000000000
114502  52.202  21.722  44.487 0.0000000000
113013  51.119  19.626  42.356 0.0000000000
111414  49.409  17.616  40.980 0.0000000000
111426  51.771  17.863  39.598 0.0000000000
110569  49.514  16.841  39.498 0.0000000000
108868  49.377  14.340  41.909 0.0000000000
107050  48.782  11.523  42.069 0.0000000000
106065  49.945  11.347  44.605 0.0000000000
108011  54.189  13.216  38.324 0.0000000000
105107  54.644  11.009  38.326 0.0000000000
105082  54.326  10.039  41.189 0.0000000000
104089  56.455  9.710  44.595 0.0000000000
169216  53.027  10.527  42.474 0.0000000000
103086  57.951  8.129  53.220 0.0000000000
102220  59.561  7.614  53.944 0.0000000000
147249  51.688  25.997  44.853 0.0000000000
148171  51.234  24.379  44.942 0.0000000000
116822  51.680  24.793  44.753 0.0000000000
118990  52.614  27.354  46.089 0.0000000000
118970  52.299  27.433  46.943 0.0000000000
118276  51.537  26.441  45.214 0.0000000000
118290  51.030  25.996  45.273 0.0000000000
105962  54.644  11.540  50.267 0.0000000000
122576  52.226  32.241  55.299 0.0000000000
121864  52.933  31.509  55.559 0.0000000000
121865  52.448  31.555  55.319 0.0000000000
123357  49.498  33.447  53.005 0.0000000000
124117  48.433  35.065  53.038 0.0000000000
123356  50.418  33.780  53.811 0.0000000000
161951  51.695  33.468  55.195 0.0000000000
111460  58.214  16.626  37.680 0.0000000000
110585  56.989  16.199  36.798 0.0000000000
109749  57.061  15.453  37.521 0.0000000000
112987  46.178  19.671  45.952 0.0000000000
112193  45.356  17.859  44.841 0.0000000000
112192  46.290  18.666  45.566 0.0000000000
109716  47.674  16.665  42.140 0.0000000000
109706  47.631  16.024  42.811 0.0000000000
108857  48.356  15.164  43.281 0.0000000000
108862  48.521  13.969  43.429 0.0000000000
108869  48.826  14.732  42.691 0.0000000000
127590  52.086  39.607  50.348 0.0000000000
173296  52.277  40.127  49.829 0.0000000000
126935  52.219  38.218  50.383 0.0000000000
114507  46.647  21.885  44.701 0.0000000000
115272  46.286  22.412  44.960 0.0000000000
114495  46.282  21.417  45.225 0.0000000000
113762  45.895  20.658  45.931 0.0000000000
122600  43.996  32.610  51.586 0.0000000000
121901  45.265  31.626  51.759 0.0000000000
121902  44.417  31.625  51.635 0.0000000000
124140  40.955  34.181  51.575 0.0000000000
158870  41.404  34.680  51.841 0.0000000000
147085  41.876  34.023  51.551 0.0000000000
150166  44.056  33.435  51.790 0.0000000000
109705  53.246  15.682  43.474 0.0000000000
107978  52.883  14.001  43.353 0.0000000000
107971  52.927  13.916  44.159 0.0000000000
104036  60.796  9.938  49.477 0.0000000000
121214  56.657  30.776  48.381 0.0000000000
120490  56.953  30.312  46.846 0.0000000000
121223  57.151  30.484  47.525 0.0000000000
157854  56.960  26.269  46.438 0.0000000000
117526  57.761  25.860  45.161 0.0000000000
117509  57.339  25.499  46.095 0.0000000000
158738  58.233  24.283  44.825 0.0000000000
160490  57.968  23.948  45.464 0.0000000000
151243  52.021  25.408  53.827 0.0000000000
117462  52.569  25.711  53.659 0.0000000000
117475  52.340  25.519  52.235 0.0000000000
176560  57.238  19.897  46.340 0.0000000000
113751  57.075  20.684  46.177 0.0000000000
112984  58.913  19.410  45.718 0.0000000000
112991  59.611  19.545  45.057 0.0000000000
161979  60.305  18.747  45.015 0.0000000000
111373  60.221  17.445  45.003 0.0000000000
112190  60.492  17.935  45.571 0.0000000000
151142  59.059  17.127  49.606 0.0000000000
126285  47.411  37.405  46.873 0.0000000000
126979  48.065  37.868  46.434 0.0000000000
126966  48.053  37.881  47.335 0.0000000000
126965  48.627  38.487  46.874 0.0000000000
157360  48.615  39.217  48.802 0.0000000000
128207  41.685  40.914  52.447 0.0000000000
128906  43.116  41.541  52.338 0.0000000000
128194  42.337  41.005  53.342 0.0000000000
129561  47.879  43.489  54.854 0.0000000000
129562  46.885  43.685  54.684 0.0000000000
130244  48.089  44.217  54.674 0.0000000000
130910  48.591  45.266  54.171 0.0000000000
161817  49.018  44.157  54.998 0.0000000000
130241  49.526  43.754  54.486 0.0000000000
129559  49.295  43.164  54.828 0.0000000000
121898  54.541  31.820  51.462 0.0000000000
122590  53.830  32.763  51.951 0.0000000000
121923  55.449  31.542  50.052 0.0000000000
121955  55.759  31.134  48.853 0.0000000000
155925  54.955  20.649  43.537 0.0000000000
113774  54.143  20.513  43.886 0.0000000000
176562  54.293  18.558  42.581 0.0000000000
173631  51.954  12.576  39.360 0.0000000000
107997  51.467  12.738  39.821 0.0000000000
106106  51.676  11.270  40.142 0.0000000000
105086  51.035  10.754  41.382 0.0000000000
105084  51.955  10.427  40.959 0.0000000000
105066  58.769  9.914  42.095 0.0000000000
105079  58.170  9.831  41.402 0.0000000000
104093  58.491  9.616  42.883 0.0000000000
116065  48.437  22.969  44.870 0.0000000000
113780  48.139  21.262  43.997 0.0000000000
147657  49.053  22.496  44.580 0.0000000000
114505  50.069  21.665  44.209 0.0000000000
154171  49.704  21.118  43.680 0.0000000000
113002  49.575  20.048  42.997 0.0000000000
112209  49.527  19.331  42.833 0.0000000000
113015  50.014  19.611  42.503 0.0000000000
122627  52.601  32.668  49.816 0.0000000000
123397  52.335  33.413  49.834 0.0000000000
121205  52.641  30.803  49.561 0.0000000000
119733  51.548  28.120  48.689 0.0000000000
120474  51.436  29.627  49.731 0.0000000000
116808  49.456  24.703  45.324 0.0000000000
151365  49.131  25.372  45.440 0.0000000000
116823  48.860  23.791  45.273 0.0000000000
178380  48.113  23.567  45.147 0.0000000000
107957  53.287  13.078  46.937 0.0000000000
107017  54.067  12.621  46.639 0.0000000000
107002  53.842  12.616  47.494 0.0000000000
163334  56.474  10.525  50.705 0.0000000000
104974  56.835  10.646  49.920 0.0000000000
104941  57.711  10.045  50.949 0.0000000000
170304  58.202  9.785  51.051 0.0000000000
164770  58.574  9.332  51.475 0.0000000000
127058  50.821  38.004  41.554 0.0000000000
165514  51.238  37.887  40.806 0.0000000000
121878  53.534  31.468  53.245 0.0000000000
121154  54.606  30.295  52.186 0.0000000000
121877  53.987  30.403  52.944 0.0000000000
176294  55.662  28.010  53.482 0.0000000000
120419  55.362  28.553  53.141 0.0000000000
118934  56.500  27.982  51.900 0.0000000000
118944  56.812  27.982  50.215 0.0000000000
118941  56.198  27.536  51.815 0.0000000000
169000  50.575  24.039  50.595 0.0000000000
154708  51.131  24.238  49.875 0.0000000000
116006  50.625  23.602  49.881 0.0000000000
113723  54.117  20.785  49.046 0.0000000000
114464  53.679  21.401  48.445 0.0000000000
176113  54.665  20.600  48.577 0.0000000000
113737  55.010  20.545  47.810 0.0000000000
113720  56.332  19.714  48.905 0.0000000000
112945  57.731  19.217  48.244 0.0000000000
112940  56.962  19.493  49.452 0.0000000000
112925  57.981  19.616  50.601 0.0000000000
112924  58.918  19.553  50.822 0.0000000000
112153  60.470  18.427  50.307 0.0000000000
112910  59.637  19.389  51.501 0.0000000000
126208  44.925  37.826  53.342 0.0000000000
127551  44.485  39.413  54.133 0.0000000000
126896  45.193  38.692  53.601 0.0000000000
176569  47.901  37.794  53.695 0.0000000000
126894  47.396  38.271  53.625 0.0000000000
127547  48.075  39.022  53.934 0.0000000000
127534  47.704  39.881  54.105 0.0000000000
126882  49.561  38.370  54.639 0.0000000000
126194  49.223  37.590  54.339 0.0000000000
122581  52.664  32.814  55.368 0.0000000000
165056  51.725  34.494  55.060 0.0000000000
175810  53.243  32.204  53.976 0.0000000000
122586  53.034  32.920  53.888 0.0000000000
111409  55.782  18.056  40.679 0.0000000000
111423  54.648  17.600  40.300 0.0000000000
111422  55.501  17.624  39.941 0.0000000000
108918  54.475  14.988  36.663 0.0000000000
156561  54.250  15.881  37.203 0.0000000000
108909  53.742  14.886  37.325 0.0000000000
108013  52.804  13.904  38.115 0.0000000000
162626  53.638  13.677  38.104 0.0000000000
108847  45.344  14.340  46.258 0.0000000000
108853  46.059  14.665  45.744 0.0000000000
160816  47.817  18.454  44.290 0.0000000000
112202  46.901  17.852  44.293 0.0000000000
148959  47.070  17.458  43.485 0.0000000000
107973  47.275  13.383  44.490 0.0000000000
108858  47.381  14.843  44.648 0.0000000000
107966  46.437  12.652  44.812 0.0000000000
107036  45.646  11.593  43.667 0.0000000000
146909  45.257  10.725  43.664 0.0000000000
106068  45.431  11.045  43.229 0.0000000000
105062  47.164  10.467  42.887 0.0000000000
105047  46.951  10.285  43.464 0.0000000000
105046  47.724  10.307  43.460 0.0000000000
106051  48.560  11.132  45.153 0.0000000000
105045  48.469  10.649  44.125 0.0000000000
130307  52.530  43.449  48.566 0.0000000000
129621  53.099  43.074  48.222 0.0000000000
127609  52.281  39.778  48.368 0.0000000000
127617  52.791  40.629  47.725 0.0000000000
127619  52.192  39.725  47.552 0.0000000000
126964  51.445  39.165  47.378 0.0000000000
155248  47.918  32.913  52.103 0.0000000000
121880  49.510  31.416  53.560 0.0000000000
121887  48.182  31.930  52.372 0.0000000000
121144  48.555  30.183  53.931 0.0000000000
118893  50.039  28.053  54.289 0.0000000000
118917  49.004  26.883  53.844 0.0000000000
147405  50.391  24.572  53.549 0.0000000000
127612  41.243  40.583  48.798 0.0000000000
127623  40.428  40.279  48.029 0.0000000000
126950  40.067  38.956  49.940 0.0000000000
126943  40.238  38.629  50.904 0.0000000000
126929  40.715  39.343  51.406 0.0000000000
172683  40.862  36.186  53.264 0.0000000000
166674  40.552  36.713  53.823 0.0000000000
126212  41.041  37.861  54.189 0.0000000000
169605  42.021  37.076  53.310 0.0000000000
126210  42.982  37.195  53.134 0.0000000000
125556  42.602  36.334  52.800 0.0000000000
123375  45.902  33.323  52.047 0.0000000000
124125  45.326  34.675  52.512 0.0000000000
123364  46.572  33.853  52.247 0.0000000000
123363  47.481  33.926  52.304 0.0000000000
110559  56.109  16.315  40.672 0.0000000000
109731  55.835  15.686  40.038 0.0000000000
108873  53.970  15.022  41.019 0.0000000000
107040  54.299  12.236  43.158 0.0000000000
107049  53.771  12.501  42.287 0.0000000000
106074  55.170  11.716  42.915 0.0000000000
106086  56.421  11.270  42.290 0.0000000000
106060  57.507  11.294  44.027 0.0000000000
106006  55.794  11.722  47.011 0.0000000000
153847  55.063  12.083  45.749 0.0000000000
106005  57.049  11.474  46.821 0.0000000000
104990  60.327  10.571  47.611 0.0000000000
106003  59.253  11.226  46.593 0.0000000000
106002  60.108  10.997  46.185 0.0000000000
106044  59.568  10.491  44.991 0.0000000000
104058  60.193  10.141  46.584 0.0000000000
104047  60.374  9.778  47.330 0.0000000000
103156  60.799  9.288  48.133 0.0000000000
119756  54.541  27.869  45.673 0.0000000000
167812  53.999  27.108  44.518 0.0000000000
119773  55.259  28.247  45.074 0.0000000000
119019  56.385  28.102  43.944 0.0000000000
119027  55.556  27.564  43.807 0.0000000000
118295  55.577  26.786  43.440 0.0000000000
150762  55.293  23.685  43.084 0.0000000000
149435  56.058  25.055  43.329 0.0000000000
119721  57.491  29.194  48.959 0.0000000000
120489  57.712  29.843  47.272 0.0000000000
119740  57.706  29.225  46.978 0.0000000000
156108  57.734  25.610  43.674 0.0000000000
118287  57.603  27.150  44.114 0.0000000000
116074  57.178  24.166  42.723 0.0000000000
116082  56.745  23.588  42.417 0.0000000000
114512  56.949  22.498  42.485 0.0000000000
113786  56.912  20.574  42.572 0.0000000000
162733  57.211  21.644  42.554 0.0000000000
113784  58.627  20.960  42.152 0.0000000000
113791  58.361  20.308  41.652 0.0000000000
113020  58.861  19.697  41.087 0.0000000000
112241  58.740  18.531  40.046 0.0000000000
113026  59.078  18.907  40.641 0.0000000000
120404  51.627  29.810  54.769 0.0000000000
119658  53.212  29.004  55.306 0.0000000000
152074  53.498  27.945  54.776 0.0000000000
150685  54.034  26.343  52.455 0.0000000000
118206  54.804  26.669  53.092 0.0000000000
118210  54.596  26.686  51.472 0.0000000000
118214  55.322  27.141  50.077 0.0000000000
118220  54.599  26.790  49.424 0.0000000000
116771  52.257  24.221  48.483 0.0000000000
117485  52.485  25.448  49.498 0.0000000000
116770  52.624  24.822  48.280 0.0000000000
115252  56.814  22.270  46.216 0.0000000000
116042  55.244  23.528  46.685 0.0000000000
116041  56.153  23.374  46.519 0.0000000000
160883  55.853  24.276  46.580 0.0000000000
116040  56.998  23.158  46.209 0.0000000000
116039  57.756  23.278  45.729 0.0000000000
114493  58.721  21.876  45.010 0.0000000000
165724  59.986  17.823  42.943 0.0000000000
113007  59.976  18.986  42.645 0.0000000000
147463  59.541  17.732  41.548 0.0000000000
156984  59.557  17.884  40.782 0.0000000000
110545  59.080  16.820  40.910 0.0000000000
110546  58.203  16.775  40.885 0.0000000000
111407  58.668  17.047  41.705 0.0000000000
111376  57.262  17.522  43.881 0.0000000000
151139  57.202  17.387  43.008 0.0000000000
111387  56.244  17.406  43.494 0.0000000000
111399  55.363  17.212  43.005 0.0000000000
111377  56.186  17.503  44.456 0.0000000000
111328  60.291  17.617  47.453 0.0000000000
111344  60.109  17.462  46.424 0.0000000000
111345  59.626  17.353  46.832 0.0000000000
147800  56.288  17.615  47.028 0.0000000000
111347  55.353  17.488  46.813 0.0000000000
111362  54.556  17.296  45.439 0.0000000000
111349  53.845  16.977  46.371 0.0000000000
110500  53.309  16.451  46.046 0.0000000000
126332  47.925  37.666  43.796 0.0000000000
148495  47.312  37.536  42.188 0.0000000000
164876  48.095  37.522  42.670 0.0000000000
127021  49.315  38.037  43.526 0.0000000000
127635  49.767  39.918  46.723 0.0000000000
128276  50.171  40.163  46.252 0.0000000000
169105  50.233  40.597  46.586 0.0000000000
128275  50.384  40.742  46.480 0.0000000000
128946  50.324  41.195  47.524 0.0000000000
162633  44.315  42.025  54.822 0.0000000000
129579  43.866  43.035  53.939 0.0000000000
129564  44.314  43.563  54.772 0.0000000000
129592  46.860  43.538  53.225 0.0000000000
128890  46.443  42.531  52.825 0.0000000000
168759  47.244  41.019  52.265 0.0000000000
128220  48.323  40.444  51.439 0.0000000000
128236  48.750  40.202  50.523 0.0000000000
128905  48.680  41.594  51.725 0.0000000000
130284  49.802  44.375  51.527 0.0000000000
129613  49.542  42.796  50.663 0.0000000000
130309  50.040  43.555  49.951 0.0000000000
129623  50.266  43.054  49.326 0.0000000000
130298  50.372  44.511  50.186 0.0000000000
130952  50.815  44.512  49.950 0.0000000000
131552  50.522  44.766  50.848 0.0000000000
128875  50.762  42.645  53.332 0.0000000000
161448  51.344  43.491  52.327 0.0000000000
128903  51.044  42.210  52.010 0.0000000000
153707  51.242  41.182  51.360 0.0000000000
153226  50.724  41.188  52.445 0.0000000000
126192  50.534  37.833  54.693 0.0000000000
127531  50.242  39.372  54.499 0.0000000000
126204  50.886  37.878  54.387 0.0000000000
124121  53.358  34.930  52.178 0.0000000000
125538  52.371  36.271  52.470 0.0000000000
124843  53.028  35.715  51.741 0.0000000000
126220  52.297  37.171  52.089 0.0000000000
169003  53.371  35.323  51.282 0.0000000000
124150  53.395  34.313  50.649 0.0000000000
123387  53.661  33.493  50.785 0.0000000000
120492  55.324  29.443  47.648 0.0000000000
120481  54.819  29.816  48.473 0.0000000000
119742  54.790  28.597  47.141 0.0000000000
119757  54.108  27.903  46.434 0.0000000000
116833  53.669  24.361  43.958 0.0000000000
168073  52.522  23.345  44.636 0.0000000000
115266  53.156  22.320  44.447 0.0000000000
113012  51.877  19.166  42.841 0.0000000000
112999  51.382  19.921  43.132 0.0000000000
112220  50.954  19.118  41.828 0.0000000000
112235  50.484  18.365  41.259 0.0000000000
111413  50.159  17.727  40.401 0.0000000000
111439  53.258  17.393  39.181 0.0000000000
111425  52.624  17.665  39.818 0.0000000000
111440  52.316  17.480  38.762 0.0000000000
108891  50.463  14.867  39.733 0.0000000000
110568  49.986  16.461  38.935 0.0000000000
109733  49.656  15.628  39.762 0.0000000000
109734  49.190  15.917  40.355 0.0000000000
108875  50.042  14.140  41.216 0.0000000000
107984  49.265  12.708  42.195 0.0000000000
107991  49.801  13.049  41.582 0.0000000000
106077  51.012  10.970  43.230 0.0000000000
106078  50.252  11.014  43.595 0.0000000000
161182  50.759  11.435  44.574 0.0000000000
106049  50.592  11.507  45.394 0.0000000000
106033  51.292  11.350  46.148 0.0000000000
108003  54.321  12.823  39.060 0.0000000000
108889  54.460  13.834  38.440 0.0000000000
107064  54.749  11.875  39.225 0.0000000000
104112  56.141  9.577  39.846 0.0000000000
105100  55.543  10.290  38.772 0.0000000000
172386  55.356  9.759  39.727 0.0000000000
105092  54.449  10.053  40.229 0.0000000000
105081  55.212  9.735  41.490 0.0000000000
103168  56.754  9.245  47.265 0.0000000000
104072  56.953  9.356  45.925 0.0000000000
104061  56.468  9.333  46.811 0.0000000000
148092  50.502  24.728  45.156 0.0000000000
116064  49.933  22.972  44.936 0.0000000000
116063  50.548  23.811  44.967 0.0000000000
115268  50.580  22.507  44.680 0.0000000000
114504  50.927  21.786  44.450 0.0000000000
119731  53.442  28.476  48.443 0.0000000000
120483  52.943  29.073  49.202 0.0000000000
119744  52.906  27.762  47.784 0.0000000000
118958  51.936  27.694  47.824 0.0000000000
118971  51.391  27.322  46.972 0.0000000000
118257  50.255  26.383  45.732 0.0000000000
118992  50.850  26.967  46.064 0.0000000000
117527  50.484  25.747  45.342 0.0000000000
172692  52.995  12.964  48.340 0.0000000000
158452  54.492  11.899  48.802 0.0000000000
105975  54.209  11.960  49.642 0.0000000000
157766  55.752  10.879  50.607 0.0000000000
104008  56.711  9.733  51.764 0.0000000000
121142  53.581  30.715  54.003 0.0000000000
121133  53.508  30.521  54.941 0.0000000000
120409  53.883  29.492  55.070 0.0000000000
161488  54.550  28.720  54.650 0.0000000000
114457  50.363  22.026  49.619 0.0000000000
115216  51.135  22.277  48.968 0.0000000000
113717  50.988  21.394  49.449 0.0000000000
113713  54.295  20.523  49.884 0.0000000000
125542  46.924  35.984  53.468 0.0000000000
126207  46.514  37.457  53.503 0.0000000000
124837  47.630  35.542  53.348 0.0000000000
124836  48.663  35.844  53.597 0.0000000000
125540  49.766  36.208  54.072 0.0000000000
124115  50.567  34.714  54.183 0.0000000000
122582  52.228  33.083  55.462 0.0000000000
155440  57.266  17.589  38.940 0.0000000000
111437  55.912  17.486  39.167 0.0000000000
110574  56.166  16.569  37.443 0.0000000000
110586  55.927  15.890  36.781 0.0000000000
108917  55.277  14.757  36.552 0.0000000000
111389  47.325  17.174  42.660 0.0000000000
109707  46.359  16.831  42.725 0.0000000000
110531  47.086  16.757  42.575 0.0000000000
109700  47.740  15.393  43.770 0.0000000000
107972  47.651  12.752  43.554 0.0000000000
107043  46.743  11.597  42.888 0.0000000000
107042  47.453  11.821  42.676 0.0000000000
106089  47.582  10.819  42.125 0.0000000000
129612  52.098  42.404  50.089 0.0000000000
128937  52.780  42.168  48.483 0.0000000000
128930  52.399  40.879  49.621 0.0000000000
128244  52.437  40.280  49.266 0.0000000000
126954  52.136  39.310  49.123 0.0000000000
116067  46.152  23.079  44.967 0.0000000000
160757  45.437  22.880  44.846 0.0000000000
113754  44.985  20.668  46.452 0.0000000000
158438  44.643  19.362  46.631 0.0000000000
122597  46.410  32.399  51.845 0.0000000000
122594  47.338  32.145  51.935 0.0000000000
121899  46.797  31.577  51.881 0.0000000000
121889  46.565  30.913  52.119 0.0000000000
124129  38.400  35.398  53.220 0.0000000000
124851  38.057  35.895  53.554 0.0000000000
124861  39.438  35.225  52.706 0.0000000000
124859  41.422  35.290  52.261 0.0000000000
124128  42.215  35.565  52.455 0.0000000000
124847  43.258  35.484  52.514 0.0000000000
124127  43.015  34.797  52.068 0.0000000000
123366  44.407  33.921  52.108 0.0000000000
109712  54.183  15.942  42.243 0.0000000000
109723  53.591  15.118  41.870 0.0000000000
108867  53.055  14.494  42.610 0.0000000000
166323  53.586  12.718  43.178 0.0000000000
107041  54.040  12.577  43.994 0.0000000000
104992  58.368  10.747  48.609 0.0000000000
105986  58.067  11.081  47.900 0.0000000000
150745  59.442  10.617  48.540 0.0000000000
156145  60.508  10.342  48.693 0.0000000000
175959  61.372  9.642  48.711 0.0000000000
119741  55.750  29.297  46.621 0.0000000000
119755  56.036  29.151  45.615 0.0000000000
120498  56.604  29.871  46.208 0.0000000000
120512  56.793  29.485  45.399 0.0000000000
119771  56.939  29.096  44.605 0.0000000000
118967  57.014  27.644  47.460 0.0000000000
118966  57.465  28.263  46.572 0.0000000000
118255  57.423  26.584  45.797 0.0000000000
171128  58.063  25.372  44.464 0.0000000000
116073  57.796  24.124  43.112 0.0000000000
115284  58.042  22.931  42.503 0.0000000000
116072  58.401  23.385  43.143 0.0000000000
115277  58.832  22.606  42.798 0.0000000000
114520  58.996  21.795  42.509 0.0000000000
118891  52.571  27.464  54.622 0.0000000000
166889  53.425  26.818  54.604 0.0000000000
118159  53.361  26.285  54.391 0.0000000000
117461  53.259  25.994  53.194 0.0000000000
118216  53.296  26.247  50.448 0.0000000000
115239  54.753  22.333  47.123 0.0000000000
116027  54.486  23.151  46.919 0.0000000000
148101  55.459  21.873  46.852 0.0000000000
114488  57.137  21.642  46.017 0.0000000000
113765  59.208  20.765  44.517 0.0000000000
176602  58.717  20.143  45.237 0.0000000000
148556  60.149  18.910  44.323 0.0000000000
111396  59.489  17.424  42.954 0.0000000000
153278  58.893  17.297  42.659 0.0000000000
111385  59.248  17.253  43.630 0.0000000000
111374  59.562  17.130  44.533 0.0000000000
151140  58.759  17.216  45.011 0.0000000000
111313  59.805  17.375  48.639 0.0000000000
111330  59.646  17.323  47.637 0.0000000000
147803  58.812  17.390  48.246 0.0000000000
148155  56.532  17.592  47.877 0.0000000000
126319  47.322  37.503  45.155 0.0000000000
127007  47.954  37.769  44.824 0.0000000000
126992  48.561  38.219  45.395 0.0000000000
126991  49.170  38.584  45.241 0.0000000000
127650  49.161  38.816  45.874 0.0000000000
127621  49.175  39.208  47.240 0.0000000000
127620  49.506  39.983  47.553 0.0000000000
128223  42.253  41.273  51.072 0.0000000000
126927  43.318  38.836  51.438 0.0000000000
128222  42.889  41.165  51.716 0.0000000000
128205  43.585  41.222  52.184 0.0000000000
156289  45.958  43.159  55.023 0.0000000000
130246  44.695  43.739  54.504 0.0000000000
157235  45.488  43.725  54.568 0.0000000000
129577  46.240  44.333  53.990 0.0000000000
129591  47.939  43.337  52.742 0.0000000000
129590  48.718  42.714  52.193 0.0000000000
169251  48.198  44.532  53.406 0.0000000000
130921  48.751  44.900  53.649 0.0000000000
130920  49.817  44.502  52.927 0.0000000000
130930  50.605  44.422  51.843 0.0000000000
150958  49.714  44.526  53.530 0.0000000000
129576  50.321  43.017  53.849 0.0000000000
128876  50.780  41.871  54.192 0.0000000000
124107  51.932  35.062  54.362 0.0000000000
125539  51.725  35.908  53.615 0.0000000000
123361  53.329  34.115  52.663 0.0000000000
123360  53.696  33.672  52.023 0.0000000000
123373  53.866  33.368  51.321 0.0000000000
173224  53.967  32.901  50.779 0.0000000000
122614  54.867  31.841  49.894 0.0000000000
121215  55.974  30.891  48.424 0.0000000000
114501  53.990  22.026  44.258 0.0000000000
113766  53.010  21.390  44.499 0.0000000000
174088  53.826  21.169  44.275 0.0000000000
112208  52.919  18.902  43.182 0.0000000000
157226  52.160  18.360  41.463 0.0000000000
109761  51.898  16.137  37.236 0.0000000000
110578  51.446  16.546  37.787 0.0000000000
108890  51.243  14.444  39.135 0.0000000000
108007  51.106  13.745  39.863 0.0000000000
107998  50.912  12.964  40.400 0.0000000000
107057  50.126  12.144  41.260 0.0000000000
168836  50.448  11.572  41.046 0.0000000000
153165  50.815  10.612  41.933 0.0000000000
106076  51.848  10.970  43.485 0.0000000000
156349  56.112  10.820  40.083 0.0000000000
106104  55.491  11.170  39.404 0.0000000000
106102  56.922  10.244  40.138 0.0000000000
104106  57.396  9.572  41.008 0.0000000000
170350  56.578  9.523  41.779 0.0000000000
113770  47.329  21.610  44.358 0.0000000000
113760  47.215  20.232  45.035 0.0000000000
113769  47.585  20.840  44.385 0.0000000000
112992  48.532  19.559  44.088 0.0000000000
115281  49.088  21.763  44.023 0.0000000000
152768  48.922  20.471  43.610 0.0000000000
112201  48.546  18.589  43.661 0.0000000000
111388  48.353  17.790  43.039 0.0000000000
112222  48.777  17.832  42.398 0.0000000000
110538  47.860  16.979  41.509 0.0000000000
125572  52.641  36.643  50.826 0.0000000000
125578  52.359  37.214  50.610 0.0000000000
123398  51.438  33.460  49.802 0.0000000000
120473  52.360  29.829  49.591 0.0000000000
118258  49.348  26.324  45.852 0.0000000000
118278  48.971  25.886  45.506 0.0000000000
116052  47.472  23.701  45.238 0.0000000000
115271  47.309  22.366  44.595 0.0000000000
124130  37.499  35.373  53.487 0.0000000000
124142  38.998  34.585  52.243 0.0000000000
123379  40.399  33.632  51.209 0.0000000000
109692  52.617  15.138  45.190 0.0000000000
107970  53.470  13.158  45.147 0.0000000000
107964  53.385  13.033  46.035 0.0000000000
107000  55.103  12.043  46.900 0.0000000000
176111  55.668  11.609  47.825 0.0000000000
105989  55.175  11.626  48.496 0.0000000000
105988  56.117  11.403  48.464 0.0000000000
105971  57.493  10.834  48.626 0.0000000000
151762  58.559  10.410  49.475 0.0000000000
104007  59.590  9.246  51.295 0.0000000000
121196  55.884  30.906  50.220 0.0000000000
121922  56.434  30.719  49.591 0.0000000000
121195  56.318  30.216  50.357 0.0000000000
120453  56.475  29.320  50.859 0.0000000000
120469  57.082  28.937  50.283 0.0000000000
120435  54.712  29.450  52.744 0.0000000000
119694  56.360  28.629  51.763 0.0000000000
119722  57.220  28.531  49.636 0.0000000000
118949  56.795  28.081  49.249 0.0000000000
118968  56.330  27.369  47.958 0.0000000000
118236  55.993  26.767  47.555 0.0000000000
116752  51.651  24.926  52.428 0.0000000000
117476  51.948  25.244  51.259 0.0000000000
116757  51.223  24.646  50.813 0.0000000000
116760  51.705  24.285  49.133 0.0000000000
116016  52.396  23.373  48.192 0.0000000000
114466  52.001  22.146  48.659 0.0000000000
115226  52.562  22.471  48.239 0.0000000000
114480  54.119  21.758  47.741 0.0000000000
114479  54.796  21.370  47.443 0.0000000000
170799  56.388  20.001  47.492 0.0000000000
112956  57.237  19.582  47.207 0.0000000000
112969  60.182  18.485  46.867 0.0000000000
152512  59.535  18.808  47.333 0.0000000000
112954  58.987  18.829  48.098 0.0000000000
112943  59.723  18.801  48.790 0.0000000000
112938  59.572  19.188  49.644 0.0000000000
175384  60.190  18.473  49.136 0.0000000000
111302  60.474  17.626  49.886 0.0000000000
111293  60.518  17.623  50.688 0.0000000000
110447  60.467  17.116  51.106 0.0000000000
126261  47.144  37.435  48.647 0.0000000000
127539  42.628  39.741  54.641 0.0000000000
128186  42.929  40.288  54.854 0.0000000000
128185  43.452  40.520  54.813 0.0000000000
128184  43.998  40.857  54.803 0.0000000000
128183  44.899  41.025  54.596 0.0000000000
126895  46.226  38.686  53.642 0.0000000000
127549  46.207  39.571  53.985 0.0000000000
128182  46.028  40.989  54.395 0.0000000000
128861  46.522  42.096  54.503 0.0000000000
128181  47.199  40.919  54.242 0.0000000000
128180  48.545  40.710  54.243 0.0000000000
128179  49.824  40.955  54.372 0.0000000000
160567  49.479  40.079  54.315 0.0000000000
126881  50.204  38.484  54.698 0.0000000000
165233  50.567  37.351  54.823 0.0000000000
124835  50.621  35.635  54.485 0.0000000000
124829  51.130  35.750  54.717 0.0000000000
174645  52.190  34.521  54.641 0.0000000000
123354  52.773  33.673  53.729 0.0000000000
172374  54.000  31.999  52.372 0.0000000000
113010  55.643  19.532  42.636 0.0000000000
112216  54.985  18.772  42.530 0.0000000000
111410  54.977  17.941  41.274 0.0000000000
160157  54.054  17.339  39.552 0.0000000000
111453  53.089  17.088  38.283 0.0000000000
175806  54.461  16.615  38.231 0.0000000000
110576  53.804  16.398  37.890 0.0000000000
110577  52.824  16.622  37.537 0.0000000000
108899  52.149  14.738  37.943 0.0000000000
108005  52.437  12.961  38.725 0.0000000000
107075  52.439  12.047  39.269 0.0000000000
104070  59.419  9.716  45.099 0.0000000000
104080  58.570  9.620  44.751 0.0000000000
149940  58.652  9.492  45.944 0.0000000000
155693  43.955  11.441  44.816 0.0000000000
168805  46.185  17.764  44.601 0.0000000000
111381  45.137  17.027  42.877 0.0000000000
109702  45.843  16.297  44.201 0.0000000000
109701  46.718  16.108  43.771 0.0000000000
109693  46.530  15.347  45.028 0.0000000000
107967  45.818  13.254  45.675 0.0000000000
107027  45.416  12.003  44.706 0.0000000000
105049  44.531  10.894  44.092 0.0000000000
105036  44.936  10.534  44.739 0.0000000000
105048  46.206  10.739  43.009 0.0000000000
105034  46.876  10.527  45.146 0.0000000000
156974  48.580  11.410  46.842 0.0000000000
158597  53.054  41.575  47.898 0.0000000000
127632  54.116  40.862  46.470 0.0000000000
125579  51.823  37.360  50.294 0.0000000000
126249  51.723  38.012  49.941 0.0000000000
121879  50.453  32.113  53.854 0.0000000000
121872  50.928  31.597  54.321 0.0000000000
121873  50.146  31.083  54.014 0.0000000000
121135  50.757  30.100  54.523 0.0000000000
121881  48.794  30.909  53.463 0.0000000000
121137  48.992  29.879  54.314 0.0000000000
120410  50.779  29.289  54.497 0.0000000000
118892  51.625  27.311  54.480 0.0000000000
118161  51.262  26.498  54.243 0.0000000000
117464  50.959  25.056  53.746 0.0000000000
170978  50.904  24.727  53.548 0.0000000000
116749  50.463  24.244  53.260 0.0000000000
115993  50.134  23.797  52.349 0.0000000000
127600  41.951  40.185  49.781 0.0000000000
127603  40.442  40.093  49.369 0.0000000000
127602  40.707  40.973  49.954 0.0000000000
128238  40.916  41.324  50.502 0.0000000000
128225  40.850  41.267  50.935 0.0000000000
127584  41.396  39.973  52.530 0.0000000000
162903  41.477  39.335  53.678 0.0000000000
125559  38.506  36.248  53.428 0.0000000000
126222  39.986  37.856  53.302 0.0000000000
126900  41.213  38.517  54.033 0.0000000000
126885  41.987  39.337  54.311 0.0000000000
126899  42.465  38.616  54.314 0.0000000000
126209  43.901  37.715  53.341 0.0000000000
125544  44.785  36.909  53.143 0.0000000000
124846  44.167  35.425  52.549 0.0000000000
124845  45.024  35.353  52.685 0.0000000000
173651  45.499  36.072  53.185 0.0000000000
124123  47.504  34.801  52.855 0.0000000000
123362  48.507  33.643  52.452 0.0000000000
110567  57.560  15.853  39.105 0.0000000000
109739  57.015  15.412  38.411 0.0000000000
109740  56.028  15.211  38.878 0.0000000000
166372  54.646  14.384  39.239 0.0000000000
107996  53.842  13.132  40.455 0.0000000000
107989  53.483  13.257  41.578 0.0000000000
107056  53.993  12.525  41.166 0.0000000000
106096  55.316  11.488  40.771 0.0000000000
106095  56.367  11.048  41.014 0.0000000000
106085  57.544  10.688  42.144 0.0000000000
105053  59.172  10.105  43.168 0.0000000000
107034  54.153  12.620  44.865 0.0000000000
107033  54.781  12.130  44.593 0.0000000000
107024  55.578  11.769  45.050 0.0000000000
106004  58.142  11.320  47.115 0.0000000000
106030  57.358  11.412  45.826 0.0000000000
163065  56.665  11.531  44.737 0.0000000000
105041  59.375  10.094  44.122 0.0000000000
105029  59.843  10.054  44.854 0.0000000000
151321  59.729  9.775  45.907 0.0000000000
119006  53.095  27.391  45.373 0.0000000000
117544  52.348  25.630  44.570 0.0000000000
147133  53.109  25.919  44.477 0.0000000000
117552  54.000  25.895  44.222 0.0000000000
151849  54.362  25.045  43.886 0.0000000000
119020  54.853  27.615  44.374 0.0000000000
117551  54.923  25.960  43.560 0.0000000000
157663  54.723  24.143  43.470 0.0000000000
116076  54.635  23.380  43.334 0.0000000000
147524  55.590  22.323  43.323 0.0000000000
121222  57.516  30.231  47.524 0.0000000000
120511  57.187  29.402  45.459 0.0000000000
119770  57.217  28.692  44.610 0.0000000000
119004  57.567  27.753  44.813 0.0000000000
118293  57.361  26.475  43.639 0.0000000000
118294  56.493  26.651  43.358 0.0000000000
116075  55.907  23.613  42.664 0.0000000000
115278  56.253  22.937  42.554 0.0000000000
113773  55.647  21.199  43.199 0.0000000000
113787  56.010  20.410  42.734 0.0000000000
153558  56.405  18.721  41.204 0.0000000000
112243  56.850  18.447  40.461 0.0000000000
113785  57.834  20.895  42.132 0.0000000000
112229  57.409  18.970  40.978 0.0000000000
112253  57.336  18.163  39.810 0.0000000000
112252  58.278  18.157  39.436 0.0000000000
111436  58.603  17.536  38.693 0.0000000000
157600  58.904  16.693  38.658 0.0000000000
120403  52.963  30.026  55.314 0.0000000000
119657  54.218  28.670  55.092 0.0000000000
118888  55.187  27.512  54.541 0.0000000000
118158  54.556  26.768  54.653 0.0000000000
118916  55.150  27.039  54.446 0.0000000000
118205  55.574  27.120  52.521 0.0000000000
118219  55.371  27.292  49.100 0.0000000000
164397  55.817  26.062  47.097 0.0000000000
117480  52.546  25.672  50.345 0.0000000000
117484  53.027  25.942  49.592 0.0000000000
151916  53.463  26.006  48.973 0.0000000000
165619  53.649  24.433  47.343 0.0000000000
117500  54.184  25.172  47.403 0.0000000000
118226  54.088  26.342  48.744 0.0000000000
151724  55.087  25.628  47.298 0.0000000000
117499  55.807  25.226  46.761 0.0000000000
172295  57.327  24.617  46.104 0.0000000000
116051  58.448  23.484  45.026 0.0000000000
115259  58.824  22.719  44.632 0.0000000000
114519  59.682  21.153  43.093 0.0000000000
113764  59.950  20.650  43.816 0.0000000000
113783  59.906  20.255  42.609 0.0000000000
113019  59.518  19.285  41.192 0.0000000000
171480  59.474  18.558  40.769 0.0000000000
110564  59.400  17.164  39.674 0.0000000000
110566  58.538  16.276  39.000 0.0000000000
154645  57.851  16.464  40.009 0.0000000000
110547  56.977  16.621  40.969 0.0000000000
110548  55.864  16.588  41.407 0.0000000000
111397  57.990  17.335  42.440 0.0000000000
110534  56.615  16.868  41.900 0.0000000000
110535  55.613  16.866  42.202 0.0000000000
110536  54.705  16.673  42.584 0.0000000000
110529  54.465  16.826  43.422 0.0000000000
109698  53.151  15.846  44.221 0.0000000000
111357  60.336  17.689  46.164 0.0000000000
171305  58.970  17.265  45.647 0.0000000000
147799  57.896  17.568  45.669 0.0000000000
111331  58.628  17.470  47.403 0.0000000000
111360  56.881  17.649  45.699 0.0000000000
147796  56.112  17.563  45.364 0.0000000000
149079  55.206  17.451  44.994 0.0000000000
110523  53.628  16.594  44.664 0.0000000000
109691  53.055  15.859  44.940 0.0000000000
110512  52.863  15.820  45.652 0.0000000000
108846  52.370  14.447  46.342 0.0000000000
108838  52.328  14.225  47.080 0.0000000000
151726  52.291  13.964  47.951 0.0000000000
127672  50.658  38.805  43.964 0.0000000000
127659  49.866  38.968  45.079 0.0000000000
165494  50.663  39.346  44.793 0.0000000000
147273  51.265  39.341  44.130 0.0000000000
128297  51.037  40.159  45.412 0.0000000000
128967  50.855  41.081  46.137 0.0000000000
128953  51.360  41.764  46.397 0.0000000000
170340  47.095  37.605  49.478 0.0000000000
126948  47.567  38.159  49.919 0.0000000000
128878  43.038  41.508  53.704 0.0000000000
163729  43.932  42.467  53.296 0.0000000000
129593  44.935  43.270  53.396 0.0000000000
127591  47.722  39.000  51.045 0.0000000000
126947  48.108  38.679  49.457 0.0000000000
127599  48.547  39.465  49.874 0.0000000000
171698  48.949  40.181  49.737 0.0000000000
128245  49.361  40.595  49.050 0.0000000000
128904  49.181  41.856  51.106 0.0000000000
128921  49.337  41.739  50.296 0.0000000000
128939  50.032  41.312  48.497 0.0000000000
128938  50.553  42.026  48.103 0.0000000000
129638  51.037  42.720  47.918 0.0000000000
129637  51.544  43.013  47.366 0.0000000000
130315  51.525  43.402  48.182 0.0000000000
167217  52.073  43.483  49.257 0.0000000000
130929  51.025  44.399  51.494 0.0000000000
130283  51.430  43.736  51.523 0.0000000000
130282  51.905  42.999  50.934 0.0000000000
129598  51.589  42.101  50.903 0.0000000000
128218  51.632  40.334  50.805 0.0000000000
126921  52.224  38.849  50.846 0.0000000000
128178  50.476  41.095  54.524 0.0000000000
128193  50.728  41.085  54.448 0.0000000000
127561  50.629  40.318  53.967 0.0000000000
126203  51.331  37.589  53.762 0.0000000000
167282  51.099  38.234  53.489 0.0000000000
128199  50.691  40.291  52.946 0.0000000000
127560  51.006  39.348  52.322 0.0000000000
126909  52.191  38.055  51.701 0.0000000000
126230  52.573  37.357  51.124 0.0000000000
124868  53.302  35.198  50.748 0.0000000000
123396  52.887  33.217  50.055 0.0000000000
165984  53.547  30.989  49.461 0.0000000000
122625  54.166  32.060  49.954 0.0000000000
121217  54.248  30.360  49.125 0.0000000000
120482  53.889  29.382  48.880 0.0000000000
119743  53.819  28.167  47.516 0.0000000000
118989  53.358  27.566  46.033 0.0000000000
116062  52.089  24.076  44.755 0.0000000000
114503  51.660  22.004  44.478 0.0000000000
114514  51.333  21.246  44.321 0.0000000000
113767  51.972  20.829  44.355 0.0000000000
113777  51.079  20.565  43.676 0.0000000000
113000  50.733  20.179  42.815 0.0000000000
151866  50.363  18.999  42.038 0.0000000000
111400  49.829  18.322  41.652 0.0000000000
110551  48.371  16.981  40.866 0.0000000000
112231  54.340  18.171  42.005 0.0000000000
111412  52.751  17.827  40.808 0.0000000000
112245  51.479  18.176  40.351 0.0000000000
110579  50.754  16.523  38.342 0.0000000000
111442  50.327  17.097  38.894 0.0000000000
157001  49.934  17.335  39.652 0.0000000000
111428  49.245  17.162  40.121 0.0000000000
110550  48.700  16.517  40.792 0.0000000000
109714  48.811  15.441  42.009 0.0000000000
107985  48.902  13.411  42.635 0.0000000000
160735  48.619  12.238  42.427 0.0000000000
105074  48.226  10.465  42.286 0.0000000000
106088  49.245  10.961  41.796 0.0000000000
105060  49.195  10.497  42.724 0.0000000000
106066  49.250  10.794  43.790 0.0000000000
106050  49.542  11.467  45.484 0.0000000000
108897  55.815  14.445  37.145 0.0000000000
108898  55.000  14.195  37.604 0.0000000000
108017  54.593  14.074  38.119 0.0000000000
106114  55.184  11.254  38.471 0.0000000000
106124  54.956  11.504  38.254 0.0000000000
108012  54.113  13.146  38.212 0.0000000000
106126  53.671  11.626  38.549 0.0000000000
105102  53.203  10.794  39.356 0.0000000000
105094  52.649  10.569  40.149 0.0000000000
104088  57.492  9.505  43.840 0.0000000000
104094  57.478  9.416  42.993 0.0000000000
104101  56.534  9.562  42.733 0.0000000000
105030  55.725  10.045  45.085 0.0000000000
105042  55.652  10.121  44.340 0.0000000000
105068  55.465  9.859  42.387 0.0000000000
105069  54.469  10.236  42.141 0.0000000000
105070  53.512  10.306  41.851 0.0000000000
105071  52.458  10.364  41.835 0.0000000000
105057  52.353  10.674  42.802 0.0000000000
103987  56.283  9.325  52.273 0.0000000000
103108  57.525  8.615  52.638 0.0000000000
103085  59.007  8.052  53.281 0.0000000000
103107  58.512  8.483  52.657 0.0000000000
102200  60.050  7.219  54.654 0.0000000000
102219  60.207  7.570  53.879 0.0000000000
102221  58.419  7.538  53.886 0.0000000000
103166  58.442  9.192  47.741 0.0000000000
103984  59.228  8.840  52.102 0.0000000000
103985  58.041  8.956  52.045 0.0000000000
103986  57.089  9.209  52.198 0.0000000000
104009  55.978  9.892  51.866 0.0000000000
104021  61.116  9.433  50.134 0.0000000000
104022  59.005  9.592  50.705 0.0000000000
104035  61.290  9.978  48.681 0.0000000000
104045  61.340  9.674  48.383 0.0000000000
104046  61.166  9.741  47.924 0.0000000000
104048  59.339  9.518  47.269 0.0000000000
104071  58.086  9.384  45.506 0.0000000000
104073  55.939  9.507  46.331 0.0000000000
104079  59.403  9.949  44.244 0.0000000000
104081  57.474  9.457  44.878 0.0000000000
104082  56.263  9.663  45.456 0.0000000000
104087  58.489  9.659  43.971 0.0000000000
104095  56.476  9.682  43.693 0.0000000000
104098  59.031  9.974  42.591 0.0000000000
104099  58.670  9.789  42.093 0.0000000000
104107  56.242  9.451  40.855 0.0000000000
104110  57.491  9.788  40.687 0.0000000000
104111  56.922  9.668  40.215 0.0000000000
104113  55.279  9.643  40.539 0.0000000000
104118  56.569  9.840  39.481 0.0000000000
104119  55.924  9.817  39.052 0.0000000000
104942  57.056  10.127  51.172 0.0000000000
104956  58.374  10.068  50.406 0.0000000000
104958  55.133  11.140  50.834 0.0000000000
104973  57.529  10.613  49.357 0.0000000000
104989  61.245  10.122  47.965 0.0000000000
105006  60.279  10.621  46.711 0.0000000000
105007  59.888  11.106  47.002 0.0000000000
105021  60.225  10.348  45.908 0.0000000000
105054  55.556  10.089  43.424 0.0000000000
105058  51.387  10.676  42.567 0.0000000000
105059  50.213  10.607  42.391 0.0000000000
105067  58.303  10.075  41.502 0.0000000000
105073  49.103  10.526  41.985 0.0000000000
105080  57.690  9.950  40.777 0.0000000000
105083  53.223  10.232  40.853 0.0000000000
105085  51.355  10.866  40.748 0.0000000000
105090  57.017  9.886  40.118 0.0000000000
105093  53.716  10.386  39.785 0.0000000000
105099  56.109  10.191  38.944 0.0000000000
105101  54.195  10.682  38.941 0.0000000000
105106  55.354  10.828  38.632 0.0000000000
105961  55.384  11.275  50.124 0.0000000000
105972  56.660  10.919  49.121 0.0000000000
105973  55.726  11.336  49.309 0.0000000000
105974  54.906  11.562  49.447 0.0000000000
105985  58.940  11.170  47.294 0.0000000000
105987  57.013  11.163  48.227 0.0000000000
106027  60.057  10.433  45.428 0.0000000000
106028  59.527  11.036  45.733 0.0000000000
106029  58.302  11.280  46.262 0.0000000000
106031  56.227  11.636  46.187 0.0000000000
106046  57.755  11.344  44.851 0.0000000000
106047  56.478  11.576  45.418 0.0000000000
106048  51.590  11.434  45.133 0.0000000000
106058  58.816  10.740  44.681 0.0000000000
106059  58.586  10.717  43.996 0.0000000000
106061  56.351  11.561  44.168 0.0000000000
106067  47.555  10.467  44.421 0.0000000000
106069  44.277  10.980  44.290 0.0000000000
106072  57.268  11.182  43.109 0.0000000000
106073  55.886  11.569  43.496 0.0000000000
106079  47.020  11.146  42.360 0.0000000000
106080  46.234  11.063  42.699 0.0000000000
106084  58.362  10.438  42.406 0.0000000000
106097  50.639  11.059  41.181 0.0000000000
106098  50.013  11.297  41.460 0.0000000000
106103  56.305  10.403  39.273 0.0000000000
106105  52.337  10.919  39.710 0.0000000000
106107  50.967  11.434  40.659 0.0000000000
106113  55.679  10.662  38.834 0.0000000000
106115  53.831  11.149  38.669 0.0000000000
106116  52.952  11.384  39.128 0.0000000000
106117  52.193  11.412  39.569 0.0000000000
106125  54.271  11.507  38.269 0.0000000000
106986  53.896  12.307  48.968 0.0000000000
106991  54.328  12.239  48.090 0.0000000000
106992  53.580  12.605  48.280 0.0000000000
107001  54.582  12.312  47.214 0.0000000000
107015  55.381  11.913  46.310 0.0000000000
107016  54.785  12.269  46.429 0.0000000000
107025  54.769  12.233  45.212 0.0000000000
107044  45.995  11.354  43.040 0.0000000000
107048  54.419  11.951  41.558 0.0000000000
107051  47.865  11.446  42.144 0.0000000000
107058  49.558  11.885  41.748 0.0000000000
107065  54.319  12.491  40.126 0.0000000000
107067  50.609  12.165  40.715 0.0000000000
107074  54.752  12.042  38.221 0.0000000000
107076  51.839  11.975  39.767 0.0000000000
107080  54.586  12.224  38.270 0.0000000000
107081  53.946  12.171  38.225 0.0000000000
107948  52.685  13.569  47.342 0.0000000000
107965  52.895  13.553  45.567 0.0000000000
108004  54.106  13.808  39.702 0.0000000000
108006  51.686  13.397  39.227 0.0000000000
108019  53.450  14.318  37.850 0.0000000000
108851  52.536  14.288  45.539 0.0000000000
108856  52.683  14.577  44.694 0.0000000000
108861  52.800  14.959  43.975 0.0000000000
108863  47.944  14.194  44.117 0.0000000000
108874  53.599  14.104  40.866 0.0000000000
108882  49.885  14.956  40.460 0.0000000000
108896  56.396  14.877  36.880 0.0000000000
108900  51.410  15.199  38.294 0.0000000000
108907  55.836  14.682  36.617 0.0000000000
108908  54.729  14.461  37.104 0.0000000000
108910  52.829  14.901  37.735 0.0000000000
108911  51.909  15.477  37.429 0.0000000000
108916  55.649  14.892  36.435 0.0000000000
109684  52.470  15.099  45.981 0.0000000000
109715  48.265  15.789  42.410 0.0000000000
109721  55.311  16.121  40.954 0.0000000000
109724  49.028  15.726  41.289 0.0000000000
109730  56.727  15.573  39.289 0.0000000000
109732  54.804  15.468  40.523 0.0000000000
109741  55.119  15.081  39.551 0.0000000000
109742  49.962  15.819  39.129 0.0000000000
109743  49.421  16.299  39.569 0.0000000000
109747  58.040  16.250  37.378 0.0000000000
109748  57.783  15.906  37.396 0.0000000000
109750  56.349  14.879  37.731 0.0000000000
109751  51.216  16.021  37.702 0.0000000000
109752  50.574  15.974  38.479 0.0000000000
109757  56.925  15.613  36.912 0.0000000000
109758  54.340  15.429  36.887 0.0000000000
109759  53.589  15.530  37.193 0.0000000000
109766  55.099  15.076  36.428 0.0000000000
110461  60.219  17.087  50.484 0.0000000000
110462  59.730  16.819  50.866 0.0000000000
110501  52.736  15.815  46.475 0.0000000000
110524  45.621  16.815  42.920 0.0000000000
110530  53.701  16.432  43.800 0.0000000000
110537  53.903  16.224  43.021 0.0000000000
110539  46.811  16.947  42.527 0.0000000000
110544  59.314  16.875  40.235 0.0000000000
110549  54.966  16.488  41.745 0.0000000000
110560  48.996  16.779  40.294 0.0000000000
110565  59.161  16.752  39.433 0.0000000000
110573  58.443  16.272  37.989 0.0000000000
110587  55.033  15.560  36.756 0.0000000000
110588  53.490  16.004  37.284 0.0000000000
110589  52.667  16.158  37.267 0.0000000000
110593  56.366  15.536  36.669 0.0000000000
110594  55.727  15.235  36.464 0.0000000000
111294  59.534  16.949  50.071 0.0000000000
111303  59.984  17.247  49.524 0.0000000000
111304  58.960  17.257  49.007 0.0000000000
111312  60.203  17.696  49.010 0.0000000000
111314  59.586  17.320  48.427 0.0000000000
111329  60.039  17.353  47.100 0.0000000000
111333  54.684  17.371  47.448 0.0000000000
111343  60.359  17.635  46.756 0.0000000000
111346  57.128  17.658  46.378 0.0000000000
111358  60.172  17.504  45.744 0.0000000000
111359  59.661  17.389  46.016 0.0000000000
111361  55.161  17.411  45.921 0.0000000000
111363  53.854  16.957  45.506 0.0000000000
111375  58.487  17.329  44.204 0.0000000000
111378  54.361  17.186  44.779 0.0000000000
111380  45.874  17.192  43.109 0.0000000000
111384  59.929  17.540  44.001 0.0000000000
111390  46.377  16.962  42.697 0.0000000000
111401  48.274  17.234  41.668 0.0000000000
111406  59.340  17.169  41.004 0.0000000000
111411  53.899  17.740  41.076 0.0000000000
111415  48.649  17.077  40.543 0.0000000000
111420  59.492  17.416  40.203 0.0000000000
111427  50.802  17.784  39.698 0.0000000000
111434  59.313  17.595  39.635 0.0000000000
111435  59.170  17.267  38.988 0.0000000000
111438  54.869  17.385  39.364 0.0000000000
111441  51.311  17.445  38.861 0.0000000000
111448  58.679  16.942  38.206 0.0000000000
111450  57.153  16.830  37.489 0.0000000000
111451  55.238  16.964  38.421 0.0000000000
111454  51.754  17.069  38.122 0.0000000000
111455  51.033  16.976  38.292 0.0000000000
111461  57.704  16.532  37.286 0.0000000000
112143  60.003  18.931  51.488 0.0000000000
112154  60.140  19.102  50.874 0.0000000000
112160  60.344  18.336  49.377 0.0000000000
112162  60.533  18.040  47.990 0.0000000000
112178  60.474  18.048  46.403 0.0000000000
112206  60.141  18.390  43.710 0.0000000000
112207  54.146  18.961  43.119 0.0000000000
112210  49.062  18.602  42.991 0.0000000000
112214  59.807  18.214  42.057 0.0000000000
112215  55.896  18.982  41.962 0.0000000000
112218  52.484  18.569  42.366 0.0000000000
112219  51.569  18.866  41.995 0.0000000000
112232  53.164  18.100  41.746 0.0000000000
112233  51.955  18.202  40.825 0.0000000000
112240  59.314  18.145  40.154 0.0000000000
112244  52.118  17.983  40.290 0.0000000000
112246  50.891  18.216  40.550 0.0000000000
112911  59.046  19.646  51.529 0.0000000000
112937  60.076  18.723  49.325 0.0000000000
112942  60.228  18.366  48.730 0.0000000000
112946  57.025  19.463  48.775 0.0000000000
112953  60.160  18.496  47.858 0.0000000000
112955  58.427  19.154  47.329 0.0000000000
112970  59.293  19.024  46.566 0.0000000000
112972  45.449  19.660  46.340 0.0000000000
112983  60.167  18.742  45.898 0.0000000000
112986  46.756  19.644  45.545 0.0000000000
112990  60.004  19.784  44.392 0.0000000000
112993  47.818  19.802  44.587 0.0000000000
112997  54.564  19.862  43.463 0.0000000000
112998  53.478  19.652  43.631 0.0000000000
113001  50.142  20.189  42.814 0.0000000000
113009  56.476  19.720  42.351 0.0000000000
113011  55.015  19.391  43.062 0.0000000000
113014  50.603  19.697  42.376 0.0000000000
113021  57.918  19.579  41.353 0.0000000000
113022  56.936  19.255  41.742 0.0000000000
113027  58.406  19.071  40.710 0.0000000000
113704  50.817  20.752  49.911 0.0000000000
113722  54.889  20.442  49.301 0.0000000000
113736  55.810  20.095  48.173 0.0000000000
113752  56.579  20.255  46.756 0.0000000000
113753  55.823  20.478  47.256 0.0000000000
113759  58.246  20.922  45.261 0.0000000000
113776  51.825  20.206  43.872 0.0000000000
113779  49.585  20.617  43.299 0.0000000000
114454  53.251  21.054  49.138 0.0000000000
114465  52.707  21.655  48.600 0.0000000000
114489  56.261  21.316  46.561 0.0000000000
114494  57.857  21.772  45.562 0.0000000000
114500  59.663  21.414  43.819 0.0000000000
114508  45.899  22.195  45.072 0.0000000000
114511  59.461  22.074  43.298 0.0000000000
114515  50.526  21.093  43.970 0.0000000000
114516  48.920  21.177  43.645 0.0000000000
114522  56.378  21.174  42.827 0.0000000000
115217  50.460  22.871  49.571 0.0000000000
115225  53.304  22.072  47.921 0.0000000000
115227  51.815  22.856  48.544 0.0000000000
115241  53.087  22.985  47.707 0.0000000000
115260  58.218  22.613  45.414 0.0000000000
115265  59.149  22.792  43.683 0.0000000000
115267  52.403  22.594  44.574 0.0000000000
115270  48.151  22.264  44.260 0.0000000000
115279  54.709  22.629  43.523 0.0000000000
115280  53.880  22.907  43.724 0.0000000000
115285  57.200  23.034  42.266 0.0000000000
116005  51.171  23.410  49.109 0.0000000000
116028  53.688  23.550  47.232 0.0000000000
116029  52.904  24.087  47.752 0.0000000000
116060  58.325  23.915  43.970 0.0000000000
116061  53.068  23.860  44.321 0.0000000000
116742  51.239  24.730  53.240 0.0000000000
116753  50.672  24.280  51.521 0.0000000000
116759  52.191  24.980  48.935 0.0000000000
116787  54.468  24.123  46.904 0.0000000000
116798  57.474  23.966  45.908 0.0000000000
116799  56.630  24.886  46.426 0.0000000000
116807  57.877  24.779  45.449 0.0000000000
116820  52.865  24.477  44.391 0.0000000000
116821  52.255  24.931  44.530 0.0000000000
116829  57.477  24.872  43.216 0.0000000000
116831  55.721  24.271  42.986 0.0000000000
117487  54.444  26.110  47.881 0.0000000000
117488  53.667  25.739  48.198 0.0000000000
117489  52.912  25.463  48.726 0.0000000000
117528  50.074  25.378  45.334 0.0000000000
117542  57.919  26.259  44.218 0.0000000000
117545  51.662  25.328  44.770 0.0000000000
117549  56.853  25.637  43.280 0.0000000000
117550  55.828  25.901  43.296 0.0000000000
118186  55.413  27.041  53.540 0.0000000000
118187  54.731  26.624  54.124 0.0000000000
118188  54.013  26.416  54.392 0.0000000000
118189  52.565  25.840  54.107 0.0000000000
118212  52.784  25.912  51.309 0.0000000000
118215  54.351  26.636  50.469 0.0000000000
118224  55.619  27.084  48.256 0.0000000000
118235  56.470  26.500  46.950 0.0000000000
118237  55.257  26.444  47.724 0.0000000000
118277  50.502  26.065  45.440 0.0000000000
118289  53.503  26.581  44.456 0.0000000000
118889  54.895  27.264  54.852 0.0000000000
118890  54.237  27.097  54.753 0.0000000000
118894  49.120  27.855  54.359 0.0000000000
118935  55.874  27.583  52.698 0.0000000000
118945  56.098  27.473  50.803 0.0000000000
118948  57.360  28.576  48.665 0.0000000000
118956  56.874  27.946  48.307 0.0000000000
118957  56.158  27.586  48.762 0.0000000000
118959  51.068  27.560  47.943 0.0000000000
118987  57.454  27.579  45.786 0.0000000000
118991  51.761  27.100  46.123 0.0000000000
118993  50.013  26.759  46.391 0.0000000000
119005  54.057  27.529  44.997 0.0000000000
119007  52.168  26.961  45.362 0.0000000000
119009  50.932  26.412  45.531 0.0000000000
119018  57.204  27.982  44.076 0.0000000000
119021  52.951  27.057  44.784 0.0000000000
119025  57.019  27.353  43.627 0.0000000000
119659  52.431  29.450  55.038 0.0000000000
119663  54.839  27.981  54.792 0.0000000000
119665  52.547  28.500  54.833 0.0000000000
119668  49.234  28.707  54.609 0.0000000000
119680  55.296  28.134  54.151 0.0000000000
119695  56.010  28.094  52.742 0.0000000000
119710  56.693  28.458  51.004 0.0000000000
119718  57.328  28.843  49.811 0.0000000000
119719  56.944  28.456  50.322 0.0000000000
119729  57.759  29.226  47.949 0.0000000000
119732  52.459  28.284  48.593 0.0000000000
119772  56.319  28.864  44.807 0.0000000000
119781  56.901  28.523  44.147 0.0000000000
119782  56.579  28.616  44.295 0.0000000000
120402  53.577  29.333  55.240 0.0000000000
120420  54.749  28.868  53.690 0.0000000000
120434  55.788  28.942  52.299 0.0000000000
120468  57.271  29.399  49.500 0.0000000000
120479  57.696  29.893  48.072 0.0000000000
120480  55.789  30.258  48.091 0.0000000000
120491  56.307  29.998  47.186 0.0000000000
120496  57.495  29.793  46.446 0.0000000000
121128  53.037  30.827  55.515 0.0000000000
121129  52.652  30.834  55.392 0.0000000000
121136  49.907  30.301  54.274 0.0000000000
121153  55.341  29.834  51.831 0.0000000000
121155  48.146  30.526  53.325 0.0000000000
121171  55.839  30.273  51.033 0.0000000000
121202  57.150  30.625  48.636 0.0000000000
121203  57.054  30.284  49.207 0.0000000000
121204  54.566  31.148  49.290 0.0000000000
121206  51.774  30.555  49.759 0.0000000000
121213  57.368  30.464  48.100 0.0000000000
121216  55.177  30.663  48.753 0.0000000000
121231  57.375  30.181  46.888 0.0000000000
121863  53.193  31.202  55.415 0.0000000000
121871  51.703  31.569  54.766 0.0000000000
121886  53.378  32.430  52.970 0.0000000000
121897  55.366  31.296  50.820 0.0000000000
121900  46.055  31.631  51.876 0.0000000000
121924  54.813  31.934  50.563 0.0000000000
121938  55.491  31.365  49.441 0.0000000000
121939  54.877  31.491  49.371 0.0000000000
121940  53.776  31.692  49.665 0.0000000000
121941  52.862  31.513  49.595 0.0000000000
121954  56.227  31.188  49.072 0.0000000000
122574  53.067  32.059  55.476 0.0000000000
122580  53.133  32.555  55.021 0.0000000000
122587  48.866  31.731  53.006 0.0000000000
122593  48.778  32.667  52.607 0.0000000000
122598  45.561  32.421  51.767 0.0000000000
122615  54.294  32.341  50.403 0.0000000000
122616  53.745  32.734  50.417 0.0000000000
123348  52.725  33.304  54.929 0.0000000000
123349  52.256  33.609  55.335 0.0000000000
123350  51.948  33.944  55.389 0.0000000000
123351  51.379  34.162  54.824 0.0000000000
123365  45.145  33.967  52.285 0.0000000000
123374  53.675  34.286  51.819 0.0000000000
123376  43.332  33.398  51.511 0.0000000000
123377  42.446  33.348  51.239 0.0000000000
123380  39.470  33.894  51.373 0.0000000000
123388  53.287  33.405  50.395 0.0000000000
123389  52.919  33.969  50.134 0.0000000000
124108  51.504  34.989  54.807 0.0000000000
124114  52.557  34.509  53.583 0.0000000000
124116  49.804  34.301  53.419 0.0000000000
124122  49.052  34.377  52.812 0.0000000000
124124  46.683  34.532  52.660 0.0000000000
124131  36.743  35.114  53.529 0.0000000000
124137  53.593  34.740  51.260 0.0000000000
124138  43.668  34.130  51.863 0.0000000000
124143  38.034  34.696  52.802 0.0000000000
124157  52.117  34.314  49.907 0.0000000000
124828  51.313  35.736  54.564 0.0000000000
124830  50.700  36.604  54.783 0.0000000000
124838  46.271  35.748  53.305 0.0000000000
124840  38.784  36.154  53.546 0.0000000000
124844  46.792  35.250  53.191 0.0000000000
124848  40.710  35.720  52.891 0.0000000000
124850  38.919  35.864  53.567 0.0000000000
124858  53.133  35.879  50.938 0.0000000000
124860  40.542  35.087  52.188 0.0000000000
124869  52.844  35.762  50.536 0.0000000000
125532  49.904  37.060  54.549 0.0000000000
125541  47.806  36.465  53.612 0.0000000000
125543  46.279  36.453  53.457 0.0000000000
125546  41.118  37.246  53.983 0.0000000000
125554  44.544  36.109  52.881 0.0000000000
125555  43.610  36.206  52.753 0.0000000000
125558  40.156  36.215  53.679 0.0000000000
125561  36.836  36.045  52.946 0.0000000000
125573  52.290  36.597  50.501 0.0000000000
126191  51.250  37.116  54.492 0.0000000000
126195  41.780  38.612  54.272 0.0000000000
126202  51.670  36.882  53.344 0.0000000000
126205  48.295  37.353  53.818 0.0000000000
126239  52.362  37.539  50.673 0.0000000000
126240  46.904  37.754  50.283 0.0000000000
126248  52.158  37.966  50.267 0.0000000000
126262  46.278  37.023  48.743 0.0000000000
126270  47.352  37.414  47.747 0.0000000000
126284  50.746  38.377  47.091 0.0000000000
126344  47.381  37.553  42.971 0.0000000000
126381  50.934  37.593  40.169 0.0000000000
126880  50.457  38.547  54.488 0.0000000000
126883  42.848  39.137  54.531 0.0000000000
126884  42.457  39.272  54.499 0.0000000000
126892  50.826  38.915  53.301 0.0000000000
126893  50.730  38.592  54.019 0.0000000000
126897  44.239  38.607  53.706 0.0000000000
126898  43.306  38.546  54.039 0.0000000000
126901  40.525  37.766  53.974 0.0000000000
126910  51.379  38.506  52.513 0.0000000000
126911  41.091  39.083  53.342 0.0000000000
126912  40.663  38.445  53.462 0.0000000000
126922  51.827  38.756  51.582 0.0000000000
126928  42.708  39.225  51.025 0.0000000000
126936  47.963  38.838  50.339 0.0000000000
126941  42.441  39.063  50.411 0.0000000000
126942  40.536  39.839  50.300 0.0000000000
126956  50.906  38.721  48.274 0.0000000000
126957  48.510  38.636  47.894 0.0000000000
126993  48.016  37.831  45.633 0.0000000000
127004  50.008  38.548  44.230 0.0000000000
127005  49.249  38.325  44.464 0.0000000000
127006  48.567  38.059  44.639 0.0000000000
127039  51.367  38.334  42.307 0.0000000000
127532  49.768  39.208  54.614 0.0000000000
127536  45.630  40.169  54.383 0.0000000000
127537  44.657  40.192  54.571 0.0000000000
127538  42.963  39.802  54.897 0.0000000000
127548  47.050  39.253  53.859 0.0000000000
127554  41.949  40.077  53.418 0.0000000000
127564  44.195  40.164  52.339 0.0000000000
127576  51.655  39.486  51.210 0.0000000000
127583  42.888  40.123  51.443 0.0000000000
127585  40.935  40.474  51.436 0.0000000000
127593  41.344  41.275  50.167 0.0000000000
127598  52.242  39.485  49.836 0.0000000000
127601  41.004  41.067  49.659 0.0000000000
127608  52.477  40.074  48.643 0.0000000000
127610  49.169  39.945  48.453 0.0000000000
127613  40.685  40.481  48.711 0.0000000000
127614  40.202  39.729  48.546 0.0000000000
127618  52.640  40.227  47.705 0.0000000000
127636  49.224  39.022  46.463 0.0000000000
127638  40.203  40.182  47.316 0.0000000000
127648  50.394  39.752  45.682 0.0000000000
127649  49.770  39.317  45.771 0.0000000000
128200  48.009  41.142  52.148 0.0000000000
128206  42.749  41.554  52.679 0.0000000000
128224  41.143  41.048  51.486 0.0000000000
128237  41.464  41.386  50.681 0.0000000000
128243  52.618  41.234  48.831 0.0000000000
128246  48.847  39.907  49.165 0.0000000000
128262  53.388  41.108  47.238 0.0000000000
128263  50.398  40.989  46.879 0.0000000000
128264  50.074  40.634  47.085 0.0000000000
128286  51.316  40.820  45.576 0.0000000000
128857  50.474  41.566  54.590 0.0000000000
128858  49.963  41.958  54.820 0.0000000000
128860  47.847  42.146  54.541 0.0000000000
128862  45.354  42.138  54.704 0.0000000000
128863  44.235  42.999  54.982 0.0000000000
128864  44.056  42.126  54.757 0.0000000000
128865  43.438  41.142  54.607 0.0000000000
128877  43.648  42.205  54.161 0.0000000000
128886  50.732  42.025  53.104 0.0000000000
128889  47.326  42.141  52.475 0.0000000000
128892  44.571  42.243  52.944 0.0000000000
128893  43.435  42.078  53.180 0.0000000000
128894  42.090  41.300  52.322 0.0000000000
128902  51.760  41.149  50.563 0.0000000000
128907  42.356  41.307  51.699 0.0000000000
128920  52.050  41.465  50.079 0.0000000000
128922  49.029  41.018  50.967 0.0000000000
128923  41.665  41.378  51.048 0.0000000000
128924  41.081  41.456  50.973 0.0000000000
128931  49.659  41.492  49.418 0.0000000000
128944  53.596  41.681  47.109 0.0000000000
128945  50.732  41.666  47.362 0.0000000000
129560  48.663  43.894  55.006 0.0000000000
129565  43.892  42.964  54.802 0.0000000000
129578  44.817  43.876  53.876 0.0000000000
129588  51.165  42.890  52.612 0.0000000000
129600  49.172  42.553  51.575 0.0000000000
129630  50.672  42.981  48.669 0.0000000000
129631  50.162  42.213  48.919 0.0000000000
129636  53.382  42.376  47.589 0.0000000000
129645  51.218  42.081  47.191 0.0000000000
130242  48.967  44.663  54.686 0.0000000000
130243  48.684  44.666  54.718 0.0000000000
130245  46.388  44.110  54.220 0.0000000000
130258  50.113  44.139  53.668 0.0000000000
130259  48.181  45.084  54.054 0.0000000000
130261  45.364  43.952  54.259 0.0000000000
130262  44.457  43.705  54.534 0.0000000000
130273  51.135  44.138  52.298 0.0000000000
130274  50.514  44.332  52.951 0.0000000000
130275  49.435  44.407  52.672 0.0000000000
130276  48.759  43.948  52.730 0.0000000000
130277  47.470  44.385  53.729 0.0000000000
130296  52.073  43.245  50.047 0.0000000000
130299  49.921  44.125  50.696 0.0000000000
130308  50.658  43.779  49.448 0.0000000000
130314  53.038  43.642  47.874 0.0000000000
130895  49.266  44.696  54.150 0.0000000000
130896  48.723  45.141  54.356 0.0000000000
130897  48.354  44.965  54.271 0.0000000000
130931  50.049  44.451  51.649 0.0000000000
130940  51.299  43.929  49.811 0.0000000000
130941  50.838  44.697  50.177 0.0000000000
130942  50.608  44.843  50.396 0.0000000000
130958  52.439  43.573  48.168 0.0000000000
130960  51.176  43.747  49.208 0.0000000000
131551  50.786  44.679  51.047 0.0000000000
146893  47.927  17.199  42.190 0.0000000000
147322  56.473  17.138  38.207 0.0000000000
147802  57.680  17.552  48.072 0.0000000000
147997  48.344  17.150  41.031 0.0000000000
148004  55.108  17.314  44.023 0.0000000000
148208  47.686  22.938  44.835 0.0000000000
148309  54.902  10.165  39.202 0.0000000000
148336  52.398  41.802  49.372 0.0000000000
148552  56.410  24.051  42.635 0.0000000000
148766  43.826  34.802  52.243 0.0000000000
148902  47.227  37.558  44.317 0.0000000000
149009  49.099  17.725  41.728 0.0000000000
149281  51.246  24.989  45.010 0.0000000000
149738  55.205  18.438  41.844 0.0000000000
149880  53.264  40.629  46.990 0.0000000000
149890  48.349  10.799  41.951 0.0000000000
149983  52.550  26.361  44.658 0.0000000000
150062  45.883  43.363  53.388 0.0000000000
150252  46.968  22.039  44.537 0.0000000000
150374  56.732  29.741  49.929 0.0000000000
150638  45.917  34.264  52.419 0.0000000000
151155  50.968  28.300  54.385 0.0000000000
151548  50.575  14.007  40.561 0.0000000000
151699  58.801  19.488  50.046 0.0000000000
151895  53.645  26.342  51.383 0.0000000000
152016  52.230  38.802  50.304 0.0000000000
152323  58.118  24.784  43.857 0.0000000000
152840  51.154  23.482  44.893 0.0000000000
153754  56.573  27.058  47.361 0.0000000000
153761  44.833  32.290  51.639 0.0000000000
153762  50.334  40.402  54.300 0.0000000000
153946  49.164  11.146  44.646 0.0000000000
154058  51.940  38.604  49.680 0.0000000000
154507  51.980  34.399  55.162 0.0000000000
155131  43.737  40.103  54.709 0.0000000000
155371  42.785  34.094  51.578 0.0000000000
155770  52.914  14.850  43.281 0.0000000000
156388  57.613  19.332  49.085 0.0000000000
156510  48.432  10.405  43.156 0.0000000000
157167  56.216  22.473  46.473 0.0000000000
157242  50.900  37.233  54.853 0.0000000000
157412  54.367  17.211  45.971 0.0000000000
157714  50.210  32.967  53.540 0.0000000000
158069  45.712  37.924  53.467 0.0000000000
158123  52.237  39.571  49.427 0.0000000000
158195  40.428  37.267  54.012 0.0000000000
158811  53.190  23.130  44.334 0.0000000000
159719  53.406  12.941  38.268 0.0000000000
159864  55.404  14.496  36.918 0.0000000000
159885  47.540  10.552  42.435 0.0000000000
159889  49.543  43.492  51.307 0.0000000000
159965  50.137  23.789  51.240 0.0000000000
160173  52.316  19.613  43.584 0.0000000000
160586  49.567  24.584  53.476 0.0000000000
160661  51.679  38.923  49.004 0.0000000000
160946  46.936  21.187  44.713 0.0000000000
160994  41.371  35.848  52.743 0.0000000000
161345  57.671  22.420  42.363 0.0000000000
161654  57.559  21.017  45.694 0.0000000000
161810  53.230  14.157  41.819 0.0000000000
161840  54.873  11.882  43.825 0.0000000000
162634  46.971  36.701  53.518 0.0000000000
162920  48.508  38.199  54.079 0.0000000000
162924  48.342  11.380  46.058 0.0000000000
163354  49.756  23.908  45.096 0.0000000000
163842  52.307  32.057  49.658 0.0000000000
163873  54.976  10.565  38.621 0.0000000000
164221  43.432  40.569  51.925 0.0000000000
164597  56.792  30.895  48.932 0.0000000000
164631  53.448  13.096  44.428 0.0000000000
164875  55.224  26.991  50.879 0.0000000000
165017  52.896  13.804  44.919 0.0000000000
165069  52.706  13.411  48.033 0.0000000000
165145  54.884  26.785  52.195 0.0000000000
165284  53.331  25.982  54.072 0.0000000000
165349  50.851  30.868  54.459 0.0000000000
165409  51.036  33.165  54.229 0.0000000000
165613  56.382  10.168  51.396 0.0000000000
165826  52.099  16.660  37.436 0.0000000000
165864  46.688  22.498  44.892 0.0000000000
166034  44.806  10.996  43.780 0.0000000000
166120  47.711  38.001  49.088 0.0000000000
166265  42.128  40.054  48.589 0.0000000000
166401  50.793  27.415  54.286 0.0000000000
166484  48.188  38.482  48.704 0.0000000000
167015  42.908  38.009  53.762 0.0000000000
167164  59.912  17.330  47.826 0.0000000000
167787  47.524  44.294  54.351 0.0000000000
167827  50.725  44.848  50.556 0.0000000000
168072  56.791  27.956  43.836 0.0000000000
168230  54.983  22.920  46.775 0.0000000000
168510  49.547  15.063  41.095 0.0000000000
168667  44.561  11.484  44.498 0.0000000000
168994  59.744  9.730  46.690 0.0000000000
169306  60.423  18.030  48.617 0.0000000000
169382  59.789  19.604  41.895 0.0000000000
169414  51.303  24.706  51.717 0.0000000000
169675  52.622  25.727  52.916 0.0000000000
169690  61.313  9.569  49.213 0.0000000000
169704  57.581  16.121  37.057 0.0000000000
169796  51.851  28.096  54.618 0.0000000000
169932  52.324  30.189  55.129 0.0000000000
170076  51.358  36.424  54.303 0.0000000000
170324  57.150  17.132  42.299 0.0000000000
170457  57.526  29.174  46.109 0.0000000000
171106  44.235  43.581  54.555 0.0000000000
171133  48.344  21.646  43.987 0.0000000000
171381  49.699  29.490  54.479 0.0000000000
171527  48.554  37.723  43.340 0.0000000000
171589  52.103  43.455  47.542 0.0000000000
171751  51.674  37.700  40.325 0.0000000000
172017  53.771  33.884  51.581 0.0000000000
172469  53.556  14.623  41.407 0.0000000000
172522  57.334  11.326  47.567 0.0000000000
172711  48.958  38.861  54.460 0.0000000000
173075  59.874  18.940  41.725 0.0000000000
173236  54.507  11.945  42.430 0.0000000000
173269  49.056  41.741  54.413 0.0000000000
173394  53.141  10.764  43.110 0.0000000000
173402  50.678  39.611  53.372 0.0000000000
173418  42.766  40.824  54.300 0.0000000000
173423  59.026  10.091  42.605 0.0000000000
173533  59.700  19.471  50.861 0.0000000000
173706  54.277  31.161  52.226 0.0000000000
173783  48.345  31.199  52.873 0.0000000000
174121  59.481  10.381  49.138 0.0000000000
174134  55.183  24.174  46.730 0.0000000000
174298  49.969  22.544  50.076 0.0000000000
174353  44.312  43.576  54.144 0.0000000000
174544  52.299  38.469  51.181 0.0000000000
174810  60.027  20.513  43.281 0.0000000000
174815  44.130  34.358  52.167 0.0000000000
174881  53.171  13.461  44.648 0.0000000000
175027  49.192  44.671  53.388 0.0000000000
175310  57.206  17.228  38.108 0.0000000000
175383  58.403  22.373  42.381 0.0000000000
175589  57.636  27.173  45.327 0.0000000000
175603  51.538  43.639  50.644 0.0000000000
175947  48.934  11.455  45.797 0.0000000000
176140  52.834  14.431  43.691 0.0000000000
176259  53.833  28.630  55.201 0.0000000000
176285  50.581  23.159  44.884 0.0000000000
176308  51.924  10.502  42.271 0.0000000000
176459  59.532  19.450  50.307 0.0000000000
177026  59.279  20.881  42.469 0.0000000000
177340  45.029  43.953  54.320 0.0000000000
177376  44.958  18.762  46.199 0.0000000000
177444  53.996  26.601  54.569 0.0000000000
177672  52.964  32.094  49.681 0.0000000000
177741  46.710  37.319  49.122 0.0000000000
177870  54.698  11.904  48.221 0.0000000000
177981  59.551  17.652  42.314 0.0000000000
178126  55.154  20.347  48.578 0.0000000000
178169  59.060  17.007  41.387 0.0000000000
