#!ascii label  , from subject sub2 vox2ras=TkReg
1079
60161  29.068  -31.916  77.194 0.0000000000
174362  41.811  -14.948  64.372 0.0000000000
70240  32.392  -23.214  69.750 0.0000000000
56690  11.244  -34.564  87.539 0.0000000000
65620  26.207  -26.235  81.181 0.0000000000
77280  32.497  -16.581  68.667 0.0000000000
56823  18.752  -34.958  80.654 0.0000000000
53199  16.035  -36.812  86.564 0.0000000000
61256  21.338  -30.360  79.171 0.0000000000
78369  46.511  -15.531  64.431 0.0000000000
63488  29.757  -28.253  76.142 0.0000000000
65726  30.621  -26.428  74.434 0.0000000000
61263  32.809  -30.822  77.925 0.0000000000
157643  45.896  -12.647  62.510 0.0000000000
80734  50.133  -13.559  62.214 0.0000000000
168804  39.397  -12.452  66.467 0.0000000000
77292  39.881  -16.956  67.316 0.0000000000
77295  36.557  -16.297  67.031 0.0000000000
71478  36.928  -21.583  69.072 0.0000000000
57924  26.814  -33.249  80.163 0.0000000000
159200  9.567  -37.516  90.225 0.0000000000
55429  6.477  -35.975  93.616 0.0000000000
55357  5.528  -35.719  98.389 0.0000000000
159862  26.389  -30.214  78.202 0.0000000000
63423  23.971  -28.166  80.272 0.0000000000
70208  27.783  -21.842  73.070 0.0000000000
68987  32.734  -23.692  75.380 0.0000000000
160694  54.314  -11.827  63.194 0.0000000000
78371  44.125  -15.671  64.327 0.0000000000
77326  43.595  -16.373  65.561 0.0000000000
155721  29.621  -29.779  76.083 0.0000000000
62397  30.348  -29.285  75.311 0.0000000000
60159  31.247  -31.689  77.173 0.0000000000
81843  42.510  -12.834  64.571 0.0000000000
81841  44.035  -12.092  64.310 0.0000000000
79529  43.978  -14.198  63.396 0.0000000000
79527  45.903  -14.885  62.789 0.0000000000
52973  2.685  -37.800  98.643 0.0000000000
79478  37.283  -14.136  66.215 0.0000000000
80691  35.682  -13.458  67.932 0.0000000000
72753  31.569  -20.359  68.111 0.0000000000
73989  34.364  -19.610  67.665 0.0000000000
71480  34.399  -22.024  68.838 0.0000000000
69057  35.157  -24.201  71.184 0.0000000000
55507  13.498  -34.972  87.066 0.0000000000
53152  15.031  -36.989  89.364 0.0000000000
54364  12.677  -36.330  88.416 0.0000000000
54344  11.845  -37.077  90.653 0.0000000000
55480  10.080  -36.557  88.973 0.0000000000
56581  8.228  -34.254  93.253 0.0000000000
54255  5.797  -36.063  95.999 0.0000000000
151067  26.794  -28.093  79.577 0.0000000000
62352  25.139  -29.444  77.987 0.0000000000
64544  24.533  -27.058  78.265 0.0000000000
56790  22.112  -34.887  82.537 0.0000000000
58980  22.418  -32.416  82.631 0.0000000000
65696  33.181  -26.618  76.931 0.0000000000
67879  31.133  -24.157  75.957 0.0000000000
79424  34.329  -14.189  70.371 0.0000000000
75102  31.502  -18.287  69.969 0.0000000000
71484  29.881  -21.073  69.812 0.0000000000
54421  20.276  -36.523  83.130 0.0000000000
150728  18.751  -37.578  86.458 0.0000000000
53238  17.514  -36.997  83.374 0.0000000000
55554  15.131  -34.776  84.584 0.0000000000
58915  13.291  -32.326  86.659 0.0000000000
66779  22.543  -25.834  78.703 0.0000000000
64508  20.157  -27.157  79.989 0.0000000000
59036  20.518  -32.874  79.015 0.0000000000
66804  29.290  -25.564  77.486 0.0000000000
66840  28.268  -25.377  75.327 0.0000000000
64594  29.276  -27.544  75.138 0.0000000000
63487  32.572  -28.286  75.922 0.0000000000
82800  50.383  -11.275  62.795 0.0000000000
80742  47.684  -13.124  61.918 0.0000000000
79525  48.084  -14.638  63.107 0.0000000000
80709  40.074  -13.657  65.179 0.0000000000
77328  40.446  -16.399  65.564 0.0000000000
78359  38.712  -15.150  65.601 0.0000000000
77294  38.185  -16.820  66.937 0.0000000000
165999  38.057  -17.849  68.251 0.0000000000
77297  34.359  -16.284  67.711 0.0000000000
75125  35.915  -18.409  67.555 0.0000000000
154248  27.684  -33.285  78.502 0.0000000000
57943  30.546  -33.396  79.030 0.0000000000
154107  41.226  -12.157  66.326 0.0000000000
56629  10.443  -33.344  89.740 0.0000000000
55457  8.935  -34.951  90.784 0.0000000000
54321  7.072  -36.709  91.905 0.0000000000
51901  6.397  -39.005  93.507 0.0000000000
53024  4.865  -38.235  95.867 0.0000000000
52987  4.013  -37.705  97.355 0.0000000000
55359  3.811  -36.443  99.161 0.0000000000
167056  2.109  -35.084  100.401 0.0000000000
157387  27.535  -31.962  77.686 0.0000000000
60151  25.669  -31.424  77.914 0.0000000000
60138  25.280  -31.573  79.666 0.0000000000
63425  22.463  -28.120  80.406 0.0000000000
70222  29.335  -22.828  71.264 0.0000000000
67899  28.378  -24.291  74.381 0.0000000000
69024  30.183  -23.699  73.402 0.0000000000
69040  32.224  -24.291  72.128 0.0000000000
59013  32.792  -32.583  80.213 0.0000000000
80719  56.127  -13.142  63.088 0.0000000000
81850  52.040  -12.171  62.932 0.0000000000
80722  53.695  -13.487  62.967 0.0000000000
78372  43.197  -15.490  64.247 0.0000000000
77338  44.058  -16.029  65.099 0.0000000000
77340  42.537  -16.007  64.614 0.0000000000
171834  29.595  -30.315  76.494 0.0000000000
61297  30.265  -30.617  75.933 0.0000000000
59097  29.630  -32.055  77.030 0.0000000000
80716  42.093  -13.551  64.123 0.0000000000
80715  42.915  -13.234  63.909 0.0000000000
79530  43.160  -14.335  63.589 0.0000000000
78388  43.754  -14.975  63.664 0.0000000000
54222  2.238  -36.979  98.887 0.0000000000
80671  36.788  -12.679  67.975 0.0000000000
80654  36.201  -12.903  69.400 0.0000000000
167149  31.684  -21.792  68.626 0.0000000000
71501  32.951  -21.326  68.317 0.0000000000
70255  32.888  -22.631  69.175 0.0000000000
70238  34.322  -23.140  69.906 0.0000000000
69079  33.836  -23.675  70.441 0.0000000000
55508  12.483  -34.675  87.062 0.0000000000
55491  12.874  -35.618  87.613 0.0000000000
162946  11.893  -35.959  87.861 0.0000000000
54365  11.594  -36.569  88.384 0.0000000000
55492  10.927  -35.718  87.881 0.0000000000
64507  26.765  -27.411  80.071 0.0000000000
64542  25.983  -27.796  78.182 0.0000000000
65653  25.486  -26.240  79.104 0.0000000000
54406  22.586  -36.586  84.003 0.0000000000
70154  27.565  -22.934  77.005 0.0000000000
66801  33.211  -25.143  77.934 0.0000000000
73959  30.593  -18.901  70.150 0.0000000000
72716  30.537  -19.164  70.853 0.0000000000
54445  19.645  -36.246  81.379 0.0000000000
53236  18.829  -37.247  83.633 0.0000000000
54448  17.634  -36.007  81.876 0.0000000000
56773  15.796  -34.723  83.778 0.0000000000
57845  15.365  -33.758  84.621 0.0000000000
56731  14.482  -33.914  85.342 0.0000000000
66727  21.880  -25.693  80.939 0.0000000000
58998  19.699  -32.730  80.824 0.0000000000
174912  19.328  -31.174  80.027 0.0000000000
57950  19.706  -33.577  79.845 0.0000000000
55586  20.732  -35.425  80.915 0.0000000000
65698  28.998  -26.736  76.158 0.0000000000
64581  29.430  -27.547  76.008 0.0000000000
147425  31.815  -29.779  75.948 0.0000000000
158421  31.467  -28.916  75.138 0.0000000000
62384  32.598  -29.612  76.635 0.0000000000
63486  33.208  -28.248  76.629 0.0000000000
62348  33.888  -29.824  78.019 0.0000000000
81851  44.953  -11.820  63.406 0.0000000000
82812  48.144  -12.028  62.146 0.0000000000
81866  46.752  -12.647  62.178 0.0000000000
78385  46.384  -15.263  63.468 0.0000000000
79526  46.676  -14.714  62.804 0.0000000000
78368  47.047  -15.087  64.087 0.0000000000
80700  39.727  -12.892  65.753 0.0000000000
79498  39.374  -14.593  65.238 0.0000000000
79499  38.714  -14.091  65.596 0.0000000000
78322  36.518  -15.363  66.596 0.0000000000
78339  37.354  -15.252  66.168 0.0000000000
78321  37.303  -16.275  66.602 0.0000000000
76241  38.010  -17.317  67.854 0.0000000000
76249  37.069  -17.169  67.459 0.0000000000
78297  33.022  -15.144  69.424 0.0000000000
79436  33.555  -14.537  69.004 0.0000000000
77279  33.091  -16.195  68.316 0.0000000000
72749  35.384  -20.575  68.215 0.0000000000
73988  35.158  -19.382  67.670 0.0000000000
72748  36.267  -20.343  68.392 0.0000000000
72747  37.230  -20.058  68.490 0.0000000000
57946  27.371  -33.431  79.457 0.0000000000
175813  28.103  -33.582  79.129 0.0000000000
174803  39.737  -11.834  67.670 0.0000000000
81830  40.286  -12.251  66.341 0.0000000000
81838  40.625  -12.767  65.660 0.0000000000
53197  17.531  -37.626  86.092 0.0000000000
53180  16.535  -37.682  87.630 0.0000000000
53135  10.386  -37.560  90.061 0.0000000000
54334  10.939  -37.598  91.672 0.0000000000
53112  10.049  -37.925  90.963 0.0000000000
53113  9.329  -38.257  91.593 0.0000000000
56609  9.662  -33.215  90.771 0.0000000000
151942  9.384  -34.303  90.335 0.0000000000
56610  9.054  -33.847  91.137 0.0000000000
55428  7.088  -35.426  93.185 0.0000000000
55443  7.198  -35.644  92.273 0.0000000000
54305  6.635  -36.287  92.696 0.0000000000
53092  6.901  -38.231  92.432 0.0000000000
53045  5.887  -37.902  93.814 0.0000000000
51883  5.397  -38.961  94.903 0.0000000000
54289  5.442  -37.202  94.615 0.0000000000
55366  5.696  -35.871  97.620 0.0000000000
54256  5.093  -36.758  96.433 0.0000000000
55367  5.190  -36.289  98.064 0.0000000000
54220  4.093  -36.929  98.541 0.0000000000
55358  4.750  -36.276  98.736 0.0000000000
153971  27.027  -30.860  78.473 0.0000000000
61266  28.154  -30.992  78.347 0.0000000000
61267  26.459  -30.913  77.965 0.0000000000
59078  26.941  -32.057  77.769 0.0000000000
60164  26.257  -31.499  77.819 0.0000000000
62340  24.837  -29.043  78.503 0.0000000000
61255  24.967  -29.985  78.470 0.0000000000
61238  24.915  -29.840  80.055 0.0000000000
154363  21.131  -27.492  78.505 0.0000000000
63456  21.920  -27.015  78.803 0.0000000000
63426  21.685  -28.552  79.251 0.0000000000
60100  22.473  -31.232  82.922 0.0000000000
152947  40.144  -16.815  66.407 0.0000000000
77313  41.098  -16.990  66.228 0.0000000000
77291  41.319  -17.024  67.227 0.0000000000
71434  27.620  -20.882  73.034 0.0000000000
71464  28.865  -21.389  70.998 0.0000000000
70207  28.382  -22.272  72.403 0.0000000000
171861  29.059  -25.900  74.442 0.0000000000
67881  27.968  -24.667  74.962 0.0000000000
66850  29.452  -25.194  74.358 0.0000000000
68988  31.916  -23.481  75.951 0.0000000000
69004  30.772  -23.651  74.165 0.0000000000
69003  31.498  -23.592  74.236 0.0000000000
69041  31.392  -23.930  72.464 0.0000000000
67912  32.818  -24.421  73.567 0.0000000000
67911  33.673  -24.745  73.300 0.0000000000
57942  31.293  -33.136  79.196 0.0000000000
81847  55.258  -12.136  63.270 0.0000000000
81863  49.936  -12.578  62.129 0.0000000000
82809  51.313  -12.207  62.665 0.0000000000
81862  50.794  -12.860  62.277 0.0000000000
79537  53.179  -14.373  62.975 0.0000000000
164548  53.915  -14.368  63.095 0.0000000000
57901  19.408  -33.589  81.175 0.0000000000
57877  17.980  -34.579  81.446 0.0000000000
78370  45.119  -15.692  64.179 0.0000000000
77323  46.091  -16.140  65.902 0.0000000000
77337  44.788  -16.045  64.976 0.0000000000
62385  29.694  -29.071  76.284 0.0000000000
177206  29.691  -28.734  75.679 0.0000000000
61318  29.901  -29.920  75.741 0.0000000000
61296  31.024  -30.820  76.088 0.0000000000
60158  32.098  -31.341  77.484 0.0000000000
81835  43.809  -11.889  65.315 0.0000000000
81842  43.298  -12.514  64.422 0.0000000000
81853  43.702  -12.923  63.745 0.0000000000
79546  44.991  -13.499  62.744 0.0000000000
80736  45.527  -13.288  62.514 0.0000000000
79528  44.717  -14.115  62.977 0.0000000000
78387  44.669  -15.244  63.598 0.0000000000
51846  3.272  -38.483  98.340 0.0000000000
81820  38.059  -12.359  67.468 0.0000000000
164157  37.978  -13.492  66.042 0.0000000000
81821  37.368  -12.668  67.589 0.0000000000
80690  36.271  -13.411  67.507 0.0000000000
165386  35.917  -14.544  67.040 0.0000000000
75117  32.284  -18.122  67.992 0.0000000000
75129  32.879  -18.305  67.606 0.0000000000
72772  32.987  -19.955  67.785 0.0000000000
71500  33.932  -21.393  68.290 0.0000000000
71479  35.384  -22.047  68.887 0.0000000000
70237  35.247  -23.088  70.002 0.0000000000
69056  36.054  -23.962  71.193 0.0000000000
158313  26.581  -32.998  81.712 0.0000000000
54370  15.362  -36.442  87.035 0.0000000000
53166  15.688  -37.440  88.213 0.0000000000
54362  14.568  -36.274  88.232 0.0000000000
54363  13.820  -36.101  88.436 0.0000000000
54342  13.545  -36.624  90.217 0.0000000000
53153  10.591  -37.127  89.318 0.0000000000
53154  9.888  -37.092  89.572 0.0000000000
56580  8.912  -33.800  92.928 0.0000000000
56566  7.992  -34.019  94.085 0.0000000000
55397  7.036  -35.086  95.058 0.0000000000
54271  5.787  -36.178  95.042 0.0000000000
56550  7.057  -34.966  95.935 0.0000000000
55378  6.453  -35.334  96.509 0.0000000000
56523  6.212  -35.307  97.942 0.0000000000
62339  26.382  -29.332  78.158 0.0000000000
63474  25.987  -29.226  77.706 0.0000000000
63453  26.083  -28.589  77.828 0.0000000000
63455  24.923  -28.458  78.046 0.0000000000
63435  24.307  -28.245  78.938 0.0000000000
59017  21.757  -32.774  80.021 0.0000000000
60125  21.831  -31.152  80.348 0.0000000000
57874  22.390  -33.358  82.218 0.0000000000
77262  40.164  -17.126  68.536 0.0000000000
71405  26.617  -21.617  74.380 0.0000000000
66838  31.696  -25.869  75.314 0.0000000000
66839  31.148  -24.936  75.214 0.0000000000
66823  31.724  -24.850  76.156 0.0000000000
67861  32.159  -24.259  77.121 0.0000000000
82785  53.093  -10.951  63.822 0.0000000000
55348  1.360  -35.568  99.736 0.0000000000
78284  33.802  -15.083  71.072 0.0000000000
77249  32.427  -16.207  70.503 0.0000000000
75108  31.745  -17.853  69.616 0.0000000000
75110  30.894  -19.042  68.768 0.0000000000
72754  30.714  -20.216  68.532 0.0000000000
71504  30.540  -21.506  69.112 0.0000000000
54391  21.088  -36.699  84.748 0.0000000000
149733  20.078  -37.192  86.211 0.0000000000
53214  19.628  -37.086  85.453 0.0000000000
53216  17.920  -37.566  85.295 0.0000000000
177165  16.670  -36.825  85.360 0.0000000000
54437  16.791  -35.625  82.767 0.0000000000
54411  16.278  -36.230  84.112 0.0000000000
54379  15.499  -36.224  86.143 0.0000000000
55526  14.505  -34.737  86.106 0.0000000000
56688  13.085  -33.950  86.604 0.0000000000
57799  12.147  -33.155  87.114 0.0000000000
66740  24.226  -25.343  79.801 0.0000000000
159856  22.960  -25.421  80.588 0.0000000000
65638  21.211  -26.045  79.801 0.0000000000
63438  20.325  -28.335  78.880 0.0000000000
63411  19.684  -28.524  81.209 0.0000000000
62343  19.770  -30.226  79.386 0.0000000000
59056  20.760  -32.043  78.865 0.0000000000
56821  21.376  -34.592  80.623 0.0000000000
55572  21.521  -35.916  82.862 0.0000000000
67843  28.869  -24.774  77.494 0.0000000000
68955  28.388  -24.087  77.448 0.0000000000
66805  28.645  -25.287  76.960 0.0000000000
65699  28.530  -26.101  75.696 0.0000000000
65727  30.016  -27.136  74.254 0.0000000000
63506  30.467  -28.548  74.844 0.0000000000
153888  30.613  -27.839  74.528 0.0000000000
64593  31.525  -27.581  74.834 0.0000000000
64580  32.866  -27.335  76.264 0.0000000000
64562  33.610  -27.379  77.240 0.0000000000
82801  48.837  -11.384  62.553 0.0000000000
151201  49.036  -12.279  62.100 0.0000000000
166112  49.134  -13.316  62.030 0.0000000000
166739  46.953  -14.144  62.403 0.0000000000
79543  47.761  -14.077  62.410 0.0000000000
79512  40.756  -14.214  64.707 0.0000000000
77341  41.690  -15.765  64.646 0.0000000000
78375  40.457  -14.956  64.744 0.0000000000
77329  39.617  -16.311  65.706 0.0000000000
77314  39.317  -16.717  66.488 0.0000000000
79477  38.101  -14.634  65.884 0.0000000000
78338  38.230  -15.727  65.915 0.0000000000
77293  39.134  -16.868  67.443 0.0000000000
77277  38.690  -17.007  67.920 0.0000000000
76231  39.208  -17.771  69.071 0.0000000000
167975  34.666  -13.767  68.663 0.0000000000
79463  34.978  -14.538  67.446 0.0000000000
148707  34.978  -15.641  67.396 0.0000000000
76252  34.217  -17.307  67.479 0.0000000000
76251  35.297  -17.706  67.429 0.0000000000
147585  35.992  -16.939  67.305 0.0000000000
75116  36.720  -18.661  67.859 0.0000000000
59076  28.527  -32.550  77.517 0.0000000000
57983  29.706  -33.117  77.934 0.0000000000
57968  29.315  -33.474  78.521 0.0000000000
57920  30.151  -33.714  80.435 0.0000000000
81837  41.562  -12.773  65.675 0.0000000000
80708  40.993  -13.359  65.071 0.0000000000
57787  11.042  -33.410  88.067 0.0000000000
57777  11.151  -32.734  89.459 0.0000000000
159154  10.443  -33.902  88.789 0.0000000000
56650  10.004  -34.431  89.324 0.0000000000
161726  9.323  -35.595  89.948 0.0000000000
55470  8.721  -36.064  90.439 0.0000000000
171336  8.662  -34.433  91.491 0.0000000000
55458  8.269  -35.316  91.258 0.0000000000
166579  8.427  -37.466  90.839 0.0000000000
51936  7.963  -38.387  91.631 0.0000000000
51900  7.674  -39.088  92.962 0.0000000000
51854  4.209  -39.085  96.628 0.0000000000
54272  5.227  -36.817  95.494 0.0000000000
53004  4.384  -37.935  96.460 0.0000000000
53005  3.782  -38.729  97.177 0.0000000000
52988  3.449  -38.310  97.758 0.0000000000
54221  3.122  -37.185  98.576 0.0000000000
54207  2.755  -36.368  99.396 0.0000000000
55346  4.323  -35.668  99.510 0.0000000000
55347  3.445  -35.756  99.822 0.0000000000
175702  2.118  -35.793  99.758 0.0000000000
61299  29.132  -31.191  77.029 0.0000000000
61283  27.815  -31.541  77.946 0.0000000000
60162  28.283  -31.948  77.554 0.0000000000
59077  27.771  -32.379  77.674 0.0000000000
59054  26.573  -32.395  78.169 0.0000000000
59034  26.296  -32.647  78.876 0.0000000000
154465  25.123  -30.823  78.090 0.0000000000
160435  25.294  -31.529  78.587 0.0000000000
59015  25.781  -32.248  80.301 0.0000000000
65676  24.069  -26.244  78.525 0.0000000000
64522  23.019  -27.022  78.896 0.0000000000
63424  23.235  -27.848  80.649 0.0000000000
61239  21.850  -29.777  80.936 0.0000000000
63410  22.950  -28.313  81.551 0.0000000000
63409  23.787  -28.338  81.485 0.0000000000
171560  42.001  -16.838  65.691 0.0000000000
172634  29.116  -20.688  70.877 0.0000000000
71463  29.514  -21.968  70.071 0.0000000000
70242  30.498  -23.086  70.089 0.0000000000
68991  27.505  -23.936  75.403 0.0000000000
69008  27.334  -23.495  74.634 0.0000000000
69027  27.576  -22.920  73.941 0.0000000000
67897  30.085  -24.435  74.351 0.0000000000
69025  29.231  -23.646  73.353 0.0000000000
70192  28.766  -23.087  72.918 0.0000000000
69043  29.755  -23.543  71.866 0.0000000000
69062  30.508  -23.676  71.435 0.0000000000
69081  31.956  -23.667  70.508 0.0000000000
67943  33.778  -24.455  71.545 0.0000000000
59073  30.957  -32.344  77.689 0.0000000000
59052  32.190  -32.212  78.671 0.0000000000
60133  32.843  -31.854  78.972 0.0000000000
59031  33.665  -31.966  80.205 0.0000000000
61248  33.957  -30.837  79.006 0.0000000000
81845  56.674  -12.240  63.274 0.0000000000
160331  51.861  -11.505  63.359 0.0000000000
81849  52.858  -12.295  63.015 0.0000000000
80732  52.035  -13.735  62.481 0.0000000000
81859  53.111  -12.950  62.835 0.0000000000
81848  53.644  -12.488  63.033 0.0000000000
161291  54.504  -12.825  63.057 0.0000000000
80730  55.729  -14.089  62.865 0.0000000000
171756  42.441  -15.285  64.283 0.0000000000
60178  29.736  -31.307  76.554 0.0000000000
79511  41.555  -14.282  64.345 0.0000000000
78373  42.386  -14.444  64.022 0.0000000000
78389  42.989  -14.903  63.905 0.0000000000
70256  31.802  -22.539  69.078 0.0000000000
71482  32.451  -21.960  68.649 0.0000000000
70239  33.379  -23.170  69.833 0.0000000000
173237  11.804  -34.426  87.168 0.0000000000
55509  11.786  -35.224  87.441 0.0000000000
166437  26.594  -26.663  80.651 0.0000000000
65636  26.280  -26.689  79.573 0.0000000000
65637  25.788  -26.048  80.260 0.0000000000
53211  22.534  -37.175  85.356 0.0000000000
53224  23.015  -36.918  84.651 0.0000000000
70140  27.956  -22.598  77.833 0.0000000000
54457  18.767  -35.688  80.818 0.0000000000
54446  18.940  -36.277  81.240 0.0000000000
54447  18.204  -35.858  81.329 0.0000000000
57927  19.399  -33.558  80.455 0.0000000000
59018  19.571  -32.801  80.001 0.0000000000
56822  19.272  -34.277  80.248 0.0000000000
55596  19.583  -34.956  80.162 0.0000000000
61280  32.330  -30.512  77.145 0.0000000000
175150  33.260  -29.445  77.121 0.0000000000
171737  33.173  -29.965  77.546 0.0000000000
81867  45.529  -12.078  62.868 0.0000000000
82814  46.375  -11.933  62.756 0.0000000000
159790  47.260  -15.289  64.803 0.0000000000
50763  4.674  -39.827  98.026 0.0000000000
80710  39.333  -13.655  65.483 0.0000000000
80701  38.929  -13.179  65.923 0.0000000000
77278  37.687  -16.920  67.236 0.0000000000
78298  32.656  -15.786  68.950 0.0000000000
71498  35.992  -21.268  68.679 0.0000000000
72732  36.780  -20.794  68.774 0.0000000000
57947  26.697  -33.100  79.378 0.0000000000
57923  27.424  -33.506  80.416 0.0000000000
81819  39.091  -12.070  67.367 0.0000000000
171031  39.952  -11.921  67.101 0.0000000000
53198  16.727  -37.247  86.113 0.0000000000
148241  17.103  -37.636  86.883 0.0000000000
154275  16.456  -37.311  86.919 0.0000000000
53136  9.098  -37.887  90.825 0.0000000000
54306  6.074  -37.002  93.143 0.0000000000
54288  5.954  -36.548  94.134 0.0000000000
54239  5.144  -36.436  97.331 0.0000000000
62351  26.722  -30.084  78.816 0.0000000000
61253  27.301  -30.484  79.323 0.0000000000
62323  24.635  -29.088  79.482 0.0000000000
157890  24.537  -28.798  80.848 0.0000000000
148549  21.143  -28.780  78.635 0.0000000000
63457  21.402  -27.970  78.667 0.0000000000
62341  21.514  -29.565  79.449 0.0000000000
170435  40.600  -17.080  67.033 0.0000000000
71421  27.138  -21.596  73.593 0.0000000000
71433  28.045  -21.413  72.506 0.0000000000
163028  29.772  -26.138  74.319 0.0000000000
66851  28.665  -25.142  74.581 0.0000000000
149699  31.747  -23.373  75.088 0.0000000000
169055  32.291  -23.829  74.340 0.0000000000
67896  33.212  -24.334  74.295 0.0000000000
157963  54.024  -10.998  63.686 0.0000000000
57875  19.697  -33.715  81.998 0.0000000000
58982  19.896  -32.738  81.704 0.0000000000
77325  44.415  -16.312  65.695 0.0000000000
62398  29.722  -29.278  75.669 0.0000000000
60177  30.635  -31.290  76.417 0.0000000000
61281  31.549  -31.078  76.698 0.0000000000
147410  43.008  -12.222  65.118 0.0000000000
80724  43.430  -13.657  63.527 0.0000000000
80723  44.282  -13.350  63.179 0.0000000000
81804  38.454  -11.914  68.329 0.0000000000
81805  37.497  -12.250  68.266 0.0000000000
80672  36.195  -12.977  68.411 0.0000000000
79461  36.180  -13.997  66.994 0.0000000000
79462  35.617  -13.894  67.417 0.0000000000
73992  31.904  -19.325  67.817 0.0000000000
75130  32.242  -18.736  67.732 0.0000000000
72773  32.180  -19.857  67.814 0.0000000000
71481  33.427  -21.996  68.780 0.0000000000
71499  34.929  -21.360  68.412 0.0000000000
70252  35.785  -22.545  69.486 0.0000000000
70253  34.848  -22.625  69.354 0.0000000000
69078  34.754  -23.682  70.484 0.0000000000
69077  35.653  -23.597  70.593 0.0000000000
176095  35.767  -24.498  71.598 0.0000000000
55506  14.303  -35.286  86.978 0.0000000000
54371  14.785  -35.949  87.502 0.0000000000
54372  14.048  -35.706  87.694 0.0000000000
54353  13.636  -36.493  89.247 0.0000000000
54354  12.476  -36.789  89.332 0.0000000000
54356  10.718  -36.622  88.554 0.0000000000
56567  7.468  -34.542  94.571 0.0000000000
56549  7.352  -34.356  95.441 0.0000000000
55365  6.234  -35.495  97.244 0.0000000000
63421  27.019  -28.862  79.588 0.0000000000
177318  26.825  -29.255  78.921 0.0000000000
63434  26.585  -28.452  78.682 0.0000000000
64543  25.243  -27.404  78.092 0.0000000000
63454  25.449  -28.132  77.784 0.0000000000
164339  24.909  -27.753  77.989 0.0000000000
64521  24.250  -27.497  78.472 0.0000000000
56810  22.057  -34.162  81.810 0.0000000000
57900  22.153  -33.405  81.318 0.0000000000
71389  26.594  -21.478  75.380 0.0000000000
70180  26.417  -22.081  74.990 0.0000000000
65697  32.690  -26.319  76.367 0.0000000000
66837  32.221  -25.879  75.934 0.0000000000
67821  33.238  -24.274  78.160 0.0000000000
66802  32.694  -24.688  77.641 0.0000000000
67842  32.676  -24.043  77.834 0.0000000000
78285  32.949  -15.383  70.374 0.0000000000
75109  31.247  -18.409  69.146 0.0000000000
72717  29.974  -19.731  70.137 0.0000000000
73960  30.451  -19.479  69.217 0.0000000000
72733  30.280  -20.518  69.268 0.0000000000
172403  30.624  -20.879  68.772 0.0000000000
54408  20.659  -36.549  83.953 0.0000000000
53226  20.075  -36.696  84.712 0.0000000000
54409  19.722  -36.831  83.819 0.0000000000
53237  18.142  -37.152  83.196 0.0000000000
53228  18.408  -37.440  84.507 0.0000000000
53229  17.573  -37.188  84.372 0.0000000000
53217  17.251  -37.226  85.329 0.0000000000
53230  16.834  -36.748  84.642 0.0000000000
56793  17.467  -34.715  82.173 0.0000000000
55582  17.312  -35.294  82.079 0.0000000000
56794  16.847  -34.925  82.843 0.0000000000
55553  15.425  -35.141  84.202 0.0000000000
54425  15.922  -35.516  83.810 0.0000000000
54412  15.735  -35.795  84.484 0.0000000000
54393  15.606  -36.016  85.258 0.0000000000
55525  15.078  -35.509  85.683 0.0000000000
55539  14.863  -34.715  85.162 0.0000000000
57818  13.480  -33.069  86.235 0.0000000000
56712  13.930  -33.806  86.070 0.0000000000
57819  12.693  -33.094  86.672 0.0000000000
66724  24.135  -25.444  80.729 0.0000000000
65622  24.086  -25.738  81.551 0.0000000000
156316  21.199  -26.021  80.727 0.0000000000
66743  21.687  -25.588  80.142 0.0000000000
65639  20.592  -26.517  80.398 0.0000000000
64523  20.369  -27.393  79.050 0.0000000000
64524  19.974  -27.992  79.691 0.0000000000
158668  19.629  -32.191  79.526 0.0000000000
61241  19.387  -30.573  79.995 0.0000000000
60141  19.622  -31.273  79.467 0.0000000000
61271  19.974  -30.694  78.957 0.0000000000
57926  21.476  -33.507  79.772 0.0000000000
57948  20.941  -33.611  79.313 0.0000000000
55587  20.335  -35.995  81.638 0.0000000000
151879  21.064  -35.602  82.055 0.0000000000
54432  20.713  -36.147  82.560 0.0000000000
54407  21.670  -36.581  83.985 0.0000000000
170635  29.095  -27.192  75.594 0.0000000000
65712  28.879  -26.846  75.129 0.0000000000
65728  29.261  -26.597  74.507 0.0000000000
64603  29.413  -27.250  74.625 0.0000000000
63497  29.939  -28.671  75.227 0.0000000000
63495  31.868  -28.361  75.272 0.0000000000
63496  31.132  -28.452  74.768 0.0000000000
64592  32.272  -27.657  75.516 0.0000000000
63470  34.269  -28.701  77.795 0.0000000000
63471  33.811  -28.422  77.282 0.0000000000
165457  44.463  -11.780  65.158 0.0000000000
83816  49.228  -10.255  63.571 0.0000000000
83817  48.516  -10.593  63.254 0.0000000000
81865  47.544  -12.647  61.981 0.0000000000
81864  48.290  -12.833  61.860 0.0000000000
79545  45.552  -14.118  62.586 0.0000000000
159815  46.411  -13.514  62.276 0.0000000000
79544  46.261  -14.311  62.484 0.0000000000
173654  47.345  -14.509  62.761 0.0000000000
79542  48.645  -14.107  62.438 0.0000000000
79497  40.058  -14.565  64.925 0.0000000000
78358  39.929  -15.488  65.098 0.0000000000
171471  39.240  -15.601  65.411 0.0000000000
78337  38.853  -16.160  65.776 0.0000000000
80702  37.321  -13.520  66.606 0.0000000000
173009  37.859  -16.257  66.252 0.0000000000
77315  38.552  -16.572  66.377 0.0000000000
76240  38.661  -17.416  68.506 0.0000000000
75114  38.518  -18.252  68.788 0.0000000000
79434  34.994  -13.630  69.679 0.0000000000
78324  34.238  -15.186  67.772 0.0000000000
78310  34.188  -14.338  68.245 0.0000000000
163166  33.304  -18.765  67.454 0.0000000000
76253  33.348  -17.510  67.689 0.0000000000
160776  33.991  -18.841  67.480 0.0000000000
73987  35.903  -19.117  67.681 0.0000000000
75126  35.246  -18.649  67.531 0.0000000000
76250  36.401  -17.778  67.559 0.0000000000
57985  28.072  -33.049  77.799 0.0000000000
57984  28.859  -33.175  77.751 0.0000000000
57969  28.473  -33.444  78.439 0.0000000000
57921  29.220  -33.827  80.229 0.0000000000
81817  42.138  -12.173  66.411 0.0000000000
53196  19.557  -37.494  86.858 0.0000000000
149614  20.032  -37.507  87.659 0.0000000000
168745  19.402  -37.599  87.407 0.0000000000
173471  15.043  -36.842  88.626 0.0000000000
57786  11.920  -32.772  87.709 0.0000000000
57762  11.094  -32.521  90.258 0.0000000000
56631  9.771  -34.805  89.826 0.0000000000
56593  8.913  -33.728  92.034 0.0000000000
172182  8.314  -34.435  92.228 0.0000000000
55459  7.652  -36.062  91.506 0.0000000000
54335  8.206  -36.564  90.866 0.0000000000
54336  7.810  -37.354  91.280 0.0000000000
53091  7.250  -37.831  91.907 0.0000000000
51920  7.000  -38.852  92.909 0.0000000000
50815  7.119  -39.340  93.576 0.0000000000
51866  5.056  -38.950  95.567 0.0000000000
50797  5.664  -39.666  95.632 0.0000000000
50788  4.757  -39.632  96.660 0.0000000000
51867  4.641  -38.990  96.102 0.0000000000
54257  4.619  -37.081  97.113 0.0000000000
55334  3.951  -35.150  100.252 0.0000000000
166679  2.710  -35.660  100.009 0.0000000000
60150  26.213  -31.871  77.871 0.0000000000
59055  25.866  -32.062  78.299 0.0000000000
62372  25.581  -29.699  77.800 0.0000000000
61268  25.210  -30.168  77.897 0.0000000000
61254  24.842  -30.770  79.043 0.0000000000
59035  25.705  -32.199  79.221 0.0000000000
60124  25.477  -31.542  80.798 0.0000000000
66757  23.647  -25.389  79.335 0.0000000000
66756  24.202  -25.566  78.984 0.0000000000
66778  23.408  -25.724  78.779 0.0000000000
63437  22.239  -27.625  79.108 0.0000000000
152610  22.806  -26.503  78.616 0.0000000000
149863  22.869  -27.626  79.727 0.0000000000
63436  23.514  -27.685  79.422 0.0000000000
154658  22.031  -31.747  81.259 0.0000000000
170064  21.920  -30.658  81.305 0.0000000000
61213  22.417  -29.924  82.745 0.0000000000
61226  22.044  -29.673  81.910 0.0000000000
62311  22.685  -28.919  82.332 0.0000000000
78357  40.824  -15.661  65.005 0.0000000000
154580  42.022  -16.458  64.988 0.0000000000
149436  41.317  -16.458  65.301 0.0000000000
72698  29.421  -20.053  71.217 0.0000000000
73942  29.082  -19.751  71.764 0.0000000000
70244  29.185  -22.171  70.772 0.0000000000
174542  29.202  -21.696  70.549 0.0000000000
173752  30.069  -22.508  69.849 0.0000000000
70243  29.729  -22.850  70.489 0.0000000000
67844  28.310  -24.684  76.786 0.0000000000
68972  27.830  -23.872  76.596 0.0000000000
67863  27.949  -24.697  75.856 0.0000000000
67882  27.791  -24.058  74.651 0.0000000000
69007  28.017  -23.702  74.135 0.0000000000
67880  30.758  -24.272  75.073 0.0000000000
69005  29.917  -24.012  73.901 0.0000000000
157332  29.534  -23.469  72.725 0.0000000000
174555  30.989  -23.809  71.961 0.0000000000
69061  31.528  -23.852  71.471 0.0000000000
69082  31.010  -23.570  70.636 0.0000000000
69060  32.520  -23.996  71.219 0.0000000000
69039  33.064  -24.545  71.777 0.0000000000
67923  34.468  -24.894  72.581 0.0000000000
59074  30.091  -32.539  77.513 0.0000000000
57966  30.610  -32.982  78.327 0.0000000000
57941  32.014  -32.888  79.768 0.0000000000
59033  31.888  -32.660  79.096 0.0000000000
59032  32.462  -32.382  79.390 0.0000000000
60147  32.510  -31.593  78.266 0.0000000000
170177  33.040  -32.048  79.643 0.0000000000
60131  34.268  -31.286  79.716 0.0000000000
61247  34.754  -30.634  79.331 0.0000000000
81846  56.066  -12.340  63.397 0.0000000000
172722  51.611  -11.823  62.999 0.0000000000
82798  52.563  -11.598  63.384 0.0000000000
80731  52.834  -13.643  62.737 0.0000000000
80721  54.573  -13.894  63.078 0.0000000000
77339  43.370  -16.044  64.809 0.0000000000
77327  42.744  -16.453  65.274 0.0000000000
61298  29.695  -30.451  76.224 0.0000000000
60160  30.324  -31.895  76.970 0.0000000000
80725  42.731  -13.809  63.710 0.0000000000
80653  36.903  -12.474  69.042 0.0000000000
80673  35.492  -13.348  68.773 0.0000000000
71502  32.008  -21.236  68.285 0.0000000000
72752  32.506  -20.567  68.048 0.0000000000
70254  33.882  -22.618  69.306 0.0000000000
69058  34.228  -24.093  71.067 0.0000000000
55479  10.244  -36.039  88.416 0.0000000000
56532  7.332  -34.262  96.242 0.0000000000
64520  26.413  -27.533  79.101 0.0000000000
65652  25.751  -26.994  78.669 0.0000000000
65675  24.965  -26.614  78.429 0.0000000000
55571  22.338  -35.691  83.124 0.0000000000
55570  23.189  -35.857  83.539 0.0000000000
54405  23.355  -36.415  84.120 0.0000000000
70155  27.019  -22.311  76.589 0.0000000000
65689  33.539  -26.124  77.797 0.0000000000
66821  32.924  -25.735  77.279 0.0000000000
75103  31.047  -18.567  69.820 0.0000000000
54433  19.944  -36.434  82.257 0.0000000000
54422  19.440  -36.782  82.947 0.0000000000
54434  19.175  -36.532  82.071 0.0000000000
53242  18.609  -36.878  82.728 0.0000000000
53243  17.703  -36.679  82.585 0.0000000000
56772  16.289  -34.537  83.554 0.0000000000
57844  15.819  -34.067  84.042 0.0000000000
56746  15.388  -34.421  84.283 0.0000000000
56747  14.917  -34.097  84.712 0.0000000000
65625  20.603  -26.471  81.371 0.0000000000
61227  19.976  -30.767  81.563 0.0000000000
159171  19.526  -30.160  80.782 0.0000000000
60127  19.476  -31.856  80.204 0.0000000000
57949  20.259  -33.612  79.416 0.0000000000
56829  20.578  -34.320  79.621 0.0000000000
55601  20.189  -34.892  79.873 0.0000000000
151443  20.038  -35.944  80.850 0.0000000000
147587  29.321  -26.304  77.031 0.0000000000
65690  29.725  -26.926  76.920 0.0000000000
62396  31.242  -29.530  75.381 0.0000000000
62395  32.167  -29.110  75.656 0.0000000000
169989  32.848  -28.881  76.291 0.0000000000
62383  33.366  -29.012  76.824 0.0000000000
62368  33.758  -29.263  77.518 0.0000000000
62367  34.370  -29.337  78.144 0.0000000000
175786  44.485  -11.966  63.866 0.0000000000
82789  45.573  -11.520  64.204 0.0000000000
82802  47.863  -11.237  62.715 0.0000000000
82813  47.271  -11.940  62.398 0.0000000000
80743  47.147  -13.113  62.012 0.0000000000
78384  47.242  -14.855  63.391 0.0000000000
79509  48.692  -14.975  63.873 0.0000000000
79510  47.810  -14.890  64.189 0.0000000000
78340  36.609  -14.480  66.557 0.0000000000
76242  37.358  -17.869  67.853 0.0000000000
78296  33.467  -14.561  69.912 0.0000000000
79435  34.048  -14.004  69.226 0.0000000000
78311  33.453  -15.249  68.495 0.0000000000
78325  33.820  -15.973  68.079 0.0000000000
155994  34.660  -18.952  67.534 0.0000000000
73979  35.013  -20.021  67.850 0.0000000000
73978  35.693  -19.821  68.011 0.0000000000
73977  36.506  -19.538  68.121 0.0000000000
57922  28.206  -33.707  80.107 0.0000000000
164969  40.417  -11.691  67.945 0.0000000000
81818  40.844  -11.703  67.043 0.0000000000
148187  18.158  -37.664  86.056 0.0000000000
148349  18.897  -37.717  87.205 0.0000000000
147763  18.026  -37.861  86.962 0.0000000000
53179  17.350  -37.829  87.538 0.0000000000
53134  11.191  -37.501  89.876 0.0000000000
53111  11.040  -37.714  90.698 0.0000000000
53089  10.259  -38.017  92.008 0.0000000000
51917  9.039  -38.584  92.132 0.0000000000
57741  10.559  -32.634  90.556 0.0000000000
56630  9.913  -33.710  90.049 0.0000000000
55442  7.711  -34.933  92.781 0.0000000000
54322  6.605  -37.362  92.424 0.0000000000
53070  6.374  -38.141  92.939 0.0000000000
51882  5.814  -39.009  94.186 0.0000000000
53046  5.423  -38.276  94.454 0.0000000000
53023  5.125  -37.962  95.242 0.0000000000
55379  5.783  -36.013  96.859 0.0000000000
54240  4.575  -36.923  97.954 0.0000000000
60163  26.985  -31.705  77.846 0.0000000000
177687  24.901  -29.932  79.253 0.0000000000
61237  25.179  -30.761  80.325 0.0000000000
156837  21.889  -26.064  78.677 0.0000000000
65678  22.262  -26.286  78.580 0.0000000000
163673  22.119  -30.862  82.067 0.0000000000
58963  22.638  -32.095  83.633 0.0000000000
177226  28.006  -20.121  72.732 0.0000000000
72682  28.189  -20.641  72.286 0.0000000000
72699  28.716  -20.481  71.525 0.0000000000
71446  28.407  -21.395  71.809 0.0000000000
70223  28.794  -22.201  71.502 0.0000000000
67898  29.182  -24.461  74.133 0.0000000000
68989  31.102  -23.561  75.549 0.0000000000
68990  30.649  -23.778  74.713 0.0000000000
177176  31.154  -23.419  74.832 0.0000000000
69023  31.042  -23.757  73.393 0.0000000000
69042  30.468  -23.730  72.482 0.0000000000
69022  32.020  -24.169  73.259 0.0000000000
67925  32.905  -24.614  72.701 0.0000000000
155056  30.750  -33.494  79.798 0.0000000000
57919  31.533  -33.375  80.134 0.0000000000
57918  32.260  -33.239  80.511 0.0000000000
57917  32.862  -33.052  80.883 0.0000000000
82811  49.756  -11.665  62.426 0.0000000000
82810  50.585  -11.981  62.469 0.0000000000
81861  51.632  -12.966  62.421 0.0000000000
79518  54.432  -14.976  63.331 0.0000000000
57928  18.782  -34.376  80.895 0.0000000000
56812  18.013  -34.738  80.990 0.0000000000
57876  18.956  -34.359  81.568 0.0000000000
56792  18.178  -34.429  82.162 0.0000000000
61214  20.146  -30.177  82.257 0.0000000000
60114  19.902  -31.768  81.311 0.0000000000
167098  45.867  -15.626  64.037 0.0000000000
78356  45.759  -15.887  64.945 0.0000000000
61317  30.533  -29.956  75.575 0.0000000000
61316  31.099  -30.254  75.772 0.0000000000
169076  31.752  -30.349  76.379 0.0000000000
81852  44.363  -12.437  63.474 0.0000000000
81868  44.982  -12.616  62.799 0.0000000000
175446  44.458  -14.666  63.345 0.0000000000
165529  45.143  -14.735  63.090 0.0000000000
78386  45.520  -15.336  63.446 0.0000000000
51845  3.541  -39.159  97.880 0.0000000000
81831  38.508  -12.661  66.591 0.0000000000
80688  37.657  -12.943  66.860 0.0000000000
80689  37.048  -13.237  67.252 0.0000000000
79479  36.725  -13.787  66.799 0.0000000000
78323  35.744  -15.377  67.058 0.0000000000
76243  32.410  -17.382  68.363 0.0000000000
76254  32.789  -17.654  67.879 0.0000000000
73991  32.665  -19.185  67.556 0.0000000000
73990  33.492  -19.385  67.558 0.0000000000
72751  33.426  -20.650  68.044 0.0000000000
72771  33.742  -20.043  67.791 0.0000000000
72750  34.412  -20.550  68.009 0.0000000000
163110  36.215  -22.051  69.046 0.0000000000
70236  36.141  -22.948  70.188 0.0000000000
69076  36.504  -23.475  70.722 0.0000000000
151799  36.768  -23.861  71.252 0.0000000000
58995  26.373  -32.868  80.775 0.0000000000
154379  27.008  -33.400  81.120 0.0000000000
57899  27.096  -33.423  81.951 0.0000000000
53181  15.854  -37.091  87.360 0.0000000000
54361  15.181  -36.688  87.845 0.0000000000
54352  14.458  -36.629  88.962 0.0000000000
151249  11.911  -37.107  89.866 0.0000000000
54355  11.363  -37.058  89.133 0.0000000000
55427  7.721  -34.844  93.725 0.0000000000
156376  7.083  -35.260  94.145 0.0000000000
55414  6.403  -35.659  94.574 0.0000000000
55398  6.369  -35.468  95.515 0.0000000000
62371  25.990  -29.854  77.878 0.0000000000
63475  25.557  -28.921  77.789 0.0000000000
165005  21.610  -31.991  79.716 0.0000000000
165149  21.866  -32.106  80.425 0.0000000000
58997  22.258  -32.608  81.722 0.0000000000
56768  22.733  -35.033  83.231 0.0000000000
158741  22.503  -34.154  82.763 0.0000000000
57856  22.667  -33.194  83.163 0.0000000000
155473  39.854  -16.865  67.944 0.0000000000
156818  40.656  -17.068  67.981 0.0000000000
153375  26.919  -22.238  73.931 0.0000000000
66848  31.122  -25.875  74.770 0.0000000000
66849  30.409  -25.316  74.523 0.0000000000
66822  32.394  -25.292  76.781 0.0000000000
67862  31.589  -24.097  76.517 0.0000000000
68970  31.992  -23.702  76.720 0.0000000000
147035  32.722  -23.643  76.498 0.0000000000
82797  53.401  -11.676  63.303 0.0000000000
79540  50.298  -14.428  62.622 0.0000000000
154952  1.732  -36.326  99.283 0.0000000000
78283  34.826  -14.534  71.379 0.0000000000
77263  32.541  -15.709  69.747 0.0000000000
77264  32.198  -16.359  69.528 0.0000000000
76222  32.124  -17.225  70.280 0.0000000000
76232  32.021  -17.163  69.165 0.0000000000
76233  31.855  -17.919  68.722 0.0000000000
75118  31.614  -18.706  68.275 0.0000000000
72774  31.256  -19.560  68.267 0.0000000000
73970  30.758  -18.844  69.375 0.0000000000
174538  30.754  -19.552  68.656 0.0000000000
71503  31.098  -21.172  68.485 0.0000000000
71483  31.163  -21.942  68.881 0.0000000000
53212  21.554  -36.908  85.508 0.0000000000
53213  20.546  -36.866  85.514 0.0000000000
175444  19.320  -37.305  86.114 0.0000000000
53227  19.207  -37.249  84.568 0.0000000000
53215  18.738  -37.427  85.494 0.0000000000
55589  17.696  -35.371  81.469 0.0000000000
54436  17.194  -36.061  82.379 0.0000000000
54423  16.957  -36.464  82.916 0.0000000000
55573  16.296  -35.145  83.325 0.0000000000
54424  16.437  -35.981  83.360 0.0000000000
54410  16.897  -36.663  83.740 0.0000000000
54392  16.205  -36.367  84.922 0.0000000000
54378  16.136  -36.590  85.726 0.0000000000
54380  14.885  -35.719  86.627 0.0000000000
55527  13.843  -34.512  86.572 0.0000000000
56689  12.198  -33.842  86.872 0.0000000000
57800  11.628  -33.691  87.298 0.0000000000
66723  24.912  -25.587  80.501 0.0000000000
66758  22.880  -25.436  79.341 0.0000000000
66726  22.663  -25.568  81.086 0.0000000000
66742  22.428  -25.379  80.185 0.0000000000
66759  21.927  -25.621  79.265 0.0000000000
167897  20.867  -26.972  78.681 0.0000000000
64546  20.780  -27.602  78.565 0.0000000000
62354  20.895  -29.330  78.568 0.0000000000
64509  19.910  -27.825  80.669 0.0000000000
62312  19.461  -29.287  80.936 0.0000000000
63427  19.598  -28.643  80.330 0.0000000000
63439  19.765  -28.750  79.521 0.0000000000
162361  19.979  -29.290  79.127 0.0000000000
62355  20.399  -29.920  78.850 0.0000000000
60139  21.066  -31.108  78.896 0.0000000000
57925  21.872  -33.427  80.496 0.0000000000
175440  21.717  -34.408  81.262 0.0000000000
56811  21.548  -34.923  81.662 0.0000000000
55581  21.709  -35.382  82.487 0.0000000000
54419  22.075  -36.267  83.459 0.0000000000
53225  22.104  -36.815  84.693 0.0000000000
66825  28.299  -25.390  76.235 0.0000000000
66824  28.718  -25.948  76.640 0.0000000000
65713  28.690  -26.049  74.844 0.0000000000
153389  29.609  -28.146  75.386 0.0000000000
63507  29.877  -27.899  74.710 0.0000000000
62408  30.942  -28.979  74.966 0.0000000000
64602  30.827  -27.177  74.425 0.0000000000
65711  31.422  -26.650  74.740 0.0000000000
65710  32.233  -26.759  75.439 0.0000000000
160124  49.655  -10.788  63.028 0.0000000000
80735  47.334  -13.543  62.164 0.0000000000
161343  48.152  -13.475  62.069 0.0000000000
79541  49.508  -14.190  62.501 0.0000000000
78374  41.124  -14.964  64.547 0.0000000000
170090  39.466  -16.956  68.152 0.0000000000
77276  39.378  -17.242  68.564 0.0000000000
80655  35.696  -13.204  69.722 0.0000000000
79448  34.984  -13.772  67.925 0.0000000000
166969  35.653  -16.167  67.188 0.0000000000
77299  32.946  -16.976  68.054 0.0000000000
77298  33.587  -16.719  67.821 0.0000000000
75127  34.497  -18.250  67.448 0.0000000000
77296  35.061  -16.676  67.367 0.0000000000
75115  37.668  -18.539  68.254 0.0000000000
172513  37.243  -19.237  68.256 0.0000000000
59075  29.292  -32.589  77.418 0.0000000000
57967  30.038  -33.387  78.604 0.0000000000
57945  28.865  -33.678  79.290 0.0000000000
57944  29.854  -33.613  79.399 0.0000000000
81836  42.406  -12.447  65.610 0.0000000000
80707  41.765  -13.126  64.854 0.0000000000
80717  41.412  -13.695  64.562 0.0000000000
53177  19.191  -37.669  87.932 0.0000000000
58892  12.593  -32.407  87.223 0.0000000000
56670  10.641  -34.560  87.989 0.0000000000
55493  10.199  -35.104  88.424 0.0000000000
56651  9.819  -35.614  89.122 0.0000000000
178414  9.618  -36.374  89.432 0.0000000000
54345  9.243  -36.752  89.882 0.0000000000
54346  8.781  -37.198  90.369 0.0000000000
155931  7.791  -35.187  91.987 0.0000000000
53114  8.527  -38.085  91.185 0.0000000000
51935  8.613  -38.467  91.713 0.0000000000
51918  8.303  -38.850  92.297 0.0000000000
51919  7.522  -38.644  92.308 0.0000000000
159763  8.420  -39.038  93.229 0.0000000000
50808  5.943  -39.510  94.842 0.0000000000
50774  4.173  -39.645  97.372 0.0000000000
53003  4.967  -37.476  95.919 0.0000000000
52972  3.199  -37.870  98.197 0.0000000000
54241  3.739  -37.515  98.020 0.0000000000
55345  5.203  -35.444  99.174 0.0000000000
66777  30.033  -25.549  78.243 0.0000000000
61282  29.174  -30.805  77.483 0.0000000000
57986  27.326  -32.713  78.019 0.0000000000
57970  26.935  -33.028  78.656 0.0000000000
59014  26.265  -32.744  79.799 0.0000000000
168132  25.656  -30.614  77.820 0.0000000000
66739  24.930  -25.687  79.515 0.0000000000
65654  24.746  -25.997  78.815 0.0000000000
65677  23.108  -26.167  78.494 0.0000000000
64545  23.653  -26.692  78.496 0.0000000000
61240  21.644  -30.223  79.877 0.0000000000
62325  21.798  -28.948  80.339 0.0000000000
62324  22.261  -28.815  81.383 0.0000000000
62309  24.448  -28.854  81.738 0.0000000000
72697  30.139  -19.492  71.159 0.0000000000
159665  29.556  -20.324  70.539 0.0000000000
72718  29.323  -21.214  70.421 0.0000000000
70258  30.131  -21.959  69.563 0.0000000000
70257  30.755  -22.470  69.385 0.0000000000
70241  31.388  -23.170  69.854 0.0000000000
171602  28.007  -23.422  77.434 0.0000000000
68973  27.042  -23.232  76.152 0.0000000000
148318  26.895  -23.252  75.283 0.0000000000
70179  26.717  -22.675  74.631 0.0000000000
70194  27.461  -22.238  73.545 0.0000000000
69006  28.816  -23.936  73.826 0.0000000000
69026  28.458  -23.310  73.598 0.0000000000
70193  28.120  -22.606  73.271 0.0000000000
70206  29.102  -22.998  72.036 0.0000000000
168248  29.509  -23.237  71.599 0.0000000000
69063  29.814  -23.354  71.207 0.0000000000
69080  32.912  -23.718  70.405 0.0000000000
69059  33.389  -24.101  71.053 0.0000000000
67942  34.421  -24.611  71.714 0.0000000000
67924  33.722  -24.741  72.262 0.0000000000
67941  35.168  -24.765  71.962 0.0000000000
59053  31.478  -32.593  78.474 0.0000000000
60148  31.788  -31.994  77.946 0.0000000000
59012  33.447  -32.626  80.884 0.0000000000
60132  33.498  -31.523  79.371 0.0000000000
60146  33.210  -31.181  78.645 0.0000000000
61262  33.587  -30.434  78.305 0.0000000000
61261  34.460  -30.101  78.606 0.0000000000
82799  51.166  -11.465  63.023 0.0000000000
82786  52.264  -10.984  63.883 0.0000000000
80733  51.073  -13.913  62.330 0.0000000000
79538  52.369  -14.425  62.803 0.0000000000
81860  52.442  -12.949  62.648 0.0000000000
80720  55.382  -13.272  63.066 0.0000000000
50798  5.123  -39.501  96.101 0.0000000000
54418  22.842  -36.248  83.537 0.0000000000
54420  21.170  -36.320  83.328 0.0000000000
54435  18.363  -36.420  81.955 0.0000000000
54456  19.476  -35.972  80.726 0.0000000000
55538  15.274  -35.370  84.843 0.0000000000
55588  17.967  -35.175  80.937 0.0000000000
55594  20.732  -34.930  80.042 0.0000000000
55595  20.030  -35.526  80.255 0.0000000000
56813  17.679  -34.914  81.424 0.0000000000
56820  21.850  -34.010  80.933 0.0000000000
56828  21.203  -34.238  79.803 0.0000000000
56830  19.900  -34.298  79.792 0.0000000000
58981  20.143  -31.906  82.174 0.0000000000
59016  22.056  -32.705  80.858 0.0000000000
59037  19.942  -32.854  79.376 0.0000000000
60126  21.532  -31.159  79.464 0.0000000000
60140  20.021  -32.132  79.003 0.0000000000
60152  20.240  -31.341  78.832 0.0000000000
61269  20.995  -30.183  78.724 0.0000000000
61270  20.528  -30.664  78.749 0.0000000000
62326  19.488  -29.548  79.963 0.0000000000
62342  20.552  -29.053  78.694 0.0000000000
62353  21.233  -29.520  78.886 0.0000000000
63458  20.895  -28.384  78.462 0.0000000000
64497  20.109  -26.993  81.051 0.0000000000
65655  21.326  -26.320  79.009 0.0000000000
65656  20.665  -26.688  79.407 0.0000000000
66725  23.414  -25.487  81.012 0.0000000000
66741  23.386  -25.303  80.130 0.0000000000
68971  31.469  -23.759  76.219 0.0000000000
69083  30.264  -23.429  70.714 0.0000000000
70168  26.567  -22.452  75.650 0.0000000000
75128  33.679  -18.136  67.490 0.0000000000
147619  17.929  -37.889  87.937 0.0000000000
151783  21.459  -26.773  78.690 0.0000000000
155036  19.707  -31.045  80.630 0.0000000000
157942  21.264  -32.719  79.230 0.0000000000
160945  24.707  -25.651  81.243 0.0000000000
163963  21.619  -33.996  80.253 0.0000000000
165374  22.243  -31.815  82.119 0.0000000000
166131  21.296  -31.834  79.164 0.0000000000
172259  27.366  -33.542  81.584 0.0000000000
172576  19.344  -35.502  80.480 0.0000000000
175937  20.999  -27.202  78.509 0.0000000000
176209  20.101  -31.380  81.909 0.0000000000
176211  31.712  -19.784  67.970 0.0000000000
176874  18.103  -37.296  83.798 0.0000000000
