#!ascii label  , from subject sub2 vox2ras=TkReg
1118
61176  20.537  -30.421  85.668 0.0000000000
167913  29.587  -31.539  91.930 0.0000000000
149411  37.022  -13.147  71.056 0.0000000000
68940  28.475  -23.499  78.059 0.0000000000
159399  34.513  -28.952  82.596 0.0000000000
84860  49.721  -9.218  64.936 0.0000000000
76199  37.055  -16.976  73.458 0.0000000000
157943  31.281  -18.881  71.683 0.0000000000
159610  15.961  -33.583  85.180 0.0000000000
63305  23.749  -28.896  89.969 0.0000000000
62244  28.320  -28.296  86.381 0.0000000000
65590  20.937  -26.160  83.433 0.0000000000
159877  43.621  -12.135  66.782 0.0000000000
62168  22.056  -28.300  91.880 0.0000000000
56666  19.733  -34.952  88.367 0.0000000000
81774  42.974  -11.790  70.895 0.0000000000
57759  14.374  -32.847  90.636 0.0000000000
57742  9.464  -33.037  91.673 0.0000000000
73837  31.095  -18.682  77.459 0.0000000000
66737  31.706  -25.729  80.967 0.0000000000
61249  31.255  -30.392  79.144 0.0000000000
60097  28.898  -32.298  82.034 0.0000000000
73894  36.492  -19.337  73.784 0.0000000000
73938  33.923  -18.961  72.170 0.0000000000
72659  33.349  -19.394  74.543 0.0000000000
76177  39.555  -17.101  75.181 0.0000000000
58965  20.261  -32.771  82.604 0.0000000000
56770  17.728  -34.571  82.722 0.0000000000
56742  19.643  -34.837  84.248 0.0000000000
64420  20.337  -26.714  88.305 0.0000000000
64436  22.801  -27.431  86.514 0.0000000000
164214  19.734  -27.209  84.915 0.0000000000
152595  19.754  -29.792  81.547 0.0000000000
81792  37.805  -11.989  69.296 0.0000000000
81730  39.339  -12.519  73.460 0.0000000000
82751  39.831  -11.748  71.000 0.0000000000
81789  40.216  -11.669  68.930 0.0000000000
149613  17.909  -35.215  91.015 0.0000000000
172280  16.251  -34.734  89.268 0.0000000000
56606  15.314  -34.948  91.628 0.0000000000
58813  11.273  -31.930  96.205 0.0000000000
58824  11.741  -31.636  93.756 0.0000000000
57682  8.995  -32.821  94.106 0.0000000000
56549  7.352  -34.356  95.441 0.0000000000
56507  7.331  -34.182  97.749 0.0000000000
67775  33.273  -24.270  84.407 0.0000000000
65618  33.635  -27.068  81.872 0.0000000000
63432  32.516  -28.300  79.065 0.0000000000
62307  32.996  -30.172  80.466 0.0000000000
64470  27.314  -26.771  83.721 0.0000000000
61184  28.291  -30.778  84.193 0.0000000000
62291  27.601  -29.400  82.273 0.0000000000
61236  27.378  -30.482  80.190 0.0000000000
72593  28.657  -20.001  78.695 0.0000000000
72625  27.687  -19.916  75.372 0.0000000000
70168  26.567  -22.452  75.650 0.0000000000
83790  54.154  -9.466  64.963 0.0000000000
83805  51.902  -10.314  64.278 0.0000000000
78263  36.660  -15.023  72.920 0.0000000000
77236  33.957  -15.956  71.807 0.0000000000
165892  39.570  -14.981  74.767 0.0000000000
61103  26.221  -30.476  91.367 0.0000000000
61138  28.800  -28.766  89.154 0.0000000000
62234  25.895  -29.108  87.862 0.0000000000
64448  24.873  -27.655  85.283 0.0000000000
153843  24.096  -26.145  82.438 0.0000000000
80668  44.903  -14.223  68.133 0.0000000000
81826  45.457  -12.264  66.542 0.0000000000
82780  46.037  -11.300  64.925 0.0000000000
83818  47.495  -10.689  63.451 0.0000000000
173833  21.218  -28.991  88.163 0.0000000000
57813  20.756  -33.128  86.948 0.0000000000
60002  22.272  -31.578  89.451 0.0000000000
65475  22.848  -26.159  92.056 0.0000000000
81802  42.754  -11.881  68.755 0.0000000000
55524  17.281  -35.109  86.773 0.0000000000
57784  15.159  -32.852  88.243 0.0000000000
57776  11.862  -32.328  88.706 0.0000000000
56592  13.873  -33.758  92.718 0.0000000000
57740  11.891  -31.890  91.052 0.0000000000
55334  3.951  -35.150  100.252 0.0000000000
72613  34.136  -19.838  76.699 0.0000000000
71327  29.644  -20.994  80.680 0.0000000000
70089  31.870  -22.803  82.118 0.0000000000
67810  30.532  -24.397  79.399 0.0000000000
65673  31.460  -26.618  78.675 0.0000000000
63452  30.989  -28.655  77.837 0.0000000000
61282  29.174  -30.805  77.483 0.0000000000
152521  29.856  -30.920  86.892 0.0000000000
178315  30.508  -32.772  84.433 0.0000000000
60094  32.609  -31.603  81.831 0.0000000000
60120  30.531  -31.525  80.278 0.0000000000
60149  28.587  -30.879  78.992 0.0000000000
73878  31.040  -18.491  74.561 0.0000000000
73920  28.510  -19.845  72.210 0.0000000000
72640  36.197  -20.340  74.922 0.0000000000
151183  34.469  -19.626  74.226 0.0000000000
172995  34.320  -19.934  75.570 0.0000000000
72639  38.471  -20.091  74.885 0.0000000000
159694  20.390  -31.192  84.329 0.0000000000
173481  20.294  -33.983  83.362 0.0000000000
58945  20.905  -33.026  84.340 0.0000000000
147407  20.417  -28.675  86.670 0.0000000000
64439  19.642  -27.042  86.392 0.0000000000
156220  20.295  -29.611  85.336 0.0000000000
61200  20.121  -30.404  83.985 0.0000000000
174079  37.316  -12.428  69.731 0.0000000000
80626  37.929  -12.863  71.870 0.0000000000
81750  39.455  -12.095  72.666 0.0000000000
81764  38.406  -12.280  71.380 0.0000000000
148548  38.741  -11.729  70.200 0.0000000000
58808  9.600  -32.028  96.231 0.0000000000
58815  9.591  -32.075  95.330 0.0000000000
58816  8.780  -32.456  95.746 0.0000000000
57683  8.276  -33.227  94.467 0.0000000000
57671  7.738  -33.747  95.818 0.0000000000
56532  7.332  -34.262  96.242 0.0000000000
65584  33.983  -26.488  83.536 0.0000000000
64483  34.126  -27.515  82.352 0.0000000000
63419  33.448  -28.805  80.836 0.0000000000
62305  34.052  -29.115  81.572 0.0000000000
157950  30.151  -30.864  90.576 0.0000000000
64485  27.183  -26.654  82.761 0.0000000000
63401  27.775  -28.270  82.655 0.0000000000
171049  27.025  -27.511  81.121 0.0000000000
63422  27.001  -28.332  80.436 0.0000000000
71341  28.260  -21.843  78.436 0.0000000000
71371  27.328  -21.326  76.853 0.0000000000
84861  48.787  -9.088  65.059 0.0000000000
86855  49.813  -7.769  66.858 0.0000000000
85901  51.117  -8.652  65.849 0.0000000000
83792  52.345  -9.641  64.835 0.0000000000
153282  51.036  -10.179  63.986 0.0000000000
77219  36.632  -16.030  73.320 0.0000000000
78273  35.168  -15.215  72.226 0.0000000000
77221  35.116  -16.261  72.696 0.0000000000
73939  33.020  -18.709  72.056 0.0000000000
73957  32.450  -18.498  71.322 0.0000000000
73941  31.160  -18.766  71.039 0.0000000000
76189  38.190  -17.438  74.524 0.0000000000
77206  38.224  -16.111  73.914 0.0000000000
158021  38.350  -14.837  74.059 0.0000000000
56745  16.306  -34.176  84.007 0.0000000000
58931  14.767  -32.850  85.785 0.0000000000
178351  24.782  -30.039  90.257 0.0000000000
62203  25.657  -29.831  89.120 0.0000000000
63320  24.280  -29.212  88.459 0.0000000000
65555  21.716  -26.037  85.370 0.0000000000
64449  23.467  -27.748  85.812 0.0000000000
64474  23.478  -27.129  84.198 0.0000000000
64473  24.452  -27.110  83.902 0.0000000000
65606  22.974  -26.253  82.685 0.0000000000
165683  20.723  -26.472  82.113 0.0000000000
65690  29.725  -26.926  76.920 0.0000000000
81814  44.172  -12.632  67.322 0.0000000000
81813  45.869  -13.186  67.248 0.0000000000
147261  44.664  -11.957  66.082 0.0000000000
82789  45.573  -11.520  64.204 0.0000000000
82805  45.843  -11.609  63.379 0.0000000000
83819  46.690  -10.847  63.739 0.0000000000
63292  21.279  -28.152  90.702 0.0000000000
61142  22.035  -30.717  88.612 0.0000000000
62190  22.488  -29.547  90.991 0.0000000000
64373  21.768  -26.893  92.293 0.0000000000
63293  20.858  -27.605  90.197 0.0000000000
80652  43.835  -12.607  69.519 0.0000000000
81787  43.077  -12.008  69.477 0.0000000000
81818  40.844  -11.703  67.043 0.0000000000
56684  20.285  -34.508  87.653 0.0000000000
56707  20.339  -34.374  86.716 0.0000000000
178223  19.594  -35.025  87.630 0.0000000000
56628  14.901  -33.901  89.965 0.0000000000
56669  15.653  -33.622  88.616 0.0000000000
57774  14.518  -32.535  89.779 0.0000000000
58852  14.111  -31.815  89.251 0.0000000000
57775  13.841  -31.756  90.226 0.0000000000
57680  13.308  -33.579  94.556 0.0000000000
150518  10.644  -31.833  92.673 0.0000000000
57717  12.536  -31.732  92.320 0.0000000000
164872  10.289  -32.447  91.393 0.0000000000
57762  11.094  -32.521  90.258 0.0000000000
73808  29.845  -19.563  80.769 0.0000000000
67788  31.954  -24.540  82.383 0.0000000000
68879  32.605  -23.094  83.242 0.0000000000
164912  31.549  -23.923  81.841 0.0000000000
68910  31.091  -22.968  80.923 0.0000000000
174935  30.758  -24.544  79.931 0.0000000000
66755  30.790  -25.417  78.875 0.0000000000
66754  31.341  -26.038  79.372 0.0000000000
62335  32.353  -29.198  79.032 0.0000000000
63433  31.985  -28.487  78.319 0.0000000000
62349  30.524  -29.572  78.096 0.0000000000
62350  29.737  -30.017  77.609 0.0000000000
61264  29.972  -30.266  78.446 0.0000000000
171439  28.669  -28.560  87.826 0.0000000000
61137  29.966  -29.176  88.571 0.0000000000
61152  29.186  -29.275  87.043 0.0000000000
60083  28.326  -31.557  83.542 0.0000000000
58941  29.005  -32.203  84.374 0.0000000000
58959  29.359  -32.293  83.468 0.0000000000
58957  31.877  -32.541  83.340 0.0000000000
156414  30.707  -32.345  82.250 0.0000000000
60108  31.132  -31.699  80.783 0.0000000000
60110  29.272  -32.154  81.238 0.0000000000
61253  27.301  -30.484  79.323 0.0000000000
60137  27.703  -30.994  79.862 0.0000000000
161857  32.503  -18.941  76.918 0.0000000000
73861  32.537  -19.052  75.632 0.0000000000
73863  30.557  -18.479  76.023 0.0000000000
72663  27.063  -20.744  73.873 0.0000000000
73899  28.392  -19.420  73.937 0.0000000000
82784  54.703  -10.136  64.144 0.0000000000
75062  36.638  -18.442  73.764 0.0000000000
177033  35.265  -17.653  72.884 0.0000000000
73916  35.184  -19.252  73.057 0.0000000000
72676  33.999  -19.407  73.602 0.0000000000
72678  32.749  -19.113  73.471 0.0000000000
75042  40.328  -18.694  75.313 0.0000000000
75044  38.506  -18.398  74.731 0.0000000000
56791  19.340  -34.382  82.445 0.0000000000
56769  18.757  -34.602  83.169 0.0000000000
173464  17.894  -34.871  84.807 0.0000000000
64407  21.962  -26.805  89.498 0.0000000000
152039  22.778  -27.895  88.069 0.0000000000
65528  21.417  -26.299  87.730 0.0000000000
65557  19.965  -25.815  85.661 0.0000000000
64463  19.733  -26.353  84.258 0.0000000000
63402  20.164  -27.683  82.595 0.0000000000
161267  20.139  -28.648  83.631 0.0000000000
60086  20.241  -31.071  82.476 0.0000000000
81836  42.406  -12.447  65.610 0.0000000000
61099  22.837  -29.644  91.813 0.0000000000
81729  40.211  -12.238  73.427 0.0000000000
81749  40.573  -11.815  72.514 0.0000000000
82749  41.594  -11.513  71.304 0.0000000000
174265  41.792  -11.496  69.864 0.0000000000
176134  40.060  -11.658  69.684 0.0000000000
149003  39.019  -11.683  69.360 0.0000000000
55475  19.250  -35.324  89.862 0.0000000000
55489  18.221  -35.386  88.586 0.0000000000
151204  17.529  -35.253  90.223 0.0000000000
55469  15.847  -35.197  90.974 0.0000000000
56607  14.743  -34.170  91.661 0.0000000000
58818  12.261  -32.019  94.532 0.0000000000
171298  11.478  -31.824  95.296 0.0000000000
58820  9.703  -32.232  93.850 0.0000000000
57699  9.222  -32.978  93.348 0.0000000000
57700  8.623  -33.534  93.671 0.0000000000
66705  32.932  -25.701  83.248 0.0000000000
66722  32.238  -26.232  81.814 0.0000000000
171520  32.264  -26.939  79.954 0.0000000000
158843  32.736  -27.470  80.279 0.0000000000
156153  32.967  -28.958  79.551 0.0000000000
62322  31.982  -30.015  79.190 0.0000000000
63369  27.472  -27.467  85.488 0.0000000000
62253  28.679  -29.065  85.521 0.0000000000
62263  27.964  -28.988  84.125 0.0000000000
62275  27.825  -29.159  83.212 0.0000000000
61211  27.533  -30.526  81.891 0.0000000000
177470  27.555  -31.131  81.261 0.0000000000
62308  27.336  -29.724  81.464 0.0000000000
63421  27.019  -28.862  79.588 0.0000000000
73839  29.306  -19.059  78.088 0.0000000000
73850  29.832  -18.612  76.590 0.0000000000
177652  28.304  -19.519  77.047 0.0000000000
72626  27.167  -20.743  75.994 0.0000000000
167325  53.323  -8.819  65.751 0.0000000000
83804  52.757  -10.240  64.346 0.0000000000
79412  36.911  -13.589  71.803 0.0000000000
79423  35.643  -13.484  70.436 0.0000000000
153104  35.524  -14.411  71.851 0.0000000000
160362  34.234  -17.530  72.065 0.0000000000
76221  32.843  -17.038  71.173 0.0000000000
77192  41.060  -16.519  75.376 0.0000000000
165893  41.158  -15.045  75.227 0.0000000000
79383  40.777  -14.169  75.048 0.0000000000
79385  39.314  -14.202  74.221 0.0000000000
79391  37.934  -13.982  73.443 0.0000000000
164197  28.075  -31.018  91.033 0.0000000000
59987  28.643  -30.609  90.557 0.0000000000
61125  27.116  -29.974  89.576 0.0000000000
62218  27.285  -28.999  88.562 0.0000000000
63334  26.335  -28.592  87.286 0.0000000000
63336  23.901  -28.959  87.570 0.0000000000
63354  24.897  -28.407  86.416 0.0000000000
63370  26.486  -27.809  85.905 0.0000000000
64458  26.325  -26.955  84.354 0.0000000000
65587  25.596  -26.351  82.955 0.0000000000
65621  25.484  -25.882  81.329 0.0000000000
81832  46.950  -11.713  66.599 0.0000000000
81834  45.124  -11.755  65.565 0.0000000000
81833  45.950  -11.603  65.969 0.0000000000
175175  47.069  -11.213  66.212 0.0000000000
83793  47.033  -10.466  65.005 0.0000000000
84873  47.673  -9.992  64.675 0.0000000000
84876  48.642  -10.065  63.841 0.0000000000
83806  50.037  -10.087  63.766 0.0000000000
62246  21.153  -29.623  86.813 0.0000000000
177922  20.845  -31.781  86.291 0.0000000000
60030  21.426  -31.323  87.391 0.0000000000
58889  21.479  -32.104  87.745 0.0000000000
57783  21.522  -33.573  88.512 0.0000000000
147458  23.035  -31.698  90.891 0.0000000000
56645  20.737  -34.703  89.498 0.0000000000
150576  19.366  -35.269  90.802 0.0000000000
59957  28.558  -31.410  93.003 0.0000000000
59959  26.937  -31.045  92.383 0.0000000000
61104  25.686  -30.298  92.168 0.0000000000
62178  24.278  -29.112  91.465 0.0000000000
63259  24.348  -27.914  92.372 0.0000000000
63274  23.387  -27.671  91.034 0.0000000000
167296  21.612  -26.495  90.519 0.0000000000
63322  20.436  -27.490  88.895 0.0000000000
79447  44.673  -14.162  69.003 0.0000000000
80670  43.909  -12.933  68.144 0.0000000000
81815  43.428  -12.272  67.417 0.0000000000
174434  41.990  -11.690  68.536 0.0000000000
148057  42.330  -11.879  67.978 0.0000000000
81817  42.138  -12.173  66.411 0.0000000000
56726  20.436  -34.271  85.812 0.0000000000
56709  18.995  -34.824  85.892 0.0000000000
56710  17.160  -34.994  85.987 0.0000000000
56667  16.715  -34.743  88.106 0.0000000000
153954  16.358  -34.230  87.578 0.0000000000
57816  15.384  -32.632  86.650 0.0000000000
58890  14.015  -31.884  86.792 0.0000000000
58871  12.583  -31.915  88.004 0.0000000000
56591  14.365  -34.209  92.345 0.0000000000
56608  14.243  -33.511  92.094 0.0000000000
154229  13.893  -32.716  92.289 0.0000000000
57739  13.533  -32.279  91.655 0.0000000000
57761  12.094  -31.910  90.696 0.0000000000
56509  6.046  -35.143  98.818 0.0000000000
71387  34.627  -20.461  76.243 0.0000000000
72583  31.372  -18.783  78.521 0.0000000000
174962  29.715  -19.313  79.521 0.0000000000
72584  29.073  -20.343  79.502 0.0000000000
70113  29.285  -22.044  79.350 0.0000000000
71294  30.669  -21.478  81.457 0.0000000000
70112  29.959  -22.414  79.717 0.0000000000
68938  29.958  -23.868  78.989 0.0000000000
67822  30.064  -24.729  78.700 0.0000000000
66803  29.922  -26.275  77.660 0.0000000000
64541  30.453  -26.993  77.581 0.0000000000
64519  32.055  -27.475  78.506 0.0000000000
153683  31.609  -27.885  77.834 0.0000000000
63473  30.219  -28.391  77.014 0.0000000000
62369  30.089  -29.186  77.260 0.0000000000
62370  29.650  -29.806  76.691 0.0000000000
61193  35.012  -30.338  83.700 0.0000000000
61122  30.144  -29.428  89.520 0.0000000000
60012  31.059  -30.398  88.272 0.0000000000
58882  31.669  -31.423  87.267 0.0000000000
60044  29.003  -30.940  85.666 0.0000000000
58906  30.372  -32.128  86.249 0.0000000000
58923  32.540  -32.458  86.103 0.0000000000
58955  33.516  -32.315  84.392 0.0000000000
60081  33.652  -31.923  83.529 0.0000000000
61208  34.135  -30.665  82.172 0.0000000000
61221  32.663  -30.973  80.933 0.0000000000
61222  31.885  -31.218  80.529 0.0000000000
61235  30.911  -31.082  79.639 0.0000000000
60122  28.337  -31.446  80.300 0.0000000000
60135  29.012  -31.235  79.633 0.0000000000
61251  29.496  -30.801  78.994 0.0000000000
61265  29.128  -30.655  78.300 0.0000000000
72623  33.966  -19.718  75.596 0.0000000000
169067  32.621  -19.048  74.328 0.0000000000
73896  31.189  -18.789  73.154 0.0000000000
73880  29.204  -18.951  74.443 0.0000000000
73897  30.211  -18.949  73.208 0.0000000000
72681  29.920  -19.543  71.810 0.0000000000
82799  51.166  -11.465  63.023 0.0000000000
169682  36.451  -20.683  75.812 0.0000000000
173617  35.083  -20.254  75.379 0.0000000000
71402  37.314  -20.619  75.453 0.0000000000
162610  20.739  -32.021  84.759 0.0000000000
152603  20.785  -29.590  86.078 0.0000000000
150010  20.281  -28.806  85.780 0.0000000000
61188  20.265  -30.428  84.856 0.0000000000
149294  37.354  -12.809  70.805 0.0000000000
166028  36.869  -12.782  70.212 0.0000000000
80627  37.447  -13.124  71.461 0.0000000000
81765  37.796  -12.604  71.049 0.0000000000
81778  37.649  -12.426  70.232 0.0000000000
58809  8.747  -32.380  96.587 0.0000000000
151811  8.054  -32.945  96.160 0.0000000000
57661  7.633  -33.587  96.578 0.0000000000
172521  34.717  -27.920  83.640 0.0000000000
64468  34.379  -27.239  83.294 0.0000000000
168330  34.487  -28.100  82.951 0.0000000000
63400  34.210  -28.310  82.174 0.0000000000
59955  30.342  -31.509  92.393 0.0000000000
149257  30.228  -31.318  91.422 0.0000000000
161789  26.840  -26.572  81.740 0.0000000000
166437  26.594  -26.663  80.651 0.0000000000
70127  28.582  -22.833  78.534 0.0000000000
70140  27.956  -22.598  77.833 0.0000000000
167003  49.166  -9.432  64.530 0.0000000000
85908  49.240  -8.620  65.561 0.0000000000
85907  50.158  -8.851  65.530 0.0000000000
84859  50.784  -9.317  65.184 0.0000000000
84870  50.467  -9.710  64.501 0.0000000000
77220  35.863  -16.400  73.044 0.0000000000
76200  36.247  -17.030  73.289 0.0000000000
72696  32.622  -18.912  72.493 0.0000000000
73940  32.052  -18.720  71.560 0.0000000000
72716  30.537  -19.164  70.853 0.0000000000
76190  37.690  -16.911  74.046 0.0000000000
174439  38.291  -16.637  74.298 0.0000000000
77207  37.535  -16.133  73.654 0.0000000000
56730  16.402  -34.054  84.697 0.0000000000
57830  15.845  -33.750  84.620 0.0000000000
57832  14.810  -33.403  85.114 0.0000000000
57831  15.386  -33.285  85.320 0.0000000000
172816  24.206  -29.432  90.508 0.0000000000
62204  24.607  -29.534  89.435 0.0000000000
62205  23.766  -29.082  89.152 0.0000000000
65571  21.500  -25.931  84.454 0.0000000000
64462  22.560  -26.818  84.692 0.0000000000
64475  22.501  -26.462  83.663 0.0000000000
148287  21.882  -26.242  82.974 0.0000000000
65608  21.275  -26.305  82.498 0.0000000000
64563  30.119  -27.655  76.864 0.0000000000
81827  44.942  -12.843  67.050 0.0000000000
81828  44.171  -12.134  66.481 0.0000000000
82804  46.386  -11.363  63.349 0.0000000000
62179  21.889  -28.617  91.176 0.0000000000
62191  21.823  -28.949  90.409 0.0000000000
171910  22.486  -28.946  91.587 0.0000000000
63261  21.757  -27.505  92.121 0.0000000000
63275  21.486  -27.812  91.418 0.0000000000
82748  42.435  -11.623  71.540 0.0000000000
81773  43.955  -12.010  71.002 0.0000000000
80640  43.393  -12.135  70.177 0.0000000000
81775  42.454  -11.653  70.141 0.0000000000
153545  18.945  -35.262  88.045 0.0000000000
57668  12.733  -33.008  95.005 0.0000000000
57719  10.049  -32.452  92.210 0.0000000000
57718  11.079  -31.738  92.023 0.0000000000
153939  31.765  -25.450  81.945 0.0000000000
67794  31.367  -24.761  81.569 0.0000000000
67801  30.997  -24.836  80.600 0.0000000000
67809  31.001  -25.154  79.630 0.0000000000
66738  31.350  -25.643  80.167 0.0000000000
62336  31.432  -29.500  78.613 0.0000000000
62337  30.756  -30.102  78.657 0.0000000000
62243  28.510  -28.417  87.165 0.0000000000
176702  28.948  -28.928  86.396 0.0000000000
176578  28.061  -31.499  82.932 0.0000000000
58960  28.617  -32.084  82.928 0.0000000000
58977  29.314  -32.354  82.579 0.0000000000
58976  30.086  -32.429  82.790 0.0000000000
60096  29.905  -32.345  81.876 0.0000000000
73848  31.709  -18.749  76.938 0.0000000000
73849  30.953  -18.565  76.844 0.0000000000
73915  35.976  -18.834  73.252 0.0000000000
173259  35.826  -19.479  73.500 0.0000000000
72658  34.117  -19.546  74.626 0.0000000000
168268  34.636  -19.436  73.453 0.0000000000
72677  33.341  -19.315  73.573 0.0000000000
75041  40.924  -18.775  75.442 0.0000000000
72655  36.987  -19.821  74.395 0.0000000000
73892  37.928  -19.124  74.454 0.0000000000
73893  37.139  -19.200  74.166 0.0000000000
150130  37.252  -18.527  74.172 0.0000000000
57842  20.472  -34.062  84.058 0.0000000000
57843  19.863  -34.401  83.310 0.0000000000
56743  18.369  -34.804  84.111 0.0000000000
56728  18.837  -35.047  84.999 0.0000000000
65514  21.109  -26.258  88.709 0.0000000000
64419  21.898  -26.826  88.542 0.0000000000
65515  20.694  -26.257  88.078 0.0000000000
64438  19.621  -27.023  85.715 0.0000000000
65558  19.758  -26.387  86.092 0.0000000000
64451  19.629  -26.066  85.180 0.0000000000
173028  19.905  -25.671  85.094 0.0000000000
63395  20.181  -27.992  83.328 0.0000000000
159128  20.334  -31.145  83.405 0.0000000000
61201  20.246  -30.360  83.064 0.0000000000
58981  20.143  -31.906  82.174 0.0000000000
81708  39.682  -12.772  73.888 0.0000000000
81763  39.176  -11.930  71.685 0.0000000000
81762  40.108  -11.765  71.792 0.0000000000
82738  40.939  -11.602  71.779 0.0000000000
82750  40.716  -11.589  71.089 0.0000000000
82763  40.433  -11.612  70.337 0.0000000000
81804  38.454  -11.914  68.329 0.0000000000
55467  18.517  -35.302  90.463 0.0000000000
56627  15.242  -34.494  90.852 0.0000000000
174034  9.435  -32.212  94.553 0.0000000000
153503  10.420  -31.880  94.674 0.0000000000
56548  7.801  -33.847  94.977 0.0000000000
56566  7.992  -34.019  94.085 0.0000000000
56521  7.297  -34.211  96.974 0.0000000000
56522  6.865  -34.906  97.335 0.0000000000
64469  33.885  -26.797  82.699 0.0000000000
65585  33.448  -26.303  83.176 0.0000000000
65603  33.076  -26.403  82.425 0.0000000000
65619  32.976  -26.749  81.587 0.0000000000
169903  32.426  -26.695  80.835 0.0000000000
64496  33.195  -27.303  81.079 0.0000000000
62320  33.137  -29.370  80.262 0.0000000000
176387  33.157  -28.665  80.184 0.0000000000
62321  32.604  -29.886  79.755 0.0000000000
64457  27.390  -27.084  84.640 0.0000000000
63384  28.033  -27.899  84.655 0.0000000000
177712  27.984  -27.235  83.991 0.0000000000
61196  27.799  -30.145  82.822 0.0000000000
167693  27.156  -29.516  80.568 0.0000000000
72605  28.370  -19.655  77.842 0.0000000000
168002  29.020  -18.869  77.229 0.0000000000
70155  27.019  -22.311  76.589 0.0000000000
174111  27.514  -20.610  76.669 0.0000000000
150032  26.838  -21.637  76.169 0.0000000000
82786  52.264  -10.984  63.883 0.0000000000
79401  36.703  -14.235  72.377 0.0000000000
79413  36.138  -13.945  71.832 0.0000000000
78272  36.004  -14.701  72.370 0.0000000000
77235  34.592  -15.879  72.205 0.0000000000
78274  34.417  -15.287  71.851 0.0000000000
77248  33.072  -16.012  71.315 0.0000000000
149309  34.736  -17.979  72.536 0.0000000000
75093  34.105  -18.397  71.982 0.0000000000
75101  32.686  -17.936  71.161 0.0000000000
152685  32.061  -18.187  70.504 0.0000000000
76222  32.124  -17.225  70.280 0.0000000000
76176  40.473  -17.268  75.416 0.0000000000
173687  41.231  -17.351  75.574 0.0000000000
78252  39.053  -15.602  74.414 0.0000000000
78248  40.535  -15.610  75.217 0.0000000000
177848  40.400  -14.798  75.063 0.0000000000
79384  40.033  -14.143  74.666 0.0000000000
79392  37.732  -14.726  73.744 0.0000000000
79400  37.331  -14.419  72.912 0.0000000000
149763  37.525  -13.559  72.396 0.0000000000
59988  27.222  -30.518  91.148 0.0000000000
61113  27.796  -30.252  90.344 0.0000000000
61114  26.710  -30.251  90.447 0.0000000000
62220  25.316  -29.460  88.494 0.0000000000
62202  26.442  -29.922  89.138 0.0000000000
62219  26.350  -29.342  88.601 0.0000000000
62233  26.800  -28.899  87.888 0.0000000000
64427  22.352  -27.109  87.497 0.0000000000
175460  23.341  -28.466  87.819 0.0000000000
63337  23.203  -28.236  87.191 0.0000000000
175591  24.116  -27.675  85.374 0.0000000000
63372  24.332  -28.164  85.933 0.0000000000
63371  25.362  -28.088  85.828 0.0000000000
63353  25.756  -28.366  86.631 0.0000000000
64447  25.844  -27.389  85.236 0.0000000000
64446  26.753  -27.183  85.201 0.0000000000
64459  25.202  -27.211  84.545 0.0000000000
65588  24.717  -26.484  83.193 0.0000000000
168400  24.977  -26.144  82.555 0.0000000000
65605  25.595  -26.057  82.190 0.0000000000
160811  24.829  -25.892  81.909 0.0000000000
63403  19.900  -28.551  81.988 0.0000000000
64498  20.002  -27.732  81.608 0.0000000000
168320  19.670  -29.094  81.581 0.0000000000
79446  45.419  -14.443  68.526 0.0000000000
81812  46.776  -13.315  67.299 0.0000000000
81825  46.332  -12.420  66.935 0.0000000000
172057  47.265  -12.605  67.251 0.0000000000
81841  44.035  -12.092  64.310 0.0000000000
165457  44.463  -11.780  65.158 0.0000000000
82781  45.504  -11.554  65.054 0.0000000000
82779  46.596  -11.068  65.641 0.0000000000
168399  47.109  -10.688  65.838 0.0000000000
83794  46.526  -10.815  64.546 0.0000000000
83809  47.172  -10.437  64.196 0.0000000000
83808  47.932  -10.121  63.909 0.0000000000
83817  48.516  -10.593  63.254 0.0000000000
62236  21.420  -29.708  87.642 0.0000000000
61164  21.408  -30.458  87.083 0.0000000000
61153  21.706  -30.553  87.885 0.0000000000
61141  22.183  -30.988  89.197 0.0000000000
60015  21.795  -31.419  88.119 0.0000000000
58867  21.972  -32.199  88.434 0.0000000000
165905  21.552  -32.831  88.136 0.0000000000
58851  22.121  -32.910  88.919 0.0000000000
61105  22.885  -30.304  91.360 0.0000000000
57737  22.444  -33.267  90.822 0.0000000000
56644  21.322  -34.202  89.734 0.0000000000
56624  20.997  -34.756  90.238 0.0000000000
56625  20.181  -35.076  90.225 0.0000000000
59958  27.741  -31.252  92.641 0.0000000000
62177  24.912  -29.808  91.817 0.0000000000
64372  23.530  -26.335  92.329 0.0000000000
64383  23.818  -27.194  92.111 0.0000000000
64384  23.269  -26.874  91.589 0.0000000000
64396  22.067  -26.599  90.289 0.0000000000
65491  22.095  -26.460  91.013 0.0000000000
62207  21.091  -28.557  89.000 0.0000000000
63308  20.710  -27.850  89.603 0.0000000000
62237  20.875  -28.881  87.483 0.0000000000
175405  35.090  -13.931  70.637 0.0000000000
81786  43.539  -12.475  68.870 0.0000000000
80651  44.123  -13.333  68.927 0.0000000000
147381  43.173  -12.143  68.133 0.0000000000
82769  41.051  -11.527  69.598 0.0000000000
81788  42.081  -11.580  69.298 0.0000000000
168638  41.226  -11.581  68.697 0.0000000000
147033  41.458  -11.695  67.885 0.0000000000
174085  41.806  -11.863  67.123 0.0000000000
81816  42.666  -11.967  67.294 0.0000000000
58912  20.791  -32.489  86.228 0.0000000000
57814  20.789  -33.435  85.984 0.0000000000
55522  19.230  -35.000  86.538 0.0000000000
56708  19.944  -34.883  86.199 0.0000000000
55523  18.162  -35.176  86.477 0.0000000000
149925  17.972  -35.070  85.554 0.0000000000
55477  17.505  -35.263  89.183 0.0000000000
55490  17.356  -35.164  88.263 0.0000000000
56647  16.757  -35.015  88.818 0.0000000000
56668  15.864  -33.482  87.891 0.0000000000
57797  15.904  -33.376  87.004 0.0000000000
57798  15.484  -32.815  87.384 0.0000000000
58868  14.842  -32.042  87.259 0.0000000000
58853  13.043  -31.716  89.141 0.0000000000
58870  13.534  -31.678  88.258 0.0000000000
161984  13.854  -34.199  93.316 0.0000000000
58823  12.540  -31.837  93.714 0.0000000000
164144  11.519  -31.820  91.445 0.0000000000
150184  13.001  -31.977  91.936 0.0000000000
56497  6.395  -34.425  99.188 0.0000000000
56499  4.827  -35.028  99.981 0.0000000000
73825  33.340  -19.204  77.911 0.0000000000
73814  31.087  -18.880  79.414 0.0000000000
147427  30.224  -18.914  79.025 0.0000000000
73815  30.100  -19.181  79.875 0.0000000000
72574  29.515  -20.272  80.853 0.0000000000
72575  29.383  -20.511  80.224 0.0000000000
71328  29.371  -21.302  79.843 0.0000000000
71340  28.664  -21.189  79.064 0.0000000000
70078  31.940  -22.566  82.866 0.0000000000
70090  31.370  -22.307  81.568 0.0000000000
68922  30.753  -23.800  80.257 0.0000000000
68911  30.705  -22.702  80.168 0.0000000000
68923  30.288  -23.362  79.625 0.0000000000
68924  29.662  -22.913  79.120 0.0000000000
171764  29.615  -24.260  78.483 0.0000000000
66776  31.075  -26.096  78.804 0.0000000000
65674  30.725  -26.292  78.275 0.0000000000
64518  32.385  -27.534  79.471 0.0000000000
65651  32.000  -26.769  79.251 0.0000000000
63472  30.908  -27.783  77.443 0.0000000000
61112  28.612  -30.034  90.068 0.0000000000
60001  29.384  -30.001  90.116 0.0000000000
61123  29.240  -29.306  89.650 0.0000000000
60026  30.247  -30.252  87.646 0.0000000000
60013  30.550  -29.890  88.464 0.0000000000
60025  30.395  -30.977  87.102 0.0000000000
58862  31.088  -30.778  87.422 0.0000000000
58883  30.747  -31.482  86.880 0.0000000000
61172  28.752  -30.235  85.103 0.0000000000
167971  28.693  -31.184  84.903 0.0000000000
58940  29.777  -32.450  84.369 0.0000000000
58926  29.426  -32.303  85.031 0.0000000000
58925  30.239  -32.600  85.269 0.0000000000
58924  31.127  -32.463  85.874 0.0000000000
154659  31.898  -32.846  85.512 0.0000000000
58938  32.912  -32.652  85.051 0.0000000000
159266  31.965  -32.850  84.435 0.0000000000
60095  31.664  -32.237  82.228 0.0000000000
60082  32.748  -32.215  82.762 0.0000000000
60093  33.479  -31.422  82.452 0.0000000000
61209  33.373  -30.857  81.561 0.0000000000
172299  31.291  -31.311  80.194 0.0000000000
60123  27.605  -31.147  80.617 0.0000000000
153060  28.028  -31.536  81.068 0.0000000000
60136  28.236  -31.084  79.588 0.0000000000
164392  34.522  -20.347  76.344 0.0000000000
71388  34.349  -20.126  75.857 0.0000000000
157962  34.044  -19.852  76.053 0.0000000000
72643  32.035  -18.742  75.032 0.0000000000
72642  33.038  -19.314  75.097 0.0000000000
72661  31.687  -18.558  74.009 0.0000000000
158145  32.191  -18.808  73.413 0.0000000000
149703  30.915  -18.604  73.812 0.0000000000
73865  28.504  -19.193  75.627 0.0000000000
73864  29.501  -18.676  75.792 0.0000000000
164702  29.128  -18.867  75.142 0.0000000000
162201  28.429  -19.524  72.985 0.0000000000
73898  29.247  -19.100  73.508 0.0000000000
73919  29.327  -19.332  72.493 0.0000000000
73942  29.082  -19.751  71.764 0.0000000000
83802  55.530  -9.799  64.276 0.0000000000
83801  56.307  -9.996  64.091 0.0000000000
83815  50.660  -10.710  63.327 0.0000000000
82800  50.383  -11.275  62.795 0.0000000000
72656  36.137  -19.940  74.126 0.0000000000
72657  35.206  -19.966  74.494 0.0000000000
71419  34.368  -19.731  75.079 0.0000000000
71420  34.072  -19.580  75.127 0.0000000000
176058  37.617  -20.239  74.799 0.0000000000
58964  20.584  -32.133  83.653 0.0000000000
57858  20.078  -33.878  82.793 0.0000000000
64428  19.934  -27.019  87.589 0.0000000000
65530  20.264  -26.476  87.440 0.0000000000
63339  19.933  -27.486  86.910 0.0000000000
171506  19.937  -27.989  85.495 0.0000000000
63373  20.043  -28.622  84.906 0.0000000000
165143  20.114  -28.884  84.156 0.0000000000
62265  20.124  -29.617  84.487 0.0000000000
80597  38.677  -12.670  73.189 0.0000000000
81751  38.561  -12.441  72.269 0.0000000000
81776  38.929  -11.794  70.862 0.0000000000
81777  38.257  -12.138  70.593 0.0000000000
81791  38.239  -11.909  69.932 0.0000000000
55440  17.744  -35.346  91.863 0.0000000000
55454  17.138  -35.405  91.129 0.0000000000
55455  16.815  -35.470  91.847 0.0000000000
57669  8.807  -32.574  94.913 0.0000000000
57670  8.103  -33.049  95.328 0.0000000000
65570  34.404  -26.784  84.000 0.0000000000
64495  33.719  -27.979  81.486 0.0000000000
62306  33.479  -29.666  80.907 0.0000000000
158261  27.904  -27.221  83.104 0.0000000000
64484  27.417  -27.413  82.164 0.0000000000
63408  27.299  -28.604  81.545 0.0000000000
64507  26.765  -27.411  80.071 0.0000000000
72594  28.120  -20.711  78.248 0.0000000000
165831  27.802  -20.428  77.312 0.0000000000
71356  27.775  -21.486  77.695 0.0000000000
70141  27.458  -22.128  77.255 0.0000000000
85910  47.947  -8.623  66.090 0.0000000000
85905  48.058  -8.230  66.667 0.0000000000
85904  48.223  -8.212  66.296 0.0000000000
84848  52.244  -8.579  65.929 0.0000000000
84858  51.838  -9.145  65.272 0.0000000000
84869  51.393  -9.820  64.763 0.0000000000
78264  35.903  -15.595  72.802 0.0000000000
76210  34.379  -16.611  72.226 0.0000000000
75094  33.297  -18.462  71.743 0.0000000000
73958  31.569  -18.576  70.665 0.0000000000
76188  38.783  -16.853  74.746 0.0000000000
77205  38.711  -16.116  74.211 0.0000000000
78253  38.609  -15.555  74.030 0.0000000000
164855  38.947  -14.964  74.094 0.0000000000
78254  37.994  -15.448  73.940 0.0000000000
78262  37.319  -15.272  73.497 0.0000000000
56771  16.996  -34.597  83.210 0.0000000000
57817  14.292  -33.199  85.766 0.0000000000
58914  14.075  -32.481  86.194 0.0000000000
61115  25.558  -30.235  90.564 0.0000000000
61126  26.098  -30.155  89.706 0.0000000000
61127  25.236  -30.078  89.792 0.0000000000
64450  22.686  -27.092  85.607 0.0000000000
64461  23.470  -27.342  85.093 0.0000000000
64460  24.297  -27.372  84.742 0.0000000000
65589  23.737  -26.600  83.326 0.0000000000
65623  23.237  -25.940  81.781 0.0000000000
65607  22.162  -26.030  81.921 0.0000000000
65624  21.284  -26.136  81.612 0.0000000000
80687  44.597  -13.600  67.762 0.0000000000
80686  45.375  -13.897  67.542 0.0000000000
81840  44.830  -11.706  64.490 0.0000000000
81851  44.953  -11.820  63.406 0.0000000000
82788  46.166  -11.268  64.022 0.0000000000
82803  46.974  -11.265  63.018 0.0000000000
63307  21.139  -28.409  89.963 0.0000000000
62221  21.702  -29.706  88.578 0.0000000000
62206  21.706  -29.281  89.574 0.0000000000
61116  22.310  -29.894  90.095 0.0000000000
61128  22.394  -30.827  89.804 0.0000000000
65460  22.461  -26.071  92.607 0.0000000000
65477  21.642  -26.525  91.100 0.0000000000
64385  21.518  -26.977  91.514 0.0000000000
80639  44.153  -12.519  70.207 0.0000000000
164969  40.417  -11.691  67.945 0.0000000000
56706  20.951  -34.062  87.233 0.0000000000
167147  20.782  -33.946  86.518 0.0000000000
56685  19.840  -34.963  86.957 0.0000000000
55504  18.991  -35.187  87.187 0.0000000000
56649  15.662  -34.150  89.246 0.0000000000
57773  15.123  -33.291  89.154 0.0000000000
57785  14.748  -32.375  89.034 0.0000000000
58869  14.438  -31.965  88.279 0.0000000000
148545  12.392  -31.794  90.061 0.0000000000
57695  13.545  -33.283  93.542 0.0000000000
57697  11.821  -31.561  92.954 0.0000000000
57741  10.559  -32.634  90.556 0.0000000000
73807  31.001  -18.980  80.456 0.0000000000
152026  30.611  -19.413  81.397 0.0000000000
72558  29.935  -20.076  81.449 0.0000000000
71295  29.942  -20.772  81.375 0.0000000000
67787  32.644  -24.658  83.190 0.0000000000
68878  32.959  -23.561  83.980 0.0000000000
68889  32.375  -23.808  82.856 0.0000000000
68899  31.956  -23.562  82.240 0.0000000000
68900  31.564  -23.175  81.636 0.0000000000
67795  31.060  -23.927  81.217 0.0000000000
160386  29.240  -28.832  88.118 0.0000000000
61151  29.758  -29.776  87.452 0.0000000000
61161  29.364  -30.507  86.514 0.0000000000
165858  28.599  -31.743  84.313 0.0000000000
58942  28.704  -32.069  83.719 0.0000000000
58958  30.293  -32.596  83.639 0.0000000000
155451  31.119  -32.811  83.950 0.0000000000
58975  30.959  -32.544  82.992 0.0000000000
60107  31.808  -31.670  81.288 0.0000000000
152153  30.911  -32.166  81.514 0.0000000000
60109  30.225  -32.017  80.973 0.0000000000
61252  27.778  -30.835  79.064 0.0000000000
61266  28.154  -30.992  78.347 0.0000000000
153971  27.027  -30.860  78.473 0.0000000000
72614  33.337  -19.332  76.376 0.0000000000
72624  33.091  -19.319  75.930 0.0000000000
73847  32.489  -19.011  76.257 0.0000000000
73862  31.682  -18.653  76.121 0.0000000000
168159  31.108  -18.453  75.426 0.0000000000
72644  27.575  -19.942  74.371 0.0000000000
73881  28.369  -19.297  74.834 0.0000000000
72662  27.723  -20.054  73.435 0.0000000000
75078  36.573  -17.627  73.605 0.0000000000
75079  35.902  -17.835  73.309 0.0000000000
75080  35.306  -18.387  72.910 0.0000000000
73917  34.625  -18.777  72.546 0.0000000000
73895  35.236  -19.652  73.742 0.0000000000
72675  34.334  -19.214  72.871 0.0000000000
72695  33.600  -19.157  72.717 0.0000000000
72679  31.913  -18.850  72.566 0.0000000000
76175  40.840  -18.115  75.456 0.0000000000
158705  39.992  -17.994  75.228 0.0000000000
73877  38.852  -19.306  74.975 0.0000000000
75043  39.471  -18.587  75.069 0.0000000000
76178  39.081  -17.753  74.924 0.0000000000
75060  37.701  -18.134  74.407 0.0000000000
75061  37.159  -17.739  74.021 0.0000000000
56792  18.178  -34.429  82.162 0.0000000000
163343  17.764  -34.633  83.389 0.0000000000
56744  17.188  -34.455  84.116 0.0000000000
64406  22.596  -27.435  89.906 0.0000000000
63306  23.219  -28.342  89.465 0.0000000000
64418  22.625  -27.696  88.982 0.0000000000
64437  21.983  -26.642  86.976 0.0000000000
65545  20.143  -26.208  86.584 0.0000000000
155658  21.360  -26.263  86.889 0.0000000000
65544  20.870  -26.006  86.167 0.0000000000
65556  20.482  -25.626  85.038 0.0000000000
65572  20.590  -25.676  84.160 0.0000000000
65591  20.097  -25.945  83.753 0.0000000000
65609  20.612  -26.619  82.940 0.0000000000
64476  20.106  -26.937  83.387 0.0000000000
62296  19.970  -29.365  82.155 0.0000000000
62277  20.106  -29.542  83.578 0.0000000000
162908  20.159  -29.693  82.776 0.0000000000
147762  43.296  -11.843  65.960 0.0000000000
147410  43.008  -12.222  65.118 0.0000000000
62167  22.650  -28.841  92.237 0.0000000000
62157  22.752  -28.709  92.999 0.0000000000
161629  41.010  -12.183  74.015 0.0000000000
81748  41.209  -11.941  73.101 0.0000000000
82737  41.641  -11.662  72.199 0.0000000000
82762  42.215  -11.517  70.851 0.0000000000
156618  41.479  -11.473  70.442 0.0000000000
81790  39.484  -11.668  70.240 0.0000000000
81803  39.497  -11.772  68.264 0.0000000000
56646  19.905  -34.953  89.267 0.0000000000
55488  19.078  -35.338  88.951 0.0000000000
55476  18.376  -35.380  89.534 0.0000000000
55478  16.726  -35.116  89.677 0.0000000000
55468  16.570  -35.247  90.554 0.0000000000
56626  15.867  -34.770  90.055 0.0000000000
159572  14.721  -33.823  90.865 0.0000000000
174957  12.375  -32.271  95.405 0.0000000000
58819  11.296  -31.593  94.351 0.0000000000
57698  10.728  -31.649  93.568 0.0000000000
159012  9.909  -32.357  93.013 0.0000000000
57720  9.359  -33.026  92.544 0.0000000000
56580  8.912  -33.800  92.928 0.0000000000
67781  33.605  -25.038  84.273 0.0000000000
67782  33.057  -24.390  83.875 0.0000000000
66715  32.263  -25.606  82.659 0.0000000000
65635  31.909  -26.285  80.024 0.0000000000
63420  32.876  -28.180  79.802 0.0000000000
64506  33.190  -28.044  80.603 0.0000000000
62254  28.112  -28.118  85.595 0.0000000000
172235  28.229  -28.769  84.881 0.0000000000
62262  28.326  -29.638  84.545 0.0000000000
63394  28.115  -28.104  83.601 0.0000000000
62274  28.098  -29.922  83.685 0.0000000000
61195  27.874  -30.889  83.312 0.0000000000
61210  27.757  -31.065  82.547 0.0000000000
60098  28.242  -31.723  82.304 0.0000000000
60111  28.496  -31.879  81.549 0.0000000000
60112  27.859  -31.357  81.796 0.0000000000
61223  27.309  -30.533  80.998 0.0000000000
62338  27.050  -29.851  79.612 0.0000000000
152214  30.264  -18.666  77.891 0.0000000000
73838  30.086  -18.637  77.337 0.0000000000
73851  28.767  -18.946  76.396 0.0000000000
72615  27.943  -19.957  76.346 0.0000000000
72645  26.904  -20.625  74.873 0.0000000000
84856  53.816  -8.866  65.630 0.0000000000
84857  52.757  -8.987  65.479 0.0000000000
83791  53.275  -9.458  65.073 0.0000000000
82785  53.093  -10.951  63.822 0.0000000000
80641  36.327  -13.385  71.001 0.0000000000
79414  35.577  -13.899  71.232 0.0000000000
78283  34.826  -14.534  71.379 0.0000000000
76201  35.502  -17.043  73.010 0.0000000000
76209  34.834  -17.161  72.629 0.0000000000
76220  33.658  -16.860  71.732 0.0000000000
75100  33.495  -17.837  71.662 0.0000000000
77193  40.051  -16.405  75.294 0.0000000000
80584  40.478  -13.286  74.746 0.0000000000
80585  39.776  -13.411  74.276 0.0000000000
80596  39.019  -13.261  73.879 0.0000000000
79390  38.637  -14.157  73.908 0.0000000000
171518  38.398  -13.417  73.490 0.0000000000
80611  38.098  -13.127  72.802 0.0000000000
59969  28.618  -31.388  91.900 0.0000000000
160012  28.772  -31.173  91.006 0.0000000000
61124  28.172  -29.563  89.724 0.0000000000
61139  27.644  -29.137  89.226 0.0000000000
62217  28.231  -28.611  88.566 0.0000000000
62232  27.760  -28.541  87.946 0.0000000000
62245  27.406  -28.296  87.171 0.0000000000
63321  23.380  -28.604  88.490 0.0000000000
62235  24.925  -29.209  87.742 0.0000000000
63356  23.544  -28.147  86.408 0.0000000000
63355  24.099  -28.565  86.727 0.0000000000
176825  25.555  -28.855  87.295 0.0000000000
169540  26.732  -28.168  86.674 0.0000000000
63352  27.476  -27.886  86.280 0.0000000000
64472  25.419  -26.823  83.720 0.0000000000
64471  26.435  -26.522  83.356 0.0000000000
65586  26.372  -26.293  82.492 0.0000000000
65604  26.165  -26.125  81.803 0.0000000000
64486  20.234  -26.901  82.075 0.0000000000
68954  29.023  -24.194  78.079 0.0000000000
82774  48.472  -11.381  67.099 0.0000000000
81835  43.809  -11.889  65.315 0.0000000000
82777  47.583  -11.156  66.552 0.0000000000
83786  47.593  -10.249  66.075 0.0000000000
150898  47.490  -10.019  65.429 0.0000000000
84862  48.058  -9.338  65.368 0.0000000000
84872  48.458  -9.662  64.462 0.0000000000
83807  49.210  -9.835  64.058 0.0000000000
83816  49.228  -10.255  63.571 0.0000000000
61165  21.060  -30.383  86.342 0.0000000000
60050  20.666  -31.166  86.009 0.0000000000
60049  21.108  -31.226  86.637 0.0000000000
58911  21.054  -32.114  86.952 0.0000000000
172168  21.106  -32.707  87.526 0.0000000000
57796  21.110  -33.458  87.781 0.0000000000
56683  21.025  -34.107  88.095 0.0000000000
56665  20.496  -34.522  88.638 0.0000000000
166123  22.694  -30.700  90.653 0.0000000000
59989  22.523  -31.612  90.163 0.0000000000
58838  22.540  -32.444  90.477 0.0000000000
58850  22.266  -32.318  89.678 0.0000000000
57772  21.771  -33.703  89.288 0.0000000000
56664  21.180  -34.169  88.940 0.0000000000
55452  19.461  -35.349  91.712 0.0000000000
55453  18.620  -35.279  91.362 0.0000000000
59956  29.390  -31.512  92.693 0.0000000000
59970  27.572  -31.059  91.795 0.0000000000
59971  26.860  -30.741  91.785 0.0000000000
61096  26.373  -30.718  92.084 0.0000000000
162170  25.386  -30.200  91.386 0.0000000000
173181  24.718  -30.037  90.991 0.0000000000
63290  23.704  -28.591  90.878 0.0000000000
175876  24.229  -28.543  91.975 0.0000000000
63273  23.801  -28.037  91.673 0.0000000000
63291  23.231  -28.004  90.345 0.0000000000
65502  21.454  -26.443  89.902 0.0000000000
65503  21.063  -26.296  89.471 0.0000000000
64398  20.915  -26.822  90.230 0.0000000000
65493  20.871  -26.516  89.607 0.0000000000
149404  20.128  -27.454  88.130 0.0000000000
63338  20.137  -27.944  87.559 0.0000000000
80642  36.140  -13.060  70.191 0.0000000000
79432  45.581  -14.520  69.275 0.0000000000
147375  44.484  -13.215  69.745 0.0000000000
80669  44.351  -13.859  68.380 0.0000000000
81829  42.936  -11.939  66.591 0.0000000000
172941  20.724  -31.877  85.664 0.0000000000
57829  20.784  -33.728  85.060 0.0000000000
56741  20.291  -34.419  84.906 0.0000000000
56727  19.897  -35.010  85.324 0.0000000000
56729  17.159  -34.625  85.118 0.0000000000
56711  16.484  -34.210  85.578 0.0000000000
55505  17.968  -35.275  87.522 0.0000000000
56686  16.915  -35.015  87.424 0.0000000000
56648  16.190  -34.304  88.505 0.0000000000
56687  16.545  -34.399  86.596 0.0000000000
57815  15.808  -33.341  86.022 0.0000000000
157577  15.229  -32.778  86.026 0.0000000000
58913  14.738  -32.345  86.426 0.0000000000
158827  14.004  -31.713  87.521 0.0000000000
58891  13.252  -31.796  87.333 0.0000000000
58892  12.593  -32.407  87.223 0.0000000000
56590  14.820  -34.743  92.339 0.0000000000
57738  14.421  -33.185  91.459 0.0000000000
57681  12.996  -32.680  94.127 0.0000000000
57696  13.191  -31.982  93.278 0.0000000000
57716  13.575  -32.490  92.733 0.0000000000
57760  13.622  -32.108  91.125 0.0000000000
57777  11.151  -32.734  89.459 0.0000000000
56508  6.767  -34.602  98.311 0.0000000000
56498  5.628  -34.743  99.561 0.0000000000
71386  35.320  -20.567  76.036 0.0000000000
172061  32.664  -18.968  77.551 0.0000000000
73836  31.677  -18.772  77.607 0.0000000000
73826  30.855  -18.721  78.103 0.0000000000
73827  29.918  -18.830  78.467 0.0000000000
73816  29.479  -19.774  80.019 0.0000000000
70126  28.830  -22.322  78.989 0.0000000000
176512  29.067  -22.949  78.899 0.0000000000
71287  30.693  -20.697  81.953 0.0000000000
71311  30.127  -21.458  81.009 0.0000000000
70099  30.896  -22.104  80.761 0.0000000000
70100  30.177  -21.860  80.295 0.0000000000
68939  29.192  -23.578  78.681 0.0000000000
67823  29.532  -24.815  78.067 0.0000000000
66777  30.033  -25.549  78.243 0.0000000000
64540  31.279  -27.161  78.002 0.0000000000
62385  29.694  -29.071  76.284 0.0000000000
155721  29.621  -29.779  76.083 0.0000000000
62273  34.985  -29.666  83.090 0.0000000000
59986  29.363  -30.817  90.563 0.0000000000
59985  30.644  -30.203  90.247 0.0000000000
59999  30.845  -29.868  89.365 0.0000000000
60011  31.558  -30.476  88.879 0.0000000000
58904  32.100  -32.110  86.856 0.0000000000
166339  28.980  -29.923  86.051 0.0000000000
60043  29.458  -31.431  86.122 0.0000000000
60059  28.901  -31.973  85.228 0.0000000000
58907  29.616  -32.139  85.801 0.0000000000
60042  29.946  -31.765  86.676 0.0000000000
152434  31.738  -32.270  86.202 0.0000000000
58903  33.052  -32.097  86.764 0.0000000000
58922  33.416  -32.226  85.854 0.0000000000
58956  32.808  -32.481  83.870 0.0000000000
174896  34.179  -31.499  83.830 0.0000000000
61194  34.327  -31.090  83.191 0.0000000000
61207  34.606  -30.328  82.856 0.0000000000
62289  34.427  -29.856  82.217 0.0000000000
62290  33.947  -30.148  81.439 0.0000000000
61220  33.306  -30.362  81.009 0.0000000000
61233  32.416  -30.612  80.296 0.0000000000
61234  31.812  -30.704  79.806 0.0000000000
173801  28.721  -31.817  80.892 0.0000000000
60121  29.462  -31.705  80.386 0.0000000000
60134  29.999  -31.258  79.618 0.0000000000
61250  30.396  -30.646  79.088 0.0000000000
71403  34.434  -20.181  75.751 0.0000000000
71404  34.164  -19.863  75.686 0.0000000000
72641  33.530  -19.448  75.110 0.0000000000
174983  32.871  -19.228  74.617 0.0000000000
72660  32.893  -19.268  74.292 0.0000000000
173777  31.350  -18.890  72.656 0.0000000000
151138  30.108  -18.681  75.092 0.0000000000
73879  30.117  -18.839  74.107 0.0000000000
73918  30.497  -19.137  72.491 0.0000000000
72680  30.839  -19.131  72.037 0.0000000000
82787  51.506  -10.893  63.685 0.0000000000
160331  51.861  -11.505  63.359 0.0000000000
57857  20.537  -33.337  83.416 0.0000000000
58866  22.220  -32.155  88.999 0.0000000000
58905  31.274  -31.866  86.530 0.0000000000
58930  20.891  -32.768  85.336 0.0000000000
58939  31.135  -33.001  84.952 0.0000000000
59968  29.432  -31.292  91.238 0.0000000000
60000  30.121  -29.926  90.224 0.0000000000
60014  22.120  -31.521  88.783 0.0000000000
60063  20.473  -31.190  85.242 0.0000000000
60071  34.552  -31.069  84.102 0.0000000000
61129  22.167  -30.216  89.285 0.0000000000
61140  26.927  -29.629  89.002 0.0000000000
62278  20.098  -28.828  82.861 0.0000000000
63276  21.191  -27.309  90.801 0.0000000000
63335  24.837  -28.811  87.048 0.0000000000
63357  20.044  -27.888  86.140 0.0000000000
63385  20.036  -27.827  84.076 0.0000000000
64363  22.145  -26.526  92.797 0.0000000000
64395  22.711  -27.022  90.839 0.0000000000
64397  21.317  -26.728  90.725 0.0000000000
64408  20.648  -27.107  89.635 0.0000000000
64429  19.839  -26.660  86.870 0.0000000000
65461  21.899  -26.503  92.034 0.0000000000
65476  22.206  -26.356  91.747 0.0000000000
65490  22.593  -26.501  91.470 0.0000000000
65492  21.220  -26.444  90.224 0.0000000000
65504  20.805  -26.418  88.893 0.0000000000
65529  20.700  -26.135  87.196 0.0000000000
65543  21.986  -26.441  86.272 0.0000000000
65573  19.923  -25.688  84.586 0.0000000000
66704  33.478  -25.823  83.825 0.0000000000
68888  32.802  -23.816  83.385 0.0000000000
70079  31.573  -21.998  82.371 0.0000000000
71401  37.918  -20.657  75.121 0.0000000000
71418  37.051  -20.248  74.847 0.0000000000
72654  37.717  -19.856  74.599 0.0000000000
73828  29.390  -19.404  79.061 0.0000000000
78249  39.594  -15.731  75.027 0.0000000000
84871  49.727  -9.638  64.346 0.0000000000
85903  48.853  -7.981  66.256 0.0000000000
85909  48.400  -8.575  65.770 0.0000000000
86857  48.361  -7.835  66.809 0.0000000000
86858  48.147  -7.928  67.182 0.0000000000
153441  20.422  -28.261  88.244 0.0000000000
157070  30.657  -30.457  87.735 0.0000000000
158817  32.120  -23.179  82.679 0.0000000000
161559  33.089  -25.126  83.795 0.0000000000
163725  47.710  -9.333  65.966 0.0000000000
167970  21.432  -26.103  83.765 0.0000000000
169215  20.316  -31.770  82.876 0.0000000000
171968  37.627  -17.560  74.267 0.0000000000
173318  21.407  -26.432  89.254 0.0000000000
175608  37.122  -13.910  72.378 0.0000000000
176124  20.282  -27.041  82.795 0.0000000000
176923  30.221  -20.368  81.692 0.0000000000
177717  32.603  -32.105  87.175 0.0000000000
178234  20.584  -26.747  89.084 0.0000000000
