#!ascii label  , from subject sub2 vox2ras=TkReg
904
25784  28.266  -63.468  10.457 0.6000000238
157111  26.491  -67.969  18.716 0.6999999881
21429  26.449  -67.358  16.163 0.6999999881
21469  25.511  -67.585  11.387 0.8999999762
157223  25.932  -67.417  10.878 0.8000000119
23605  26.644  -65.443  10.725 0.8000000119
24669  27.005  -64.039  11.068 0.6000000238
25776  27.739  -63.480  11.075 0.6999999881
163125  28.638  -62.900  12.657 0.6999999881
21395  26.438  -67.558  19.398 0.6999999881
174910  25.988  -68.063  20.646 0.6999999881
21420  26.585  -67.572  17.554 0.6999999881
22475  26.338  -66.676  16.552 0.6000000238
22491  26.245  -66.781  15.677 0.6999999881
21449  26.314  -67.607  14.310 0.6999999881
21454  25.939  -67.590  13.416 0.8000000119
22537  24.507  -66.781  12.253 0.8000000119
147451  24.887  -66.902  11.722 0.8000000119
23606  25.642  -65.871  11.142 0.8000000119
24683  26.782  -64.557  10.858 0.6000000238
25767  27.443  -63.374  12.089 0.6000000238
25735  28.175  -63.056  13.823 0.6999999881
151593  29.511  -62.424  13.391 0.6999999881
21374  26.227  -67.505  20.290 0.5000000000
20404  25.451  -68.322  21.240 0.6000000238
22432  26.416  -66.570  19.180 0.4000000060
21410  26.559  -67.195  18.414 0.6000000238
23534  25.993  -65.988  16.968 0.5000000000
22492  25.656  -66.326  15.248 0.6000000238
22511  25.443  -66.499  14.334 0.8000000119
22528  23.805  -66.272  12.851 0.6999999881
23593  24.088  -65.816  11.768 0.6999999881
24672  24.398  -64.918  11.748 0.6999999881
25768  26.392  -63.578  12.312 0.5000000000
25752  27.383  -63.371  13.211 0.6000000238
26933  27.841  -62.300  15.452 0.6000000238
147485  28.549  -62.489  15.075 0.6000000238
156617  29.629  -62.286  14.883 0.5000000000
22403  25.506  -66.526  21.368 0.5000000000
20383  24.883  -68.141  21.978 0.6000000238
20372  23.896  -68.295  23.042 0.6000000238
22416  26.038  -66.685  20.544 0.5000000000
23548  25.083  -65.713  15.649 0.5000000000
23565  23.655  -65.777  14.350 0.6000000238
23579  22.691  -65.536  13.326 0.6000000238
24662  23.888  -64.505  12.231 0.6000000238
24661  24.786  -64.164  12.013 0.5000000000
176631  26.374  -63.231  13.772 0.5000000000
25736  27.017  -63.309  14.026 0.6000000238
28118  28.079  -61.757  16.957 0.5000000000
26906  28.902  -61.971  17.109 0.5000000000
28098  30.315  -61.969  18.706 0.5000000000
28108  29.159  -61.833  17.805 0.5000000000
21351  24.446  -67.867  22.631 0.5000000000
21343  23.618  -67.954  23.780 0.5000000000
22433  26.149  -66.110  19.856 0.5000000000
23509  25.910  -65.307  18.279 0.4000000060
24600  25.379  -64.652  17.772 0.3000000119
24613  25.226  -64.824  17.095 0.4000000060
158496  23.978  -64.460  16.305 0.3000000119
173792  23.770  -63.980  16.896 0.3000000119
23549  24.111  -65.504  15.187 0.5000000000
23566  22.825  -65.507  14.087 0.5000000000
24637  22.568  -64.886  13.805 0.5000000000
25770  24.223  -63.813  12.581 0.5000000000
26963  25.686  -63.186  13.511 0.5000000000
26962  26.261  -62.969  14.088 0.6000000238
26934  26.999  -62.232  15.026 0.6000000238
26917  27.963  -61.994  16.204 0.5000000000
28109  28.361  -61.481  17.647 0.5000000000
28099  29.523  -61.594  18.509 0.5000000000
21342  23.997  -67.460  23.233 0.5000000000
170626  24.617  -66.233  22.509 0.5000000000
23476  25.250  -65.658  21.377 0.5000000000
24586  25.469  -64.578  19.447 0.4000000060
152089  25.821  -65.061  19.039 0.5000000000
24593  24.898  -64.012  18.154 0.4000000060
24602  23.081  -63.665  17.012 0.3000000119
24615  22.267  -64.467  15.895 0.3000000119
24638  22.388  -64.620  14.699 0.4000000060
25755  23.852  -63.504  13.379 0.5000000000
166192  24.727  -62.895  13.525 0.4000000060
28119  27.441  -61.346  16.581 0.5000000000
29278  27.521  -60.437  17.653 0.5000000000
29277  28.001  -60.801  18.056 0.5000000000
29256  30.263  -60.681  19.839 0.5000000000
29243  30.195  -59.934  20.170 0.4000000060
29267  29.129  -60.937  19.045 0.5000000000
22382  23.742  -67.026  23.908 0.5000000000
147493  24.164  -66.081  23.067 0.5000000000
23477  24.884  -65.139  21.853 0.5000000000
24576  25.009  -64.037  19.933 0.4000000060
25686  24.421  -63.384  18.616 0.4000000060
25698  23.176  -63.233  17.653 0.3000000119
24603  22.052  -63.982  16.430 0.3000000119
24627  21.962  -64.153  15.423 0.4000000060
26951  22.439  -63.343  15.106 0.4000000060
160651  24.367  -61.609  14.404 0.4000000060
25737  23.288  -63.301  14.542 0.4000000060
26949  24.146  -62.580  14.127 0.4000000060
28143  25.592  -61.496  14.326 0.5000000000
155154  26.415  -60.668  15.293 0.5000000000
28131  26.467  -61.517  15.078 0.6000000238
30448  28.462  -59.392  19.014 0.4000000060
29268  28.460  -60.435  18.753 0.5000000000
23457  23.714  -66.019  23.826 0.4000000060
153426  24.931  -64.163  20.804 0.4000000060
23468  24.482  -65.415  22.603 0.4000000060
24587  24.546  -63.373  19.508 0.4000000060
25687  23.654  -62.930  18.316 0.4000000060
25699  22.303  -63.370  17.262 0.4000000060
25712  21.140  -63.830  16.004 0.4000000060
24616  21.707  -64.133  15.697 0.4000000060
25726  21.399  -63.642  15.478 0.4000000060
26950  23.221  -62.112  15.224 0.4000000060
28144  24.954  -61.401  14.004 0.5000000000
160175  25.919  -60.906  14.590 0.5000000000
30469  27.312  -59.799  17.537 0.5000000000
31509  27.864  -58.471  17.935 0.4000000060
30458  27.924  -59.042  18.430 0.4000000060
23443  23.476  -65.626  24.579 0.4000000060
24553  24.405  -63.943  22.109 0.4000000060
153958  24.220  -64.736  22.969 0.4000000060
25670  24.555  -63.422  20.424 0.4000000060
25688  22.649  -62.791  18.027 0.4000000060
159293  20.644  -63.065  15.355 0.4000000060
26935  21.942  -62.583  15.366 0.4000000060
29298  25.225  -60.494  14.297 0.5000000000
29290  26.381  -59.895  15.296 0.4000000060
31510  27.358  -58.992  17.364 0.6000000238
177890  23.656  -64.575  24.128 0.4000000060
154741  24.246  -64.089  22.793 0.4000000060
26868  24.161  -62.695  20.859 0.4000000060
26896  23.026  -62.367  18.970 0.4000000060
26897  22.030  -62.189  18.467 0.4000000060
173493  20.523  -62.494  17.288 0.4000000060
26919  19.894  -62.814  15.707 0.5000000000
26937  19.712  -62.577  15.063 0.4000000060
28133  20.890  -62.212  14.980 0.3000000119
28132  22.366  -61.355  15.321 0.3000000119
28146  23.535  -60.967  15.168 0.4000000060
30490  26.095  -59.494  14.542 0.4000000060
31526  26.839  -58.620  15.495 0.4000000060
31518  27.200  -58.636  16.482 0.5000000000
156262  23.422  -65.363  25.151 0.4000000060
169174  23.538  -62.325  19.656 0.4000000060
26883  22.335  -61.701  19.172 0.4000000060
26898  21.066  -62.008  18.117 0.3000000119
28121  19.401  -62.231  15.923 0.3000000119
28134  19.713  -61.799  14.560 0.3000000119
29291  21.004  -61.355  14.736 0.3000000119
156134  23.933  -59.987  14.517 0.3000000119
31531  26.450  -58.776  14.585 0.4000000060
155165  27.355  -57.908  15.768 0.4000000060
25634  24.224  -63.672  23.219 0.3000000119
26859  24.221  -62.571  21.695 0.3000000119
149701  23.601  -62.073  20.347 0.3000000119
26882  22.880  -61.579  19.832 0.3000000119
28102  21.019  -61.171  18.441 0.3000000119
29280  20.356  -61.348  17.378 0.3000000119
28136  18.970  -61.661  14.774 0.4000000060
30496  19.763  -60.372  14.294 0.4000000060
29301  20.095  -60.824  14.274 0.3000000119
30494  22.010  -59.714  13.923 0.3000000119
173689  25.197  -59.207  13.534 0.3000000119
31532  25.849  -58.963  13.672 0.4000000060
32543  27.587  -57.412  15.180 0.4000000060
32534  28.132  -57.222  15.845 0.4000000060
28122  19.006  -61.662  15.264 0.4000000060
30495  20.683  -59.846  13.860 0.4000000060
30504  22.656  -59.229  13.337 0.3000000119
31537  25.896  -58.365  12.611 0.4000000060
32551  26.639  -57.701  12.706 0.4000000060
33649  28.102  -56.633  13.936 0.4000000060
32546  26.981  -57.632  13.847 0.4000000060
33643  28.061  -56.814  14.936 0.4000000060
30505  21.657  -59.128  13.662 0.4000000060
31538  24.468  -58.381  12.197 0.5000000000
31544  26.021  -58.038  11.754 0.4000000060
150918  27.444  -57.139  13.337 0.4000000060
34705  29.066  -55.917  15.988 0.3000000119
33653  28.591  -56.063  13.575 0.3000000119
23604  27.520  -64.716  10.455 0.6999999881
21459  25.273  -67.770  11.907 0.8000000119
25777  26.733  -63.794  11.571 0.6000000238
22550  24.766  -66.237  11.529 0.6999999881
24671  25.315  -64.568  11.523 0.6999999881
26916  28.882  -62.110  16.383 0.6000000238
23522  26.075  -65.891  17.705 0.4000000060
23535  25.331  -65.381  16.540 0.4000000060
22512  24.376  -66.173  13.813 0.6999999881
22529  23.032  -66.071  12.778 0.6999999881
25778  25.771  -63.993  11.858 0.6999999881
23488  25.656  -65.703  20.621 0.5000000000
24663  22.592  -64.970  12.946 0.5000000000
23538  22.708  -65.010  15.289 0.4000000060
26948  25.366  -62.311  13.868 0.6000000238
147456  27.108  -60.548  16.948 0.5000000000
29284  26.789  -60.219  16.073 0.6000000238
26907  20.536  -63.161  16.429 0.3000000119
175437  24.644  -60.153  14.306 0.4000000060
24512  24.035  -64.337  24.837 0.4000000060
29299  23.001  -60.358  14.968 0.3000000119
30502  24.422  -58.948  13.099 0.3000000119
30501  25.216  -58.701  12.830 0.3000000119
33648  28.647  -56.202  14.542 0.3000000119
17524  26.804  -71.448  10.252 0.6000000238
17534  27.563  -71.991  9.747 0.6000000238
16561  30.510  -72.533  7.800 0.6000000238
17540  31.858  -71.441  7.239 0.6000000238
15547  26.385  -73.079  11.601 0.5000000000
16546  25.956  -72.335  11.510 0.6000000238
17526  25.545  -71.298  11.087 0.6999999881
148663  25.967  -70.954  10.590 0.6999999881
15555  26.370  -72.752  10.953 0.6000000238
18514  28.321  -70.554  9.107 0.6000000238
17533  28.252  -71.507  9.133 0.6000000238
163377  29.446  -70.083  8.060 0.6000000238
18519  29.889  -70.803  7.923 0.6000000238
18518  31.064  -70.817  7.565 0.6000000238
19545  32.613  -69.652  7.427 0.6000000238
18513  30.793  -70.168  9.608 0.6999999881
16523  24.659  -71.803  13.369 0.6000000238
161413  24.545  -70.834  12.635 0.6999999881
16522  25.676  -72.477  12.981 0.5000000000
17512  24.696  -71.095  12.307 0.6999999881
17517  25.384  -71.635  11.774 0.6999999881
19531  27.090  -69.670  10.132 0.6999999881
19541  27.650  -70.079  9.653 0.6999999881
171419  28.837  -70.123  8.520 0.5000000000
148456  31.877  -69.942  7.127 0.6000000238
151774  32.700  -68.814  7.943 0.6000000238
19539  32.338  -69.037  8.524 0.6999999881
20529  31.663  -68.513  9.256 0.6999999881
19530  29.750  -69.268  10.515 0.6999999881
20510  29.324  -68.660  11.163 0.6999999881
22486  34.163  -66.975  14.486 0.4000000060
23521  30.631  -66.155  16.876 0.5000000000
21437  28.624  -67.838  15.296 0.6000000238
153393  28.416  -68.264  13.921 0.6000000238
154527  28.715  -67.910  12.369 0.6999999881
18451  22.376  -70.341  16.367 0.5000000000
17482  23.200  -70.710  15.251 0.5000000000
18469  23.501  -70.549  15.065 0.6000000238
173159  23.500  -71.208  14.938 0.5000000000
18479  24.471  -70.569  13.890 0.6999999881
169112  23.830  -70.968  13.779 0.5000000000
17501  23.876  -71.281  13.809 0.6000000238
19515  25.293  -69.751  11.888 0.6999999881
157233  25.182  -70.324  11.467 0.6999999881
19532  26.314  -69.653  10.453 0.6999999881
19540  28.482  -69.615  9.030 0.6999999881
170341  31.120  -69.297  7.359 0.6000000238
20543  32.612  -68.189  7.506 0.6000000238
21487  32.153  -67.287  8.914 0.6999999881
20519  30.047  -68.272  10.533 0.6999999881
21467  29.623  -67.810  11.180 0.6999999881
150258  28.472  -68.084  13.081 0.6000000238
21457  28.553  -67.225  12.723 0.6000000238
19459  22.529  -68.954  18.144 0.5000000000
18453  21.623  -69.667  17.680 0.4000000060
19474  22.996  -69.565  16.223 0.5000000000
152406  22.623  -69.407  17.142 0.5000000000
19486  22.743  -69.899  15.708 0.5000000000
18450  24.790  -69.885  16.396 0.6000000238
164424  24.690  -70.096  15.585 0.6000000238
19502  26.273  -69.236  14.087 0.6999999881
19494  25.880  -69.920  14.468 0.6000000238
19507  25.907  -69.290  12.933 0.6999999881
19522  25.314  -69.767  11.132 0.6999999881
20532  27.726  -69.240  9.680 0.6999999881
20545  29.652  -68.665  7.945 0.6999999881
19547  30.067  -69.297  7.766 0.6999999881
21500  31.513  -67.176  7.304 0.6999999881
22566  32.042  -66.647  8.288 0.6999999881
21478  31.298  -66.735  9.586 0.8000000119
149672  29.839  -66.974  11.032 0.6999999881
22489  29.282  -66.535  15.369 0.5000000000
22509  28.473  -66.650  14.193 0.6000000238
22549  28.908  -66.308  12.326 0.6000000238
20444  21.743  -68.461  19.011 0.4000000060
19458  24.570  -69.550  18.377 0.6000000238
150329  23.784  -69.488  17.347 0.6000000238
149811  25.476  -69.543  17.367 0.6000000238
19484  26.276  -68.882  16.015 0.6000000238
20499  26.447  -68.406  14.638 0.6000000238
21458  25.842  -68.311  12.687 0.6999999881
174329  25.428  -69.241  11.393 0.6999999881
161885  26.493  -68.184  10.788 0.6999999881
20520  26.944  -68.916  10.331 0.6999999881
159235  27.328  -68.047  10.466 0.8000000119
161888  28.689  -67.906  9.349 0.8000000119
21488  29.490  -67.301  8.659 0.6000000238
22577  31.422  -66.446  8.069 0.6000000238
22547  30.896  -65.388  10.386 0.8000000119
22559  30.658  -66.336  10.350 0.6999999881
23545  32.029  -65.906  15.397 0.5000000000
22508  28.887  -66.058  14.681 0.6000000238
23578  28.872  -65.524  12.978 0.6999999881
23546  31.597  -65.826  15.571 0.6000000238
175208  22.821  -69.127  19.821 0.5000000000
19408  21.284  -68.339  20.918 0.4000000060
20387  20.007  -68.230  22.004 0.4000000060
19438  24.368  -69.431  19.233 0.5000000000
19439  23.358  -69.261  19.295 0.5000000000
19457  25.365  -69.482  18.317 0.6000000238
149934  26.094  -68.965  17.741 0.6000000238
154578  26.469  -68.057  15.933 0.6000000238
20503  26.273  -68.472  13.704 0.6999999881
21481  25.818  -68.331  11.056 0.8000000119
165328  27.036  -67.214  10.628 0.8000000119
22569  28.581  -66.445  9.662 0.6000000238
22568  29.682  -66.247  8.861 0.6000000238
23613  31.000  -65.535  9.227 0.6999999881
23590  30.886  -64.641  10.400 0.6999999881
24660  29.948  -64.170  12.780 0.6999999881
174876  29.425  -65.577  15.130 0.6000000238
24652  29.312  -64.764  13.518 0.6000000238
24635  30.647  -63.626  14.485 0.6000000238
23547  30.012  -65.325  15.484 0.6000000238
24624  30.740  -64.333  15.253 0.6000000238
19405  24.153  -69.376  21.085 0.5000000000
162194  22.650  -69.298  20.665 0.5000000000
151307  21.454  -69.209  21.923 0.5000000000
19384  19.842  -68.733  22.827 0.5000000000
20425  25.658  -68.683  20.418 0.5000000000
19421  24.272  -69.426  20.170 0.5000000000
20462  26.281  -68.610  18.365 0.6000000238
22561  27.204  -66.191  10.490 0.6999999881
23603  28.356  -65.021  10.087 0.6000000238
25791  29.487  -63.664  9.744 0.6000000238
25790  30.147  -63.665  9.825 0.6000000238
24667  30.653  -64.210  11.182 0.6999999881
26987  30.253  -62.756  11.143 0.6000000238
24659  30.531  -63.577  11.959 0.6000000238
24651  30.184  -63.783  13.366 0.6999999881
24611  33.142  -64.544  15.500 0.5000000000
25724  31.597  -63.802  15.592 0.4000000060
19381  23.896  -69.293  21.916 0.5000000000
19382  23.092  -69.564  22.270 0.5000000000
19357  21.301  -69.318  23.668 0.5000000000
19342  20.042  -69.695  24.046 0.5000000000
17401  19.670  -70.456  24.352 0.5000000000
16396  19.029  -71.992  24.089 0.5000000000
25775  28.611  -62.925  10.602 0.6000000238
26981  29.918  -62.450  11.440 0.6000000238
26980  30.214  -62.594  11.934 0.4000000060
25751  30.633  -62.854  13.203 0.5000000000
26929  31.198  -62.985  15.777 0.4000000060
25696  32.253  -63.379  16.851 0.4000000060
25725  31.004  -63.169  14.742 0.5000000000
20384  24.253  -68.599  22.323 0.6000000238
19356  23.016  -69.394  23.154 0.5000000000
19340  21.719  -69.150  24.391 0.5000000000
18377  20.201  -70.000  24.857 0.5000000000
158962  19.803  -70.753  25.162 0.5000000000
16374  19.021  -72.094  25.032 0.5000000000
16375  18.306  -72.532  25.432 0.4000000060
16377  16.605  -72.801  25.762 0.5000000000
16378  15.667  -72.642  25.705 0.4000000060
16379  14.787  -72.361  25.602 0.4000000060
15397  14.314  -73.316  24.747 0.4000000060
26960  30.146  -62.305  13.068 0.6000000238
26944  30.148  -62.213  13.950 0.4000000060
172446  30.580  -62.562  15.871 0.4000000060
26903  31.589  -63.070  17.518 0.4000000060
19338  22.943  -69.139  23.850 0.5000000000
19325  21.393  -69.228  25.203 0.4000000060
19326  20.749  -69.677  25.414 0.4000000060
18362  19.772  -70.863  26.039 0.5000000000
18349  18.736  -70.844  27.067 0.4000000060
16361  17.991  -72.224  26.195 0.5000000000
17364  17.490  -71.620  26.719 0.4000000060
17366  15.732  -71.451  26.527 0.5000000000
16363  16.137  -72.157  26.229 0.5000000000
17367  15.037  -71.209  26.299 0.3000000119
17375  14.542  -71.624  25.924 0.3000000119
17391  13.153  -71.257  25.013 0.3000000119
26905  29.625  -62.254  17.209 0.4000000060
19324  21.985  -68.922  24.978 0.5000000000
19310  21.296  -69.469  26.168 0.5000000000
18347  20.232  -70.377  26.513 0.4000000060
21328  23.385  -67.539  24.518 0.4000000060
157216  22.319  -68.472  26.004 0.4000000060
20335  21.832  -68.804  26.505 0.4000000060
19302  19.683  -69.481  27.846 0.4000000060
21313  22.785  -67.825  25.880 0.4000000060
20334  22.283  -68.120  26.640 0.4000000060
162883  21.688  -68.408  27.384 0.4000000060
21302  23.073  -66.891  26.028 0.4000000060
177386  21.306  -68.151  28.159 0.4000000060
20317  19.928  -68.255  28.518 0.4000000060
158998  18.798  -68.474  27.963 0.4000000060
20322  22.135  -67.677  27.302 0.4000000060
22371  23.463  -66.555  24.578 0.3000000119
21283  20.673  -67.110  28.461 0.4000000060
21284  19.948  -67.544  28.556 0.4000000060
21293  18.493  -67.680  27.802 0.4000000060
22357  23.346  -66.158  25.387 0.4000000060
21294  17.563  -67.844  27.417 0.4000000060
22348  17.317  -66.447  26.588 0.4000000060
23417  23.421  -65.498  25.905 0.3000000119
178208  22.459  -66.017  27.903 0.4000000060
147651  21.384  -66.716  28.183 0.4000000060
22326  20.732  -66.418  28.401 0.4000000060
21292  19.226  -67.146  28.173 0.4000000060
154157  18.639  -66.841  27.655 0.4000000060
175674  19.080  -65.649  27.677 0.3000000119
25783  28.900  -63.151  10.024 0.6000000238
19436  25.912  -69.104  18.837 0.5000000000
26977  29.474  -62.486  11.853 0.6000000238
26915  30.106  -62.396  16.483 0.4000000060
16562  29.689  -72.415  8.330 0.6000000238
167744  30.550  -68.655  9.982 0.6999999881
21479  30.360  -67.329  10.409 0.6999999881
23520  31.333  -65.795  16.848 0.5000000000
23531  31.866  -65.937  15.788 0.5000000000
21436  29.008  -67.373  15.868 0.5000000000
22474  29.657  -66.723  16.122 0.4000000060
22490  28.714  -66.995  14.994 0.6000000238
18462  22.388  -69.885  16.283 0.5000000000
20530  29.209  -68.237  8.607 0.6999999881
22525  28.502  -66.434  13.300 0.6000000238
19485  25.823  -69.729  15.399 0.6000000238
152264  30.194  -67.674  7.828 0.6999999881
22558  31.193  -65.816  9.434 0.8000000119
22548  29.827  -66.120  11.315 0.6999999881
19423  22.158  -68.647  19.715 0.4000000060
21489  28.907  -67.087  9.354 0.6000000238
22578  30.694  -66.020  8.453 0.6000000238
23591  30.460  -65.074  11.268 0.6999999881
24620  34.000  -64.703  15.254 0.5000000000
23543  33.058  -65.716  14.726 0.5000000000
23585  29.403  -64.873  12.743 0.6999999881
23562  29.212  -65.096  14.439 0.6000000238
23615  29.083  -65.526  9.514 0.6999999881
24693  30.177  -64.330  9.500 0.6999999881
24692  30.666  -64.380  9.779 0.6999999881
25734  31.005  -62.886  13.904 0.6000000238
24623  31.293  -64.774  15.424 0.6000000238
25709  32.754  -63.821  16.136 0.6000000238
176824  22.709  -69.583  21.572 0.5000000000
149275  21.754  -69.538  22.809 0.5000000000
19358  20.404  -69.225  23.526 0.4000000060
26989  29.215  -62.770  10.349 0.6000000238
25765  30.446  -62.858  12.367 0.6000000238
15381  15.147  -73.084  25.061 0.3000000119
26959  30.489  -62.551  13.525 0.5000000000
172482  30.996  -62.936  17.207 0.4000000060
17374  18.781  -71.987  25.954 0.5000000000
16364  15.306  -71.943  26.095 0.4000000060
16380  13.824  -72.021  25.387 0.4000000060
178202  23.003  -66.711  26.618 0.4000000060
21291  21.810  -67.216  27.778 0.4000000060
16416  37.651  -72.635  23.177 0.3000000119
17409  37.866  -71.740  23.221 0.3000000119
21372  31.414  -67.140  21.106 0.4000000060
152154  35.687  -65.883  19.649 0.4000000060
21355  33.790  -66.922  21.217 0.4000000060
21393  35.773  -67.161  20.020 0.4000000060
151242  31.517  -66.212  20.138 0.4000000060
19455  30.719  -68.776  18.537 0.4000000060
175396  30.489  -68.729  18.025 0.4000000060
18458  29.910  -70.067  16.891 0.5000000000
17499  30.663  -71.881  14.462 0.5000000000
17504  30.119  -71.774  13.830 0.5000000000
23495  34.615  -65.177  19.605 0.4000000060
22412  32.560  -66.167  20.977 0.5000000000
20441  30.694  -68.279  19.730 0.5000000000
16534  30.872  -72.203  12.737 0.5000000000
23503  36.541  -65.557  18.457 0.5000000000
22411  33.405  -66.033  20.971 0.5000000000
22441  37.323  -65.927  18.126 0.5000000000
22428  36.118  -66.477  19.534 0.4000000060
168772  37.440  -66.792  18.276 0.4000000060
21392  36.429  -67.870  19.355 0.4000000060
20440  35.891  -68.355  20.034 0.4000000060
20420  36.038  -69.148  20.172 0.3000000119
150914  36.362  -69.420  20.700 0.4000000060
24585  33.161  -65.035  18.868 0.4000000060
146975  30.698  -67.016  18.851 0.4000000060
21409  29.895  -67.618  18.009 0.4000000060
24599  35.114  -65.193  18.078 0.4000000060
23497  32.744  -65.198  19.544 0.4000000060
22430  31.367  -66.024  19.405 0.4000000060
19471  29.990  -69.214  17.480 0.4000000060
19483  29.191  -69.391  16.735 0.5000000000
18466  29.269  -70.740  15.052 0.5000000000
23516  35.911  -65.231  17.850 0.4000000060
23496  33.664  -65.070  19.789 0.4000000060
23487  32.032  -65.849  20.468 0.4000000060
18467  28.865  -70.095  15.528 0.5000000000
18477  29.058  -70.788  14.041 0.5000000000
17514  30.223  -71.689  12.088 0.5000000000
160926  30.105  -71.378  11.286 0.6000000238
17522  30.537  -71.451  10.571 0.6000000238
17521  31.217  -71.915  9.912 0.6000000238
19520  29.060  -69.472  11.320 0.6000000238
18498  29.444  -70.197  11.004 0.6000000238
21418  37.726  -67.875  17.880 0.4000000060
18517  32.157  -70.452  8.056 0.5000000000
20459  36.841  -69.132  18.799 0.4000000060
20458  37.464  -69.479  18.080 0.4000000060
19434  36.713  -69.409  19.737 0.4000000060
22443  30.215  -66.925  18.267 0.4000000060
21419  29.383  -67.798  17.347 0.5000000000
18459  28.701  -69.411  15.987 0.5000000000
19501  28.608  -69.321  15.102 0.5000000000
18485  29.094  -70.730  13.115 0.5000000000
161027  28.500  -68.944  13.322 0.5000000000
17515  29.585  -70.938  11.706 0.6000000238
154537  28.622  -68.730  12.442 0.6000000238
19514  28.616  -69.452  12.789 0.6000000238
15419  36.652  -73.838  23.013 0.3000000119
18397  38.746  -70.661  22.627 0.3000000119
20437  38.790  -68.789  19.109 0.3000000119
168183  35.129  -65.445  17.166 0.4000000060
23506  33.576  -65.239  17.907 0.4000000060
23507  32.623  -65.311  17.965 0.4000000060
149340  30.868  -66.319  18.636 0.4000000060
22458  30.357  -66.426  17.712 0.4000000060
21428  28.665  -68.079  15.996 0.5000000000
160607  29.376  -67.299  16.730 0.4000000060
20498  28.529  -68.454  14.763 0.5000000000
18505  30.389  -70.758  10.167 0.6000000238
150620  31.833  -71.286  8.743 0.5000000000
23508  31.766  -65.480  17.913 0.4000000060
20461  30.384  -68.214  18.317 0.4000000060
16552  30.990  -72.214  10.899 0.5000000000
20456  38.929  -69.618  18.077 0.3000000119
155354  32.263  -65.294  18.839 0.4000000060
20480  29.231  -68.605  17.121 0.5000000000
18478  28.717  -70.049  14.568 0.5000000000
167259  28.670  -69.920  13.510 0.6000000238
30491  25.499  -59.620  14.146 0.3000000119
15396  15.642  -73.784  24.708 0.3000000119
16362  17.060  -72.234  26.250 0.5000000000
16376  17.504  -72.753  25.662 0.4000000060
16399  14.337  -72.718  25.154 0.4000000060
16417  36.824  -72.951  23.278 0.3000000119
16535  25.784  -72.419  12.149 0.5000000000
16536  24.942  -71.705  12.608 0.6000000238
16545  30.919  -72.305  11.797 0.5000000000
16553  26.874  -72.466  10.332 0.6000000238
17362  19.146  -71.307  26.400 0.5000000000
17363  18.376  -71.540  26.615 0.4000000060
17365  16.565  -71.599  26.687 0.4000000060
17390  19.430  -71.356  24.615 0.5000000000
17490  30.005  -71.222  15.593 0.5000000000
17492  23.450  -70.946  14.444 0.5000000000
17500  29.793  -71.448  14.538 0.5000000000
17505  29.544  -71.378  13.534 0.5000000000
17506  24.223  -71.145  13.089 0.6000000238
17510  30.123  -71.791  13.070 0.5000000000
17511  29.557  -71.274  12.658 0.5000000000
17516  25.859  -71.949  11.213 0.6000000238
17523  29.897  -70.865  10.774 0.6000000238
17525  26.172  -71.831  10.742 0.6000000238
17536  30.260  -71.367  7.783 0.6000000238
17539  32.042  -71.178  7.528 0.6000000238
17541  30.900  -71.724  7.479 0.6000000238
18350  16.962  -70.984  27.112 0.4000000060
18351  16.138  -70.902  26.893 0.5000000000
18352  15.437  -70.716  26.629 0.3000000119
18361  20.261  -70.287  25.676 0.4000000060
18460  23.384  -69.855  15.645 0.5000000000
18461  22.647  -70.354  15.740 0.5000000000
18468  24.710  -70.356  14.739 0.6000000238
18470  22.932  -70.170  15.436 0.5000000000
18480  23.730  -70.761  14.283 0.6000000238
18486  24.419  -70.742  13.165 0.6999999881
18492  29.077  -70.170  11.836 0.6000000238
18493  28.832  -70.097  12.611 0.6000000238
18494  24.974  -70.568  12.054 0.6999999881
18499  25.415  -70.452  10.960 0.6999999881
18504  30.977  -71.010  9.591 0.6000000238
18506  30.017  -70.141  10.231 0.6999999881
18507  26.764  -70.436  10.265 0.6999999881
18508  25.889  -70.232  10.571 0.6999999881
18512  31.607  -70.157  8.656 0.6999999881
18515  27.563  -70.995  9.703 0.6000000238
18516  32.323  -70.187  7.479 0.6000000238
18520  28.986  -70.949  8.474 0.6000000238
18521  32.127  -70.517  7.271 0.6000000238
18522  30.516  -70.034  7.633 0.6000000238
19294  20.202  -68.801  28.267 0.4000000060
19295  19.445  -68.736  28.174 0.4000000060
19300  21.267  -69.238  27.114 0.4000000060
19301  20.503  -69.416  27.560 0.4000000060
19311  20.675  -69.957  26.147 0.4000000060
19339  22.475  -68.953  24.407 0.5000000000
19341  20.810  -69.383  24.472 0.5000000000
19359  19.661  -69.316  23.352 0.4000000060
19371  39.623  -69.884  22.039 0.3000000119
19383  20.732  -68.985  22.673 0.5000000000
19400  35.808  -69.610  21.482 0.4000000060
19404  24.977  -69.102  20.813 0.5000000000
19406  23.362  -69.525  21.368 0.5000000000
19407  22.049  -69.266  21.291 0.5000000000
19420  25.118  -69.283  19.951 0.5000000000
19422  23.444  -69.420  20.415 0.5000000000
19424  21.945  -68.710  20.460 0.4000000060
19437  25.249  -69.412  19.110 0.5000000000
19440  22.379  -68.716  18.954 0.5000000000
19453  37.378  -69.695  18.688 0.4000000060
19454  36.927  -69.487  19.119 0.4000000060
19456  25.857  -69.164  18.167 0.6000000238
19470  31.000  -69.266  18.010 0.4000000060
19472  26.158  -68.936  17.020 0.6000000238
19473  24.223  -69.680  16.741 0.6000000238
19475  22.120  -69.726  17.087 0.5000000000
19493  26.359  -69.166  15.020 0.6000000238
19503  25.569  -70.012  13.486 0.6999999881
19506  28.536  -69.166  14.190 0.5000000000
19508  25.151  -70.226  12.618 0.6999999881
19521  28.771  -69.489  12.100 0.6000000238
19529  30.639  -69.367  9.781 0.6999999881
19533  25.622  -69.701  10.755 0.6999999881
19546  32.510  -69.593  7.841 0.6000000238
19548  29.060  -69.436  8.138 0.5000000000
19549  32.495  -69.759  7.263 0.6000000238
19550  32.171  -68.932  7.215 0.6000000238
20315  21.278  -67.567  28.252 0.4000000060
20316  20.660  -68.078  28.521 0.4000000060
20318  19.304  -67.991  28.324 0.4000000060
20323  21.668  -67.817  27.811 0.4000000060
20324  20.972  -68.729  27.919 0.4000000060
20346  23.071  -67.982  25.092 0.4000000060
20347  22.553  -68.519  25.222 0.5000000000
20348  21.912  -68.914  25.680 0.5000000000
20358  23.129  -68.503  24.386 0.5000000000
20373  23.397  -68.795  23.508 0.6000000238
20385  23.617  -69.064  22.720 0.6000000238
20386  20.735  -68.495  21.706 0.4000000060
20405  24.626  -68.829  21.566 0.5000000000
20423  30.697  -68.271  20.418 0.4000000060
20424  26.212  -68.249  19.984 0.6999999881
20426  21.341  -68.191  19.684 0.4000000060
20439  36.475  -69.020  19.496 0.4000000060
20442  26.289  -68.457  19.189 0.6999999881
20443  25.813  -68.913  19.615 0.5000000000
20460  30.743  -68.232  18.925 0.4000000060
20464  21.400  -69.037  18.133 0.4000000060
20472  26.420  -68.366  17.611 0.6000000238
20473  21.909  -69.194  17.625 0.5000000000
20481  28.762  -68.692  16.393 0.5000000000
20482  26.519  -68.079  16.764 0.6999999881
20492  28.583  -68.625  15.605 0.5000000000
20493  26.463  -68.424  15.399 0.6000000238
20506  25.508  -68.847  11.930 0.6999999881
20511  29.025  -68.218  11.799 0.6999999881
20512  25.612  -68.517  11.416 0.8999999762
20518  30.988  -67.803  9.796 0.6999999881
20521  25.974  -68.999  10.673 0.6999999881
20522  25.558  -69.132  11.000 0.6999999881
20528  32.638  -68.164  8.356 0.6000000238
20531  28.520  -68.764  9.226 0.6999999881
20542  32.575  -69.197  7.536 0.6000000238
20544  31.021  -68.338  7.269 0.6999999881
20546  28.902  -68.987  8.452 0.6999999881
20549  32.107  -67.868  7.087 0.6000000238
21290  22.385  -67.059  27.395 0.4000000060
21303  22.690  -67.267  26.747 0.4000000060
21312  23.168  -67.136  25.243 0.4000000060
21350  24.820  -67.470  22.227 0.5000000000
21359  25.330  -67.473  21.711 0.6000000238
21370  35.246  -67.624  20.543 0.4000000060
21371  34.635  -66.986  20.848 0.4000000060
21375  25.886  -67.463  21.036 0.5000000000
21394  30.802  -67.619  19.267 0.4000000060
21407  37.114  -67.962  18.561 0.4000000060
21408  30.477  -67.569  18.591 0.4000000060
21427  28.958  -67.970  16.624 0.5000000000
21438  26.450  -67.580  15.259 0.6999999881
21448  28.471  -67.584  14.482 0.6000000238
21453  28.374  -67.372  13.641 0.6000000238
21455  25.329  -67.436  12.568 0.8000000119
21468  29.108  -67.220  11.785 0.6000000238
21480  28.048  -67.409  10.010 0.8000000119
21490  27.845  -68.404  9.824 0.8000000119
21499  32.508  -67.356  7.916 0.6999999881
21501  30.553  -66.641  7.997 0.6999999881
21508  32.254  -67.429  7.328 0.6999999881
22325  22.158  -66.612  27.832 0.4000000060
22327  19.940  -66.534  28.338 0.4000000060
22338  23.233  -66.214  26.361 0.4000000060
22339  22.864  -66.407  27.233 0.4000000060
22340  19.058  -66.237  27.776 0.3000000119
22341  18.465  -66.304  27.310 0.4000000060
22342  17.917  -66.890  27.246 0.4000000060
22381  23.989  -66.696  23.347 0.5000000000
22392  24.960  -66.771  22.091 0.5000000000
22393  24.419  -66.945  22.736 0.5000000000
22404  24.996  -65.947  21.992 0.5000000000
22409  35.155  -66.573  20.426 0.4000000060
22410  34.349  -66.065  20.703 0.4000000060
22413  31.776  -66.527  20.934 0.4000000060
22414  31.250  -67.007  20.465 0.4000000060
22415  26.295  -66.869  19.868 0.5000000000
22429  35.585  -66.296  19.965 0.4000000060
22431  31.068  -66.839  19.547 0.4000000060
22442  36.841  -66.468  18.863 0.4000000060
22444  26.330  -66.199  18.369 0.4000000060
22459  29.726  -66.998  17.465 0.5000000000
22460  26.452  -66.655  17.490 0.6999999881
22473  30.007  -66.547  16.884 0.5000000000
22476  25.816  -66.135  16.119 0.5000000000
22510  26.140  -66.892  14.794 0.6999999881
22513  23.084  -66.036  13.433 0.6000000238
22526  25.924  -66.993  14.031 0.8000000119
22527  25.096  -66.752  13.256 0.8000000119
22536  29.546  -65.425  12.130 0.6999999881
22538  23.691  -66.162  12.397 0.6999999881
22539  23.488  -65.968  12.328 0.6999999881
22560  28.087  -65.884  10.110 0.6999999881
22562  26.219  -66.476  10.776 0.8000000119
22563  25.433  -66.752  11.226 0.8000000119
22567  31.513  -66.102  8.689 0.6000000238
22576  32.023  -66.974  7.605 0.6999999881
23387  19.579  -65.701  28.040 0.3000000119
23399  23.266  -65.562  26.810 0.3000000119
23442  23.482  -65.069  23.964 0.4000000060
23456  23.936  -65.264  23.348 0.4000000060
23483  35.078  -65.714  20.082 0.5000000000
23484  34.333  -65.394  20.218 0.4000000060
23485  33.748  -65.528  20.489 0.5000000000
23486  32.839  -65.515  20.347 0.4000000060
23493  36.122  -65.769  19.154 0.5000000000
23494  35.376  -65.480  19.361 0.4000000060
23498  31.910  -65.500  19.743 0.4000000060
23499  26.195  -65.709  19.093 0.5000000000
23500  25.831  -65.302  19.731 0.5000000000
23504  35.707  -65.367  18.647 0.4000000060
23505  34.437  -65.120  18.272 0.4000000060
23517  34.318  -65.464  17.436 0.4000000060
23523  25.661  -65.330  17.392 0.4000000060
23528  35.041  -66.093  16.017 0.4000000060
23529  34.056  -66.046  16.288 0.4000000060
23532  31.119  -66.141  15.947 0.5000000000
23533  30.362  -66.330  15.974 0.5000000000
23536  24.547  -65.049  15.938 0.5000000000
23537  23.578  -64.971  15.540 0.3000000119
23550  23.109  -65.386  14.841 0.5000000000
23551  22.611  -65.149  14.674 0.5000000000
23563  28.715  -65.693  13.886 0.6000000238
23564  24.753  -66.017  14.802 0.6000000238
23567  22.574  -65.073  14.259 0.5000000000
23586  22.924  -65.591  12.673 0.6999999881
23592  24.970  -65.388  11.408 0.6999999881
23602  31.100  -64.882  9.717 0.6999999881
23614  30.326  -65.269  9.069 0.6999999881
23618  31.053  -65.914  8.656 0.6000000238
24527  24.070  -64.040  23.939 0.4000000060
24528  23.473  -64.928  24.622 0.4000000060
24540  23.944  -64.475  23.517 0.4000000060
24565  25.187  -64.942  21.099 0.4000000060
24575  25.402  -64.764  20.293 0.4000000060
24583  34.921  -65.169  18.863 0.4000000060
24584  34.092  -64.965  18.929 0.4000000060
24592  25.472  -64.546  18.618 0.5000000000
24601  24.613  -64.301  17.230 0.3000000119
24614  24.791  -64.749  16.607 0.4000000060
24621  32.342  -65.742  15.099 0.5000000000
24622  31.820  -65.092  15.423 0.6000000238
24625  29.820  -64.600  14.936 0.6000000238
24626  22.339  -64.656  15.115 0.4000000060
24636  29.836  -64.187  14.172 0.6000000238
24668  30.173  -64.596  12.061 0.6999999881
24670  26.240  -64.322  11.328 0.6000000238
24673  23.624  -65.307  12.179 0.6000000238
24680  30.666  -63.936  10.279 0.6999999881
24681  28.491  -64.007  10.110 0.6000000238
24682  27.581  -63.999  10.615 0.6000000238
24684  25.907  -64.983  11.130 0.6999999881
24694  29.385  -64.542  9.596 0.6999999881
25646  24.346  -63.238  22.377 0.4000000060
25660  24.486  -63.485  21.420 0.4000000060
25685  25.042  -63.929  19.039 0.4000000060
25689  21.461  -62.835  17.530 0.4000000060
25695  33.021  -63.341  17.228 0.4000000060
25697  24.008  -63.574  17.669 0.3000000119
25700  21.471  -63.472  16.729 0.4000000060
25710  32.094  -63.876  15.796 0.6000000238
25711  31.553  -63.253  16.493 0.4000000060
25727  21.145  -63.684  15.773 0.4000000060
25738  22.567  -64.175  14.465 0.4000000060
25739  22.140  -64.109  15.001 0.4000000060
25753  26.444  -63.386  13.260 0.5000000000
25754  24.764  -63.387  13.116 0.5000000000
25756  22.950  -64.281  13.555 0.5000000000
25766  28.525  -62.855  11.454 0.6999999881
25769  25.405  -63.594  12.658 0.5000000000
25771  23.306  -64.295  12.756 0.5000000000
25774  30.562  -63.346  11.043 0.6000000238
25781  30.256  -63.092  10.346 0.6000000238
25782  29.636  -63.010  9.957 0.6000000238
26869  23.726  -61.865  21.171 0.3000000119
26881  24.143  -62.719  19.949 0.4000000060
26892  31.730  -62.680  18.404 0.4000000060
26894  29.928  -62.247  17.935 0.4000000060
26895  23.985  -62.769  19.116 0.4000000060
26899  20.394  -61.827  17.622 0.3000000119
26904  30.348  -62.607  17.263 0.4000000060
26908  19.979  -62.495  16.632 0.3000000119
26914  30.800  -62.800  16.529 0.4000000060
26918  20.541  -63.429  15.852 0.4000000060
26930  30.747  -62.684  15.093 0.4000000060
26931  29.912  -62.182  15.643 0.4000000060
26932  28.817  -62.304  15.672 0.6000000238
26936  20.460  -63.246  15.599 0.4000000060
26943  30.700  -62.589  14.213 0.5000000000
26945  28.997  -62.537  14.352 0.6000000238
26946  27.724  -62.726  14.647 0.6000000238
26947  26.224  -62.284  14.507 0.6000000238
26961  29.756  -62.360  12.620 0.6000000238
26975  30.284  -62.511  12.777 0.4000000060
26976  30.041  -62.347  12.278 0.6000000238
26982  29.266  -62.544  10.981 0.6000000238
26988  29.797  -62.646  10.630 0.6000000238
28087  29.894  -61.259  19.207 0.5000000000
28088  21.902  -60.968  19.697 0.3000000119
28100  28.719  -61.238  18.352 0.5000000000
28101  21.611  -61.412  18.872 0.3000000119
28110  27.619  -61.102  17.368 0.5000000000
28111  19.953  -61.982  16.809 0.3000000119
28112  19.724  -61.533  16.300 0.4000000060
28120  26.968  -60.959  15.981 0.6000000238
28130  27.308  -61.664  15.714 0.6000000238
28135  19.100  -62.195  15.064 0.4000000060
28145  24.429  -60.662  14.533 0.4000000060
28147  19.278  -61.337  14.620 0.4000000060
29258  28.974  -60.167  19.458 0.5000000000
29269  27.807  -59.870  18.253 0.5000000000
29300  21.592  -60.567  14.599 0.3000000119
30476  26.987  -59.622  16.791 0.6000000238
30477  26.787  -59.376  15.911 0.5000000000
30484  26.473  -59.221  15.204 0.4000000060
30492  24.717  -59.650  13.944 0.3000000119
30493  23.108  -59.729  14.217 0.3000000119
30503  23.712  -59.337  13.627 0.3000000119
31492  28.453  -58.474  18.596 0.4000000060
31539  23.474  -58.710  12.744 0.5000000000
31545  25.337  -58.228  11.875 0.4000000060
33642  28.615  -56.423  15.476 0.3000000119
34717  29.069  -55.742  15.108 0.3000000119
147218  32.447  -66.146  15.201 0.5000000000
148281  24.754  -69.697  17.706 0.6000000238
149323  23.571  -69.300  18.225 0.6000000238
150396  22.305  -69.380  23.595 0.5000000000
151343  26.475  -58.295  13.683 0.4000000060
151940  25.889  -60.213  14.626 0.5000000000
152508  25.172  -70.903  11.594 0.6999999881
153259  30.875  -67.635  20.060 0.5000000000
153806  31.708  -66.464  8.888 0.6999999881
154216  24.488  -64.601  22.344 0.4000000060
154243  31.241  -63.802  15.291 0.6000000238
154531  29.483  -70.614  16.036 0.5000000000
154863  27.496  -57.237  14.395 0.4000000060
155166  22.279  -69.614  22.125 0.5000000000
155981  21.857  -66.052  28.265 0.4000000060
156558  30.127  -71.921  7.845 0.6000000238
158265  19.393  -71.464  25.545 0.5000000000
159191  38.221  -67.477  17.231 0.4000000060
160619  26.567  -67.252  16.904 0.6999999881
160673  22.977  -64.272  16.416 0.3000000119
160772  31.497  -65.666  18.772 0.4000000060
160819  25.618  -69.530  16.358 0.6000000238
161074  30.679  -63.360  13.807 0.6999999881
161096  14.883  -73.779  24.687 0.3000000119
161239  24.722  -62.066  13.807 0.4000000060
161675  23.047  -64.681  15.907 0.3000000119
162266  30.713  -64.847  9.462 0.6999999881
162390  24.096  -66.356  11.947 0.8000000119
162948  30.547  -71.810  11.340 0.6000000238
164483  24.722  -64.368  21.607 0.4000000060
164949  30.481  -63.321  12.701 0.6000000238
165108  31.178  -63.256  15.377 0.5000000000
165680  27.798  -66.647  10.257 0.6999999881
165840  27.528  -65.449  10.370 0.6999999881
166370  30.290  -62.309  14.658 0.4000000060
167762  22.522  -69.564  22.799 0.5000000000
167804  31.419  -69.418  9.124 0.6999999881
168631  28.838  -68.923  11.716 0.6000000238
169377  29.810  -68.385  17.774 0.4000000060
169747  23.732  -60.475  14.899 0.3000000119
169971  29.140  -69.988  16.265 0.5000000000
170262  26.529  -67.946  18.139 0.6000000238
170679  29.226  -70.655  12.394 0.6000000238
170862  19.099  -61.988  14.714 0.4000000060
170903  30.971  -65.726  15.640 0.6000000238
171433  26.831  -62.746  14.483 0.6000000238
171892  30.970  -65.821  17.867 0.4000000060
172125  13.682  -72.736  24.762 0.4000000060
172289  27.008  -57.969  14.758 0.4000000060
172725  30.950  -64.445  9.954 0.6999999881
173284  29.480  -62.203  16.540 0.5000000000
173417  29.557  -60.623  19.507 0.5000000000
174146  29.663  -66.860  16.840 0.5000000000
175133  27.603  -59.218  17.939 0.5000000000
175554  26.877  -63.460  12.721 0.5000000000
177855  21.667  -64.176  15.936 0.4000000060
177947  30.444  -62.958  11.649 0.6000000238
177982  29.800  -66.147  15.601 0.5000000000
177987  23.163  -64.920  12.496 0.5000000000
