#!ascii label  , from subject sub2 vox2ras=TkReg
1942
33513  25.712  -57.077  26.535 0.8999999762
31393  25.457  -58.039  26.685 0.8000000119
31413  26.523  -58.095  25.442 0.8000000119
30381  25.549  -59.318  24.731 0.6999999881
30393  25.359  -59.502  23.908 0.8000000119
32413  24.781  -57.124  27.100 0.8999999762
32433  26.200  -57.717  26.140 1.0000000000
32432  27.017  -57.664  24.945 1.0000000000
31431  26.707  -58.356  24.586 0.8999999762
30392  26.137  -58.966  24.199 0.8000000119
31457  25.854  -59.117  22.514 0.8000000119
31456  26.578  -58.580  22.748 0.8999999762
30416  24.929  -59.346  22.292 0.8000000119
30432  25.066  -59.239  21.358 0.6999999881
161485  24.148  -59.349  20.909 0.6999999881
33491  22.837  -56.772  27.325 0.8000000119
33490  23.749  -56.790  27.386 0.8999999762
34578  24.613  -55.371  26.756 0.8999999762
33515  23.247  -55.970  26.912 0.8999999762
33535  20.898  -55.955  26.079 0.8999999762
177055  26.368  -57.010  26.195 0.8999999762
32431  27.276  -56.929  25.322 1.0000000000
31455  27.258  -58.068  22.980 0.8999999762
32485  27.298  -57.157  21.659 1.0000000000
32477  26.959  -57.988  22.058 0.8999999762
31466  26.419  -58.377  21.458 0.8999999762
149395  25.932  -58.746  20.944 0.8000000119
31495  23.581  -58.964  19.315 0.6999999881
34577  25.468  -55.425  26.588 0.8999999762
153960  24.882  -54.719  26.532 0.8999999762
34579  23.192  -55.112  26.365 0.8999999762
34600  22.441  -54.879  25.789 0.8999999762
168134  21.775  -55.025  25.445 0.8999999762
153398  25.187  -56.227  26.736 0.8999999762
33512  26.202  -56.201  26.455 0.8999999762
148480  27.459  -57.180  24.435 1.0000000000
31480  26.082  -58.268  20.119 0.8000000119
31493  25.362  -58.583  19.640 0.8000000119
158334  23.458  -58.806  18.414 0.8000000119
31512  23.320  -58.548  17.524 0.8000000119
31513  22.533  -58.685  17.206 0.8000000119
31521  21.292  -58.399  16.108 0.8000000119
34599  23.216  -54.277  25.782 0.8999999762
35608  22.567  -53.836  24.465 0.8999999762
35609  21.105  -54.410  24.086 0.8999999762
35581  25.185  -54.267  26.374 0.8999999762
36640  22.946  -53.235  24.144 0.8999999762
35622  21.754  -53.924  23.299 0.8000000119
35623  20.815  -54.145  23.248 0.8000000119
34576  26.320  -55.154  26.351 0.8999999762
37744  22.534  -53.074  23.333 0.6999999881
35634  21.383  -53.736  22.559 0.6999999881
35635  20.919  -53.689  21.806 0.6999999881
34597  27.473  -55.364  25.671 0.8999999762
36673  21.220  -53.219  21.692 0.6999999881
37771  20.916  -52.831  21.133 0.6999999881
34610  28.205  -55.270  24.539 1.0000000000
38787  20.452  -52.175  20.748 0.6000000238
166367  27.956  -55.936  24.443 1.0000000000
149786  27.963  -56.087  23.005 1.0000000000
155861  27.805  -56.826  22.975 1.0000000000
33573  26.960  -56.844  20.959 1.0000000000
169896  26.412  -58.119  20.812 0.8999999762
33572  27.290  -56.381  21.338 1.0000000000
33594  26.497  -56.842  19.823 0.8999999762
32508  26.308  -57.485  19.732 0.8000000119
32509  25.884  -57.865  19.285 0.8000000119
31511  24.151  -58.344  17.768 0.8000000119
32530  23.797  -58.000  17.178 0.8000000119
31520  22.211  -58.120  16.495 0.8000000119
32538  21.526  -57.523  15.859 0.8000000119
32537  22.719  -57.257  16.226 0.8000000119
33645  20.535  -56.989  14.836 0.8000000119
162922  24.578  -54.037  26.206 0.8999999762
169233  22.678  -54.157  25.235 0.8999999762
36630  24.489  -53.324  25.763 0.8999999762
36631  24.020  -53.203  24.967 0.8999999762
35607  23.273  -53.564  24.958 0.8999999762
37737  23.134  -52.823  24.214 0.8999999762
35596  26.769  -54.579  26.124 0.8999999762
37745  21.813  -52.990  22.371 0.6999999881
35595  27.447  -54.511  25.727 0.8999999762
38770  21.317  -52.275  22.124 0.6000000238
38771  20.909  -51.968  21.488 0.6000000238
34596  27.971  -54.918  25.214 1.0000000000
39789  19.048  -50.595  20.501 0.5000000000
34625  28.161  -55.688  23.801 1.0000000000
40826  19.062  -49.880  20.999 0.5000000000
34635  28.192  -55.284  23.045 1.0000000000
177822  27.518  -55.851  21.639 1.0000000000
33582  27.191  -55.642  20.903 1.0000000000
33583  26.763  -56.338  20.376 1.0000000000
32517  26.280  -57.046  19.149 0.8999999762
32519  24.829  -57.882  18.149 0.8000000119
33623  25.426  -56.520  18.063 0.8999999762
32528  25.034  -57.162  17.918 0.8000000119
32529  24.433  -57.483  17.378 0.8000000119
33624  24.908  -56.631  17.418 0.8999999762
33632  24.333  -56.743  16.821 0.8000000119
169298  24.192  -56.095  16.570 0.8999999762
33635  21.759  -56.658  15.630 0.8000000119
33650  20.900  -56.256  14.611 0.8000000119
34733  21.749  -55.266  13.757 0.8000000119
159480  22.203  -56.254  13.756 0.8000000119
36621  25.152  -53.592  26.250 0.8999999762
37723  25.359  -52.870  26.223 0.8999999762
38745  22.575  -52.443  23.873 0.6999999881
161072  22.140  -52.635  23.154 0.8000000119
163115  27.778  -53.485  25.737 0.8999999762
37722  26.174  -52.584  26.327 0.8999999762
38757  21.063  -51.360  22.332 0.6999999881
149017  20.669  -51.069  21.718 0.6000000238
38772  20.336  -51.266  21.106 0.6000000238
39761  20.574  -50.423  22.345 0.6999999881
39771  20.191  -50.438  21.603 0.6000000238
40812  19.653  -49.769  21.505 0.5000000000
34624  28.448  -54.882  23.838 1.0000000000
40813  19.137  -49.117  21.398 0.5000000000
40827  18.428  -49.185  20.777 0.5000000000
156421  28.423  -54.481  23.063 1.0000000000
34645  27.623  -55.164  21.632 1.0000000000
35664  27.162  -54.837  20.321 1.0000000000
34656  26.819  -55.562  20.108 1.0000000000
34687  26.185  -55.498  18.700 0.8999999762
35645  27.967  -54.299  21.622 1.0000000000
35683  26.686  -54.934  19.406 0.8999999762
34688  25.708  -55.862  18.236 0.8999999762
34706  25.192  -55.337  16.888 0.8999999762
34708  23.579  -55.672  16.222 0.8999999762
34710  21.942  -55.687  15.405 0.8999999762
160314  25.542  -55.103  17.371 0.8999999762
34707  24.484  -55.369  16.523 0.8999999762
34718  21.143  -55.343  14.612 0.8999999762
151551  23.303  -55.010  15.857 0.8999999762
37724  24.739  -52.600  25.910 0.8999999762
37732  23.787  -52.637  24.819 0.8999999762
38737  23.145  -52.121  24.570 0.8999999762
38731  23.627  -51.787  25.351 0.8999999762
38732  22.866  -51.240  25.199 1.0000000000
38738  22.293  -51.461  24.438 0.8000000119
157572  25.080  -51.306  26.401 0.8999999762
39760  21.256  -51.098  23.290 0.6999999881
36628  28.277  -53.635  25.156 0.8999999762
36629  27.016  -53.019  26.244 0.8999999762
39749  20.758  -50.277  23.229 0.6999999881
40787  20.566  -49.483  22.798 0.6999999881
40811  20.147  -49.480  22.056 0.5000000000
36638  28.520  -53.414  24.550 1.0000000000
41792  18.827  -48.371  21.171 0.5000000000
41805  18.229  -48.311  20.478 0.5000000000
35621  28.566  -53.994  23.823 1.0000000000
152021  28.541  -53.599  22.960 1.0000000000
36661  28.509  -52.913  22.470 1.0000000000
36671  28.336  -53.567  22.085 1.0000000000
35663  27.689  -53.990  20.684 1.0000000000
178358  27.923  -53.135  20.764 1.0000000000
37769  28.111  -52.524  21.310 1.0000000000
35682  27.202  -54.050  19.789 0.8999999762
35701  26.384  -54.528  18.358 0.8999999762
36741  25.834  -53.928  16.951 0.8999999762
38850  31.307  -50.846  15.847 0.6999999881
177430  30.758  -50.699  15.454 0.8000000119
164782  29.766  -52.139  14.083 0.8000000119
170719  29.102  -52.154  13.931 0.8000000119
38718  26.333  -51.858  26.385 0.8999999762
39724  24.740  -50.669  26.514 1.0000000000
38721  24.221  -51.300  26.135 1.0000000000
39737  22.682  -50.314  25.643 1.0000000000
39738  21.975  -50.131  25.170 0.6999999881
164474  21.515  -50.002  24.716 0.6999999881
37728  28.398  -52.755  25.246 0.8999999762
38729  27.059  -51.639  26.129 0.8999999762
40786  20.838  -49.479  23.660 0.6999999881
41791  19.464  -48.406  21.625 0.6000000238
37736  28.595  -52.581  24.405 1.0000000000
38728  27.702  -51.394  25.655 0.8999999762
154031  18.392  -46.829  20.556 0.4000000060
160971  28.591  -52.849  23.141 1.0000000000
37788  27.785  -52.411  20.540 1.0000000000
36712  27.223  -53.207  19.248 1.0000000000
37809  27.539  -52.356  19.731 1.0000000000
156279  24.866  -53.196  12.317 0.8999999762
43993  33.439  -46.766  18.565 0.6000000238
40893  32.242  -48.875  16.831 0.6000000238
40894  31.694  -49.487  16.408 0.8000000119
39862  29.969  -50.757  15.201 0.8000000119
37886  27.711  -52.857  13.047 0.8999999762
36791  25.721  -53.617  12.134 0.8999999762
164708  26.552  -51.225  26.383 0.8999999762
39722  26.318  -50.593  26.539 0.8999999762
40773  21.853  -49.428  24.951 0.8000000119
40780  21.311  -49.409  24.384 0.6999999881
41766  20.805  -48.646  23.199 0.6999999881
42825  20.234  -47.564  22.290 0.6000000238
175369  18.710  -46.341  20.857 0.4000000060
151058  28.537  -51.889  24.191 1.0000000000
151222  28.224  -51.917  25.384 0.8999999762
37743  28.582  -52.350  23.641 1.0000000000
37754  28.487  -52.194  22.863 1.0000000000
37768  28.307  -52.292  22.097 1.0000000000
38768  28.067  -51.767  21.716 1.0000000000
38786  27.548  -51.582  20.291 1.0000000000
38803  27.265  -51.481  19.431 1.0000000000
36794  22.559  -53.135  13.422 0.8999999762
37903  22.752  -52.471  13.113 0.8999999762
36793  23.461  -53.105  13.052 0.8999999762
37887  26.454  -52.470  13.143 0.8999999762
168987  25.224  -52.992  12.286 0.8999999762
45178  35.477  -45.099  19.112 0.6000000238
43992  33.900  -45.970  19.095 0.6000000238
41836  32.618  -48.035  17.925 0.6000000238
163245  32.325  -48.068  17.222 0.8000000119
166361  30.667  -49.842  15.841 0.8000000119
166623  28.243  -51.868  14.291 0.8999999762
40755  25.005  -49.864  26.675 0.8999999762
39725  24.029  -50.245  26.460 0.8999999762
41745  22.754  -48.736  25.768 0.6999999881
41731  24.826  -48.554  26.756 0.8999999762
41732  23.897  -48.700  26.442 0.8999999762
41765  21.178  -48.649  23.942 0.6000000238
39735  27.088  -50.735  26.065 1.0000000000
40770  27.349  -49.811  25.740 1.0000000000
40771  26.747  -49.861  26.409 1.0000000000
151285  21.100  -47.988  23.504 0.6000000238
42819  20.757  -47.779  22.930 0.6000000238
162392  20.279  -46.671  22.267 0.5000000000
39733  27.978  -50.481  24.739 1.0000000000
39734  27.682  -50.582  25.384 1.0000000000
40769  27.833  -49.773  25.111 1.0000000000
38736  28.332  -51.207  24.420 1.0000000000
38744  28.402  -51.417  23.471 1.0000000000
39758  28.129  -50.690  23.006 1.0000000000
38755  27.757  -51.017  21.708 1.0000000000
155241  27.336  -50.743  20.935 1.0000000000
38818  27.052  -51.677  18.665 1.0000000000
37827  26.888  -52.214  18.050 1.0000000000
37851  26.256  -52.106  16.512 1.0000000000
37852  25.789  -52.793  16.312 1.0000000000
38853  25.399  -52.210  15.949 1.0000000000
36762  23.670  -52.839  15.489 0.8999999762
37862  25.084  -53.162  15.945 0.8999999762
36782  21.302  -52.867  13.977 0.8999999762
37900  24.558  -52.484  12.287 0.8999999762
154117  28.198  -51.146  14.836 0.8999999762
47320  37.380  -43.119  17.569 0.6000000238
163118  36.448  -44.033  18.318 0.6000000238
45179  34.461  -45.079  19.014 0.6000000238
41845  31.913  -48.152  16.688 0.8000000119
153983  29.982  -50.010  15.636 0.8000000119
163944  25.518  -49.129  26.832 0.8999999762
41744  23.349  -48.263  26.107 0.6999999881
41759  21.772  -48.559  24.665 0.6000000238
42811  22.128  -47.621  24.687 0.6000000238
41743  27.207  -49.217  26.245 0.8999999762
42818  21.347  -47.136  23.353 0.6000000238
42824  20.770  -46.906  22.697 0.5000000000
40779  28.043  -49.747  24.406 1.0000000000
41741  28.859  -48.602  25.045 0.8999999762
40785  28.098  -49.590  23.656 1.0000000000
39747  27.766  -50.002  23.055 1.0000000000
39759  27.737  -50.447  22.379 1.0000000000
39770  27.366  -50.199  21.690 1.0000000000
151685  27.096  -49.930  21.075 1.0000000000
39788  26.809  -50.034  20.367 1.0000000000
39807  26.823  -50.579  19.587 1.0000000000
38819  26.716  -51.323  18.144 1.0000000000
38832  25.635  -51.308  16.240 1.0000000000
38841  23.750  -51.959  15.438 1.0000000000
37865  21.071  -52.027  14.432 0.8999999762
37889  21.040  -52.196  13.830 0.8999999762
37902  23.520  -52.276  12.551 0.8999999762
38876  25.600  -51.741  13.178 0.8999999762
47305  36.498  -43.370  17.984 0.6000000238
47306  35.662  -43.675  18.396 0.6000000238
45180  33.593  -45.171  18.404 0.6000000238
174344  33.004  -45.515  17.922 0.6999999881
42907  31.979  -47.392  17.146 0.6999999881
159082  31.141  -48.225  16.396 0.6999999881
149917  29.169  -50.119  15.370 0.8000000119
39863  28.313  -50.247  15.073 0.8999999762
48470  38.179  -42.586  16.628 0.6000000238
42915  31.254  -47.401  16.737 0.6999999881
41859  30.280  -48.345  16.154 0.8000000119
40910  29.235  -49.278  15.681 0.8999999762
42798  22.699  -47.446  25.291 0.6999999881
42817  22.041  -47.005  24.000 0.6000000238
166786  26.598  -48.128  27.043 0.8999999762
42788  25.199  -47.552  26.892 0.8000000119
43879  24.797  -46.868  26.435 0.6999999881
41742  28.003  -48.907  25.689 0.8999999762
171183  27.855  -47.272  26.626 0.8000000119
173369  28.354  -49.247  24.904 1.0000000000
157870  28.764  -48.042  25.765 0.8000000119
41756  29.456  -48.188  24.473 0.8999999762
41740  29.329  -47.956  25.158 0.8000000119
41764  28.571  -48.889  23.333 1.0000000000
40795  28.029  -49.398  22.955 1.0000000000
41772  28.175  -48.765  22.444 1.0000000000
41773  27.620  -48.957  21.821 1.0000000000
41789  27.387  -48.780  21.112 1.0000000000
164227  26.461  -49.787  19.610 1.0000000000
39834  26.327  -50.686  17.596 1.0000000000
171931  26.193  -51.228  16.823 1.0000000000
38840  24.665  -51.441  15.768 1.0000000000
156210  21.992  -51.798  14.908 0.8999999762
166294  21.214  -51.749  13.715 0.8999999762
38889  22.961  -51.713  12.823 0.8999999762
38877  24.924  -51.156  12.695 0.8999999762
47307  34.711  -43.700  18.349 0.6000000238
45195  32.549  -45.350  17.442 0.6999999881
39878  27.331  -50.457  14.889 0.8999999762
49585  38.243  -41.758  16.190 0.6000000238
48471  37.797  -41.972  16.881 0.6000000238
45196  32.048  -45.935  17.187 0.6999999881
42916  30.476  -47.502  16.357 0.6999999881
42797  23.427  -47.510  25.744 0.6999999881
158884  22.560  -46.841  24.685 0.6000000238
43877  26.558  -46.616  26.749 0.8000000119
43878  25.621  -46.742  26.706 0.8000000119
43897  24.630  -46.325  25.881 0.6999999881
43899  23.310  -46.685  25.204 0.6999999881
42794  28.472  -47.110  26.300 0.6999999881
43894  27.575  -46.555  26.578 0.8000000119
42793  29.223  -47.241  25.576 0.6999999881
42810  29.836  -47.300  24.769 0.6999999881
42823  29.864  -47.663  23.179 0.8000000119
155510  29.515  -47.711  22.433 0.8000000119
41771  29.110  -48.271  22.858 0.8000000119
42840  29.363  -47.401  21.728 0.8000000119
42841  28.878  -48.122  22.010 0.8999999762
41788  28.086  -48.444  21.566 0.8999999762
40824  26.925  -49.268  20.739 1.0000000000
169757  26.203  -49.645  19.027 1.0000000000
39849  24.439  -50.620  15.777 1.0000000000
163848  26.263  -49.987  18.347 1.0000000000
39835  25.744  -50.396  16.798 1.0000000000
158539  23.644  -50.983  15.520 1.0000000000
38854  22.514  -50.847  15.129 1.0000000000
38869  21.194  -51.353  14.177 0.8999999762
38890  21.955  -51.303  13.338 0.8999999762
38879  23.577  -51.142  12.589 0.8999999762
38878  24.169  -51.135  12.373 0.8999999762
48459  36.484  -42.430  17.669 0.6000000238
48443  35.832  -42.956  17.976 0.6000000238
47308  34.051  -43.849  18.010 0.6000000238
46243  33.574  -44.373  17.929 0.6999999881
39879  26.260  -50.594  14.364 0.8999999762
40911  28.417  -49.376  15.333 0.8999999762
45202  32.098  -45.181  16.797 0.6999999881
45203  31.318  -45.701  16.529 0.6999999881
41860  29.661  -47.563  16.025 0.8999999762
42926  28.729  -47.529  15.556 0.8999999762
43895  26.027  -46.051  26.290 0.6999999881
43896  25.243  -46.210  26.127 0.6000000238
43898  24.098  -46.130  25.386 0.6000000238
45101  22.962  -45.601  24.251 0.6000000238
174302  28.240  -46.247  26.185 0.6999999881
45079  26.272  -45.430  25.859 0.6000000238
43893  28.920  -46.383  25.836 0.6999999881
43911  30.288  -46.385  24.672 0.6999999881
43910  30.599  -46.370  24.135 0.6999999881
43928  30.160  -46.972  22.468 0.8000000119
150532  28.663  -47.813  21.208 0.8000000119
42860  28.521  -47.580  20.379 0.8000000119
41803  27.294  -48.512  20.449 0.8000000119
40825  26.418  -49.227  20.085 1.0000000000
42878  26.973  -48.312  19.786 0.8000000119
176854  25.545  -49.715  16.971 1.0000000000
172095  25.200  -49.785  16.521 1.0000000000
39850  23.181  -50.150  15.511 1.0000000000
40896  24.618  -49.140  16.428 1.0000000000
150287  24.597  -49.926  15.961 1.0000000000
39864  22.142  -50.401  15.004 1.0000000000
40946  22.120  -50.065  13.928 1.0000000000
39911  22.588  -50.527  13.378 1.0000000000
39897  23.852  -50.443  12.760 0.8999999762
48444  35.087  -42.995  18.084 0.6000000238
40931  25.380  -50.169  13.748 0.8999999762
49586  37.782  -41.250  16.684 0.6000000238
49574  35.985  -41.566  17.541 0.6000000238
47321  34.258  -43.090  17.819 0.6999999881
40929  26.627  -49.650  14.660 0.8999999762
47322  33.448  -43.591  17.520 0.6999999881
44026  29.913  -46.120  15.816 0.8999999762
46122  24.476  -44.856  25.037 0.5000000000
154911  27.026  -45.176  25.843 0.6000000238
46120  26.306  -44.574  25.581 0.5000000000
46118  28.761  -45.027  25.429 0.6999999881
46119  27.860  -45.076  25.602 0.6999999881
46144  29.539  -45.127  25.160 0.6999999881
45098  30.645  -45.553  24.335 0.6999999881
45099  30.041  -45.681  25.005 0.6999999881
43927  30.709  -46.044  22.989 0.6999999881
43938  30.450  -45.982  22.094 0.6999999881
43939  29.711  -46.560  21.512 0.8000000119
42859  29.117  -47.098  20.890 0.8000000119
43974  28.987  -46.892  20.014 0.8000000119
42861  27.833  -47.995  19.975 0.8000000119
149007  28.345  -47.315  19.590 0.8000000119
42877  27.474  -47.614  19.131 0.8000000119
41837  25.995  -48.638  18.953 0.8999999762
40866  25.556  -48.917  17.851 1.0000000000
42879  26.544  -48.166  19.056 0.8000000119
42900  25.628  -47.975  17.938 0.8999999762
40880  25.299  -49.088  17.087 1.0000000000
40897  23.818  -49.417  15.803 1.0000000000
40898  22.837  -49.423  15.468 1.0000000000
40945  22.959  -49.739  13.300 1.0000000000
40943  24.073  -49.769  12.857 0.8999999762
40942  24.680  -49.897  13.173 0.8999999762
153096  26.094  -48.977  14.178 0.8999999762
41886  25.292  -49.297  13.408 0.8999999762
42937  27.444  -47.941  14.557 0.8999999762
50551  37.205  -41.020  16.964 0.6000000238
50553  35.613  -40.902  17.210 0.6000000238
47323  32.836  -43.875  17.165 0.6999999881
45204  30.573  -45.761  15.991 0.8000000119
51620  37.917  -40.077  16.124 0.6000000238
49587  34.357  -41.467  16.739 0.6999999881
47333  32.516  -43.970  16.618 0.6999999881
45210  30.152  -45.402  15.175 0.8000000119
42936  28.129  -47.360  14.831 0.8999999762
156652  32.170  -44.188  15.863 0.6999999881
45222  29.305  -45.905  14.965 0.8999999762
47204  25.582  -44.035  25.351 0.5000000000
46146  28.247  -44.167  25.428 0.6999999881
47220  26.324  -43.478  25.650 0.5000000000
46145  29.367  -44.350  25.124 0.6999999881
46156  30.870  -44.403  24.146 0.6999999881
46157  30.282  -43.667  24.762 0.6999999881
45108  31.093  -45.204  23.562 0.6999999881
45127  30.638  -45.234  21.810 0.6999999881
45128  30.075  -45.754  21.210 0.6999999881
43973  29.317  -46.121  19.557 0.8000000119
172083  28.783  -46.705  19.325 0.8000000119
42898  27.699  -47.089  18.357 0.8000000119
42909  25.968  -47.580  17.803 0.8000000119
41847  24.834  -47.715  16.995 0.8999999762
41861  24.761  -48.372  16.816 1.0000000000
41874  22.377  -48.664  15.217 1.0000000000
41875  22.095  -49.136  14.735 1.0000000000
42908  26.836  -47.507  18.237 0.8000000119
42910  25.374  -47.623  17.416 0.8000000119
160088  23.949  -48.435  16.241 0.8999999762
41897  22.086  -48.489  13.776 1.0000000000
41910  22.499  -49.212  13.578 1.0000000000
158980  22.187  -47.823  15.156 0.8999999762
160400  23.055  -48.853  13.072 1.0000000000
152648  24.452  -49.182  12.677 1.0000000000
41885  25.736  -48.416  13.308 1.0000000000
44047  27.694  -47.171  13.975 0.8999999762
49575  35.047  -41.613  17.419 0.6999999881
42949  27.003  -47.528  13.598 0.8999999762
50552  36.436  -40.921  17.178 0.6000000238
44038  28.255  -46.832  14.272 0.8999999762
173192  34.947  -40.930  17.011 0.6999999881
48473  33.461  -42.506  16.379 0.6999999881
48474  32.996  -42.977  15.789 0.6999999881
46260  31.552  -44.582  15.310 0.6999999881
45209  30.827  -44.852  14.711 0.8000000119
47342  32.634  -43.591  15.280 0.6999999881
45221  30.295  -45.338  14.077 0.8000000119
45230  29.688  -45.940  13.623 0.8999999762
46259  32.239  -44.212  14.795 0.6999999881
157234  27.290  -44.589  25.588 0.6000000238
46147  27.232  -43.812  25.569 0.5000000000
46169  30.808  -42.118  25.356 0.6999999881
46158  29.431  -43.077  25.419 0.5000000000
46167  31.336  -43.974  23.212 0.6999999881
46168  31.139  -43.008  24.273 0.6999999881
46180  31.102  -44.377  22.040 0.6999999881
47249  31.830  -42.422  23.466 0.6999999881
155869  31.030  -43.782  21.305 0.6999999881
46194  30.447  -44.123  20.487 0.6999999881
45147  29.855  -45.535  20.302 0.6999999881
46195  30.111  -44.835  20.146 0.6999999881
45182  29.107  -45.489  18.811 0.8000000119
148386  28.299  -46.549  18.081 0.8000000119
44007  27.557  -46.763  17.557 0.8000000119
44008  26.628  -47.109  17.337 0.8000000119
44017  27.768  -46.098  16.845 0.8000000119
44018  26.393  -46.663  16.613 0.8000000119
42919  24.224  -47.352  16.576 0.8000000119
41862  23.087  -47.925  15.678 0.8999999762
42954  22.609  -47.721  13.149 0.8999999762
44019  25.496  -46.609  16.528 0.8000000119
44020  24.134  -46.718  16.350 0.8000000119
41894  24.966  -48.560  12.548 1.0000000000
41896  23.626  -48.301  12.448 1.0000000000
51622  36.524  -39.722  16.419 0.6000000238
42950  26.255  -47.704  13.100 1.0000000000
50570  34.594  -40.652  16.417 0.6999999881
49588  33.787  -41.841  16.142 0.6999999881
170683  27.465  -47.074  12.999 1.0000000000
48484  33.475  -42.335  15.401 0.6999999881
176142  33.474  -42.497  14.658 0.8000000119
46271  31.691  -44.676  14.159 0.8000000119
47248  31.547  -43.151  22.278 0.6999999881
47265  32.367  -41.755  22.527 0.6999999881
47264  31.451  -42.698  21.342 0.6999999881
155752  30.911  -43.432  20.712 0.6999999881
46210  30.412  -43.555  20.062 0.6999999881
165706  29.570  -43.827  18.972 0.6999999881
46230  28.968  -44.879  18.184 0.6999999881
165102  29.118  -44.072  18.332 0.6999999881
46245  28.703  -45.020  17.494 0.8000000119
45183  28.723  -45.749  17.914 0.8000000119
45206  27.084  -46.047  16.176 0.8000000119
45205  27.820  -45.274  16.311 0.8000000119
44029  26.182  -46.156  15.906 0.8000000119
42921  22.464  -47.172  15.455 0.8999999762
42928  21.922  -47.286  14.717 0.8999999762
44022  22.772  -46.592  15.581 0.8000000119
44049  22.044  -46.732  13.629 0.8999999762
42953  23.505  -47.532  12.435 0.8999999762
51623  35.740  -39.800  16.323 0.6000000238
44061  23.525  -46.852  12.415 0.8999999762
42963  24.374  -47.363  12.134 0.8999999762
42951  25.490  -47.883  12.472 1.0000000000
52746  36.911  -38.407  15.445 0.6000000238
42960  26.903  -47.201  12.566 0.8999999762
50588  33.833  -40.979  15.167 0.6999999881
44056  28.618  -46.738  11.724 0.8999999762
47352  32.800  -43.767  14.255 0.8000000119
45220  31.200  -45.343  13.473 0.8999999762
45229  30.773  -46.038  12.682 0.8000000119
47263  31.310  -42.342  20.754 0.6999999881
48420  31.003  -42.516  20.297 0.6999999881
47291  29.831  -43.056  19.121 0.6999999881
154263  28.719  -44.275  17.653 0.6999999881
47310  28.814  -43.444  17.865 0.6999999881
46254  28.416  -44.602  16.816 0.6999999881
44031  24.286  -46.027  15.984 0.8000000119
44032  22.194  -46.552  15.052 0.8000000119
45215  22.702  -45.982  15.267 0.8000000119
168396  21.980  -45.918  13.967 0.8000000119
42962  25.289  -47.312  12.246 0.8999999762
51624  34.954  -39.957  16.094 0.6000000238
45239  23.184  -45.953  12.799 0.8000000119
44060  24.275  -46.378  12.384 0.8999999762
44058  26.088  -46.631  11.846 0.8999999762
42961  26.136  -47.221  12.340 0.8999999762
54019  36.071  -37.904  15.113 0.6000000238
50587  34.321  -40.391  15.674 0.6999999881
44057  27.770  -46.924  11.774 0.8999999762
49618  33.644  -41.868  14.638 0.6999999881
44044  30.084  -46.385  11.914 0.8000000119
48498  33.503  -42.759  13.884 0.6999999881
46278  32.071  -45.221  12.919 0.8000000119
49551  30.784  -41.599  19.792 0.6999999881
48445  29.612  -42.562  18.793 0.6999999881
48446  29.043  -42.622  18.257 0.6999999881
44030  25.237  -46.051  15.924 0.8000000119
45214  23.589  -45.440  15.324 0.8000000119
154623  22.665  -45.320  14.732 0.8000000119
44059  25.157  -46.659  12.117 0.8999999762
44068  26.978  -46.381  11.326 0.8999999762
52748  35.485  -38.544  15.133 0.6000000238
44067  27.750  -46.616  10.960 0.8999999762
51659  34.552  -39.475  14.582 0.6999999881
50605  34.208  -40.247  14.842 0.6999999881
44066  28.692  -46.752  10.617 0.8999999762
50629  33.705  -40.940  13.255 0.6999999881
47359  33.415  -43.647  13.013 0.8000000119
45236  31.003  -46.220  11.448 0.8000000119
161000  33.649  -41.914  12.704 0.6999999881
46282  33.359  -44.568  12.171 0.8000000119
45228  31.687  -46.008  12.100 0.8000000119
48509  33.551  -42.913  12.652 0.8000000119
49564  29.451  -40.909  18.590 0.6999999881
152706  28.693  -41.834  18.164 0.6000000238
154432  35.711  -37.512  14.380 0.6000000238
45248  25.609  -45.464  11.412 0.8000000119
176584  27.278  -45.856  10.847 0.8999999762
45247  28.278  -46.345  10.445 0.8999999762
54056  34.930  -37.722  14.178 0.6000000238
45245  29.800  -46.299  9.867 0.8999999762
51660  34.124  -40.126  13.980 0.8000000119
44054  30.190  -46.439  10.537 0.8999999762
45227  32.394  -45.617  11.726 0.8000000119
167780  33.767  -40.528  12.635 0.6999999881
48525  33.692  -43.696  11.449 0.8000000119
47370  33.496  -44.489  11.414 0.8000000119
156550  34.497  -38.208  13.833 0.6999999881
160348  26.288  -45.330  11.131 0.8000000119
149497  34.601  -37.647  13.295 0.5000000000
51683  34.320  -39.149  13.759 0.6000000238
169113  34.232  -38.058  12.602 0.6000000238
51684  33.951  -39.978  13.189 0.6999999881
45244  30.863  -45.894  10.700 0.8000000119
52807  33.935  -38.927  12.295 0.6000000238
52823  33.780  -38.957  11.346 0.6000000238
49650  33.633  -42.535  11.631 0.6999999881
45235  31.796  -45.881  11.268 0.8000000119
51710  33.721  -39.882  11.603 0.6000000238
46299  28.097  -45.831  10.457 0.8000000119
46286  30.243  -45.030  11.510 0.8000000119
46297  30.094  -45.813  10.180 0.8999999762
54071  34.640  -37.379  12.267 0.6000000238
47382  33.457  -44.281  10.675 0.8000000119
46294  33.075  -45.034  10.820 0.8000000119
45243  31.770  -45.533  11.032 0.8000000119
150147  33.565  -40.485  10.735 0.6000000238
46287  29.343  -44.939  11.508 0.8000000119
46285  31.134  -45.211  11.276 0.8000000119
54083  34.452  -37.477  11.333 0.6000000238
52806  34.166  -38.160  11.802 0.6000000238
46307  33.076  -44.462  10.442 0.8000000119
48553  33.709  -43.253  9.876 0.6999999881
46284  31.815  -45.129  10.848 0.8000000119
52854  33.764  -39.184  9.509 0.6000000238
50663  33.539  -41.248  9.835 0.6000000238
164676  33.496  -42.508  9.049 0.6999999881
54097  34.334  -37.564  10.495 0.6000000238
52838  33.949  -38.286  10.015 0.6000000238
47362  30.048  -43.415  13.275 0.8000000119
47372  30.501  -44.184  12.289 0.8000000119
153138  35.136  -36.241  11.086 0.6000000238
47373  29.635  -44.075  12.497 0.8000000119
56370  35.748  -35.394  10.209 0.5000000000
156937  32.756  -44.295  10.448 0.8000000119
47371  31.323  -44.363  11.769 0.8000000119
55237  35.341  -35.879  10.540 0.6000000238
166269  34.647  -36.873  10.846 0.6000000238
48561  33.131  -43.003  9.190 0.6000000238
56412  36.159  -34.944  8.553 0.5000000000
168415  34.585  -37.035  10.148 0.6000000238
54114  34.356  -37.611  9.625 0.6000000238
51728  33.766  -40.109  8.901 0.6000000238
55251  35.256  -36.188  8.611 0.6000000238
54126  34.536  -37.691  8.558 0.6000000238
52853  34.197  -38.462  9.049 0.6000000238
52868  34.106  -39.535  8.361 0.6000000238
47361  30.894  -43.446  12.910 0.8000000119
48511  30.468  -42.585  13.674 0.8000000119
48510  31.304  -42.625  13.185 0.6999999881
158864  31.668  -43.459  12.158 0.6999999881
56393  35.641  -35.413  9.168 0.6000000238
49676  33.375  -42.039  8.535 0.6000000238
152233  32.906  -42.633  8.750 0.6000000238
48542  32.705  -43.434  10.221 0.6999999881
56429  36.416  -35.501  7.034 0.5000000000
51738  33.773  -40.670  7.714 0.6000000238
56413  35.804  -35.746  7.857 0.5000000000
52867  34.474  -38.743  7.848 0.6000000238
165657  32.277  -42.107  11.533 0.6000000238
49671  32.511  -42.243  9.223 0.6000000238
49662  32.480  -42.292  10.247 0.6000000238
49682  32.854  -42.251  8.243 0.6000000238
56430  36.366  -36.578  6.137 0.5000000000
54144  35.041  -38.063  7.153 0.6000000238
52878  35.477  -38.716  5.523 0.6000000238
51737  34.261  -39.907  7.009 0.6000000238
49681  33.097  -41.932  7.844 0.6000000238
49677  32.397  -42.020  8.355 0.6000000238
55285  36.047  -37.503  5.610 0.6000000238
54143  35.679  -37.990  5.998 0.6000000238
57592  36.875  -36.112  4.626 0.5000000000
154314  36.699  -36.514  4.855 0.5000000000
58726  36.866  -35.066  3.602 0.4000000060
57604  36.534  -35.345  4.291 0.5000000000
49636  31.847  -41.446  12.653 0.6000000238
50656  32.174  -41.187  11.273 0.6000000238
51744  34.375  -39.964  5.859 0.6000000238
50690  32.996  -41.453  7.214 0.6000000238
50664  32.156  -41.302  10.223 0.6000000238
54154  35.888  -38.305  5.059 0.6000000238
52894  35.362  -38.961  4.845 0.6000000238
56444  36.330  -36.862  4.957 0.5000000000
55296  35.941  -37.796  4.942 0.6000000238
58713  35.385  -34.474  5.494 0.5000000000
59848  36.141  -32.995  4.418 0.4000000060
58727  35.789  -33.699  5.209 0.4000000060
50696  33.317  -40.650  6.584 0.6000000238
50684  32.057  -41.389  7.958 0.5000000000
50657  31.844  -40.436  11.004 0.5000000000
49635  32.102  -41.037  12.098 0.5000000000
51753  34.101  -40.043  5.656 0.6000000238
51746  32.655  -40.328  6.643 0.5000000000
55302  35.547  -37.901  4.860 0.6000000238
57594  35.129  -35.453  5.671 0.5000000000
50644  31.883  -40.377  11.896 0.4000000060
52886  34.658  -39.266  5.176 0.6000000238
52887  33.729  -39.680  5.548 0.5000000000
55297  34.837  -37.306  5.242 0.4000000060
54155  34.931  -38.404  4.822 0.6000000238
54156  33.894  -38.659  5.575 0.6000000238
52880  32.895  -39.592  6.251 0.4000000060
58714  33.542  -33.870  5.714 0.4000000060
56446  34.247  -35.874  6.142 0.4000000060
52881  32.035  -39.242  7.277 0.4000000060
156287  33.830  -37.471  5.922 0.4000000060
54157  33.174  -38.874  6.140 0.4000000060
58728  33.944  -33.197  5.286 0.4000000060
52824  31.026  -39.148  11.032 0.4000000060
51729  30.689  -39.810  8.956 0.4000000060
155559  32.509  -38.655  6.728 0.4000000060
58715  31.810  -33.385  5.403 0.4000000060
172743  33.639  -36.364  6.346 0.4000000060
55298  32.581  -36.280  6.759 0.4000000060
54145  32.653  -37.626  6.616 0.4000000060
52856  30.290  -39.085  9.408 0.4000000060
52855  30.604  -39.250  8.631 0.4000000060
52869  31.165  -39.384  7.985 0.4000000060
153397  32.381  -35.131  6.491 0.3000000119
54146  31.847  -38.061  7.433 0.4000000060
170814  30.109  -38.730  8.854 0.4000000060
54127  30.958  -37.715  7.983 0.4000000060
37885  28.678  -53.050  13.183 0.8000000119
36790  26.592  -53.740  11.830 0.8999999762
36779  24.238  -54.416  13.075 0.8999999762
161615  25.355  -53.978  12.204 0.8999999762
35752  24.587  -55.062  13.210 0.8999999762
36729  26.685  -53.649  18.325 0.8999999762
36728  26.954  -52.987  18.503 1.0000000000
37826  27.257  -52.320  18.909 1.0000000000
155896  22.610  -55.067  15.523 0.8999999762
35726  25.029  -54.827  16.536 0.8999999762
36749  25.191  -54.079  16.337 0.8999999762
37842  26.280  -53.092  16.885 1.0000000000
35746  21.024  -54.684  14.167 0.8999999762
35727  24.486  -54.596  16.214 0.8999999762
35729  22.911  -54.323  15.419 0.8999999762
157621  25.669  -53.413  16.460 1.0000000000
35754  21.639  -54.416  13.731 0.8999999762
36752  22.821  -53.332  15.279 0.8999999762
50675  31.328  -40.663  8.813 0.4000000060
159044  31.681  -40.709  7.877 0.4000000060
50665  31.544  -40.565  10.013 0.4000000060
51701  31.605  -39.689  12.394 0.4000000060
32465  27.542  -57.465  23.467 1.0000000000
31482  24.691  -59.030  20.054 0.8000000119
34580  22.574  -55.557  26.388 0.8999999762
33533  27.444  -56.147  25.647 1.0000000000
31504  24.375  -58.538  18.577 0.8000000119
36620  26.069  -53.370  26.268 0.8999999762
34672  26.420  -56.069  19.485 0.8999999762
32518  25.588  -57.326  18.547 0.8000000119
32536  23.730  -57.405  16.717 0.8000000119
33636  20.913  -57.009  15.292 0.8000000119
35633  28.043  -54.844  22.329 1.0000000000
33633  23.597  -56.592  16.388 0.8999999762
33644  21.013  -56.316  15.022 0.8000000119
34734  21.036  -54.891  13.967 0.8999999762
35753  23.718  -55.088  13.474 0.8000000119
35730  21.831  -54.757  15.107 0.8999999762
38730  24.238  -52.202  25.558 0.8999999762
39736  23.413  -50.839  25.892 1.0000000000
41774  20.424  -48.561  22.493 0.6000000238
42844  18.645  -47.583  20.844 0.4000000060
42843  19.267  -47.635  21.435 0.4000000060
36690  27.582  -53.208  20.114 1.0000000000
36740  26.355  -53.810  17.593 0.8999999762
37874  30.044  -52.726  13.930 0.6999999881
39877  29.136  -50.903  14.971 0.8000000119
40754  25.957  -49.846  26.742 0.8999999762
36780  23.520  -54.108  13.224 0.8999999762
40877  32.397  -49.224  17.645 0.6000000238
37898  26.991  -53.263  12.418 0.8999999762
152960  22.840  -48.001  25.721 0.6999999881
43942  19.084  -46.737  21.204 0.4000000060
160814  21.183  -53.998  14.138 0.8999999762
37888  25.336  -52.345  12.578 0.8999999762
38866  27.250  -51.396  14.534 0.8999999762
43994  32.822  -46.722  17.991 0.6999999881
44004  32.235  -46.680  17.473 0.6999999881
42789  24.205  -47.750  26.386 0.8000000119
158495  26.464  -48.992  26.800 0.8999999762
38804  26.814  -51.012  18.875 1.0000000000
36750  24.472  -53.873  15.843 0.8999999762
37853  22.838  -52.395  15.208 0.8999999762
37864  21.988  -52.803  14.885 0.8999999762
36763  22.099  -53.978  14.989 0.8999999762
178112  25.118  -51.743  12.632 0.8999999762
42795  28.002  -47.931  26.358 0.8000000119
43922  21.893  -46.303  23.458 0.5000000000
41757  28.711  -48.980  24.237 1.0000000000
38888  23.871  -51.870  12.142 0.8999999762
42816  30.058  -47.636  23.991 0.8000000119
41763  29.412  -48.320  23.712 0.8999999762
170771  33.042  -44.239  17.531 0.6999999881
40912  27.546  -49.507  15.049 0.8999999762
44015  29.986  -46.882  16.089 0.8000000119
43912  23.529  -45.846  24.816 0.6000000238
45078  27.656  -45.715  26.092 0.8000000119
45081  24.874  -45.552  25.555 0.6000000238
43892  29.642  -46.440  25.277 0.6999999881
42815  30.488  -46.875  23.546 0.6999999881
40865  25.822  -49.174  18.587 1.0000000000
39880  21.525  -50.628  14.086 1.0000000000
42927  28.069  -47.955  15.219 0.8999999762
46121  25.263  -44.697  25.371 0.6000000238
45100  23.681  -45.030  24.527 0.5000000000
43920  30.773  -46.007  23.714 0.6999999881
41820  26.308  -48.731  19.669 0.8999999762
47205  24.828  -44.100  25.007 0.5000000000
45117  31.049  -45.165  22.636 0.6999999881
43958  29.486  -46.330  20.566 0.8000000119
42938  26.542  -48.187  14.000 0.8999999762
46159  28.349  -42.763  25.825 0.6000000238
46160  27.312  -42.765  25.976 0.5000000000
161594  24.290  -47.893  16.668 0.8999999762
158336  27.122  -46.598  16.841 0.8000000119
42917  25.712  -47.136  17.175 0.8000000119
44045  29.116  -46.477  12.586 0.8999999762
46171  28.276  -41.582  26.148 0.5000000000
46229  29.347  -44.629  18.914 0.6999999881
44016  28.389  -45.511  17.066 0.8000000119
42920  23.386  -47.083  16.028 0.8999999762
42939  21.652  -47.498  13.937 0.8999999762
46270  32.447  -44.446  13.653 0.8000000119
47290  30.406  -42.957  19.671 0.6999999881
47309  29.334  -43.282  18.515 0.6999999881
45212  25.851  -45.476  15.408 0.8000000119
44055  29.421  -46.848  11.010 0.8999999762
164210  29.625  -41.786  18.752 0.6999999881
170977  25.639  -46.116  11.669 0.8999999762
49552  30.421  -40.934  19.317 0.6000000238
50643  33.688  -41.344  12.282 0.6999999881
46298  29.152  -45.810  10.104 0.8999999762
155648  33.825  -42.630  10.524 0.6999999881
155266  33.611  -39.634  10.848 0.6000000238
51718  33.556  -40.053  9.936 0.6000000238
47400  33.350  -43.305  9.662 0.8000000119
50673  33.607  -41.124  8.835 0.6000000238
48526  32.345  -43.349  11.312 0.6999999881
55268  34.848  -36.960  7.991 0.6000000238
51745  33.858  -40.490  6.476 0.6000000238
55267  35.568  -36.626  7.216 0.6000000238
50683  32.684  -41.826  7.702 0.6000000238
165992  31.420  -39.868  10.727 0.4000000060
51739  31.003  -40.075  8.184 0.4000000060
51720  30.424  -39.039  10.286 0.4000000060
56447  31.162  -35.247  6.460 0.4000000060
165043  22.630  -54.715  13.628 0.8999999762
24479  23.216  -64.819  27.230 0.4000000060
24464  22.032  -64.615  28.383 0.4000000060
157323  20.627  -64.951  28.411 0.4000000060
24497  24.163  -64.299  25.970 0.4000000060
25566  21.881  -63.684  28.500 0.4000000060
25567  20.810  -63.607  28.532 0.4000000060
25591  24.380  -63.555  26.239 0.3000000119
167240  22.549  -64.094  28.200 0.4000000060
26831  24.511  -62.602  24.046 0.4000000060
28048  24.188  -61.523  22.738 0.4000000060
28064  23.362  -60.793  21.505 0.4000000060
29244  22.677  -60.132  21.089 0.4000000060
26750  21.339  -62.895  28.551 0.5000000000
26770  20.424  -62.838  28.221 0.4000000060
26767  23.612  -62.781  27.553 0.4000000060
25580  22.845  -63.327  28.128 0.4000000060
153581  24.643  -61.770  24.629 0.5000000000
28037  24.402  -61.467  23.614 0.4000000060
28049  23.530  -60.438  22.448 0.4000000060
29229  23.075  -59.838  21.748 0.5000000000
30451  22.055  -59.613  20.010 0.5000000000
161036  21.763  -59.507  19.166 0.6000000238
30461  21.252  -59.890  18.762 0.5000000000
29279  20.845  -60.477  17.971 0.6000000238
157006  19.812  -59.784  15.069 0.4000000060
176133  20.957  -62.295  28.175 0.5000000000
154110  20.268  -62.054  27.687 0.5000000000
170438  19.648  -62.130  27.143 0.5000000000
26803  19.044  -61.975  26.173 0.5000000000
158119  23.424  -61.924  27.643 0.6000000238
26768  22.670  -62.303  27.993 0.6000000238
157260  24.575  -62.060  26.497 0.5000000000
28001  24.367  -61.433  26.920 0.6000000238
153797  24.772  -61.957  25.606 0.5000000000
149887  24.455  -60.784  24.275 0.5000000000
29206  23.536  -59.942  23.124 0.4000000060
30418  23.219  -59.558  21.604 0.6000000238
30433  22.982  -59.272  20.872 0.6000000238
30459  22.580  -59.155  19.309 0.6000000238
167940  21.735  -59.433  18.400 0.6000000238
169598  21.563  -59.381  17.194 0.6000000238
31522  20.626  -58.977  15.557 0.6000000238
30471  21.394  -59.709  17.897 0.6000000238
30472  21.004  -59.939  17.107 0.6000000238
31527  20.340  -58.771  14.862 0.6000000238
31533  20.452  -58.816  14.538 0.6000000238
27981  21.181  -61.645  27.893 0.5000000000
27982  20.546  -61.361  27.419 0.5000000000
169546  19.399  -61.537  26.348 0.5000000000
28012  19.025  -61.363  25.770 0.5000000000
27978  23.818  -61.171  27.458 0.6000000238
27980  22.032  -61.692  28.053 0.6000000238
28011  24.650  -61.254  26.232 0.6000000238
29169  24.417  -60.612  26.884 0.6000000238
29191  24.637  -60.360  24.626 0.5000000000
29178  24.745  -60.427  26.001 0.6000000238
178000  23.816  -59.886  23.495 0.6000000238
30417  23.883  -59.403  22.069 0.6000000238
30460  22.460  -59.081  18.266 0.6000000238
32547  20.445  -57.801  14.697 0.6000000238
32554  21.957  -57.794  13.522 0.6999999881
28002  20.387  -60.750  26.909 0.6000000238
161958  19.870  -60.243  26.361 0.5000000000
169049  18.832  -60.923  25.274 0.5000000000
29145  23.247  -60.588  27.632 0.6000000238
29146  22.440  -60.340  27.686 0.6000000238
29147  21.653  -60.412  27.542 0.6000000238
171508  18.810  -60.199  25.242 0.5000000000
30383  18.317  -59.857  24.668 0.5000000000
152651  23.183  -59.871  27.538 0.6000000238
30404  25.080  -59.490  23.102 0.6000000238
168774  20.533  -57.140  14.453 0.6999999881
30325  20.984  -59.463  26.789 0.6000000238
30344  20.106  -59.431  26.466 0.6000000238
30345  19.402  -59.626  25.792 0.6000000238
30323  22.572  -59.575  27.550 0.6000000238
31396  20.529  -58.549  26.676 0.6000000238
165446  19.686  -58.719  26.159 0.6000000238
177923  18.617  -58.636  25.081 0.6000000238
31433  18.162  -58.990  24.689 0.6000000238
157358  22.305  -58.920  27.465 0.6000000238
150874  17.380  -59.083  23.404 0.5000000000
150319  24.332  -59.728  27.053 0.6000000238
31446  17.454  -58.167  23.270 0.6000000238
33657  22.589  -57.239  13.424 0.6999999881
31383  21.483  -58.787  27.126 0.6000000238
156599  19.421  -58.161  25.749 0.6000000238
31382  21.985  -58.161  27.397 0.6000000238
31395  21.184  -57.950  27.158 0.6000000238
32417  19.851  -57.910  26.273 0.6000000238
32436  18.927  -57.982  25.215 0.6000000238
31434  17.731  -58.567  24.060 0.6000000238
160902  23.101  -59.068  27.609 0.6000000238
32466  18.048  -56.998  23.707 0.6000000238
30321  24.420  -58.935  27.184 0.6000000238
31432  26.094  -58.732  25.078 0.6000000238
33656  23.165  -56.612  13.453 0.6999999881
34740  25.229  -55.487  12.855 0.6999999881
31381  22.813  -58.262  27.604 0.6000000238
32434  20.056  -57.177  26.096 0.6999999881
32435  19.512  -57.430  25.589 0.6999999881
31394  24.626  -58.138  27.206 0.6000000238
153364  25.715  -54.927  12.133 0.6999999881
32415  21.273  -57.200  26.850 0.6999999881
32414  22.006  -56.925  27.065 0.6999999881
33536  20.219  -56.447  25.695 0.6999999881
33537  19.509  -56.616  25.224 0.6999999881
32453  18.457  -57.222  24.374 0.6000000238
33547  18.932  -56.534  24.597 0.6999999881
34615  18.983  -55.779  24.185 0.6000000238
33548  18.444  -56.400  23.922 0.5000000000
174386  27.232  -53.846  11.866 0.8000000119
33516  22.303  -56.191  26.755 0.6999999881
33518  20.712  -56.764  26.369 0.6999999881
172132  20.522  -55.740  25.462 0.6999999881
34614  19.649  -55.361  24.466 0.6999999881
34636  18.326  -55.627  22.493 0.5000000000
35610  20.137  -54.634  23.952 0.6999999881
34626  19.310  -55.015  23.669 0.6000000238
35636  19.030  -54.908  22.633 0.6000000238
155647  23.359  -45.037  12.825 0.6999999881
46255  27.883  -44.419  16.225 0.6999999881
45211  26.707  -45.442  15.675 0.6999999881
45213  24.853  -45.423  15.323 0.6999999881
47324  28.396  -43.671  17.139 0.6000000238
47334  28.077  -43.897  16.527 0.6000000238
151109  22.313  -45.224  13.621 0.6999999881
45249  24.809  -44.962  11.681 0.6999999881
46300  26.528  -44.911  11.063 0.6999999881
48463  28.352  -42.712  17.447 0.6000000238
47343  26.914  -43.973  15.442 0.6000000238
46262  26.438  -44.665  15.299 0.6999999881
46265  23.306  -44.678  14.608 0.6999999881
48464  27.932  -41.844  17.402 0.6000000238
46290  23.860  -44.396  12.184 0.6999999881
46301  25.572  -44.640  11.336 0.6999999881
47374  28.643  -44.018  12.438 0.6999999881
48476  27.296  -42.759  16.299 0.6000000238
47336  26.860  -43.203  15.558 0.6000000238
47344  26.230  -43.726  14.869 0.6000000238
156446  24.079  -43.875  14.296 0.6999999881
46279  22.755  -44.378  13.267 0.6999999881
47385  25.101  -43.790  11.544 0.6999999881
47376  26.529  -43.925  11.759 0.6999999881
47375  27.617  -43.947  12.159 0.6999999881
169140  27.677  -42.472  16.930 0.6000000238
48477  26.612  -42.369  15.849 0.6000000238
47345  25.697  -42.951  14.605 0.5000000000
155554  25.215  -43.841  14.393 0.6000000238
164411  22.798  -43.248  12.641 0.5000000000
156318  24.324  -43.308  11.672 0.6999999881
178139  27.371  -42.811  13.322 0.6999999881
47364  27.969  -43.188  13.144 0.6999999881
62068  32.293  -30.333  4.465 0.3000000119
61003  32.031  -31.053  4.533 0.3000000119
58729  32.236  -32.952  4.966 0.3000000119
23384  22.256  -65.388  28.162 0.4000000060
23385  21.390  -65.319  28.409 0.3000000119
23386  20.467  -65.708  28.339 0.4000000060
24513  23.579  -64.855  25.439 0.3000000119
23401  19.899  -64.996  28.235 0.4000000060
25621  24.320  -63.343  23.691 0.4000000060
24481  19.594  -64.279  27.853 0.4000000060
160959  24.303  -62.340  22.345 0.4000000060
28063  23.885  -61.626  21.970 0.4000000060
28077  22.364  -60.568  20.353 0.4000000060
29259  21.765  -60.194  19.977 0.5000000000
148070  20.385  -60.706  16.781 0.4000000060
25593  19.105  -63.232  26.824 0.4000000060
30485  19.835  -59.721  14.540 0.5000000000
26804  18.689  -62.106  25.471 0.5000000000
32553  23.059  -58.139  12.947 0.6000000238
28013  18.600  -61.549  24.986 0.5000000000
29192  18.353  -60.810  24.653 0.5000000000
29193  17.628  -61.001  23.997 0.5000000000
32552  23.582  -57.597  12.816 0.6000000238
30395  17.343  -60.123  23.525 0.5000000000
30406  16.951  -59.532  22.779 0.4000000060
33655  24.163  -56.810  13.139 0.6999999881
32467  17.656  -57.320  23.146 0.5000000000
34751  26.383  -55.449  11.573 0.6999999881
33566  17.572  -56.950  22.448 0.5000000000
35762  27.626  -54.517  11.966 0.8000000119
34647  17.697  -55.782  21.197 0.5000000000
35637  18.891  -54.741  21.566 0.6000000238
150540  31.677  -41.723  24.679 0.6000000238
48406  33.120  -40.347  22.559 0.6000000238
49589  26.972  -41.855  16.848 0.5000000000
48487  25.163  -42.250  14.745 0.5000000000
47353  22.885  -42.553  13.687 0.5000000000
47354  22.797  -43.162  13.311 0.5000000000
48530  24.451  -42.465  11.963 0.5000000000
48515  26.170  -42.596  12.972 0.5000000000
48500  29.144  -41.936  14.271 0.5000000000
62058  33.209  -29.773  5.428 0.3000000119
60995  32.186  -30.395  5.159 0.3000000119
58730  31.537  -32.839  5.219 0.3000000119
30342  25.374  -58.898  26.319 0.6000000238
30364  25.071  -59.637  25.918 0.6000000238
30382  24.864  -59.845  24.469 0.6000000238
34613  20.534  -55.140  24.809 0.8000000119
32539  20.654  -57.824  15.228 0.6999999881
168729  20.874  -56.760  14.227 0.6999999881
171995  23.640  -55.991  13.459 0.6999999881
46261  27.289  -44.686  15.749 0.6999999881
46289  27.363  -44.824  11.278 0.6999999881
48512  29.532  -42.690  13.834 0.6000000238
59850  32.848  -32.307  4.692 0.3000000119
35764  26.300  -54.397  11.715 0.8000000119
35751  28.671  -53.893  13.276 0.6999999881
46264  24.453  -44.670  14.757 0.6999999881
24480  22.701  -64.754  27.905 0.4000000060
25592  23.937  -63.464  26.939 0.4000000060
163470  24.502  -63.598  25.415 0.3000000119
26789  24.313  -62.804  26.780 0.5000000000
26771  19.651  -62.820  27.527 0.5000000000
28089  21.421  -60.605  19.226 0.3000000119
29292  19.259  -60.840  14.750 0.4000000060
25608  18.397  -62.872  25.322 0.5000000000
34627  18.626  -55.652  23.363 0.6000000238
46291  23.066  -44.239  12.878 0.6999999881
46272  22.770  -44.435  13.597 0.6999999881
48485  26.318  -42.857  15.145 0.6000000238
47346  24.761  -43.028  14.314 0.5000000000
47348  23.004  -43.693  13.769 0.6000000238
47379  23.294  -43.602  12.256 0.6999999881
47377  25.637  -43.420  11.774 0.6999999881
47365  26.920  -43.193  12.871 0.6999999881
48486  25.929  -42.230  15.260 0.5000000000
48488  24.400  -42.321  14.389 0.5000000000
47347  23.685  -42.973  14.016 0.5000000000
47386  23.659  -42.810  11.798 0.5000000000
47378  24.830  -43.049  11.742 0.5000000000
162404  27.716  -42.404  13.632 0.5000000000
48513  28.597  -42.575  13.774 0.6999999881
49591  26.069  -41.562  16.125 0.5000000000
48532  22.361  -42.262  12.464 0.5000000000
48531  22.936  -42.260  11.969 0.5000000000
49639  27.231  -41.775  13.931 0.5000000000
34750  27.265  -55.763  11.376 0.6000000238
36789  28.122  -54.351  12.684 0.6000000238
38839  31.460  -51.114  16.573 0.5000000000
36772  29.960  -53.341  14.062 0.6000000238
37861  30.703  -52.297  15.090 0.6000000238
40863  33.044  -48.921  18.918 0.5000000000
39833  31.805  -50.549  17.329 0.5000000000
164545  31.067  -51.596  15.741 0.6000000238
37789  19.758  -52.462  20.353 0.5000000000
38851  30.663  -51.515  15.101 0.6000000238
42875  34.251  -47.729  19.358 0.5000000000
154817  32.628  -48.708  18.223 0.5000000000
43970  35.434  -46.414  19.318 0.5000000000
38788  19.660  -51.455  20.532 0.4000000060
38789  18.660  -51.285  20.225 0.4000000060
39790  18.103  -50.585  20.263 0.4000000060
42876  33.563  -47.544  18.841 0.5000000000
43991  36.297  -46.300  19.023 0.5000000000
43971  34.602  -46.408  19.369 0.5000000000
40828  17.759  -49.731  20.058 0.4000000060
46225  36.794  -44.675  18.314 0.5000000000
45159  35.760  -45.763  19.212 0.5000000000
41806  17.577  -48.299  19.762 0.4000000060
43929  21.346  -46.285  22.879 0.4000000060
43930  20.736  -46.122  22.438 0.4000000060
43941  19.637  -45.993  21.510 0.4000000060
43959  18.997  -45.844  21.054 0.3000000119
47221  25.333  -43.098  25.379 0.4000000060
47222  24.180  -43.423  24.651 0.4000000060
45109  22.945  -44.871  23.864 0.4000000060
45118  21.928  -44.980  22.825 0.4000000060
47239  24.716  -42.328  25.030 0.4000000060
157974  22.475  -44.751  23.279 0.4000000060
45119  21.349  -45.576  22.569 0.4000000060
47240  22.629  -43.347  22.963 0.4000000060
46162  22.250  -44.123  22.906 0.4000000060
45120  20.749  -45.437  22.111 0.4000000060
45129  20.175  -45.324  21.601 0.4000000060
46148  24.110  -44.325  24.675 0.4000000060
48365  23.922  -42.635  24.338 0.4000000060
46149  23.437  -44.159  24.222 0.4000000060
47238  25.737  -41.915  25.579 0.4000000060
48380  23.547  -42.361  23.429 0.4000000060
47223  23.316  -43.265  23.746 0.4000000060
48381  23.098  -42.710  22.864 0.4000000060
48397  22.680  -42.624  22.232 0.4000000060
162785  21.316  -44.833  22.279 0.4000000060
165261  22.896  -41.944  21.798 0.4000000060
48398  21.933  -42.704  21.895 0.4000000060
46174  20.727  -44.681  21.797 0.4000000060
46170  29.733  -41.594  25.933 0.4000000060
47253  25.555  -41.028  25.379 0.4000000060
49502  25.048  -40.322  24.921 0.4000000060
49488  23.953  -41.129  23.896 0.4000000060
47250  31.426  -40.541  25.537 0.5000000000
162771  29.645  -40.260  26.100 0.4000000060
47251  28.011  -40.439  26.004 0.4000000060
48395  27.113  -39.993  25.693 0.4000000060
50507  24.169  -40.310  24.598 0.4000000060
49483  23.789  -40.948  23.626 0.4000000060
164461  23.655  -41.765  23.274 0.4000000060
48396  23.376  -42.073  22.452 0.4000000060
49503  23.086  -41.331  22.410 0.4000000060
173021  22.447  -42.319  21.820 0.4000000060
48407  32.595  -39.266  24.323 0.5000000000
49499  30.094  -37.778  25.051 0.5000000000
167242  28.617  -38.907  26.075 0.4000000060
49500  28.052  -38.124  26.113 0.4000000060
49501  26.236  -38.503  26.036 0.4000000060
49489  23.544  -41.419  23.027 0.4000000060
48393  30.914  -38.897  25.541 0.5000000000
50515  25.970  -37.637  26.474 0.4000000060
150376  24.933  -39.078  25.554 0.4000000060
49538  28.799  -36.804  23.887 0.4000000060
49518  27.734  -37.118  25.831 0.4000000060
160603  24.683  -38.135  26.267 0.4000000060
50535  28.418  -35.909  22.952 0.4000000060
51587  27.311  -35.303  23.934 0.4000000060
52697  26.871  -35.179  23.477 0.4000000060
162276  31.978  -39.219  20.804 0.5000000000
49555  30.373  -37.256  20.872 0.5000000000
49556  29.707  -36.308  22.012 0.4000000060
52696  27.038  -35.577  21.765 0.4000000060
149955  26.706  -34.968  23.159 0.3000000119
49534  31.040  -41.925  20.196 0.5000000000
49537  29.514  -37.650  22.559 0.5000000000
50525  27.377  -36.169  25.258 0.4000000060
51576  25.693  -36.525  26.017 0.4000000060
52685  26.086  -35.880  25.436 0.4000000060
51588  26.160  -35.876  25.393 0.4000000060
49554  30.604  -38.576  20.123 0.5000000000
51592  27.613  -36.132  21.361 0.4000000060
52709  25.724  -34.968  21.312 0.3000000119
51595  29.379  -39.670  18.826 0.5000000000
50542  29.131  -37.410  20.235 0.5000000000
50543  28.726  -36.512  21.334 0.4000000060
52708  26.451  -35.387  21.348 0.4000000060
52710  24.671  -34.923  21.457 0.3000000119
51596  29.121  -39.112  18.957 0.5000000000
50546  29.078  -40.205  18.485 0.4000000060
49576  28.271  -41.000  18.040 0.5000000000
52715  27.336  -37.694  19.101 0.3000000119
172500  27.123  -37.077  19.948 0.4000000060
149560  26.471  -36.483  20.225 0.4000000060
52716  25.402  -36.144  19.774 0.3000000119
52711  24.715  -33.808  21.274 0.3000000119
51602  28.259  -38.937  18.514 0.3000000119
51601  28.736  -39.595  18.448 0.4000000060
50554  28.330  -40.183  18.066 0.4000000060
50555  27.522  -40.451  17.651 0.4000000060
49577  27.489  -41.265  17.417 0.4000000060
52722  26.378  -37.535  18.888 0.3000000119
52717  25.072  -35.335  20.089 0.3000000119
53975  24.060  -33.703  21.643 0.3000000119
172822  24.563  -34.696  19.962 0.3000000119
152117  23.997  -34.959  19.126 0.3000000119
51606  27.383  -39.427  17.788 0.3000000119
50556  26.564  -40.272  17.244 0.3000000119
49590  26.443  -41.123  16.835 0.4000000060
49603  25.389  -41.697  15.399 0.4000000060
48501  22.212  -42.139  13.242 0.4000000060
47388  22.708  -42.455  12.186 0.4000000060
53976  23.774  -34.058  21.040 0.3000000119
52728  26.732  -38.167  18.313 0.3000000119
51603  27.393  -38.504  18.360 0.3000000119
51607  26.486  -39.003  17.611 0.3000000119
49592  25.111  -41.164  15.987 0.3000000119
49605  23.428  -41.223  14.753 0.3000000119
49604  24.501  -41.559  14.983 0.4000000060
176059  22.015  -42.033  12.737 0.4000000060
49663  22.426  -41.786  12.216 0.4000000060
49652  23.931  -41.921  12.215 0.4000000060
49651  24.878  -42.004  12.523 0.4000000060
48516  25.573  -42.113  12.899 0.4000000060
49624  22.546  -41.758  14.025 0.3000000119
49654  22.225  -41.388  12.342 0.4000000060
49643  23.423  -41.249  12.570 0.4000000060
49641  25.368  -41.545  13.186 0.4000000060
49623  26.752  -41.095  14.153 0.4000000060
49622  27.709  -41.006  14.360 0.4000000060
164475  29.841  -41.264  14.398 0.4000000060
161714  30.358  -41.759  13.990 0.5000000000
49644  21.401  -41.136  12.538 0.3000000119
50645  22.242  -41.001  12.412 0.3000000119
50632  25.039  -40.914  13.586 0.4000000060
50631  25.916  -41.058  13.814 0.4000000060
50611  27.173  -40.227  14.610 0.3000000119
157852  28.939  -40.040  14.814 0.4000000060
50608  30.346  -40.489  14.378 0.3000000119
49620  30.660  -41.158  14.089 0.3000000119
49619  31.344  -41.067  13.513 0.4000000060
152253  31.439  -39.672  13.243 0.3000000119
50630  31.748  -40.460  12.813 0.3000000119
49625  21.606  -41.423  13.592 0.3000000119
50635  21.694  -40.606  12.569 0.3000000119
50633  24.072  -40.668  13.210 0.3000000119
50613  25.600  -40.442  14.235 0.3000000119
51665  26.307  -39.846  14.638 0.3000000119
157774  27.819  -39.551  14.866 0.3000000119
51662  29.437  -39.354  14.841 0.3000000119
51661  30.210  -39.670  14.439 0.3000000119
52791  30.837  -39.082  13.409 0.3000000119
51686  30.422  -39.120  14.049 0.3000000119
50636  21.153  -40.757  12.732 0.3000000119
50634  22.912  -40.607  12.910 0.3000000119
50614  24.687  -40.268  14.038 0.3000000119
51664  27.140  -39.136  14.943 0.3000000119
51663  28.654  -39.320  15.039 0.3000000119
52769  29.839  -38.799  14.466 0.3000000119
52809  30.785  -38.482  12.641 0.3000000119
52808  31.250  -39.151  12.749 0.3000000119
52792  30.207  -38.383  13.647 0.3000000119
167861  30.824  -38.540  11.723 0.3000000119
52840  29.803  -38.662  10.066 0.3000000119
48408  31.646  -38.136  23.992 0.5000000000
49515  32.733  -38.804  22.276 0.5000000000
33671  26.479  -56.387  11.358 0.6000000238
34738  27.779  -55.590  11.758 0.5000000000
158932  28.438  -54.846  13.140 0.5000000000
37850  30.734  -52.463  15.934 0.5000000000
36759  30.316  -53.489  15.214 0.5000000000
161872  35.056  -47.970  19.368 0.5000000000
39805  32.428  -50.309  18.895 0.5000000000
38829  31.437  -51.390  17.712 0.5000000000
160024  20.641  -54.026  22.468 0.6000000238
156406  19.900  -54.209  21.937 0.6000000238
35646  20.318  -53.809  21.231 0.6000000238
36675  20.024  -53.609  20.739 0.5000000000
36692  19.566  -53.253  20.258 0.5000000000
37790  18.907  -52.729  19.972 0.5000000000
37810  17.977  -52.795  19.501 0.5000000000
38790  17.814  -51.203  19.905 0.4000000060
39791  17.419  -50.563  19.511 0.4000000060
164089  17.301  -49.024  19.445 0.4000000060
41821  16.875  -48.360  19.015 0.4000000060
43960  18.327  -45.956  20.360 0.3000000119
45148  18.953  -44.998  20.414 0.3000000119
45130  19.586  -45.191  21.100 0.4000000060
48410  21.265  -42.325  21.230 0.4000000060
46182  20.019  -44.363  21.248 0.4000000060
48409  22.029  -41.875  21.519 0.4000000060
50516  23.915  -39.107  25.391 0.4000000060
50526  21.515  -39.854  21.963 0.4000000060
50517  23.462  -40.528  23.673 0.4000000060
161814  23.024  -39.368  24.545 0.4000000060
51577  24.621  -37.983  26.041 0.4000000060
148447  26.443  -34.209  23.527 0.4000000060
52698  26.213  -35.629  25.235 0.4000000060
177543  24.881  -33.346  23.527 0.3000000119
162770  35.928  -47.160  19.163 0.5000000000
43961  17.635  -46.734  19.761 0.4000000060
160509  21.258  -41.533  21.146 0.4000000060
49519  21.517  -40.844  21.379 0.4000000060
51578  23.273  -38.573  25.607 0.4000000060
42862  17.931  -47.567  20.166 0.4000000060
39847  31.628  -50.311  16.484 0.5000000000
47237  26.723  -42.063  25.951 0.4000000060
49514  32.426  -40.263  21.175 0.5000000000
47252  26.555  -41.086  25.815 0.4000000060
49553  30.829  -39.718  19.788 0.5000000000
162684  23.650  -41.931  14.201 0.4000000060
49638  28.185  -41.771  14.113 0.4000000060
49640  26.260  -41.805  13.519 0.4000000060
170035  30.639  -52.914  15.270 0.6000000238
40864  32.590  -49.479  18.554 0.5000000000
154143  33.853  -49.311  19.389 0.5000000000
47254  22.102  -43.377  22.443 0.4000000060
47255  21.622  -43.445  22.152 0.4000000060
47267  21.248  -43.186  21.720 0.4000000060
50518  22.531  -39.962  22.940 0.4000000060
49504  22.401  -41.047  21.812 0.4000000060
49517  29.000  -37.648  24.454 0.4000000060
152664  30.190  -37.569  23.235 0.5000000000
175904  31.399  -38.565  20.642 0.5000000000
49536  30.753  -37.847  21.567 0.5000000000
49516  31.541  -37.892  22.344 0.5000000000
50541  29.696  -38.399  19.656 0.5000000000
50540  29.869  -39.396  19.310 0.5000000000
51598  28.118  -37.035  20.148 0.4000000060
51597  28.134  -38.061  19.282 0.4000000060
49578  26.959  -41.026  17.191 0.4000000060
50571  25.771  -40.780  16.660 0.3000000119
49642  24.481  -41.388  12.882 0.4000000060
48518  21.517  -41.482  12.981 0.3000000119
50610  28.177  -40.195  14.741 0.3000000119
49621  28.799  -40.991  14.618 0.4000000060
50646  21.584  -41.098  12.423 0.3000000119
51666  25.385  -39.611  14.557 0.3000000119
54084  30.309  -37.975  12.035 0.3000000119
152940  17.100  -58.644  22.628 0.4000000060
32478  17.273  -57.749  22.362 0.4000000060
32487  16.906  -57.751  21.438 0.4000000060
149752  17.260  -56.443  20.917 0.3000000119
148906  17.312  -57.065  21.694 0.4000000060
34658  17.500  -55.794  20.345 0.3000000119
31546  23.978  -58.186  12.205 0.5000000000
34657  18.206  -55.168  20.769 0.5000000000
35667  17.714  -55.237  19.865 0.3000000119
32566  26.490  -57.013  11.321 0.5000000000
166860  24.826  -58.009  11.740 0.5000000000
35647  19.612  -54.156  20.978 0.5000000000
147621  18.823  -54.466  20.734 0.4000000060
33663  25.843  -57.033  11.501 0.5000000000
32559  26.538  -57.403  11.575 0.5000000000
33654  28.044  -56.524  12.824 0.3000000119
33670  26.995  -56.416  11.225 0.5000000000
33661  27.767  -56.375  11.863 0.4000000060
34730  28.327  -55.789  12.648 0.4000000060
34717  29.069  -55.742  15.108 0.3000000119
170453  28.887  -55.530  14.289 0.3000000119
35737  30.022  -53.937  15.882 0.3000000119
35738  29.802  -54.268  15.228 0.3000000119
37824  31.167  -52.265  18.102 0.3000000119
36739  30.330  -53.470  17.186 0.3000000119
36748  30.383  -53.301  16.127 0.4000000060
35744  29.602  -54.096  14.411 0.4000000060
38806  17.233  -51.445  19.094 0.3000000119
39804  32.850  -50.642  19.446 0.4000000060
38817  31.582  -51.679  18.818 0.4000000060
151220  30.568  -52.799  16.796 0.4000000060
40846  17.052  -49.801  19.128 0.3000000119
42863  17.235  -47.619  19.427 0.3000000119
46196  19.660  -43.589  20.455 0.3000000119
159417  20.199  -43.496  21.044 0.3000000119
47277  20.166  -42.795  20.517 0.3000000119
166614  20.610  -42.294  20.671 0.3000000119
48421  19.968  -41.788  20.093 0.3000000119
48411  20.657  -41.588  20.661 0.3000000119
51579  22.432  -38.987  24.386 0.3000000119
51580  21.313  -39.149  22.994 0.3000000119
51565  20.334  -39.042  22.837 0.3000000119
52686  24.280  -37.038  26.088 0.3000000119
149293  24.626  -37.278  25.771 0.3000000119
51562  23.036  -38.324  25.322 0.3000000119
51563  22.409  -38.774  24.743 0.3000000119
52699  26.017  -35.343  25.464 0.3000000119
52687  24.214  -36.848  26.081 0.3000000119
53941  24.555  -35.643  26.895 0.3000000119
52700  25.371  -34.418  25.529 0.3000000119
53959  24.348  -33.396  24.841 0.3000000119
31540  22.380  -58.629  13.280 0.5000000000
39821  31.869  -50.820  18.434 0.4000000060
162378  16.608  -49.107  18.882 0.3000000119
51564  21.061  -38.965  23.619 0.3000000119
35684  18.229  -54.129  19.755 0.3000000119
36693  18.704  -53.458  19.763 0.3000000119
157668  17.373  -52.249  19.199 0.3000000119
24498  18.426  -64.404  26.480 0.4000000060
24515  17.611  -64.292  25.122 0.4000000060
25623  17.624  -63.655  24.515 0.4000000060
25636  16.566  -63.621  23.518 0.4000000060
155304  16.925  -62.405  22.883 0.3000000119
25622  18.049  -63.000  24.525 0.4000000060
26832  17.397  -62.454  23.419 0.4000000060
28025  17.572  -61.815  23.650 0.4000000060
29271  20.677  -61.062  18.123 0.3000000119
28024  18.080  -61.700  24.342 0.4000000060
29217  16.738  -60.860  22.284 0.3000000119
30407  16.605  -59.995  22.115 0.3000000119
29207  17.150  -61.105  23.119 0.4000000060
30419  16.302  -59.541  21.243 0.3000000119
160507  16.359  -60.645  21.376 0.3000000119
164753  15.729  -58.984  20.135 0.3000000119
159471  16.885  -60.338  22.803 0.4000000060
161978  16.627  -59.074  22.013 0.3000000119
31458  16.874  -58.336  21.914 0.3000000119
23444  17.156  -64.328  24.539 0.4000000060
25624  17.156  -63.704  23.999 0.4000000060
32488  16.549  -57.654  20.486 0.3000000119
24482  18.957  -64.144  27.065 0.3000000119
31483  15.435  -58.993  18.938 0.3000000119
23400  22.826  -65.490  27.552 0.4000000060
24465  21.179  -64.417  28.521 0.4000000060
24466  20.317  -64.302  28.334 0.4000000060
24514  18.025  -64.324  25.832 0.4000000060
25579  23.453  -63.553  27.480 0.4000000060
25581  19.968  -63.564  28.081 0.4000000060
25582  19.440  -63.620  27.479 0.5000000000
25594  18.508  -63.598  26.103 0.4000000060
25607  24.416  -63.502  24.465 0.4000000060
25609  18.041  -63.605  25.210 0.4000000060
25635  17.579  -63.096  23.832 0.4000000060
26749  22.145  -62.869  28.441 0.5000000000
26766  24.086  -62.029  27.209 0.5000000000
26769  21.735  -62.241  28.254 0.5000000000
26790  19.245  -62.447  26.733 0.5000000000
26791  18.799  -62.692  26.088 0.5000000000
26802  24.654  -62.810  25.941 0.5000000000
26819  24.691  -62.737  25.016 0.4000000060
26820  18.323  -62.292  24.724 0.4000000060
26821  17.876  -62.429  24.055 0.4000000060
26833  16.945  -62.977  23.202 0.3000000119
26847  24.391  -62.620  23.104 0.4000000060
27979  22.792  -61.294  27.834 0.6000000238
27983  19.897  -61.524  26.912 0.5000000000
28023  24.714  -60.970  25.237 0.5000000000
28038  23.820  -60.613  23.161 0.4000000060
28050  17.140  -61.909  22.961 0.4000000060
28051  16.832  -61.490  22.493 0.3000000119
28065  16.573  -61.435  21.804 0.3000000119
28076  23.138  -61.138  20.681 0.4000000060
29144  23.830  -60.236  27.360 0.6000000238
29148  21.089  -60.185  27.099 0.6000000238
29170  20.524  -60.018  26.677 0.6000000238
29179  19.284  -60.577  25.781 0.5000000000
29205  23.913  -60.293  23.620 0.4000000060
29216  23.451  -59.737  22.381 0.6000000238
29230  22.742  -59.618  21.095 0.5000000000
29245  22.328  -59.840  20.563 0.5000000000
29246  15.907  -60.901  20.616 0.3000000119
29270  21.156  -60.484  18.688 0.3000000119
29285  19.638  -60.790  15.601 0.4000000060
30322  23.810  -59.378  27.435 0.6000000238
30324  21.792  -59.668  27.356 0.6000000238
30343  24.837  -59.301  26.688 0.6000000238
30363  25.542  -59.100  25.523 0.6000000238
30365  18.705  -59.348  25.200 0.6000000238
30384  17.762  -59.474  24.127 0.6000000238
30394  24.338  -59.768  23.688 0.6000000238
30403  26.051  -59.134  23.320 0.8000000119
30405  23.877  -59.578  22.976 0.6000000238
30434  22.541  -59.523  20.607 0.5000000000
30449  23.795  -59.167  20.096 0.6999999881
30450  22.807  -59.276  20.132 0.6000000238
30470  21.959  -59.166  17.652 0.6000000238
30478  20.402  -59.895  16.095 0.6000000238
31380  23.756  -58.417  27.503 0.6000000238
31414  25.942  -58.465  25.922 0.8000000119
31415  19.131  -58.753  25.530 0.6000000238
31445  26.832  -58.488  23.641 0.8999999762
31467  25.791  -58.951  21.755 0.8000000119
31468  16.509  -58.499  21.048 0.3000000119
31481  25.292  -58.954  20.456 0.8000000119
31494  24.544  -58.774  19.388 0.8000000119
31496  15.783  -58.302  18.937 0.3000000119
31503  25.173  -58.214  18.876 0.8000000119
31514  21.194  -59.244  16.504 0.6000000238
31519  23.143  -58.072  16.769 0.8000000119
31541  21.317  -58.326  13.745 0.6000000238
32393  24.053  -57.595  27.401 0.8999999762
32394  23.284  -57.536  27.553 0.6000000238
32395  22.445  -57.523  27.420 0.6000000238
32396  21.770  -57.550  27.207 0.6999999881
32416  20.565  -57.579  26.612 0.6999999881
32451  27.292  -57.961  24.125 1.0000000000
32452  19.008  -57.240  24.964 0.6000000238
32454  17.844  -57.703  23.917 0.6000000238
32476  27.521  -57.380  22.514 1.0000000000
32486  26.755  -57.618  21.227 0.8999999762
32497  26.570  -57.341  20.435 0.8999999762
32550  27.382  -57.080  12.036 0.5000000000
32555  20.897  -57.409  13.933 0.6999999881
32556  20.596  -57.963  14.251 0.6000000238
32560  25.738  -57.656  11.588 0.5000000000
32561  24.449  -57.697  12.073 0.5000000000
33514  24.258  -56.077  27.125 0.8999999762
33517  21.462  -56.413  26.579 0.6999999881
33534  26.904  -56.612  26.011 0.8999999762
33546  27.665  -56.413  24.832 1.0000000000
33558  27.777  -56.509  23.846 1.0000000000
33559  17.998  -56.428  23.036 0.5000000000
33565  27.646  -56.484  22.173 1.0000000000
33574  16.911  -57.156  20.974 0.3000000119
33610  25.982  -56.394  18.690 0.8999999762
33634  22.755  -56.230  15.963 0.8999999762
33658  21.383  -55.939  14.232 0.8000000119
33662  27.136  -56.806  11.349 0.4000000060
33664  25.109  -56.667  12.484 0.6999999881
33669  27.396  -56.230  11.416 0.5000000000
34581  21.749  -55.604  26.122 0.8999999762
34598  27.014  -55.780  26.210 0.8999999762
34601  21.145  -55.374  25.469 0.8999999762
34602  19.916  -55.844  25.128 0.6999999881
34611  27.850  -55.694  25.104 1.0000000000
34612  21.442  -54.755  24.839 0.8000000119
34637  17.689  -56.203  21.964 0.4000000060
34646  18.228  -55.458  21.690 0.6000000238
34698  25.810  -55.212  17.999 0.8999999762
34699  25.360  -55.828  17.516 0.8999999762
34700  24.806  -56.030  16.904 0.8999999762
34709  22.862  -55.534  15.819 0.8999999762
34724  29.345  -54.953  14.783 0.3000000119
34725  28.619  -55.421  13.558 0.4000000060
34726  21.041  -55.359  14.370 0.8000000119
34731  24.472  -55.842  13.261 0.6999999881
34732  22.835  -55.642  13.714 0.8000000119
34739  25.865  -56.022  11.937 0.6000000238
35580  25.961  -54.230  26.303 0.8999999762
35582  23.992  -54.586  26.404 0.8999999762
35594  28.009  -54.184  25.321 0.8999999762
35597  23.994  -53.774  25.623 0.8999999762
35598  22.141  -54.499  24.968 0.8999999762
35606  28.351  -54.343  24.654 1.0000000000
35632  28.299  -54.171  22.403 1.0000000000
35665  19.171  -53.989  20.240 0.5000000000
35666  18.347  -54.606  20.142 0.4000000060
35715  25.923  -54.541  17.536 0.8999999762
35716  25.477  -54.641  16.910 0.8999999762
35725  29.733  -54.620  16.163 0.3000000119
35728  23.820  -54.416  15.821 0.8999999762
35739  21.323  -54.376  14.483 0.8999999762
35745  28.968  -54.654  13.945 0.4000000060
35750  29.349  -53.802  13.845 0.6000000238
35755  21.144  -54.033  14.002 0.8999999762
35763  27.043  -54.341  11.499 0.8000000119
35765  24.983  -54.531  12.759 0.8999999762
35766  21.793  -53.547  13.767 0.8999999762
35775  27.343  -55.069  11.564 0.6000000238
35776  26.903  -55.130  11.458 0.6999999881
36639  23.532  -53.064  24.515 0.8999999762
36650  28.626  -53.143  23.768 1.0000000000
36651  22.367  -53.587  23.589 0.8000000119
36652  21.974  -53.443  22.793 0.6999999881
36662  21.512  -53.422  22.219 0.6999999881
36672  28.137  -53.432  21.342 1.0000000000
36674  20.716  -53.406  21.131 0.6000000238
36691  20.378  -53.012  20.623 0.5000000000
36713  26.831  -53.983  18.996 0.8999999762
36714  17.635  -53.515  19.394 0.3000000119
36751  23.701  -53.674  15.569 0.8999999762
36760  30.086  -53.593  14.638 0.5000000000
36761  24.311  -53.210  15.670 0.8999999762
36764  21.467  -53.515  14.395 0.8999999762
36771  30.492  -52.953  14.534 0.6000000238
36773  21.335  -53.276  14.072 0.8999999762
36777  29.442  -53.163  13.582 0.6999999881
36778  27.862  -53.640  12.599 0.8000000119
36781  22.606  -53.845  13.503 0.8999999762
36792  24.389  -53.632  12.638 0.8999999762
36795  21.888  -52.699  13.666 0.8999999762
37729  27.671  -52.355  25.870 0.8999999762
37730  26.855  -52.288  26.227 0.8999999762
37731  24.273  -52.826  25.315 0.8999999762
37770  21.253  -52.751  21.705 0.6999999881
37840  30.641  -52.841  17.644 0.3000000119
37841  26.547  -52.440  17.257 1.0000000000
37863  24.498  -52.471  15.677 1.0000000000
37873  30.386  -52.181  14.468 0.6000000238
37875  29.363  -52.615  13.641 0.8000000119
37876  28.519  -52.480  13.580 0.8000000119
37877  27.382  -52.181  13.885 0.8999999762
37878  21.019  -52.457  14.087 0.8999999762
37899  26.020  -53.094  12.389 0.8999999762
37901  24.126  -52.673  12.361 0.8999999762
37904  21.838  -51.963  13.342 0.8999999762
38719  25.457  -52.062  26.304 0.8999999762
38720  24.731  -51.900  26.050 0.8999999762
38727  28.194  -51.248  25.132 0.8999999762
38746  21.841  -51.852  23.643 0.8000000119
38754  28.212  -51.381  22.447 1.0000000000
38756  21.544  -52.085  22.839 0.6000000238
38769  27.764  -51.670  21.091 1.0000000000
38802  32.169  -51.147  19.270 0.4000000060
38805  18.098  -51.988  19.784 0.5000000000
38830  30.973  -52.029  16.921 0.5000000000
38831  26.530  -51.667  17.344 1.0000000000
38842  22.964  -51.591  15.189 0.8999999762
38852  30.010  -51.439  14.655 0.8000000119
38855  21.661  -51.169  14.651 0.8999999762
38865  29.103  -51.590  14.448 0.8000000119
38867  26.357  -51.625  13.926 0.8999999762
38868  25.546  -50.983  13.609 0.8999999762
38880  22.931  -51.058  13.038 0.8999999762
38881  21.236  -51.325  13.856 0.8999999762
39723  25.506  -50.591  26.616 1.0000000000
39726  23.290  -50.078  26.160 1.0000000000
39742  21.758  -50.615  24.629 0.6999999881
39746  28.043  -50.393  23.833 1.0000000000
39748  21.147  -50.298  24.081 0.6999999881
39772  19.684  -50.575  21.016 0.5000000000
39806  27.194  -50.878  20.124 1.0000000000
39808  16.812  -50.603  18.824 0.3000000119
39820  32.213  -50.011  17.978 0.5000000000
39822  26.512  -50.282  18.985 1.0000000000
39848  25.113  -50.548  16.098 1.0000000000
39851  22.476  -50.055  15.276 1.0000000000
39861  31.171  -50.060  16.009 0.8000000119
39865  21.767  -50.563  14.447 1.0000000000
39895  25.003  -50.506  13.123 0.8999999762
39896  24.386  -50.480  12.839 0.8999999762
39898  23.343  -50.450  13.056 0.8999999762
39899  21.829  -50.620  13.709 1.0000000000
40756  24.363  -49.333  26.571 0.8999999762
40757  23.589  -49.466  26.364 0.8999999762
40758  22.963  -49.509  26.009 0.6999999881
40772  22.396  -49.512  25.484 0.6999999881
40796  27.614  -49.588  22.292 1.0000000000
40810  27.318  -49.454  21.464 1.0000000000
40844  32.967  -49.777  19.253 0.5000000000
40845  26.036  -49.147  19.430 1.0000000000
40878  32.128  -49.749  16.993 0.5000000000
40879  25.831  -49.670  17.597 1.0000000000
40895  31.053  -49.109  16.039 0.8000000119
40909  30.078  -49.185  15.941 0.8000000119
40913  22.239  -49.582  15.111 1.0000000000
40914  22.068  -49.884  14.744 1.0000000000
40930  25.855  -49.726  14.204 0.8999999762
40932  22.033  -49.785  14.377 1.0000000000
40944  23.579  -49.684  12.955 0.8999999762
40954  22.394  -49.905  13.698 1.0000000000
41729  27.302  -48.485  26.554 0.8999999762
41730  25.801  -48.282  27.070 0.8999999762
41733  23.257  -48.916  26.231 0.8999999762
41746  22.237  -48.879  25.216 0.8000000119
41758  22.360  -48.180  25.274 0.6999999881
41790  19.999  -48.477  21.987 0.6000000238
41802  28.005  -48.230  20.743 0.8000000119
41804  26.707  -48.804  20.290 1.0000000000
41818  34.512  -48.564  19.379 0.5000000000
41819  33.671  -48.344  19.137 0.5000000000
41835  33.060  -48.156  18.543 0.5000000000
41838  25.709  -48.489  18.236 0.8999999762
41846  25.321  -48.271  17.501 0.8999999762
41858  31.692  -48.782  16.408 0.8000000119
41871  29.378  -48.408  15.906 0.8999999762
41872  28.562  -48.505  15.516 0.8999999762
41873  27.791  -48.652  15.144 0.8999999762
41884  26.966  -48.778  14.689 0.8999999762
41887  21.854  -48.217  14.530 0.8999999762
41895  24.288  -48.520  12.245 1.0000000000
41898  22.215  -49.365  13.999 1.0000000000
41909  24.150  -48.022  12.078 1.0000000000
42786  27.181  -47.474  26.836 0.8000000119
42787  26.147  -47.431  27.061 0.8000000119
42796  24.123  -46.919  25.759 0.6999999881
42809  30.393  -46.973  24.227 0.6999999881
42812  21.611  -47.829  24.006 0.6000000238
42842  19.748  -46.897  21.812 0.5000000000
42897  32.973  -47.428  18.261 0.6000000238
42899  26.033  -48.060  18.418 0.8999999762
42906  32.477  -47.375  17.677 0.8000000119
42918  24.831  -47.025  16.983 0.8000000119
42952  24.759  -48.031  12.036 1.0000000000
43913  22.948  -46.225  24.618 0.6000000238
43921  22.481  -46.248  24.063 0.6000000238
43940  20.167  -46.042  21.988 0.4000000060
43972  34.011  -46.896  19.286 0.5000000000
43995  28.262  -46.943  18.846 0.8000000119
44005  31.529  -46.608  17.005 0.6999999881
44006  28.248  -46.179  17.426 0.8000000119
44014  30.668  -46.557  16.449 0.8000000119
44021  23.438  -46.296  15.813 0.8000000119
44027  29.314  -46.717  15.635 0.8999999762
44028  28.635  -46.659  15.014 0.8999999762
44037  28.831  -46.380  14.014 0.8999999762
44039  21.831  -46.616  14.319 0.8000000119
44046  28.206  -46.731  13.092 0.8999999762
44048  22.718  -46.790  12.901 0.8999999762
44065  29.479  -46.653  10.176 0.8999999762
45076  29.263  -45.716  25.468 0.6999999881
45077  28.450  -45.668  25.779 0.6999999881
45080  25.667  -45.184  25.600 0.5000000000
45082  24.140  -45.476  25.052 0.6000000238
45110  22.386  -45.514  23.489 0.4000000060
45111  21.795  -45.726  23.015 0.4000000060
45146  30.459  -44.822  21.030 0.6999999881
45160  34.921  -45.751  19.308 0.6000000238
45161  29.608  -45.179  19.546 0.6999999881
45177  36.423  -45.399  18.770 0.5000000000
45181  33.253  -46.046  18.236 0.6999999881
45194  33.002  -44.860  17.782 0.6999999881
45231  22.323  -45.951  13.396 0.8000000119
45234  32.496  -45.481  11.035 0.8000000119
45237  24.970  -45.883  11.964 0.8999999762
45238  24.121  -45.461  12.422 0.8000000119
45240  22.656  -45.123  13.279 0.6999999881
45246  29.007  -46.401  10.000 0.8999999762
46143  30.235  -44.831  24.739 0.6999999881
46161  22.775  -44.089  23.531 0.4000000060
46172  21.715  -44.118  22.456 0.4000000060
46173  21.208  -44.009  22.044 0.4000000060
46181  20.644  -43.783  21.582 0.4000000060
46183  19.501  -44.479  20.662 0.4000000060
46211  29.898  -44.258  19.645 0.6999999881
46226  36.019  -44.518  18.697 0.6000000238
46227  35.086  -44.379  18.776 0.6000000238
46228  34.223  -44.408  18.458 0.6000000238
46244  32.580  -44.561  17.148 0.6999999881
46252  32.205  -44.553  16.515 0.6999999881
46253  31.633  -44.830  16.169 0.6999999881
46263  25.549  -44.694  14.858 0.6999999881
46266  22.758  -44.629  14.199 0.6999999881
46277  32.832  -44.958  12.494 0.8000000119
46283  33.005  -45.248  11.467 0.8000000119
46288  28.342  -44.910  11.419 0.8000000119
46295  32.535  -45.055  10.763 0.8000000119
46296  30.779  -45.876  10.597 0.8999999762
46302  24.588  -44.062  11.624 0.6999999881
46303  23.791  -43.472  11.810 0.6999999881
47266  32.550  -40.916  24.017 0.6000000238
47268  20.651  -42.951  21.208 0.3000000119
47276  30.964  -42.933  20.349 0.6999999881
47304  37.118  -43.975  17.974 0.6000000238
47332  32.969  -43.231  16.747 0.6999999881
47335  27.541  -43.696  15.988 0.6000000238
47341  33.214  -43.042  14.730 0.8000000119
47360  33.109  -44.171  13.254 0.8000000119
47363  29.070  -43.315  13.249 0.6999999881
47366  22.789  -43.616  13.115 0.5000000000
47383  32.099  -44.466  10.937 0.8000000119
47384  25.835  -44.143  11.339 0.6999999881
47387  23.169  -42.930  12.008 0.5000000000
47393  33.479  -43.815  10.145 0.8000000119
47394  33.143  -43.787  10.054 0.8000000119
48379  24.283  -41.686  24.373 0.4000000060
48394  29.478  -39.084  25.962 0.4000000060
48405  32.162  -41.464  21.469 0.6999999881
48434  30.753  -42.391  19.917 0.6999999881
48435  30.257  -42.143  19.328 0.6999999881
48457  37.821  -42.625  17.132 0.6000000238
48458  37.346  -42.183  17.345 0.6000000238
48460  35.509  -42.313  17.749 0.6000000238
48461  34.727  -42.436  17.672 0.6999999881
48462  33.733  -42.694  17.210 0.6999999881
48472  34.341  -42.142  17.238 0.6999999881
48475  27.896  -43.191  16.703 0.6000000238
48499  29.851  -42.027  14.038 0.5000000000
48514  26.913  -42.470  13.466 0.5000000000
48517  22.495  -42.714  12.905 0.5000000000
48527  31.846  -42.424  12.450 0.6000000238
48528  26.124  -43.138  12.333 0.6999999881
48529  25.383  -42.634  12.244 0.5000000000
48533  21.879  -41.580  12.450 0.4000000060
48541  33.784  -43.508  10.554 0.8000000119
48543  22.405  -42.064  12.226 0.5000000000
48544  22.058  -41.563  12.357 0.4000000060
48554  32.956  -43.169  9.368 0.6999999881
48560  33.490  -42.965  9.322 0.6999999881
48563  33.161  -42.522  8.751 0.6000000238
49512  31.154  -42.228  20.443 0.5000000000
49513  31.499  -41.620  20.648 0.6999999881
49535  31.299  -40.786  20.164 0.5000000000
49572  37.435  -41.584  17.077 0.6000000238
49573  36.845  -41.588  17.350 0.6000000238
49601  33.992  -41.100  15.977 0.6999999881
49602  33.706  -41.608  15.484 0.6999999881
49634  33.710  -41.916  13.598 0.6999999881
49637  31.001  -41.869  13.709 0.6999999881
49653  22.858  -41.773  12.057 0.4000000060
49655  21.728  -41.307  12.413 0.4000000060
49670  33.686  -42.472  9.693 0.6999999881
50539  29.887  -40.127  19.043 0.5000000000
50567  37.603  -40.495  16.547 0.6000000238
50569  36.085  -40.320  16.810 0.6000000238
50606  33.820  -40.986  14.259 0.8000000119
50607  30.944  -40.445  14.064 0.3000000119
50609  29.613  -40.309  14.654 0.3000000119
50612  26.360  -40.557  14.313 0.3000000119
50655  33.669  -40.820  11.312 0.6000000238
50674  31.938  -41.359  9.173 0.6000000238
50682  33.450  -41.519  7.913 0.6000000238
50689  33.365  -41.162  7.187 0.6000000238
50691  32.466  -41.140  7.194 0.5000000000
51605  28.053  -39.695  17.992 0.4000000060
51640  37.869  -39.479  15.736 0.6000000238
51642  36.172  -39.313  16.022 0.6000000238
51643  35.459  -39.293  15.644 0.6000000238
51644  34.700  -39.694  15.353 0.6999999881
51685  30.912  -39.729  13.957 0.3000000119
51700  33.857  -39.877  12.464 0.6999999881
51711  31.553  -39.707  11.515 0.4000000060
51719  30.879  -39.768  9.889 0.4000000060
51747  31.793  -40.219  7.499 0.4000000060
51754  33.394  -40.208  5.917 0.6000000238
52729  26.084  -38.290  17.971 0.3000000119
52737  36.785  -39.062  16.027 0.6000000238
52747  36.181  -38.724  15.583 0.6000000238
52749  34.990  -39.105  15.047 0.6000000238
52767  35.348  -37.936  14.748 0.6000000238
52768  34.824  -38.544  14.517 0.6999999881
52770  29.009  -38.455  14.763 0.3000000119
52789  34.206  -38.493  13.143 0.6000000238
52790  34.019  -39.273  12.980 0.6999999881
52822  34.066  -38.234  10.912 0.6000000238
52825  30.229  -38.504  11.027 0.3000000119
52839  33.682  -39.018  10.442 0.6000000238
52879  34.748  -39.141  6.390 0.6000000238
52885  34.948  -39.320  5.154 0.6000000238
52893  35.574  -38.822  4.884 0.6000000238
54072  30.258  -37.772  12.893 0.3000000119
54162  35.643  -38.449  4.889 0.6000000238
55220  34.885  -36.778  11.619 0.6000000238
55238  34.921  -36.440  10.307 0.6000000238
55252  34.779  -36.811  9.325 0.6000000238
55286  35.484  -37.388  6.877 0.6000000238
55287  31.542  -36.060  6.968 0.4000000060
56443  36.702  -36.363  5.346 0.5000000000
56445  35.742  -37.051  4.820 0.5000000000
57593  36.543  -36.072  4.630 0.5000000000
57595  33.036  -34.486  6.069 0.4000000060
57603  37.026  -35.958  3.821 0.4000000060
59858  32.350  -31.541  4.483 0.3000000119
59859  31.852  -31.389  4.782 0.3000000119
62059  32.614  -29.783  4.636 0.3000000119
147126  26.663  -53.053  17.729 1.0000000000
147283  19.898  -54.394  23.045 0.6000000238
147593  27.476  -54.785  21.042 1.0000000000
148037  21.501  -56.868  13.762 0.6999999881
148754  18.319  -58.094  24.615 0.6000000238
149063  33.636  -41.575  10.598 0.6000000238
149796  33.661  -41.606  11.406 0.6999999881
149944  35.240  -35.976  9.741 0.6000000238
150131  32.658  -46.051  17.704 0.6999999881
150144  21.979  -54.194  24.145 0.8999999762
150198  27.826  -55.608  22.285 1.0000000000
150238  36.353  -36.560  4.799 0.5000000000
150243  33.568  -41.942  9.126 0.6999999881
150411  23.653  -64.150  26.892 0.4000000060
151049  21.860  -58.832  16.856 0.8000000119
151372  33.796  -40.667  11.976 0.6999999881
151642  21.181  -66.053  28.383 0.3000000119
152983  23.843  -55.396  26.771 0.8999999762
153008  17.749  -54.695  19.667 0.3000000119
153092  24.185  -60.079  24.014 0.6000000238
153749  31.269  -39.040  11.994 0.3000000119
154090  23.912  -55.009  16.180 0.8999999762
154938  23.814  -49.074  12.462 1.0000000000
155011  19.646  -61.011  26.337 0.5000000000
155130  24.675  -59.930  26.515 0.6000000238
155260  26.343  -58.616  22.087 0.8999999762
155626  25.201  -57.576  11.692 0.5000000000
155967  24.981  -58.662  26.882 0.6000000238
156374  18.997  -52.011  20.271 0.4000000060
156579  26.888  -53.890  26.105 0.8999999762
156630  22.320  -45.277  14.143 0.6999999881
156920  31.287  -33.936  5.700 0.3000000119
157156  24.875  -60.132  25.218 0.6000000238
157239  31.319  -38.605  7.883 0.4000000060
157304  24.591  -51.779  12.342 0.8999999762
157423  26.993  -46.868  11.738 0.8999999762
157899  23.538  -64.856  26.351 0.3000000119
157959  28.521  -51.911  24.887 1.0000000000
158480  26.861  -45.821  26.406 0.8000000119
158804  19.722  -49.059  21.733 0.5000000000
158897  23.235  -48.752  15.676 1.0000000000
159560  21.303  -52.802  14.284 0.8999999762
159796  22.187  -45.919  14.606 0.8000000119
159919  23.793  -47.715  16.291 0.8999999762
160166  33.221  -43.443  13.820 0.6999999881
160984  31.527  -41.888  13.208 0.6000000238
161283  26.322  -45.928  11.335 0.8999999762
161469  27.041  -55.096  26.020 0.8999999762
161531  21.846  -61.020  27.891 0.5000000000
162171  33.565  -43.908  12.150 0.8000000119
162393  23.218  -43.997  14.182 0.6999999881
162413  35.298  -40.387  16.690 0.6999999881
162435  28.805  -46.277  18.722 0.8000000119
162526  25.883  -51.285  26.546 0.8999999762
163392  18.461  -49.994  20.591 0.5000000000
163587  20.796  -51.872  14.010 0.8999999762
164093  17.870  -48.905  20.120 0.4000000060
164205  21.111  -60.886  27.522 0.6000000238
164412  30.367  -46.116  10.107 0.8000000119
164575  19.745  -47.790  21.840 0.6000000238
165030  19.345  -55.993  24.771 0.6999999881
165356  23.128  -64.111  27.734 0.4000000060
165615  25.225  -59.628  25.164 0.6999999881
165837  26.749  -57.361  25.698 1.0000000000
165917  22.090  -48.952  14.297 1.0000000000
166210  17.883  -60.263  24.204 0.5000000000
166424  23.985  -50.208  15.650 1.0000000000
167966  31.883  -41.352  8.554 0.5000000000
168202  16.135  -58.153  19.974 0.3000000119
168234  30.936  -45.108  15.716 0.8000000119
168346  20.833  -58.984  14.070 0.5000000000
168385  33.268  -44.917  11.413 0.8000000119
169398  21.401  -59.973  19.442 0.5000000000
169424  20.229  -59.634  14.177 0.5000000000
169569  31.411  -40.212  13.606 0.3000000119
169780  23.628  -42.375  11.883 0.4000000060
170434  21.607  -51.076  24.060 0.6999999881
170607  26.546  -50.658  18.382 1.0000000000
170632  25.617  -45.673  25.857 0.6000000238
171148  26.854  -55.876  11.315 0.6000000238
171462  28.052  -55.020  12.442 0.5000000000
172207  34.939  -47.153  19.409 0.5000000000
172224  18.649  -55.210  22.096 0.6000000238
172269  26.296  -39.803  25.600 0.4000000060
172561  18.679  -57.629  24.801 0.6000000238
172597  28.381  -52.952  21.823 1.0000000000
172617  28.822  -38.457  19.238 0.5000000000
172921  26.908  -53.466  18.781 1.0000000000
173034  30.643  -40.073  14.278 0.3000000119
173436  29.973  -43.541  19.494 0.6999999881
173593  32.579  -43.540  16.092 0.6999999881
174228  31.030  -51.165  15.467 0.6999999881
174788  24.930  -49.215  26.691 0.8999999762
174825  32.454  -48.567  17.515 0.6000000238
174939  30.375  -51.146  15.109 0.8000000119
175180  34.253  -42.581  17.491 0.6999999881
175950  25.548  -54.760  26.447 0.8999999762
176089  22.278  -50.748  25.056 0.6999999881
176132  27.314  -58.048  23.557 1.0000000000
176277  35.453  -47.589  19.292 0.5000000000
176445  27.043  -56.284  20.866 1.0000000000
176571  19.801  -56.911  25.660 0.6999999881
176664  24.866  -53.089  26.088 0.8999999762
176878  29.805  -45.551  14.533 0.8000000119
176935  27.302  -45.491  10.970 0.8000000119
177120  24.752  -46.493  16.426 0.8000000119
177172  33.935  -42.123  16.766 0.6999999881
177350  20.882  -50.786  22.800 0.6999999881
177610  19.428  -61.897  26.646 0.5000000000
177659  27.025  -48.831  20.680 1.0000000000
178203  24.070  -63.902  26.483 0.4000000060
178294  24.152  -42.780  11.710 0.5000000000
178384  27.262  -45.373  15.921 0.8000000119
178399  17.132  -63.333  23.617 0.4000000060
