#!ascii label  , from subject sub2 vox2ras=TkReg
717
60880  20.841  -30.629  17.571 0.1428571492
62977  19.354  -30.524  16.656 0.1428571492
171357  22.213  -30.895  17.357 0.1428571492
59729  20.549  -33.113  17.591 0.1428571492
59741  20.370  -33.453  15.796 0.1428571492
61946  23.523  -31.760  14.370 0.5714285970
60894  20.184  -32.885  14.193 0.1428571492
59748  20.608  -32.047  12.273 0.2857142985
59749  20.174  -32.688  13.101 0.2857142985
59766  20.732  -31.856  11.748 0.1428571492
59767  20.462  -32.437  12.394 0.2857142985
63045  23.007  -29.374  10.739 0.2857142985
156043  22.330  -29.635  10.467 0.1428571492
63046  21.715  -30.130  10.911 0.2857142985
65245  25.883  -28.670  11.606 0.2857142985
64164  24.088  -28.829  9.848 0.2857142985
66374  27.192  -27.004  13.201 0.2857142985
65229  26.626  -28.438  11.810 0.2857142985
167136  28.081  -25.191  14.370 0.2857142985
72146  28.901  -21.303  13.934 0.8571428657
69759  28.417  -23.206  14.177 0.4285714328
66373  28.142  -27.223  12.992 0.2857142985
74588  29.292  -18.878  13.020 0.7142857313
73440  29.035  -20.626  13.642 0.7142857313
70954  28.127  -22.287  13.912 0.7142857313
173504  30.326  -17.959  13.400 0.8571428657
75712  29.670  -18.101  12.893 0.5714285970
153927  28.603  -18.046  12.155 0.8571428657
73412  29.131  -19.763  13.415 0.7142857313
73441  28.276  -20.392  13.174 0.7142857313
80028  31.192  -15.264  13.129 0.4285714328
77825  30.069  -16.216  12.505 0.7142857313
76747  29.740  -17.119  12.612 0.8571428657
81226  31.684  -13.113  12.737 0.2857142985
81227  30.952  -13.292  12.161 0.5714285970
78883  30.139  -15.290  12.055 0.8571428657
80040  30.772  -14.754  12.454 0.7142857313
78884  29.611  -15.690  11.555 0.8571428657
146861  32.396  -11.880  12.947 0.1428571492
166885  32.281  -12.561  13.088 0.1428571492
145711  31.886  -12.236  12.422 0.4285714328
147374  30.557  -13.891  11.948 0.5714285970
80052  30.177  -14.554  11.620 0.8571428657
84294  31.932  -9.789  10.889 0.1428571492
146757  32.519  -11.201  12.683 0.1428571492
146868  32.040  -10.991  11.934 0.1428571492
152607  31.667  -11.718  11.835 0.4285714328
81240  30.186  -13.861  11.094 0.8571428657
85376  32.443  -8.687  10.767 0.1428571492
84293  32.576  -9.587  11.422 0.1428571492
85377  31.893  -9.008  10.438 0.1428571492
166874  31.749  -10.605  11.175 0.1428571492
84295  31.389  -10.359  10.437 0.4285714328
145755  30.586  -11.537  10.604 0.5714285970
145754  30.601  -12.354  11.004 0.7142857313
145762  29.790  -13.900  10.390 0.8571428657
86390  31.594  -8.810  9.647 0.1428571492
86402  31.923  -8.052  9.096 0.1428571492
85394  31.181  -9.518  9.116 0.1428571492
84316  31.065  -10.207  9.637 0.5714285970
152316  29.829  -11.957  9.839 0.8571428657
81254  30.089  -13.084  10.565 0.8571428657
145763  29.599  -12.547  9.860 0.8571428657
87353  32.166  -7.198  9.001 0.1428571492
87354  31.587  -7.547  8.610 0.2857142985
86403  31.298  -8.666  8.800 0.1428571492
86404  30.701  -8.864  8.242 0.8571428657
84317  30.510  -10.710  9.323 0.8571428657
83325  30.748  -10.833  10.151 0.7142857313
84336  30.058  -11.020  8.010 0.8571428657
89467  31.203  -5.598  7.535 0.1428571492
90510  31.857  -4.727  7.896 0.1428571492
87366  31.059  -7.172  8.074 0.4285714328
87368  30.054  -7.772  7.103 0.8571428657
86416  29.906  -8.720  7.082 0.8571428657
84355  30.123  -10.202  7.823 0.8571428657
150999  29.528  -11.119  7.818 0.8571428657
88368  30.667  -6.226  7.180 0.4285714328
85433  29.169  -9.091  6.106 0.8571428657
85421  29.693  -9.493  6.631 0.8571428657
85422  29.247  -9.759  6.162 0.8571428657
90515  31.099  -4.754  7.163 0.1428571492
90520  30.848  -3.975  6.759 0.2857142985
89468  30.642  -5.499  6.900 0.5714285970
167898  29.700  -5.912  6.154 0.8571428657
87379  30.118  -6.838  6.842 0.8571428657
87380  29.514  -7.490  6.476 0.8571428657
86427  28.873  -8.137  6.160 0.8571428657
88387  28.964  -7.114  5.886 0.8571428657
91586  30.615  -3.265  6.296 0.2857142985
91587  30.243  -4.008  6.237 0.7142857313
90521  30.484  -4.735  6.572 0.5714285970
89494  29.549  -5.357  5.801 0.8571428657
88405  28.447  -6.665  5.240 0.8571428657
86437  28.599  -8.731  5.726 0.8571428657
171661  29.761  -4.059  5.744 0.8571428657
90537  28.731  -4.576  5.031 0.8571428657
159537  28.656  -5.922  4.995 0.8571428657
89507  27.965  -5.250  4.352 0.7142857313
88415  27.902  -6.081  4.531 0.7142857313
91597  29.258  -3.591  5.248 0.8571428657
89506  28.417  -5.320  4.750 0.8571428657
163173  28.399  -3.887  4.726 0.8571428657
91613  27.975  -3.327  4.477 0.8571428657
170108  27.748  -4.822  4.115 0.7142857313
93723  29.628  -1.549  5.123 0.7142857313
92666  28.741  -2.282  4.661 0.8571428657
170616  28.996  -1.683  4.825 0.8571428657
93735  28.506  -1.748  4.392 0.8571428657
95731  28.569  -0.062  4.231 0.7142857313
90552  28.159  -4.680  4.506 0.8571428657
92667  28.027  -2.491  4.317 0.8571428657
97834  31.573  2.434  5.570 0.1428571492
93734  29.023  -0.763  4.880 0.8571428657
95730  29.173  0.222  4.642 0.7142857313
95737  28.938  0.681  4.037 0.7142857313
94728  28.414  -0.992  4.137 0.8571428657
98960  32.193  3.851  4.897 0.1428571492
96790  29.636  1.692  4.403 0.5714285970
97844  29.860  2.489  4.500 0.5714285970
98971  29.241  3.098  3.301 0.5714285970
98962  30.264  3.257  4.683 0.1428571492
100009  32.889  4.991  3.870 0.1428571492
176466  31.221  5.542  4.109 0.1428571492
100867  32.297  5.576  3.648 0.1428571492
154981  30.005  3.984  4.199 0.1428571492
101742  31.797  6.250  3.066 0.1428571492
163014  29.593  3.193  4.064 0.5714285970
100855  31.496  5.885  3.774 0.1428571492
101733  30.787  6.033  3.726 0.1428571492
101758  32.324  6.649  2.347 0.1428571492
101743  30.961  6.568  3.429 0.1428571492
61904  19.910  -31.538  17.904 0.1428571492
61905  18.976  -30.963  17.228 0.1428571492
60893  22.926  -32.217  15.895 0.2857142985
58611  18.214  -33.285  14.317 0.1428571492
58620  19.049  -33.473  13.911 0.2857142985
60905  20.500  -32.531  12.906 0.2857142985
63062  22.186  -29.753  9.877 0.2857142985
61981  21.426  -30.741  11.177 0.1428571492
67509  27.511  -25.284  14.724 0.2857142985
67510  27.378  -25.169  14.741 0.2857142985
70953  28.774  -22.162  13.917 0.4285714328
68588  28.138  -24.548  14.249 0.5714285970
161761  30.527  -17.179  13.341 0.2857142985
147947  27.992  -21.148  13.263 0.7142857313
80039  31.554  -14.728  13.159 0.1428571492
78885  29.245  -15.999  10.950 0.8571428657
148298  30.603  -13.168  11.400 0.7142857313
87342  32.312  -7.617  9.542 0.1428571492
172952  30.997  -9.206  8.634 0.8571428657
84335  30.360  -10.530  8.547 0.8571428657
83348  29.487  -11.570  8.425 0.8571428657
84365  29.555  -10.179  6.710 0.8571428657
91596  29.994  -3.384  5.783 0.8571428657
92656  29.372  -2.448  5.006 0.8571428657
94719  29.678  -0.127  5.088 0.8571428657
96782  29.843  1.182  5.000 0.7142857313
97843  30.437  2.604  4.985 0.2857142985
162268  30.843  4.095  4.748 0.1428571492
100854  31.863  5.326  4.427 0.1428571492
101769  33.097  6.214  1.355 0.1428571492
61917  18.549  -30.513  16.117 0.1428571492
178009  21.486  -30.746  11.578 0.1428571492
159905  23.323  -29.084  10.026 0.2857142985
64150  24.967  -28.697  10.868 0.2857142985
64128  25.179  -29.072  11.494 0.2857142985
63030  24.079  -29.203  10.906 0.2857142985
70936  27.625  -22.836  14.070 0.7142857313
83302  32.920  -9.930  12.085 0.1428571492
86388  32.709  -8.120  10.717 0.1428571492
88353  31.998  -6.403  8.923 0.1428571492
88367  31.184  -6.410  7.794 0.2857142985
89456  31.728  -5.813  8.353 0.1428571492
154484  30.578  -7.620  7.725 0.8571428657
83327  29.629  -11.808  9.330 0.8571428657
82397  29.037  -12.372  9.097 1.0000000000
91580  31.614  -3.965  7.192 0.1428571492
91585  31.337  -3.202  6.754 0.1428571492
92646  31.052  -2.381  6.270 0.2857142985
88416  27.273  -6.889  4.213 0.8571428657
92654  30.336  -2.646  5.799 0.5714285970
93722  30.244  -1.299  5.583 0.5714285970
94718  30.234  -0.394  5.464 0.5714285970
95723  29.609  0.551  4.951 0.7142857313
96789  30.187  1.918  4.940 0.4285714328
96780  31.254  1.644  5.773 0.2857142985
97835  30.818  2.199  5.389 0.2857142985
98950  30.973  3.124  5.257 0.1428571492
100002  29.750  4.612  3.778 0.2857142985
171875  31.674  4.508  4.808 0.1428571492
100857  29.857  5.332  3.633 0.1428571492
100868  30.013  6.195  3.395 0.1428571492
101744  30.389  6.615  3.355 0.1428571492
101759  31.437  7.179  2.802 0.1428571492
93713  30.818  -1.434  6.232 0.4285714328
94709  30.675  -0.613  6.097 0.4285714328
95711  31.305  0.168  6.347 0.4285714328
96768  30.902  0.841  5.877 0.4285714328
95722  30.178  0.512  5.396 0.5714285970
96781  30.488  1.397  5.456 0.5714285970
157469  21.547  -32.146  16.672 0.1428571492
62985  18.980  -30.131  15.529 0.1428571492
61932  23.073  -30.187  16.694 0.4285714328
62983  21.509  -29.691  17.109 0.2857142985
59750  19.371  -33.046  13.917 0.1428571492
153064  20.795  -31.750  12.008 0.1428571492
60904  20.940  -31.441  11.866 0.1428571492
74589  28.138  -19.542  12.477 0.7142857313
78868  30.645  -15.598  12.873 0.8571428657
161925  29.347  -16.432  11.711 0.8571428657
154326  31.233  -13.973  12.597 0.5714285970
82325  31.195  -12.499  11.838 0.5714285970
85378  31.462  -9.595  10.053 0.2857142985
146612  32.699  -10.559  12.355 0.1428571492
83304  31.224  -11.049  10.819 0.1428571492
86414  30.892  -7.991  8.340 0.5714285970
83347  30.038  -11.192  8.845 0.8571428657
85410  30.167  -9.362  7.514 0.8571428657
88404  29.179  -6.139  5.593 0.8571428657
88386  29.605  -6.594  6.268 0.8571428657
87391  28.268  -7.722  5.531 0.8571428657
89495  28.991  -5.334  5.257 0.8571428657
92655  29.821  -2.820  5.397 0.8571428657
91612  28.658  -3.007  4.736 0.8571428657
98949  31.860  3.180  5.311 0.1428571492
159587  29.386  2.281  3.680 0.5714285970
100866  33.047  5.233  2.963 0.1428571492
100010  29.308  4.006  3.429 0.4285714328
173675  31.144  5.033  4.518 0.1428571492
100878  32.576  5.877  2.611 0.1428571492
100001  30.384  4.756  4.185 0.1428571492
60938  21.778  -31.023  10.381 0.1428571492
154709  30.030  -2.139  5.382 0.5714285970
147355  23.516  -31.693  14.194 0.4285714328
65230  25.558  -28.487  13.744 0.5714285970
153149  29.236  5.021  3.097 0.1428571492
65231  25.032  -28.889  14.747 0.5714285970
66377  24.355  -27.621  15.840 0.5714285970
65213  23.370  -27.596  15.477 0.2857142985
67512  24.976  -26.282  14.818 0.5714285970
67493  23.682  -25.298  13.538 0.5714285970
65214  22.732  -27.244  14.954 0.4285714328
67513  24.429  -26.600  14.919 0.5714285970
66357  22.133  -26.013  13.475 0.2857142985
66342  23.261  -26.199  14.007 0.4285714328
67490  26.775  -25.120  14.949 0.4285714328
67491  25.493  -24.856  14.016 0.5714285970
68574  23.980  -24.837  13.345 0.5714285970
68575  23.238  -25.198  13.007 0.4285714328
68572  26.090  -24.503  14.181 0.5714285970
69719  25.644  -23.864  13.568 0.5714285970
68573  24.738  -24.573  13.556 0.4285714328
69738  26.016  -23.271  13.347 0.7142857313
69739  25.295  -23.399  12.760 0.4285714328
70919  26.924  -23.338  14.143 0.4285714328
67494  22.954  -25.656  13.289 0.4285714328
67495  21.532  -26.262  13.066 0.2857142985
68590  23.540  -24.548  12.560 0.4285714328
69718  26.396  -23.906  14.235 0.7142857313
72125  26.603  -21.924  12.667 0.7142857313
72149  25.610  -21.731  11.338 0.4285714328
73443  26.594  -20.460  11.327 0.7142857313
73465  26.077  -20.261  10.425 0.5714285970
74634  26.234  -19.447  9.863 0.7142857313
74635  25.602  -19.499  9.277 0.2857142985
72124  27.166  -22.197  13.328 0.5714285970
73442  27.211  -20.717  12.431 0.5714285970
72148  26.374  -21.314  11.970 0.7142857313
75738  27.380  -18.618  10.433 0.7142857313
75787  26.374  -17.964  9.263 0.7142857313
76800  26.794  -17.264  9.254 0.7142857313
76829  26.187  -17.369  8.796 0.7142857313
165512  25.732  -17.951  8.533 0.4285714328
77907  26.484  -16.754  8.682 0.4285714328
151286  28.435  -18.927  12.274 0.5714285970
74590  27.391  -19.848  11.706 0.5714285970
75713  27.910  -18.263  11.306 0.5714285970
76773  27.688  -17.697  10.413 0.5714285970
77856  27.525  -17.006  9.704 0.7142857313
77877  27.534  -16.198  9.276 0.7142857313
161191  27.596  -14.916  8.163 0.7142857313
77906  26.980  -16.135  8.664 0.7142857313
145781  26.982  -15.548  8.035 0.5714285970
159370  27.080  -14.049  7.211 0.5714285970
164767  29.788  -15.044  11.370 0.7142857313
78905  28.876  -15.822  10.350 0.5714285970
77855  28.043  -16.958  10.412 0.5714285970
78928  28.456  -15.396  9.711 0.7142857313
77876  28.156  -16.218  9.950 0.7142857313
161032  28.467  -14.264  8.884 0.8571428657
145786  26.356  -16.230  7.989 0.4285714328
145779  28.002  -13.759  7.958 0.7142857313
81323  27.445  -13.384  7.484 0.7142857313
82417  27.718  -12.431  7.386 0.7142857313
81324  26.890  -13.473  6.787 0.5714285970
82418  27.195  -12.845  6.958 0.7142857313
78904  29.332  -15.238  10.797 0.5714285970
78929  27.950  -15.650  9.333 0.7142857313
169122  28.632  -13.078  9.118 0.8571428657
145770  28.480  -12.684  8.575 0.8571428657
82431  27.348  -12.316  6.711 0.7142857313
83387  27.164  -11.833  6.247 0.5714285970
83397  26.491  -11.348  4.956 0.2857142985
145767  29.059  -13.150  9.645 0.7142857313
82416  28.367  -12.216  7.960 0.7142857313
85449  26.785  -9.180  4.636 0.7142857313
169499  28.852  -12.055  8.397 0.7142857313
83371  28.337  -11.594  7.406 0.8571428657
85435  28.155  -9.252  5.580 0.8571428657
83386  28.204  -10.897  6.842 0.8571428657
84375  26.756  -10.525  5.218 0.5714285970
85436  27.266  -9.713  5.293 0.8571428657
85448  27.512  -8.984  5.151 0.8571428657
83370  29.005  -10.831  7.272 0.8571428657
85423  28.610  -9.777  5.973 0.8571428657
86447  27.296  -8.371  4.845 0.8571428657
87392  27.714  -7.842  5.044 0.8571428657
87400  27.249  -7.629  4.534 0.8571428657
87401  26.746  -7.473  3.991 0.7142857313
163777  27.685  -4.073  4.187 0.7142857313
90565  26.511  -4.425  3.188 0.7142857313
91628  27.432  -3.168  3.895 0.5714285970
90578  25.824  -4.328  2.486 0.7142857313
92674  26.791  -2.939  3.065 0.7142857313
92673  27.328  -2.288  3.548 0.7142857313
93736  27.969  -1.698  3.837 0.8571428657
93747  27.112  -1.305  2.521 0.7142857313
92688  26.307  -2.828  2.024 0.7142857313
94743  26.580  -0.717  1.128 0.7142857313
94750  27.179  -0.065  1.469 0.7142857313
93770  25.879  -1.451  0.548 0.5714285970
94735  28.078  -0.313  3.430 0.7142857313
95747  27.715  0.529  2.083 0.7142857313
95756  26.472  0.127  0.361 0.5714285970
96805  27.710  1.333  1.800 0.4285714328
95755  27.225  0.698  0.964 0.5714285970
149325  26.030  -0.054  0.025 0.5714285970
173052  28.049  0.335  2.897 0.5714285970
94756  25.722  -0.838  0.425 0.5714285970
96811  27.184  1.525  0.754 0.5714285970
96817  26.145  1.581  -0.538 0.5714285970
95757  25.397  -0.003  0.651 0.4285714328
94751  24.924  -0.895  0.766 0.4285714328
96818  25.646  1.539  -0.062 0.5714285970
95782  25.993  1.322  -0.489 0.5714285970
96810  27.553  2.224  1.464 0.5714285970
95748  24.377  0.362  2.600 0.4285714328
164262  23.184  -1.455  3.184 0.4285714328
96812  24.990  1.474  1.077 0.5714285970
150438  25.314  0.874  0.554 0.5714285970
97859  24.729  2.658  2.777 0.4285714328
70935  28.999  -21.973  13.188 0.2857142985
77839  28.781  -16.570  10.831 0.5714285970
164200  25.175  2.853  1.884 0.2857142985
96806  24.890  2.089  1.934 0.4285714328
167794  24.496  1.920  2.774 0.2857142985
64105  24.201  -29.023  15.488 0.5714285970
64106  23.399  -28.862  15.778 0.5714285970
66375  25.778  -27.513  13.966 0.2857142985
67511  26.522  -26.179  13.778 0.5714285970
68589  24.256  -24.226  12.875 0.4285714328
69720  24.969  -23.992  13.149 0.5714285970
67515  21.546  -25.811  12.317 0.2857142985
68592  21.996  -25.248  11.868 0.2857142985
70955  25.284  -22.389  11.654 0.5714285970
73439  29.560  -20.761  13.480 0.2857142985
73479  24.779  -20.745  9.450 0.2857142985
75764  25.900  -18.775  9.106 0.7142857313
83349  28.969  -11.544  7.890 0.8571428657
83396  26.926  -11.175  5.732 0.7142857313
89519  27.461  -5.361  4.014 0.7142857313
90564  27.236  -4.650  3.737 0.7142857313
89520  26.617  -5.317  3.451 0.7142857313
93748  26.702  -1.420  1.718 0.7142857313
93771  25.338  -1.448  0.669 0.5714285970
94744  24.194  -0.473  2.414 0.2857142985
95738  28.483  0.470  3.492 0.5714285970
95746  28.322  1.062  2.758 0.5714285970
171413  28.833  1.074  3.419 0.5714285970
96804  28.223  1.992  2.373 0.5714285970
97870  26.053  2.135  -0.652 0.5714285970
159660  26.098  2.892  -0.290 0.2857142985
69741  23.873  -23.914  12.068 0.4285714328
76748  28.991  -17.211  11.902 0.7142857313
80053  29.779  -14.509  10.879 0.7142857313
145769  28.754  -13.764  9.280 0.7142857313
80069  29.295  -14.515  10.285 0.7142857313
84366  28.883  -10.272  6.466 0.7142857313
94729  27.948  -1.092  3.473 0.8571428657
69737  27.793  -23.563  14.574 0.5714285970
88417  26.538  -6.924  3.610 0.7142857313
75714  27.776  -19.111  11.373 0.5714285970
66376  25.124  -27.546  15.235 0.5714285970
66356  23.577  -26.715  14.791 0.4285714328
67492  24.463  -25.028  13.744 0.5714285970
67514  22.356  -25.579  12.820 0.4285714328
68591  22.790  -24.895  12.236 0.4285714328
70938  25.645  -22.774  12.458 0.5714285970
70939  24.887  -22.961  12.042 0.4285714328
70937  26.503  -22.566  13.198 0.5714285970
73444  25.872  -20.998  10.951 0.5714285970
73466  25.407  -20.816  10.174 0.4285714328
72166  24.585  -21.820  10.269 0.4285714328
72150  24.906  -22.051  10.963 0.4285714328
74591  26.781  -19.745  10.673 0.7142857313
73478  25.523  -20.111  9.702 0.2857142985
74614  26.922  -19.156  10.252 0.7142857313
76799  27.168  -17.922  9.731 0.7142857313
77878  27.062  -16.654  9.153 0.7142857313
76772  28.231  -17.400  11.209 0.5714285970
78957  27.524  -15.555  8.740 0.7142857313
80086  28.744  -14.557  9.585 0.5714285970
145783  27.587  -14.244  7.738 0.7142857313
80147  26.584  -14.319  6.590 0.2857142985
159208  26.265  -12.245  4.559 0.2857142985
160095  27.876  -9.832  5.812 0.8571428657
92687  26.746  -2.025  2.571 0.7142857313
94742  27.157  -0.757  2.061 0.8571428657
97864  26.971  2.315  0.411 0.7142857313
97865  25.385  2.431  0.753 0.5714285970
166006  24.509  1.313  2.130 0.4285714328
68609  22.394  -24.570  11.396 0.1428571492
69761  23.513  -23.620  11.298 0.4285714328
64149  25.845  -28.523  10.618 0.1428571492
65244  26.786  -28.370  11.479 0.1428571492
66393  27.585  -28.168  11.659 0.1428571492
68607  29.354  -25.269  13.405 0.1428571492
153457  28.769  -24.341  13.272 0.1428571492
65243  27.741  -27.971  11.217 0.1428571492
64148  26.653  -28.149  10.292 0.1428571492
68606  29.556  -25.143  11.869 0.1428571492
66372  28.888  -26.530  12.828 0.1428571492
66392  28.562  -27.756  11.417 0.1428571492
69736  28.754  -23.059  12.940 0.1428571492
74553  30.012  -19.004  13.231 0.2857142985
76746  31.069  -18.283  14.139 0.1428571492
88428  27.013  -6.129  3.893 0.5714285970
102614  30.842  7.926  2.766 0.1428571492
87413  26.203  -7.796  3.271 0.4285714328
103459  30.042  8.442  2.686 0.1428571492
89533  25.838  -5.564  2.757 0.4285714328
176460  26.059  -4.914  2.923 0.5714285970
90579  25.246  -4.659  1.614 0.4285714328
100887  26.977  6.384  -0.274 0.2857142985
100026  27.235  4.565  0.569 0.2857142985
164230  27.362  3.058  0.783 0.2857142985
100019  28.030  4.311  1.602 0.2857142985
89535  23.856  -5.327  1.616 0.1428571492
151695  25.646  -3.508  1.795 0.5714285970
100895  26.024  5.017  -0.115 0.2857142985
90580  23.863  -4.481  1.952 0.4285714328
91675  25.116  -2.698  1.198 0.5714285970
171841  26.023  4.477  -0.283 0.2857142985
91649  23.886  -3.629  2.358 0.4285714328
158646  23.607  -2.710  2.781 0.2857142985
98986  25.475  3.596  1.111 0.1428571492
98992  26.007  3.946  -0.214 0.1428571492
100035  25.859  4.617  -0.077 0.1428571492
91630  23.162  -2.860  3.710 0.1428571492
93749  23.883  -1.581  2.162 0.4285714328
98980  25.128  3.601  2.527 0.1428571492
100020  25.372  4.337  1.684 0.1428571492
165120  25.475  5.232  1.314 0.1428571492
92675  23.052  -2.020  3.358 0.2857142985
97845  24.138  3.044  4.445 0.1428571492
160296  25.382  4.619  2.762 0.1428571492
98973  24.905  3.927  3.501 0.1428571492
98963  25.245  4.528  3.997 0.1428571492
100003  25.374  5.047  4.537 0.1428571492
167438  22.981  -29.544  15.700 0.4285714328
167576  23.207  -28.502  15.875 0.2857142985
66391  29.685  -27.153  11.395 0.1428571492
88441  25.645  -6.317  2.220 0.2857142985
96796  29.253  1.377  3.793 0.4285714328
98972  28.761  3.577  2.606 0.2857142985
100888  26.205  5.788  0.339 0.2857142985
100025  27.423  5.434  0.505 0.2857142985
100880  25.625  6.189  1.502 0.2857142985
168947  20.978  -32.237  11.511 0.1428571492
60918  21.219  -31.218  11.494 0.1428571492
63060  23.283  -28.966  9.021 0.1428571492
64178  24.049  -28.702  8.668 0.1428571492
74587  29.920  -18.685  13.457 0.1428571492
72145  29.210  -21.203  13.201 0.1428571492
91631  23.068  -3.750  3.825 0.1428571492
87425  25.816  -7.018  2.792 0.4285714328
89521  23.477  -5.043  2.704 0.2857142985
173225  25.599  -1.878  0.737 0.5714285970
97851  28.911  2.577  2.769 0.4285714328
100886  27.640  6.266  0.325 0.2857142985
100011  28.699  4.611  2.446 0.2857142985
166002  28.109  5.238  1.458 0.2857142985
163641  28.151  6.855  1.213 0.1428571492
101760  28.583  7.646  1.720 0.1428571492
101745  29.752  7.118  2.941 0.1428571492
100881  25.340  5.581  2.441 0.2857142985
155196  29.245  6.765  2.482 0.1428571492
100869  29.271  5.967  2.663 0.1428571492
76732  31.423  -17.495  14.168 0.2857142985
101771  27.160  7.164  -0.166 0.2857142985
100879  28.554  5.661  1.902 0.2857142985
145666  23.456  -30.322  15.450 0.4285714328
74554  29.371  -19.238  13.284 0.4285714328
96797  28.942  1.703  3.083 0.4285714328
170861  25.611  -5.000  2.369 0.4285714328
91647  26.333  -3.622  2.676 0.5714285970
92705  25.922  -2.624  1.308 0.5714285970
157736  26.029  -2.039  0.806 0.5714285970
97858  28.102  3.067  1.873 0.2857142985
97852  24.544  3.243  3.605 0.2857142985
88429  26.179  -6.215  3.214 0.5714285970
93759  24.436  -1.839  1.576 0.5714285970
162327  26.581  3.050  -0.006 0.2857142985
98991  26.222  3.844  -0.210 0.2857142985
69758  29.620  -24.201  12.043 0.1428571492
88455  24.977  -6.294  1.048 0.2857142985
100894  26.679  5.380  0.100 0.2857142985
98985  26.923  3.827  0.219 0.2857142985
98979  27.579  3.768  1.080 0.2857142985
90591  24.416  -4.770  1.404 0.2857142985
152017  24.787  -4.217  1.263 0.4285714328
100889  25.738  5.099  0.228 0.1428571492
91661  24.880  -3.416  1.294 0.4285714328
90566  23.494  -4.161  2.953 0.2857142985
92706  25.343  -3.059  1.332 0.5714285970
92707  24.672  -2.572  1.479 0.5714285970
92689  24.026  -2.237  2.134 0.4285714328
174682  22.637  -28.321  16.137 0.2857142985
149946  29.775  -22.933  12.163 0.1428571492
162741  25.496  -7.058  1.610 0.2857142985
145782  27.001  -14.867  7.357 0.4285714328
83388  26.654  -12.044  5.502 0.2857142985
101746  26.000  7.693  2.399 0.1428571492
101763  26.586  6.788  0.211 0.1428571492
156873  25.565  5.983  4.303 0.1428571492
101747  25.859  6.958  1.896 0.1428571492
101762  26.686  7.562  0.622 0.1428571492
172077  25.834  6.626  4.510 0.1428571492
100870  25.192  6.295  2.914 0.1428571492
101734  25.938  7.525  4.211 0.1428571492
102602  26.216  8.447  2.996 0.1428571492
101735  25.535  6.878  3.435 0.1428571492
101728  26.364  7.538  5.362 0.1428571492
82432  26.809  -12.700  6.241 0.2857142985
102596  26.049  8.431  4.821 0.1428571492
102617  26.779  8.858  1.393 0.1428571492
67489  27.436  -25.256  15.033 0.2857142985
100858  26.147  6.754  5.233 0.1428571492
64131  23.904  -30.595  14.459 0.4285714328
63033  22.024  -30.526  11.704 0.2857142985
64130  24.074  -30.154  14.156 0.2857142985
63032  22.568  -29.870  11.286 0.1428571492
64129  24.820  -29.960  13.725 0.2857142985
64132  23.889  -31.245  14.391 0.2857142985
162806  24.791  -1.471  1.055 0.4285714328
63031  23.371  -29.642  11.319 0.1428571492
90590  24.860  -4.828  1.309 0.2857142985
146524  23.343  -29.153  15.515 0.2857142985
69760  24.237  -23.314  11.633 0.2857142985
70956  24.558  -22.664  11.295 0.2857142985
70969  24.236  -22.420  10.575 0.2857142985
75788  25.291  -18.696  8.178 0.1428571492
145787  26.376  -15.664  7.285 0.1428571492
83410  26.202  -11.563  4.034 0.1428571492
163829  26.357  -9.993  4.040 0.1428571492
84397  26.039  -10.897  3.476 0.1428571492
85466  25.863  -9.120  3.088 0.1428571492
85482  25.482  -9.389  2.266 0.1428571492
88456  24.481  -6.591  1.158 0.1428571492
89546  25.014  -5.650  1.285 0.1428571492
88430  23.376  -6.015  2.405 0.1428571492
163478  23.867  -6.025  1.347 0.1428571492
147361  24.651  -0.252  1.581 0.1428571492
94737  23.835  -0.295  3.323 0.1428571492
93737  22.868  -1.460  3.889 0.1428571492
95740  23.961  0.611  3.550 0.1428571492
96798  24.208  1.318  3.189 0.1428571492
163088  26.628  -8.281  4.124 0.2857142985
86468  25.401  -8.499  1.877 0.1428571492
62996  21.764  -28.889  16.377 0.2857142985
68608  23.165  -24.260  11.727 0.2857142985
70970  23.564  -22.842  10.123 0.2857142985
157649  25.258  -18.013  7.556 0.1428571492
78992  26.284  -15.098  6.636 0.1428571492
80157  26.127  -14.381  5.785 0.1428571492
81333  26.438  -13.603  5.961 0.1428571492
82454  25.735  -12.882  3.194 0.1428571492
82453  25.947  -12.350  3.637 0.1428571492
83420  25.874  -11.734  3.349 0.1428571492
176597  25.674  -10.725  2.907 0.1428571492
87414  25.649  -7.781  2.277 0.1428571492
88443  23.625  -6.724  1.791 0.1428571492
167669  23.215  -0.982  3.403 0.1428571492
69780  23.214  -23.428  10.476 0.2857142985
77908  25.790  -17.088  7.974 0.1428571492
84386  26.456  -10.723  4.397 0.1428571492
92668  22.731  -2.273  4.199 0.1428571492
86460  25.792  -8.530  2.685 0.1428571492
87439  25.180  -7.037  1.018 0.1428571492
72167  23.906  -22.195  9.837 0.1428571492
164900  25.855  -9.978  3.138 0.1428571492
82465  25.725  -12.225  2.991 0.1428571492
167521  21.901  -28.297  15.872 0.1428571492
146766  22.821  -27.703  14.972 0.1428571492
78853  31.181  -15.819  13.521 0.1428571492
77816  31.708  -16.472  14.181 0.1428571492
94708  31.278  -0.763  6.605 0.1428571492
64081  19.738  -29.216  15.432 0.1428571492
146445  22.786  -27.542  15.134 0.1428571492
146552  21.334  -26.722  13.732 0.1428571492
93712  31.530  -1.625  6.675 0.1428571492
146310  20.657  -26.999  13.321 0.1428571492
92645  31.763  -2.430  6.885 0.1428571492
78867  31.814  -15.545  13.936 0.1428571492
61961  21.259  -31.029  11.749 0.1428571492
61980  21.810  -30.385  10.267 0.2857142985
68570  27.325  -24.217  14.804 0.7142857313
68571  26.784  -24.582  14.789 0.7142857313
69740  24.575  -23.615  12.397 0.5714285970
70957  23.867  -23.015  10.920 0.2857142985
70987  23.257  -22.682  9.292 0.1428571492
72126  25.956  -22.102  12.168 0.5714285970
72147  27.294  -21.562  13.037 0.5714285970
72165  25.237  -21.467  10.594 0.4285714328
73411  28.804  -19.860  13.046 0.2857142985
73467  24.878  -21.288  10.010 0.2857142985
74613  27.264  -19.287  10.811 0.7142857313
75711  30.610  -18.864  13.993 0.1428571492
75763  26.734  -18.669  9.738 0.7142857313
76720  31.599  -16.991  14.231 0.1428571492
77817  30.913  -16.465  13.528 0.1428571492
78927  28.839  -15.070  10.209 0.7142857313
80087  28.136  -14.944  8.939 0.7142857313
80158  25.725  -14.658  5.081 0.1428571492
82398  27.965  -12.975  8.064 0.7142857313
82466  25.255  -12.362  2.699 0.1428571492
83303  32.362  -10.256  11.601 0.1428571492
83326  30.129  -11.401  9.811 0.8571428657
83372  27.720  -11.696  6.840 0.8571428657
84334  30.756  -10.146  8.995 0.5714285970
84356  29.723  -10.565  7.434 0.8571428657
84367  27.993  -10.293  6.311 0.8571428657
84374  27.359  -10.409  5.803 0.7142857313
85359  32.321  -9.217  10.960 0.1428571492
85395  30.584  -9.687  8.418 0.8571428657
85434  28.827  -9.350  5.897 0.8571428657
85465  26.289  -9.180  3.748 0.1428571492
85501  25.190  -9.056  1.684 0.1428571492
86389  32.234  -8.258  10.040 0.1428571492
86415  30.382  -8.382  7.639 0.8571428657
86426  29.502  -8.489  6.592 0.8571428657
86438  27.931  -8.471  5.362 0.8571428657
86459  26.185  -8.578  3.375 0.2857142985
87367  30.592  -6.960  7.449 0.4285714328
88385  30.150  -6.083  6.638 0.8571428657
88403  30.085  -5.398  6.355 0.5714285970
88406  27.816  -7.123  4.845 0.8571428657
88442  25.241  -6.393  1.322 0.1428571492
89534  25.399  -5.624  1.791 0.4285714328
89547  24.539  -5.653  1.193 0.1428571492
90522  29.927  -4.713  6.015 0.8571428657
90536  29.362  -4.611  5.517 0.8571428657
91629  27.029  -3.841  3.454 0.7142857313
91648  24.265  -3.081  1.953 0.5714285970
91660  25.118  -3.948  1.293 0.4285714328
91662  24.367  -3.964  1.584 0.4285714328
92690  23.417  -1.798  2.661 0.2857142985
92726  25.540  -2.367  1.047 0.5714285970
92727  25.077  -2.049  1.011 0.5714285970
93733  29.803  -0.847  5.200 0.7142857313
93741  27.405  -1.522  3.186 0.7142857313
93742  23.544  -1.082  2.616 0.4285714328
93758  26.241  -1.507  0.831 0.5714285970
94736  27.598  -0.866  2.869 0.7142857313
94755  26.103  -0.793  0.348 0.5714285970
95702  31.853  -0.186  6.876 0.1428571492
95712  30.684  0.100  5.783 0.4285714328
95739  27.651  -0.183  2.502 0.8571428657
95758  24.733  0.654  1.386 0.5714285970
95768  26.641  1.036  0.038 0.5714285970
95769  26.126  0.837  -0.221 0.5714285970
95770  25.897  0.731  -0.126 0.5714285970
96816  26.627  1.720  -0.019 0.7142857313
96828  26.017  1.784  -0.624 0.5714285970
97869  26.331  2.255  -0.418 0.5714285970
97871  25.874  2.314  -0.424 0.5714285970
98961  31.474  3.750  5.028 0.1428571492
98993  25.754  4.066  0.215 0.1428571492
100027  25.562  4.568  0.649 0.1428571492
100034  26.376  4.570  -0.026 0.2857142985
100856  30.605  5.442  3.918 0.1428571492
145710  31.075  -11.691  11.291 0.4285714328
145749  32.088  -11.612  12.331 0.1428571492
145758  30.129  -12.139  10.285 0.8571428657
145766  29.269  -13.902  9.859 0.8571428657
145773  28.351  -13.570  8.580 0.8571428657
145778  28.110  -14.319  8.303 0.8571428657
148694  25.808  3.220  0.046 0.1428571492
149383  29.572  -13.339  10.091 0.7142857313
150744  24.293  -1.105  1.684 0.4285714328
151778  20.404  -32.405  17.900 0.1428571492
153698  30.525  -2.004  5.786 0.5714285970
154684  26.383  -2.150  1.335 0.5714285970
157833  27.517  -11.004  6.374 0.8571428657
161112  31.628  -6.753  8.457 0.1428571492
161686  29.396  0.949  4.482 0.7142857313
163448  26.703  -10.006  4.744 0.1428571492
165727  25.377  -24.362  13.702 0.5714285970
166267  28.351  -21.720  13.718 0.7142857313
170642  30.006  -10.054  7.039 0.8571428657
171358  31.551  -11.205  11.402 0.1428571492
171664  23.494  -3.414  3.163 0.4285714328
174180  31.488  -8.075  8.699 0.1428571492
174574  32.405  5.214  4.233 0.1428571492
175961  26.193  -14.729  6.216 0.2857142985
176600  28.723  -1.287  4.608 0.8571428657
